98	1.05	32	0	task-3:0.006	task-0:0.004	task-1:0.052	task-2:0.022	|	0.22111	0.498819	0.413003	0.154096	0.0488376	0.101942	0.0652075	0.085835	0.083795	0.0560806	0.0633703	0.0636488	0.0503148	0.0381829	0.0330104	0.029527	0.0229698	0.0205987	0.0184986	0.0173684	0.0149009	0.0133394	0.0117399	0.0103219	0.00919179	0.00785428	0.00694118	0.0075594	0.00588179	0.00524373	0.0045953	0.00394974	0.00346663	0.00289303	0.00229998	0.00176105	0.00264403	0.00135538	0.00301602	0.00281496	0.00154874	0.0015396	0.00150925	0.00131387	0.0014642	0.00139537	0.00124174	0.00120529	0.00120654	0.00113983	0.00109327	0.00105308	0.00102029	0.000970839	0.000925415	0.000879056	0.000836594	0.000801752	0.000779068	0.000769021	0.000735913	0.000707353	0.000677577	0.000667657	0.000634726	0.000613269	0.000597781	0.000568215	0.000547836	0.000533246	0.000522147	0.000496061	0.000472199	0.000444154	0.000413105	0.000380182	0.000345844	0.000340018	0.000311754	0.000272534	0.000238388	0.000207201	0.000178289	0.000154083	0.000143628	0.000130726	0.000113557	9.46801e-005	7.83244e-005	6.66799e-005	6.32382e-005	5.74642e-005	5.04432e-005	4.25203e-005	3.43835e-005	2.76276e-005	2.41345e-005	2.07748e-005	

159	2.552	32	0	task-3:0.008	task-0:0.012	task-1:0.036	task-2:0.064	|	0.267553	0.5	0.499984	0.48727	0.229715	0.232164	0.212747	0.198773	0.177642	0.154552	0.132821	0.115637	0.0873902	0.0757824	0.0676501	0.0739217	0.0586386	0.0619807	0.0582654	0.0622861	0.0617295	0.0564738	0.0544297	0.0517964	0.0489638	0.0473097	0.0491468	0.0506081	0.0523521	0.054007	0.0522547	0.0508287	0.0488128	0.0460593	0.0427581	0.0393077	0.0328427	0.0327282	0.0300313	0.0291789	0.029715	0.0276925	0.0200123	0.0204256	0.0308369	0.0247508	0.0214817	0.0209051	0.019966	0.0192565	0.0181457	0.0175026	0.0172211	0.0175324	0.015364	0.0149405	0.0131825	0.012998	0.0133347	0.0148894	0.0136524	0.0146	0.0162941	0.0156581	0.0162978	0.0169524	0.0178072	0.0189914	0.0206177	0.0224798	0.0185784	0.0174292	0.01772	0.0157386	0.0144361	0.0131536	0.0112682	0.00983268	0.00894106	0.00914571	0.0090618	0.00877324	0.00885292	0.00806563	0.00761386	0.00769925	0.00754141	0.00737522	0.00719506	0.00702244	0.00683821	0.00664113	0.00644496	0.00622104	0.00596556	0.00567173	0.00546893	0.00541341	0.00506241	0.00503521	0.00496235	0.00481903	0.00474884	0.00466445	0.00456754	0.00446862	0.00434626	0.00421064	0.00406026	0.00389021	0.00368079	0.0034697	0.00326044	0.00309732	0.00292986	0.00276419	0.00259836	0.00241319	0.00224994	0.00210601	0.0019986	0.00195809	0.00186266	0.0017996	0.00173403	0.00166209	0.00161858	0.00156156	0.00151885	0.00148901	0.00146294	0.00146142	0.00143249	0.00140566	0.00138547	0.00136209	0.00133511	0.00131989	0.00131459	0.00129476	0.00128016	0.00126602	0.00125283	0.00123106	0.00119717	0.00118326	0.00117292	0.00114439	0.00112397	0.00111418	0.00111044	0.00108272	0.0010621	0.000898794	0.000867026	0.0175115	0.0174784	0.0023375	0.00083993	

88	0.954	32	0	task-3:0.324	task-0:0.324	task-1:0.38	task-2:0.182	|	0.256123	0.499997	0.499945	0.487311	0.256726	0.314323	0.251754	0.191009	0.175367	0.169982	0.172722	0.174083	0.184527	0.19227	0.202884	0.211417	0.217509	0.223399	0.22959	0.234962	0.237671	0.23746	0.237235	0.236903	0.236487	0.234926	0.225159	0.216202	0.204734	0.208786	0.206582	0.206383	0.202168	0.184271	0.168214	0.159752	0.157441	0.152536	0.156189	0.155473	0.154915	0.158842	0.167399	0.169174	0.170143	0.18216	0.176515	0.175149	0.174825	0.175828	0.17677	0.177403	0.180077	0.17967	0.179276	0.179516	0.184268	0.187687	0.187994	0.187547	0.19012	0.190156	0.183204	0.183283	0.185042	0.189883	0.191805	0.192194	0.191684	0.188719	0.184953	0.184587	0.192487	0.194566	0.179932	0.179806	0.194583	0.194577	0.194574	0.194574	0.194574	0.194573	0.194573	0.194573	0.194572	0.194572	0.194572	0.194572	

84	0.596	32	0	task-3:0.018	task-0:0.02	task-1:0.052	task-2:0.034	|	0.232803	0.5	0.5	0.499371	0.251303	0.462598	0.444557	0.3435	0.196811	0.193608	0.170515	0.137352	0.131851	0.115076	0.103566	0.0885696	0.0692521	0.0657808	0.0412551	0.0468694	0.054667	0.0363786	0.0194063	0.0207697	0.0227749	0.022064	0.0187497	0.0135609	0.0132296	0.0119743	0.0110909	0.0093142	0.00812284	0.00720667	0.00631449	0.00537585	0.00447336	0.00397919	0.00363094	0.00327239	0.00291381	0.00260465	0.00231621	0.00204588	0.00180234	0.00183756	0.00176939	0.00145635	0.00129093	0.00117814	0.00111649	0.00100776	0.000920113	0.000839654	0.00076057	0.00070988	0.000624502	0.000558529	0.000498048	0.000438981	0.000376903	0.000315959	0.000258789	0.000205322	0.000162436	0.000126609	0.000110271	8.57463e-005	7.03727e-005	5.78075e-005	5.19911e-005	4.43411e-005	3.768e-005	3.13286e-005	2.60287e-005	2.17248e-005	1.72501e-005	1.52679e-005	1.19897e-005	9.82106e-006	7.97721e-006	6.56315e-006	5.24232e-006	4.55382e-006	

81	0.57	32	0	task-3:0.058	task-0:0.054	task-1:0.184	task-2:0.154	|	0.366885	0.5	0.499999	0.495821	0.222459	0.433091	0.357331	0.211557	0.149974	0.12968	0.104831	0.0872874	0.0697772	0.0589378	0.0553664	0.0527656	0.0449982	0.0422065	0.0669876	0.0642862	0.0447215	0.0382286	0.038193	0.0365972	0.0350775	0.028357	0.025977	0.0225589	0.0207562	0.0195572	0.0190394	0.018691	0.0191945	0.0194322	0.0174393	0.0159515	0.0154513	0.0231023	0.0179801	0.0170285	0.019862	0.0225414	0.0266408	0.0341858	0.0555046	0.0628548	0.05356	0.0465911	0.0594247	0.0610619	0.0622422	0.0848185	0.100178	0.0981419	0.0742187	0.065226	0.0483645	0.0458921	0.0507513	0.0576931	0.0614263	0.0581889	0.0487235	0.0461014	0.0475445	0.0477632	0.0479266	0.0480981	0.0559511	0.059767	0.0608293	0.0685789	0.0748752	0.0833925	0.0842591	0.0863143	0.0930018	0.0970056	0.0970161	0.0983078	0.0959361	

94	0.818	32	0	task-3:0.092	task-0:0.088	task-1:0.08	task-2:0.044	|	0.263173	0.5	0.499999	0.49804	0.293928	0.360163	0.289053	0.237266	0.234803	0.233385	0.230752	0.227266	0.222612	0.217429	0.2185	0.21781	0.203744	0.188916	0.178194	0.176535	0.168498	0.159913	0.152108	0.1423	0.144238	0.1364	0.121994	0.152435	0.150355	0.109499	0.0764006	0.0598891	0.0597174	0.0506485	0.0502725	0.0509347	0.0408612	0.0378457	0.0319066	0.0298055	0.0281134	0.0259955	0.0246639	0.023644	0.0230523	0.0220996	0.0213638	0.0205793	0.020219	0.0195959	0.0188465	0.0181786	0.0175168	0.0168437	0.0160462	0.0153476	0.014862	0.0144013	0.0139373	0.0176561	0.0140922	0.014396	0.0163118	0.0182128	0.0152922	0.0164094	0.0180901	0.0178058	0.0169862	0.0164739	0.0166439	0.0166687	0.0163526	0.0162319	0.0162342	0.0162118	0.0162753	0.0162226	0.0161557	0.0160303	0.0159659	0.0159198	0.0158155	0.0157141	0.0155712	0.0153933	0.0154124	0.0155633	0.0155846	0.0154649	0.0153732	0.0152831	0.0151865	0.0150737	

123	2.125	32	0	task-3:0.01	task-0:0.012	task-1:0.12	task-2:0.022	|	0.294844	0.5	0.499993	0.491092	0.25329	0.258494	0.248647	0.233347	0.21832	0.202074	0.1832	0.160142	0.130662	0.0965175	0.0757566	0.0729014	0.065555	0.0552958	0.0481558	0.0393403	0.034853	0.0251483	0.0173865	0.011513	0.00668801	0.0140465	0.00502367	0.013721	0.0135965	0.00509747	0.00652637	0.00658662	0.00394316	0.0046613	0.00435799	0.00388121	0.00408044	0.00410363	0.00394678	0.00394479	0.00392654	0.00387452	0.0038568	0.00373676	0.00363667	0.00353529	0.00347391	0.00340022	0.00329442	0.00320551	0.00307874	0.00294702	0.00277736	0.00260806	0.00243809	0.00225893	0.00209314	0.00193334	0.00197566	0.00185108	0.00189617	0.00191532	0.00200142	0.00221678	0.00264423	0.00250328	0.00257794	0.00278872	0.00247367	0.00222323	0.00194272	0.00179781	0.00180659	0.00173839	0.00170532	0.00169218	0.00168736	0.00166807	0.00165783	0.00165968	0.0016629	0.00165684	0.00168777	0.00179552	0.00196949	0.00180722	0.00180418	0.00181272	0.0019271	0.002057	0.00189148	0.00185542	0.00183984	0.0018866	0.00196149	0.00209648	0.00189231	0.00183832	0.00179688	0.00178912	0.00180725	0.00183146	0.00187362	0.00194448	0.00208024	0.00184461	0.00188607	0.00194061	0.00203039	0.00182621	0.00185961	0.0018243	0.00185731	0.00191358	0.00201285	0.0021816	0.00189505	0.0019593	0.0019274	0.00199065	0.00211766	0.00234646	0.00206612	

237	1.675	32	0	task-3:0.008	task-0:0.006	task-1:0.064	task-2:0.042	|	0.312137	0.5	0.499998	0.489518	0.205437	0.31824	0.300602	0.255111	0.241562	0.239722	0.210102	0.184859	0.157164	0.136819	0.116914	0.0969354	0.0799667	0.0802609	0.0652449	0.0592081	0.0465543	0.0356422	0.0386372	0.0357151	0.0339127	0.0339174	0.0327986	0.0293322	0.0269747	0.0231858	0.0192664	0.0114997	0.00900655	0.0218516	0.0199479	0.0532454	0.053073	0.0460511	0.0293305	0.188165	0.200565	0.0510317	0.057399	0.0544367	0.0534057	0.0104568	0.0103778	0.0255885	0.0249744	0.0123052	0.013398	0.013349	0.00935915	0.0135126	0.0135063	0.0103729	0.00933223	0.00928164	0.00935172	0.00932606	0.00906584	0.00900196	0.00892511	0.00884597	0.0089053	0.00888025	0.00878718	0.00871844	0.00863456	0.00861079	0.00860165	0.00862111	0.00857815	0.0085072	0.00845991	0.00841088	0.00835544	0.00829366	0.00822616	0.00814019	0.00804195	0.00794178	0.00783977	0.00774031	0.00765083	0.00757976	0.00751159	0.00746039	0.00744826	0.00739939	0.00738874	0.00741068	0.00748535	0.00735001	0.00721006	0.00698671	0.00668552	0.00646009	0.00622852	0.00608392	0.00584327	0.00562674	0.00538547	0.00514678	0.00491255	0.00477602	0.00467435	0.00459913	0.00452795	0.00436477	0.00426338	0.00419859	0.00408266	0.00398343	0.00388863	0.00379647	0.00366201	0.0035725	0.00349684	0.00341272	0.00332469	0.0032569	0.00321013	0.00313527	0.00306389	0.00298698	0.00290507	0.0028192	0.00275281	0.00269739	0.00262967	0.00256952	0.00250746	0.00245341	0.00240461	0.00236233	0.00231455	0.00226565	0.00222468	0.00218213	0.00214194	0.00209491	0.00205282	0.00201138	0.00197103	0.00191425	0.00186771	0.00182684	0.00178194	0.00174016	0.00170162	0.00165795	0.00161831	0.00159505	0.0015643	0.00153391	0.00149455	0.00146023	0.00143133	0.00139967	0.00136832	0.00133766	0.0013099	0.00126345	0.00122711	0.00121146	0.00118561	0.00115823	0.00112687	0.00110452	0.0010891	0.00107073	0.00105277	0.00102504	0.000990503	0.000972494	0.000951555	0.000929994	0.000906413	0.000881171	0.000854946	0.000828342	0.000814513	0.000791902	0.000768635	0.000740794	0.000712562	0.000683996	0.000661155	0.000643227	0.000621564	0.000607442	0.000591691	0.000577316	0.000563071	0.000550548	0.000542895	0.000532674	0.000522338	0.000511209	0.000500011	0.000503912	0.000515708	0.00048603	0.000478046	0.000482538	0.00048751	0.000472028	0.000464054	0.000444699	0.000442193	0.000447229	0.00042933	0.000413047	0.00041169	0.000396988	0.000391184	0.000390981	0.000382393	0.00037817	0.000374108	0.000370526	0.000368629	0.000363922	0.000368425	0.000362567	0.000354727	0.000342234	0.00033721	0.00033484	0.000332109	0.000329631	0.000328681	0.000333171	0.000340737	0.000331813	0.000339441	

159	1.562	32	0	task-3:0.008	task-0:0.01	task-1:0.018	task-2:0.024	|	0.233817	0.486542	0.220935	0.498533	0.469971	0.0807379	0.0546878	0.102556	0.0796989	0.0287508	0.0315285	0.0251656	0.0251092	0.0235011	0.0185498	0.0165614	0.0163409	0.0148448	0.0123901	0.011571	0.0109428	0.0098913	0.00900375	0.00819654	0.00752799	0.00693552	0.00689524	0.00626554	0.00588734	0.00536772	0.00463307	0.0039477	0.00325162	0.00267036	0.0021929	0.00173164	0.00162779	0.00131535	0.00111907	0.000987563	0.000854902	0.000773887	0.00069955	0.000628059	0.000552825	0.000475407	0.0004054	0.000404039	0.000344831	0.000308499	0.000269502	0.000262979	0.000245555	0.000241854	0.00022033	0.000198841	0.000194978	0.000182467	0.000168649	0.000161646	0.00015264	0.00015031	0.000149891	0.000140543	0.000132177	0.000124421	0.000118832	0.000116869	0.000108649	0.000103197	9.57556e-005	8.8559e-005	8.05649e-005	7.1589e-005	6.21935e-005	5.24916e-005	4.36149e-005	4.84178e-005	3.90394e-005	3.34213e-005	2.84365e-005	2.39393e-005	2.51611e-005	2.10983e-005	1.86928e-005	1.63281e-005	1.41685e-005	1.42044e-005	1.51874e-005	1.18294e-005	1.02467e-005	8.68542e-006	7.26464e-006	6.03012e-006	6.53447e-006	5.33014e-006	4.65886e-006	4.01425e-006	3.41853e-006	3.59149e-006	3.06307e-006	2.74191e-006	2.41409e-006	2.08957e-006	2.24703e-006	1.95637e-006	1.75861e-006	1.56523e-006	1.36769e-006	1.17546e-006	1.27482e-006	1.10206e-006	1.00323e-006	8.79206e-007	7.58377e-007	6.39204e-007	5.26445e-007	5.86831e-007	4.7644e-007	4.19384e-007	3.60525e-007	3.01921e-007	2.44988e-007	1.92745e-007	1.46915e-007	1.07304e-007	7.39817e-008	1.65495e-007	7.81685e-008	7.91083e-008	7.89232e-008	5.33796e-008	5.79633e-008	5.11708e-008	4.61842e-008	4.13762e-008	3.71326e-008	3.29275e-008	2.86781e-008	2.91527e-008	2.55753e-008	2.30688e-008	2.06284e-008	1.8201e-008	1.58207e-008	1.55928e-008	1.68244e-008	1.30374e-008	1.23061e-008	1.22875e-008	1.17123e-008	1.18326e-008	1.1847e-008	1.10802e-008	1.05307e-008	9.92995e-009	9.27509e-009	8.57935e-009	7.84266e-009	

89	1.278	32	0	task-3:0.012	task-0:0.004	task-1:0.048	task-2:0.018	|	0.261083	0.5	0.499993	0.429774	0.323209	0.278169	0.168797	0.159107	0.121177	0.110949	0.117766	0.111412	0.0896856	0.078155	0.0645631	0.0501571	0.0398948	0.0319724	0.0287185	0.024891	0.0202795	0.0173372	0.0139933	0.0113191	0.00894953	0.00670138	0.00511503	0.0042811	0.00326732	0.00255746	0.00195848	0.00146181	0.00103118	0.000706119	0.000469065	0.000305314	0.000225531	0.000318302	0.000135168	0.000121817	9.95479e-005	8.00236e-005	6.56844e-005	4.90695e-005	3.37467e-005	2.18148e-005	1.4762e-005	1.67258e-005	1.08768e-005	7.97457e-006	6.90641e-006	5.77012e-006	4.99626e-006	3.65556e-006	2.62364e-006	1.89949e-006	1.88488e-006	1.6555e-006	1.14874e-006	9.89091e-007	8.44462e-007	6.77934e-007	5.66819e-007	4.62669e-007	3.52278e-007	2.5087e-007	1.81834e-007	1.41299e-007	1.08698e-007	8.62217e-008	7.68159e-008	7.36183e-008	6.76309e-008	4.82687e-008	3.79187e-008	3.10493e-008	2.55393e-008	2.09535e-008	1.69985e-008	1.70062e-008	1.34181e-008	1.12314e-008	1.00699e-008	9.51665e-009	7.47252e-009	5.85588e-009	4.61776e-009	3.4985e-009	2.75573e-009	

77	1.627	32	0	task-3:0.03	task-0:0.036	task-1:0.056	task-2:0.036	|	0.394087	0.5	0.499996	0.494238	0.266598	0.38602	0.302351	0.210947	0.199277	0.198162	0.17117	0.145718	0.127433	0.09676	0.0505649	0.0444922	0.042775	0.0509215	0.0488006	0.0462568	0.0424304	0.0347138	0.0283026	0.0228586	0.015416	0.0100409	0.00936554	0.00619946	0.0051233	0.00376409	0.00274693	0.00249092	0.00223785	0.00255744	0.00248361	0.00119392	0.00101088	0.00101788	0.00103377	0.00100362	0.00157312	0.00120596	0.000910333	0.000942254	0.001453	0.00211532	0.00153417	0.00151491	0.00152177	0.00708047	0.00225402	0.000951273	0.00100614	0.00119065	0.00162152	0.00135507	0.000938221	0.00087373	0.000777973	0.00072774	0.000694874	0.000761802	0.000721553	0.000676239	0.000626379	0.000617334	0.000633922	0.000617962	0.000579606	0.000554176	0.000543665	0.000540771	0.000547947	0.000573652	0.000375971	0.000334241	0.000362774	

113	2.505	32	0	task-3:0.014	task-0:0.024	task-1:0.036	task-2:0.016	|	0.24324	0.499999	0.499968	0.483758	0.224494	0.292172	0.261927	0.224758	0.222055	0.218587	0.199555	0.167487	0.135064	0.101035	0.0706896	0.0498159	0.0357411	0.024545	0.03155	0.022701	0.00278136	0.016935	0.00452962	0.00806102	0.0211791	0.0135007	0.00397563	0.00155391	0.00097977	0.00387533	0.000996625	0.00113249	0.0013894	0.0016588	0.00206961	0.00390826	0.00995636	0.00897655	0.00323686	0.00167062	0.0043156	0.00354462	0.00319855	0.0034423	0.00327875	0.00324425	0.00307929	0.00297629	0.0028903	0.00276746	0.00265227	0.00256477	0.002451	0.00230929	0.00217164	0.00206093	0.0019484	0.00184042	0.00173481	0.00162989	0.00153961	0.00145624	0.00137301	0.00129291	0.00121952	0.00114819	0.00108497	0.00102233	0.000958875	0.000896898	0.000839562	0.00078602	0.000736799	0.000692603	0.000644971	0.000597458	0.00055322	0.000517322	0.00047475	0.000412321	0.000303642	0.000248398	0.000313879	0.0003103	0.00025797	0.00021415	0.00020172	0.000214077	0.000247726	0.000244334	0.000221256	0.00019544	0.000190507	0.000196954	0.000192402	0.000181571	0.000169266	0.000155306	0.000139505	0.000120784	0.000100607	8.02451e-005	7.52055e-005	6.29417e-005	5.07574e-005	5.01509e-005	4.66076e-005	4.4742e-005	2.98623e-005	2.77262e-005	2.84467e-005	3.05749e-005	3.03539e-005	

110	1.774	32	0	task-3:0.028	task-0:0.02	task-1:0.104	task-2:0.02	|	0.269781	0.5	0.499997	0.493019	0.245224	0.410662	0.369752	0.256481	0.19331	0.186345	0.164091	0.154412	0.14059	0.132839	0.1153	0.101283	0.0868068	0.0739127	0.061209	0.0594278	0.0512039	0.0400722	0.0339267	0.0271095	0.0225164	0.0233764	0.0185873	0.0176734	0.0146161	0.0141442	0.0119103	0.0107167	0.0101633	0.0100199	0.0101528	0.0102145	0.00967297	0.00953539	0.00930283	0.00938874	0.0100086	0.0102893	0.0105991	0.0107681	0.010815	0.0108818	0.0108139	0.0105884	0.0104523	0.0102438	0.0100257	0.00981773	0.00964904	0.00956386	0.00941388	0.00928525	0.5	0.5	0.431863	0.0171774	0.0171413	0.0783177	0.0774329	0.0119316	0.0108337	0.0113259	0.0775707	0.0766526	0.055407	0.0103908	0.0103283	0.0186746	0.0169354	0.0105633	0.0103494	0.0105201	0.0114163	0.0165272	0.0126754	0.0126567	0.0123535	0.0117175	0.0110208	0.0106446	0.0102956	0.0101781	0.00970719	0.010158	0.0121874	0.00956101	0.00924373	0.0100012	0.00969082	0.00868715	0.00945593	0.0108985	0.00986943	0.00839887	0.00877514	0.00869049	0.00796357	0.00824651	0.0082002	0.00767486	0.00744212	0.00727713	0.00705526	0.00691388	0.00681381	0.00674667	

141	1.567	32	0	task-3:0.004	task-0:0.008	task-1:0.044	task-2:0.018	|	0.281351	0.5	0.499999	0.496523	0.235559	0.236371	0.234788	0.238583	0.231242	0.202407	0.166515	0.127936	0.0962697	0.0793814	0.0474606	0.0415525	0.0337359	0.0312826	0.0304058	0.0244811	0.0250883	0.0230931	0.0229342	0.0250545	0.024016	0.0231911	0.0231115	0.0226005	0.020195	0.0181457	0.0168652	0.0157272	0.0146329	0.0137437	0.0133012	0.012527	0.0114982	0.0106124	0.00956772	0.00888268	0.00845833	0.00805594	0.00768532	0.00729703	0.00692839	0.00641637	0.00649716	0.00584213	0.00503284	0.00474741	0.00433549	0.00425166	0.00396286	0.00379402	0.00362797	0.00349033	0.00328653	0.00327446	0.00323537	0.00327372	0.00332953	0.0033299	0.0032015	0.00306213	0.00293622	0.00282356	0.00271845	0.00262057	0.0025324	0.00270098	0.00248816	0.00231446	0.00224288	0.00214906	0.00205758	0.00197489	0.00188661	0.00180493	0.00173236	0.00165172	0.00158604	0.00155668	0.00147166	0.00140646	0.00134403	0.00127671	0.00120719	0.00120954	0.00110238	0.00105886	0.00100547	0.000946406	0.000904969	0.000847799	0.000816985	0.000764398	0.000723996	0.00068167	0.165593	0.162803	0.00028544	0.00347437	0.00335364	0.00232203	0.00305262	0.00305148	0.00139047	0.00139026	0.000331889	0.000306388	0.000601505	0.000517315	0.00037434	0.00037217	0.000399144	0.000390455	0.00036554	0.000357755	0.000355058	0.00034456	0.000328919	0.00031142	0.00029184	0.000278824	0.000262613	0.000246625	0.000228185	0.00021789	0.000207576	0.000197925	0.000188662	0.000178983	0.000170374	0.000162257	0.00015397	0.000144108	0.000134594	0.000130201	0.000120426	0.000112981	0.000105302	

83	0.586	32	0	task-3:0.022	task-0:0.012	task-1:0.282	task-2:0.194	|	0.291493	0.5	0.499999	0.497288	0.273025	0.303214	0.272714	0.228032	0.215601	0.206414	0.196594	0.173739	0.143229	0.123211	0.0870966	0.0746403	0.0480521	0.0357575	0.0302012	0.0323786	0.0264508	0.0264683	0.0239766	0.0216688	0.0202081	0.0185204	0.0169346	0.0160386	0.0159703	0.0144533	0.0135223	0.0123164	0.0122467	0.0113614	0.0102765	0.00952402	0.00997075	0.0100857	0.0103031	0.011011	0.0115439	0.0119632	0.0288278	0.0290242	0.0283055	0.0122612	0.0118922	0.0282376	0.0281169	0.0289673	0.010774	0.0119583	0.0123487	0.0127978	0.0129629	0.0128559	0.0463548	0.0464173	0.0463984	0.0299377	0.0303687	0.0636442	0.0456221	0.0296289	0.0409834	0.0395733	0.101279	0.0896145	0.0498684	0.0517283	0.0708266	0.0614188	0.334644	0.333501	0.28462	0.0913927	0.091839	0.0551236	0.0527113	0.0744277	0.0599797	0.0401976	0.0405389	

337	3.398	32	0	task-3:0.004	task-0:0.004	task-1:0.216	task-2:0.162	|	0.307811	0.499998	0.499969	0.475738	0.182354	0.16736	0.186439	0.19355	0.187315	0.214657	0.217216	0.193335	0.182856	0.172434	0.158422	0.145524	0.133927	0.127212	0.119534	0.106982	0.104563	0.0977754	0.0936373	0.0917093	0.0890027	0.0875594	0.088177	0.0862715	0.0846215	0.0822854	0.0819516	0.0795502	0.07788	0.076561	0.0749707	0.0709034	0.0711367	0.06804	0.0660882	0.0633108	0.0598835	0.0567745	0.0536663	0.0517568	0.0492893	0.0466934	0.0450309	0.0436288	0.0423101	0.0405672	0.0385322	0.0358264	0.0326414	0.0218301	0.020591	0.0302252	0.0302252	0.0301904	0.0209672	0.0247048	0.0203005	0.0199596	0.019566	0.0194618	0.0194942	0.0195771	0.0194793	0.0192525	0.0191275	0.0190134	0.0188511	0.0186617	0.0184634	0.0182552	0.0180312	0.017803	0.0175486	0.0164297	0.0167875	0.0166008	0.0164608	0.0163126	0.0161762	0.0160611	0.0159777	0.0160186	0.0158833	0.0270794	0.015745	0.0154724	0.0152922	0.0251157	0.0248677	0.0241864	0.0141393	0.0136891	0.0131656	0.012552	0.0118485	0.0110741	0.0109466	0.0113818	0.0113711	0.011118	0.0109469	0.0107548	0.010473	0.0101403	0.0100053	0.010066	0.0100364	0.00994004	0.00986323	0.00976189	0.00974217	0.00961995	0.00953364	0.00943085	0.00930866	0.0091638	0.00899269	0.00890619	0.00877951	0.00871819	0.00863118	0.00861882	0.00846068	0.0249195	0.00831719	0.00837991	0.0247964	0.0248423	0.024919	0.00845534	0.00845895	0.00838554	0.0249124	0.00838965	0.0249498	0.00852089	0.0885736	0.0885618	0.00841997	0.00841819	0.00838969	0.00835491	0.00831331	0.00826364	0.0082043	0.00813354	0.00804929	0.00794916	0.00783047	0.00769012	0.00752488	0.00733131	0.00710613	0.0068466	0.00679488	0.00662695	0.00642819	0.00619779	0.00607936	0.00605718	0.00593226	0.00588325	0.00580268	0.00573125	0.00565148	0.00556664	0.00545892	0.00539557	0.00532252	0.00524973	0.00518579	0.00515441	0.00509859	0.00503992	0.00497004	0.00488689	0.00478803	0.00467	0.00456107	0.00450114	0.00437045	0.00425925	0.00414257	0.00401017	0.00385554	0.00367907	0.00351951	0.00346819	0.00336339	0.00324426	0.00311001	0.00299444	0.00295202	0.00287301	0.00278559	0.00277249	0.00275216	0.00270779	0.00264913	0.00259507	0.00256536	0.00254592	0.00248054	0.00244003	0.0023995	0.00235886	0.00234271	0.00230813	0.00227414	0.00223614	0.00222999	0.00220365	0.00217821	0.00215491	0.00213062	0.00211273	0.00210367	0.00207987	0.00205673	0.00203266	0.00200674	0.00199674	0.00199018	0.00196128	0.00193746	0.00191001	0.00187861	0.00184304	0.00181251	0.00179305	0.00178428	0.00174617	0.00171772	0.00168855	0.00167976	0.0016789	0.00163716	0.00162982	0.00162668	0.00162019	0.0182873	0.0182799	0.00161298	0.00161252	0.00161076	0.0182761	0.00175973	0.0182798	0.00254864	0.00161803	0.00161927	0.00161996	0.0016195	0.00161941	0.00161904	0.00161873	0.00161854	0.0016186	0.00161907	0.0178853	0.0178674	0.00454353	0.00393011	0.00306897	0.00306715	0.00169024	0.00168969	0.00181268	0.00181191	0.00169192	0.00169624	0.00169496	0.00167426	0.0016929	0.00169045	0.0016699	0.0016632	0.00165909	0.00152287	0.00151491	0.00150508	0.0014941	0.00148143	0.00146667	0.00144977	0.00143081	0.00140969	0.00138662	0.00136126	0.00133325	0.00130321	0.00127199	0.00123932	0.00120597	0.00117411	0.00114666	0.0175807	0.0176482	0.0177468	0.0178768	0.0180509	0.0182589	0.069887	0.0686302	0.0278162	0.0182318	0.0182045	0.0126295	0.0341244	0.034124	0.00747757	0.0157956	0.015795	0.00393517	0.0102366	0.0102352	0.00178711	0.00178339	0.00168764	0.00167351	0.00167776	0.00168596	0.0016963	0.00170913	0.00172513	0.0017113	0.0016815	0.0016631	0.00164849	0.00163156	0.00161178	0.00158856	0.00156125	

68	0.479	32	0	task-3:0.098	task-0:0.096	task-1:0.24	task-2:0.152	|	0.258964	0.5	0.499999	0.497916	0.300897	0.340095	0.270582	0.242127	0.258028	0.255072	0.238712	0.229034	0.220578	0.198814	0.168662	0.141749	0.115348	0.0895914	0.0745218	0.113624	0.0748986	0.0674871	0.0666009	0.0667318	0.072999	0.0746028	0.0753875	0.0784867	0.0817611	0.0854024	0.088692	0.0915917	0.0995561	0.103459	0.104732	0.104124	0.0855477	0.105339	0.105342	0.106471	0.105266	0.125826	0.125505	0.125218	0.125027	0.125045	0.125045	0.125001	0.12504	0.114111	0.125096	0.125096	0.125065	0.124949	0.107027	0.125012	0.124982	0.118243	0.11745	0.123826	0.134407	0.143814	0.143786	0.152658	0.153048	0.152977	0.152807	0.152709	

70	0.493	32	0	task-3:0.092	task-0:0.102	task-1:0.27	task-2:0.104	|	0.285879	0.5	0.499999	0.497943	0.269341	0.456415	0.397746	0.284823	0.244777	0.234223	0.212979	0.189386	0.164522	0.141738	0.119022	0.0985356	0.0860388	0.0782599	0.0771954	0.0730776	0.0698475	0.0668358	0.0676294	0.0681151	0.0691185	0.0693058	0.0701785	0.0718978	0.0745249	0.0929554	0.0982086	0.105283	0.114066	0.124106	0.130828	0.138286	0.145921	0.153254	0.153712	0.153323	0.154301	0.158423	0.164255	0.171004	0.173333	0.173783	0.174233	0.174237	0.173771	0.166743	0.165538	0.151253	0.166576	0.166662	0.166514	0.164631	0.154984	0.137316	0.158756	0.159044	0.155996	0.151028	0.137686	0.15656	0.162022	0.162289	0.156051	0.151253	0.143036	0.151245	

78	0.587	32	0	task-3:0.108	task-0:0.126	task-1:0.304	task-2:0.164	|	0.329405	0.499999	0.499981	0.490777	0.252558	0.392134	0.346203	0.252625	0.199157	0.187253	0.163498	0.150754	0.141036	0.126595	0.122572	0.117075	0.112049	0.105387	0.0990037	0.0933039	0.0888292	0.0854885	0.0837015	0.0821006	0.0807482	0.0841206	0.0982792	0.071942	0.0695073	0.0711372	0.075592	0.0858102	0.102374	0.118826	0.131275	0.141979	0.151461	0.156203	0.157085	0.160682	0.170644	0.184631	0.189082	0.18794	0.184733	0.182007	0.179531	0.174101	0.168378	0.158411	0.155588	0.147468	0.134433	0.124379	0.115464	0.126084	0.126589	0.12547	0.125078	0.124548	0.116214	0.13323	0.13322	0.125103	0.124758	0.115895	0.125956	0.130064	0.126199	0.125298	0.132542	0.124986	0.134212	0.134206	0.134198	0.13419	0.134047	0.125101	

67	0.481	32	0	task-3:0.204	task-0:0.172	task-1:0.254	task-2:0.194	|	0.277818	0.5	0.5	0.49973	0.256156	0.451767	0.35599	0.230814	0.191626	0.174221	0.159269	0.153392	0.147924	0.142218	0.141519	0.1375	0.135269	0.13267	0.131179	0.1337	0.13513	0.137146	0.137083	0.138033	0.13978	0.142658	0.145185	0.146416	0.146518	0.146693	0.153257	0.148467	0.13948	0.121505	0.153481	0.154297	0.155349	0.156333	0.141467	0.133365	0.157189	0.157788	0.157848	0.152973	0.142023	0.136073	0.147947	0.153297	0.151986	0.146731	0.145946	0.13754	0.145299	0.144424	0.144035	0.142701	0.132582	0.139944	0.142667	0.142924	0.138725	0.13851	0.13141	0.138754	0.138696	0.138629	0.138615	

354	2.539	32	0	task-3:0.008	task-0:0.008	task-1:0.04	task-2:0.02	|	0.279676	0.499999	0.499985	0.486934	0.193536	0.347848	0.27649	0.148482	0.153487	0.107601	0.0761557	0.062557	0.0580149	0.0613512	0.0582679	0.0532873	0.0467752	0.0404412	0.0345128	0.0276304	0.0222716	0.01829	0.0146737	0.0119363	0.0120327	0.00934383	0.00829999	0.00796297	0.00729031	0.00792084	0.00780276	0.00764986	0.00807252	0.00820251	0.00834094	0.00796808	0.00821874	0.00793122	0.0077613	0.00755227	0.00745881	0.00755934	0.00790347	0.00767604	0.00736115	0.00729195	0.00725102	0.00721744	0.00716702	0.00705705	0.0069589	0.00681705	0.00675421	0.00655401	0.00627041	0.00599029	0.00571197	0.00546293	0.00515106	0.0049914	0.00481207	0.00464083	0.0046177	0.00455848	0.00438062	0.00425582	0.00421864	0.00420255	0.0041517	0.00414078	0.00407799	0.00402667	0.00391927	0.0038534	0.00387238	0.00389594	0.00388922	0.00386631	0.00384691	0.00382417	0.00379287	0.00373778	0.00367258	0.00358225	0.00354157	0.00344584	0.00338078	0.00331783	0.00326543	0.00322191	0.0031809	0.00309708	0.00302511	0.00296156	0.00289134	0.00285508	0.00282349	0.00275459	0.00269337	0.00262793	0.00256136	0.00251268	0.0024664	0.00243459	0.00233697	0.00226312	0.00219563	0.00212575	0.00208959	0.00205815	0.00198558	0.00192745	0.00187033	0.00184618	0.00182116	0.00176726	0.00172225	0.0016778	0.00165626	0.00163381	0.00162241	0.00155553	0.001508	0.00146105	0.0014168	0.00139624	0.00138167	0.00133248	0.00129483	0.00125731	0.00124674	0.00123496	0.00119646	0.00116619	0.00113505	0.00110376	0.00108811	0.00107547	0.00104352	0.00101754	0.000991184	0.000982486	0.000972874	0.000947483	0.000926545	0.00090481	0.00088325	0.000869533	0.000858217	0.000854483	0.000818636	0.000793896	0.000768801	0.000744789	0.000735512	0.000729059	0.00070142	0.000681294	0.000661305	0.000656879	0.000652097	0.000630185	0.000613874	0.000597192	0.00058109	0.000572415	0.000566037	0.000548899	0.000535331	0.000521729	0.00051679	0.000511967	0.000512067	0.00048843	0.000472991	0.000457166	0.000441921	0.000439879	0.000438124	0.000419427	0.00040676	0.000394091	0.000382318	0.000376252	0.000372824	0.000358593	0.00034836	0.000338381	0.000335178	0.000332594	0.000321189	0.000312718	0.000304087	0.000302896	0.000301144	0.000291773	0.000284803	0.000277533	0.000270294	0.000267842	0.00026561	0.000257997	0.000252132	0.000246137	0.000244801	0.000242946	0.000242906	0.000233012	0.000226475	0.000219723	0.000213095	0.000212466	0.000211537	0.000203767	0.000198356	0.000192882	0.000187686	0.000185252	0.000183545	0.000177667	0.000173277	0.000168955	0.000167478	0.000166044	0.000166241	0.000158395	0.000153421	0.000148431	0.000143712	0.000142804	0.000142213	0.000136275	0.000132304	0.000128406	0.000128113	0.00012761	0.000123008	0.000119809	0.00011656	0.000113459	0.000112129	0.000111178	0.000111693	0.000105421	0.000101662	9.79454e-005	9.45479e-005	9.38471e-005	9.36829e-005	8.89919e-005	8.6042e-005	8.32094e-005	8.30413e-005	8.28828e-005	7.92515e-005	7.68666e-005	7.44814e-005	7.22611e-005	7.13032e-005	7.07997e-005	6.80364e-005	6.6129e-005	6.42858e-005	6.37791e-005	6.33276e-005	6.12311e-005	5.97311e-005	5.82556e-005	5.79316e-005	5.75421e-005	5.76649e-005	5.49993e-005	5.33242e-005	5.16299e-005	5.00188e-005	4.9841e-005	4.96794e-005	4.76568e-005	4.63088e-005	4.49766e-005	4.49251e-005	4.47394e-005	4.31886e-005	4.21036e-005	4.10042e-005	3.99586e-005	3.94615e-005	3.90436e-005	3.90363e-005	3.70948e-005	3.58678e-005	3.46653e-005	3.35836e-005	3.31088e-005	3.2902e-005	3.15208e-005	3.0598e-005	2.97336e-005	2.93962e-005	2.91728e-005	2.9381e-005	2.7631e-005	2.66034e-005	2.56068e-005	2.47261e-005	2.44622e-005	2.43486e-005	2.31341e-005	2.23802e-005	2.17076e-005	2.14019e-005	2.11369e-005	2.11903e-005	1.98208e-005	1.90513e-005	1.84007e-005	1.81961e-005	1.79569e-005	1.78586e-005	1.66863e-005	1.61105e-005	1.60587e-005	1.58805e-005	1.57951e-005	1.4864e-005	1.43663e-005	1.39758e-005	1.38632e-005	1.37859e-005	1.38393e-005	1.29599e-005	1.24626e-005	1.20214e-005	1.20316e-005	1.19818e-005	1.14485e-005	1.11136e-005	1.08153e-005	1.0734e-005	1.06327e-005	1.06199e-005	1.00801e-005	9.75374e-006	9.46031e-006	9.4449e-006	9.38457e-006	9.41196e-006	8.85568e-006	8.53224e-006	8.23999e-006	8.25936e-006	8.22377e-006	7.8838e-006	7.66441e-006	

70	0.494	32	0	task-3:0.178	task-0:0.172	task-1:0.246	task-2:0.16	|	0.266808	0.5	0.499996	0.494837	0.261718	0.396231	0.304243	0.243287	0.247717	0.235574	0.217356	0.199169	0.178183	0.158236	0.144489	0.1329	0.126471	0.122566	0.119884	0.117393	0.114847	0.113528	0.11378	0.11493	0.117153	0.120137	0.12359	0.127549	0.131578	0.135504	0.139111	0.142271	0.144885	0.146703	0.140745	0.124903	0.124294	0.123542	0.13764	0.136527	0.13536	0.133981	0.430885	0.435744	0.214762	0.152641	0.15288	0.149583	0.163911	0.181376	0.181521	0.17696	0.179529	0.179655	0.178048	0.177872	0.177874	0.177618	0.177618	0.176964	0.176964	0.176972	0.17697	0.176961	0.176968	0.176967	0.176286	0.176962	0.177036	0.18527	

114	0.824	32	0	task-3:0.01	task-0:0.018	task-1:0.068	task-2:0.048	|	0.380631	0.5	0.499989	0.487037	0.275228	0.263604	0.235865	0.236053	0.23127	0.217291	0.187751	0.149724	0.116768	0.097396	0.0879949	0.0495452	0.0308379	0.0162199	0.0061596	0.0414059	0.0411741	0.0178711	0.00856251	0.00854257	0.00660029	0.0181125	0.0174251	0.00977547	0.00723366	0.00789359	0.00815783	0.00949312	0.010532	0.0107532	0.0102305	0.00881184	0.00829392	0.00769943	0.0093026	0.00859208	0.00696578	0.00627235	0.00578104	0.00752183	0.0392703	0.0362178	0.0109015	0.00893112	0.0147628	0.0128613	0.00845879	0.006141	0.00604735	0.00659172	0.00788169	0.00813826	0.00762501	0.00789092	0.00878985	0.0100328	0.00913833	0.0080393	0.00689346	0.00580441	0.00477137	0.00462267	0.00391426	0.00335212	0.00362863	0.00476635	0.00743511	0.00519014	0.00513684	0.00551936	0.00678964	0.00891588	0.0111114	0.0133236	0.0154161	0.0173486	0.0193733	0.0215443	0.0196524	0.0195406	0.0196903	0.0184191	0.0168523	0.0162085	0.0160074	0.0158481	0.0158965	0.0161811	0.01622	0.0154211	0.0149886	0.014828	0.0146575	0.0145759	0.014574	0.0137762	0.0137156	0.0137326	0.0138457	0.0139426	0.0142189	0.0136669	0.0129039	0.0127029	0.0126683	0.0126857	0.0127676	0.0128912	0.012939	0.012987	

130	0.925	32	0	task-3:0.01	task-0:0.028	task-1:0.132	task-2:0.03	|	0.373844	0.5	0.499993	0.488571	0.214692	0.322474	0.282096	0.208124	0.166575	0.154567	0.12223	0.117658	0.103183	0.0740192	0.0610035	0.0507907	0.065845	0.0527449	0.0450225	0.0405938	0.0299087	0.0178813	0.0134725	0.0163293	0.0136283	0.0161138	0.0160705	0.0127493	0.0125377	0.0127524	0.0128577	0.0123758	0.0122403	0.0158463	0.0164691	0.0127579	0.0123271	0.0125207	0.0127511	0.0130199	0.0129356	0.0130968	0.0132963	0.0135112	0.0137768	0.0125588	0.0120202	0.0115672	0.0112391	0.0110819	0.011144	0.0114555	0.0113809	0.0110456	0.010924	0.0103001	0.0090045	0.00708516	0.0049996	0.00401108	0.00312426	0.00245607	0.00229264	0.0020217	0.00195005	0.00195616	0.00236545	0.00208336	0.00205383	0.00211232	0.00233593	0.00360495	0.00305076	0.00241431	0.00235527	0.00233742	0.00240307	0.00247721	0.00254706	0.00273109	0.00348821	0.00296395	0.0030231	0.00308621	0.00322743	0.00341492	0.00363139	0.00366613	0.00364991	0.00393974	0.00448776	0.00502325	0.00571758	0.00503711	0.00504657	0.00501606	0.00504044	0.00515477	0.00510979	0.00517039	0.0053533	0.00553479	0.00575246	0.00601243	0.00655757	0.00623414	0.00631097	0.00650715	0.00666678	0.00697437	0.00740669	0.0071392	0.0072318	0.00738573	0.00759283	0.00789222	0.00825807	0.00886374	0.00848555	0.00864848	0.00885676	0.00871303	0.0087548	0.00880613	0.0088534	0.00860846	0.00840919	0.00812598	0.0077551	0.00770329	

94	0.665	32	0	task-3:0.008	task-0:0.01	task-1:0.032	task-2:0.03	|	0.292817	0.5	0.5	0.499408	0.335654	0.333702	0.243144	0.164349	0.141354	0.126672	0.0894563	0.067653	0.0555015	0.0528189	0.0510676	0.0433797	0.0375873	0.0333582	0.0309719	0.0272783	0.0192881	0.0144385	0.0118542	0.0136917	0.0123172	0.00774678	0.00699925	0.0076305	0.00539938	0.0060049	0.00617532	0.00606502	0.00575089	0.00497345	0.00470722	0.00443961	0.00407886	0.00375982	0.00367899	0.00323682	0.00327786	0.00305109	0.00277437	0.00264133	0.00246754	0.00254598	0.00231796	0.00226636	0.00223464	0.0021582	0.00206965	0.0012534	0.0171601	0.0504524	0.0837253	0.083687	0.0836771	0.157353	0.150271	0.116667	0.0838011	0.0837984	0.0535973	0.100229	0.083749	0.000783168	0.0796135	0.0799289	0.00865525	0.0211589	0.055068	0.0177384	0.0137474	0.0137403	0.000939604	0.0206876	0.0166179	0.000342556	0.00110233	0.00110133	0.000301803	0.000340805	0.000316593	0.000238969	0.000230659	0.000218839	0.000213281	0.000211166	0.000208322	0.000204348	0.000200088	0.000194841	0.000188664	0.000181591	

94	0.67	32	0	task-3:0.008	task-0:0.01	task-1:0.032	task-2:0.03	|	0.292817	0.5	0.5	0.499408	0.335654	0.333702	0.243144	0.164349	0.141354	0.126672	0.0894563	0.067653	0.0555015	0.0528189	0.0510676	0.0433797	0.0375873	0.0333582	0.0309719	0.0272783	0.0192881	0.0144385	0.0118542	0.0136917	0.0123172	0.00774678	0.00699925	0.0076305	0.00539938	0.0060049	0.00617532	0.00606502	0.00575089	0.00497345	0.00470722	0.00443961	0.00407886	0.00375982	0.00367899	0.00323682	0.00327786	0.00305109	0.00277437	0.00264133	0.00246754	0.00254598	0.00231796	0.00226636	0.00223464	0.0021582	0.00206965	0.0012534	0.0171601	0.0504524	0.0837253	0.083687	0.0836771	0.157353	0.150271	0.116667	0.0838011	0.0837984	0.0535973	0.100229	0.083749	0.000783168	0.0796135	0.0799289	0.00865525	0.0211589	0.055068	0.0177384	0.0137474	0.0137403	0.000939604	0.0206876	0.0166179	0.000342556	0.00110233	0.00110133	0.000301803	0.000340805	0.000316593	0.000238969	0.000230659	0.000218839	0.000213281	0.000211166	0.000208322	0.000204348	0.000200088	0.000194841	0.000188664	0.000181591	

85	0.603	32	0	task-3:0.012	task-0:0.014	task-1:0.06	task-2:0.066	|	0.443627	0.499999	0.499875	0.434769	0.194349	0.222707	0.201657	0.182026	0.1579	0.166484	0.168328	0.149203	0.136554	0.122923	0.107202	0.0932571	0.079356	0.067104	0.0575763	0.0371744	0.0252271	0.0230311	0.0156422	0.01246	0.00990081	0.00746674	0.00960666	0.00682523	0.00710122	0.004772	0.00395516	0.00399438	0.00412712	0.00431074	0.00304788	0.00260221	0.00253508	0.00238698	0.00230909	0.0020903	0.00217921	0.00159194	0.00105429	0.000930485	0.00237964	0.00167633	0.00160584	0.00173649	0.00163664	0.00170059	0.0018597	0.00215197	0.00255304	0.00291359	0.00274997	0.0015118	0.00260167	0.00307903	0.0105148	0.0172678	0.00949722	0.00425806	0.0152379	0.0152162	0.00657682	0.00501022	0.00545808	0.00434656	0.00446376	0.0043406	0.00473295	0.00457296	0.00424146	0.00429243	0.00422869	0.00414632	0.00411686	0.00403732	0.00395296	0.00389646	0.00388606	0.0038583	0.00381733	0.00376444	0.00371269	

192	1.442	32	0	task-3:0.004	task-0:0.008	task-1:0.18	task-2:0.044	|	0.483903	0.499991	0.499861	0.476886	0.244754	0.30056	0.26895	0.237344	0.235127	0.235917	0.233885	0.230735	0.226748	0.222761	0.221008	0.217836	0.213859	0.207205	0.199369	0.191643	0.189164	0.191187	0.18844	0.180941	0.170546	0.168702	0.162093	0.153544	0.143452	0.137336	0.128495	0.124838	0.118407	0.11613	0.111975	0.106181	0.10032	0.0915332	0.0943163	0.0849971	0.0804698	0.0756065	0.0712955	0.0678507	0.0589219	0.0469242	0.0288624	0.0266569	0.035932	0.0342948	0.0264943	0.0197146	0.0179226	0.0172906	0.0168609	0.0165022	0.0161347	0.0157073	0.0151808	0.0145002	0.0156345	0.014954	0.0153077	0.0150185	0.0141521	0.0122432	0.00727122	0.0196982	0.0326502	0.0015298	0.0243173	0.00218028	0.00381189	0.00135047	0.00363083	0.00196433	0.00316332	0.00141832	0.00100512	0.0011893	0.00139107	0.00229667	0.00107317	0.000789666	0.000605545	0.000506236	0.000434082	0.000375161	0.000321166	0.000266686	0.000317361	0.000173075	0.000136706	0.000103189	7.41502e-005	4.98707e-005	3.05486e-005	1.88245e-005	2.42435e-005	5.87777e-006	2.11875e-006	8.93695e-007	3.29879e-007	9.22565e-008	1.93609e-008	2.97995e-009	6.98891e-010	5.05576e-010	1.92379e-009	8.84786e-009	1.61085e-007	2.81065e-007	1.49182e-006	8.46982e-005	8.48564e-007	7.80206e-007	0.0255272	0.0255272	0.000320247	7.01095e-007	7.01036e-007	5.4265e-006	8.47542e-005	3.34384e-005	4.10974e-005	5.22723e-005	1.06925e-005	4.23791e-006	2.34132e-006	1.54264e-006	1.15693e-006	9.0057e-007	6.91277e-007	5.07143e-007	3.50307e-007	2.30669e-007	1.30974e-007	6.82699e-008	3.11356e-008	1.21798e-008	3.95436e-009	1.02494e-009	2.02765e-010	2.90157e-011	5.88687e-012	0.000168078	0.000167624	4.57358e-009	1.14249e-010	4.40542e-010	2.27938e-008	1.04264e-007	2.59987e-009	5.52013e-010	1.67069e-010	5.22636e-010	4.02175e-009	1.42214e-008	5.28654e-008	3.12236e-007	3.50203e-006	9.36205e-005	7.57088e-006	6.33061e-007	3.28644e-007	5.55304e-007	2.81308e-006	1.69684e-007	3.61873e-008	1.20901e-008	3.38427e-009	1.15549e-008	3.07118e-008	9.62583e-008	3.99104e-007	6.21002e-009	8.59481e-010	2.44032e-010	1.36878e-009	4.23938e-009	1.75491e-008	1.08167e-007	1.14072e-006	2.76625e-009	2.24538e-010	9.21361e-011	6.43857e-011	5.82684e-011	1.33078e-006	1.28929e-006	2.49258e-009	2.06897e-010	

140	0.997	32	0	task-3:0.008	task-0:0.008	task-1:0.068	task-2:0.016	|	0.486686	0.499993	0.499822	0.445156	0.247608	0.248849	0.220367	0.20801	0.167666	0.133166	0.102756	0.0774313	0.0611854	0.0424455	0.0348641	0.0274266	0.023882	0.0190165	0.0165257	0.0140028	0.0127856	0.0109308	0.0100097	0.00987307	0.00859501	0.00847842	0.00762968	0.00712704	0.00709126	0.00676268	0.00650633	0.00631317	0.00608181	0.00610918	0.00575136	0.00556783	0.00538939	0.00516908	0.00495697	0.00470608	0.00447057	0.00446782	0.0042732	0.00410913	0.00399308	0.00387066	0.00377019	0.00366251	0.00352734	0.00346566	0.00333276	0.00322461	0.00312114	0.00301593	0.00288195	0.00276104	0.00260791	0.00245785	0.00228722	0.00210701	0.00258279	0.00197499	0.00204572	0.00197846	0.00185933	0.00181922	0.00179252	0.0017669	0.00173993	0.00171096	0.00169523	0.00165842	0.00161781	0.00157656	0.00152883	0.00149399	0.00145381	0.00142741	0.00140057	0.00137268	0.00132305	0.0013001	0.0012702	0.00123554	0.00119315	0.00114818	0.00110831	0.00107012	0.00102611	0.000977972	0.000935968	0.000907529	0.00087655	0.000838244	0.000793709	0.00074822	0.000699959	0.000650351	0.000655932	0.000593318	0.000676107	0.00067814	0.000603626	0.000594994	0.00059657	0.000594302	0.000599679	0.000595901	0.000587886	0.000583896	0.000579989	0.000569156	0.000557533	0.000549674	0.000542353	0.000534457	0.000525085	0.000514802	0.000502484	0.000491932	0.000482242	0.000473256	0.000463642	0.00045381	0.000444071	0.000433933	0.000420403	0.000409286	0.000404811	0.000398748	0.000388874	0.000377329	0.000371382	0.000364951	0.00035847	0.000351456	0.000343778	0.00033564	0.000327152	0.000318445	

235	1.668	32	0	task-3:0.008	task-0:0.012	task-1:0.012	task-2:0.012	|	0.347933	0.5	0.499998	0.492036	0.300729	0.259555	0.23631	0.199788	0.185103	0.157713	0.150134	0.126882	0.10798	0.0870796	0.0614631	0.0463883	0.0352892	0.0293086	0.0242961	0.0227228	0.0195601	0.0180062	0.0158222	0.0143716	0.0150566	0.0127802	0.0118212	0.0111888	0.0104228	0.010018	0.00917287	0.00859116	0.00831315	0.00800318	0.00784965	0.00755071	0.00746201	0.00723811	0.00706714	0.00698734	0.00682137	0.00681821	0.0068537	0.00685719	0.00683557	0.00672717	0.00661367	0.00648148	0.00634247	0.00622493	0.00610145	0.00598792	0.00586323	0.00572327	0.00555824	0.00536899	0.00516257	0.00491951	0.00494747	0.00469773	0.0046626	0.00457777	0.00448027	0.00440946	0.00430034	0.0041615	0.00409599	0.00401141	0.00393333	0.00385181	0.00378791	0.00375293	0.00368249	0.00362662	0.00355246	0.00349115	0.00345614	0.00339687	0.00334586	0.00329768	0.00324887	0.00320162	0.00315848	0.00312144	0.00305766	0.00356409	0.0030343	0.00302748	0.00303262	0.00303324	0.00299773	0.00283155	0.00269261	0.00262626	0.00257936	0.00253562	0.00249213	0.00244049	0.0024057	0.00236425	0.00236298	0.00232791	0.00229133	0.00225704	0.00222624	0.00219518	0.00217188	0.00215568	0.0021105	0.00208634	0.00205843	0.00202691	0.00199767	0.00195093	0.00206909	0.00205695	0.00196828	0.00194807	0.00195318	0.00193126	0.00192586	0.00193348	0.00192194	0.00191573	0.00190145	0.00188918	0.00187675	0.00186326	0.00184871	0.00183433	0.00182156	0.00181063	0.00178647	0.00176831	0.00174878	0.00172965	0.00171215	0.00167718	0.00165406	0.0016322	0.0016054	0.00157403	0.00153722	0.0014938	0.00149361	0.00141541	0.0013547	0.00128875	0.00121569	0.00113068	0.00102879	0.000917428	0.000806161	0.000833644	0.000725618	0.000668961	0.000638718	0.000637962	0.000620381	0.000613502	0.000592153	0.000571152	0.000552915	0.000537065	0.000519641	0.000498696	0.000475272	0.000449242	0.000420321	0.000387331	0.000366794	0.000341883	0.000318305	0.000292777	0.000266763	0.000256773	0.000237551	0.000224109	0.000208331	0.000191513	0.000173218	0.000157363	0.000140021	0.000122006	0.000103589	0.00010358	8.36942e-005	9.34562e-005	8.59335e-005	7.62896e-005	7.74014e-005	7.41459e-005	7.20191e-005	6.94156e-005	6.69768e-005	6.4348e-005	6.17414e-005	5.92723e-005	5.41717e-005	5.13063e-005	4.87236e-005	4.65941e-005	4.49117e-005	4.35142e-005	3.96665e-005	3.7487e-005	3.6032e-005	3.3768e-005	3.21974e-005	3.09657e-005	2.87891e-005	2.74553e-005	2.582e-005	2.403e-005	2.20813e-005	1.99593e-005	1.7698e-005	1.5339e-005	1.29407e-005	1.0576e-005	1.32772e-005	9.23583e-006	7.72792e-006	6.39691e-006	5.34026e-006	4.98688e-006	4.73429e-006	4.18935e-006	3.92795e-006	3.73219e-006	3.45632e-006	3.17193e-006	2.80129e-006	2.49314e-006	2.19094e-006	

296	1.937	32	0	task-3:0.004	task-0:0.004	task-1:0.016	task-2:0.024	|	0.259381	0.5	0.499998	0.476884	0.249217	0.194181	0.196105	0.173235	0.152054	0.123628	0.0993531	0.0796904	0.0597087	0.0502236	0.044447	0.0387026	0.035956	0.0302233	0.0314789	0.0235131	0.0231136	0.0234631	0.019866	0.0187953	0.0173772	0.0156757	0.0143275	0.0129665	0.0117121	0.0103531	0.00954649	0.00844333	0.00765098	0.00717333	0.00644557	0.00581655	0.00504824	0.00436451	0.00373395	0.00304622	0.00342599	0.00254392	0.00283573	0.0027327	0.00226848	0.0022195	0.00224844	0.0021425	0.00203946	0.00192004	0.00184287	0.00175461	0.00167536	0.00152171	0.00140084	0.00128742	0.00117563	0.00107578	0.000994151	0.000908431	0.000825208	0.000727455	0.000605386	0.000478161	0.000560883	0.000384143	0.000359347	0.000316162	0.000326677	0.00029867	0.000316188	0.00032205	0.000295446	0.000280039	0.0002806	0.00026671	0.000262226	0.000259477	0.000248472	0.000239699	0.000231705	0.000224486	0.000216597	0.000209206	0.000207717	0.000195603	0.000188773	0.000184235	0.000178089	0.000177028	0.000174734	0.000167343	0.000164943	0.000165081	0.000168417	0.000161206	0.000157812	0.000154826	0.000154872	0.000152192	0.00015254	0.000151795	0.00014888	0.000146494	0.000144904	0.000143683	0.000141207	0.000137774	0.000133946	0.000129814	0.000125697	0.000120839	0.00011525	0.000109019	0.000107337	0.000100937	9.68429e-005	9.48747e-005	8.81119e-005	8.51472e-005	8.25633e-005	8.00819e-005	7.77868e-005	7.58869e-005	7.02336e-005	6.80128e-005	6.58671e-005	6.38996e-005	6.18638e-005	6.00199e-005	5.64183e-005	5.44534e-005	5.34122e-005	5.30743e-005	5.04395e-005	4.86939e-005	4.71382e-005	4.62495e-005	4.51956e-005	4.42735e-005	4.36436e-005	4.01971e-005	3.8478e-005	3.71417e-005	3.57387e-005	3.50782e-005	3.4723e-005	3.21549e-005	3.06659e-005	2.95188e-005	2.86449e-005	2.79554e-005	2.76408e-005	2.55018e-005	2.42881e-005	2.34042e-005	2.24057e-005	2.18278e-005	2.14852e-005	1.99186e-005	1.90046e-005	1.82672e-005	1.76068e-005	1.71927e-005	1.70875e-005	1.55882e-005	1.47384e-005	1.40554e-005	1.35284e-005	1.29737e-005	1.24732e-005	1.20751e-005	1.07195e-005	1.01422e-005	9.69206e-006	9.64892e-006	9.08933e-006	8.68902e-006	8.39144e-006	7.99507e-006	7.65394e-006	7.34442e-006	7.09568e-006	6.45507e-006	6.16652e-006	5.88958e-006	5.59331e-006	5.27912e-006	4.95337e-006	4.62309e-006	4.29665e-006	3.79832e-006	3.57362e-006	3.49286e-006	3.39541e-006	3.05566e-006	2.91696e-006	2.76451e-006	2.64817e-006	2.52358e-006	2.40419e-006	2.3011e-006	2.06326e-006	1.96518e-006	1.82664e-006	1.73105e-006	1.64713e-006	1.58028e-006	1.38608e-006	1.31972e-006	1.24019e-006	1.16899e-006	1.09881e-006	1.03228e-006	9.56872e-007	9.24669e-007	8.87348e-007	8.48192e-007	8.11054e-007	7.45932e-007	7.06115e-007	6.6196e-007	6.25676e-007	5.95648e-007	5.67542e-007	5.1131e-007	4.87003e-007	4.62536e-007	4.37255e-007	4.10681e-007	3.83314e-007	3.55796e-007	3.31936e-007	3.12318e-007	2.87008e-007	2.67538e-007	2.486e-007	2.30626e-007	2.12347e-007	2.01292e-007	1.86667e-007	1.72583e-007	1.5771e-007	1.42272e-007	1.26543e-007	1.11321e-007	1.09319e-007	9.64322e-008	8.66035e-008	7.88897e-008	7.50829e-008	6.52049e-008	6.00924e-008	5.5382e-008	5.01658e-008	4.46255e-008	4.01672e-008	3.86709e-008	3.65251e-008	3.19972e-008	2.90303e-008	2.60288e-008	2.36126e-008	2.20332e-008	2.08643e-008	1.86448e-008	1.73773e-008	1.67567e-008	1.50925e-008	1.41749e-008	1.387e-008	1.27438e-008	1.12324e-008	1.00677e-008	1.08538e-008	9.7324e-009	8.88195e-009	9.05098e-009	8.55741e-009	8.09498e-009	7.64108e-009	7.15213e-009	6.62382e-009	6.06549e-009	5.49168e-009	5.43449e-009	5.12166e-009	4.74998e-009	4.21737e-009	3.85643e-009	3.4786e-009	3.09501e-009	2.7721e-009	2.54277e-009	2.35665e-009	2.09896e-009	

94	0.581	32	0	task-3:0.014	task-0:0.012	task-1:0.048	task-2:0.02	|	0.290341	0.499999	0.499948	0.471526	0.318637	0.184302	0.223804	0.166992	0.136066	0.130686	0.122834	0.123745	0.113013	0.101068	0.0914167	0.0827814	0.0668363	0.0555649	0.045869	0.0348406	0.0286725	0.0223292	0.0179147	0.012894	0.0118229	0.00922484	0.00799582	0.00656829	0.00542867	0.00492159	0.00428217	0.00384236	0.00331224	0.00278018	0.00233572	0.00190214	0.00149569	0.00115368	0.000851311	0.000592125	0.000472959	0.000596928	0.000232475	0.00106822	0.00103646	0.000327308	0.000243266	0.000235523	0.000207943	0.000205452	0.000194017	0.0002004	0.000193591	0.000183071	0.000180366	0.000177018	0.00016985	0.000167731	0.000166666	0.000162106	0.000155866	0.000150668	0.000146415	0.000144518	0.000140573	0.000135118	0.000129382	0.000122951	0.000115706	0.000107391	9.84746e-005	8.88086e-005	7.8411e-005	6.75298e-005	5.66101e-005	4.58364e-005	3.5427e-005	2.61201e-005	1.81253e-005	1.16299e-005	6.82831e-006	3.64685e-006	2.14265e-006	3.84931e-006	1.15431e-006	5.73702e-006	4.82961e-006	1.18959e-006	1.79115e-006	1.80878e-006	1.02123e-006	1.16763e-006	1.11075e-006	9.27654e-007	

124	0.813	32	0	task-3:0.006	task-0:0.01	task-1:0.028	task-2:0.034	|	0.237952	0.498544	0.0822474	0.490412	0.368391	0.195161	0.163705	0.132859	0.128782	0.121455	0.131597	0.106946	0.0912021	0.0791538	0.0683407	0.0569475	0.0508543	0.0415375	0.0379257	0.0357249	0.0342534	0.0324091	0.0296118	0.0257346	0.0224194	0.0199105	0.0185949	0.018744	0.0175285	0.0172742	0.0156466	0.0145322	0.0130478	0.0130315	0.0120198	0.0110978	0.0104655	0.00992326	0.00933238	0.00870736	0.00806413	0.00740289	0.00670625	0.00636379	0.00601346	0.00580073	0.00561111	0.00550687	0.0053985	0.00528708	0.0051941	0.00505341	0.0049107	0.00489632	0.00478821	0.00466354	0.00453108	0.00439645	0.00426541	0.00411932	0.00400154	0.00387934	0.0037305	0.00357043	0.00339255	0.00317867	0.00294574	0.00269929	0.00243376	0.00228686	0.00213216	0.00205066	0.00193343	0.00182172	0.00164961	0.00107877	0.000943702	0.00148855	0.00136039	0.00099943	0.000804491	0.000759464	0.000800357	0.000931073	0.000906817	0.000802083	0.000780511	0.000794355	0.000817197	0.000791331	0.000740387	0.000683768	0.000620379	0.00054926	0.000467644	0.000446909	0.000400777	0.000382758	0.000378555	0.000362689	0.000342011	0.000321905	0.000305169	0.000288543	0.000270808	0.000252208	0.000233132	0.00021412	0.000195073	0.000175987	0.00015813	0.0001396	0.000119745	9.88395e-005	7.80325e-005	5.81614e-005	4.03747e-005	2.59552e-005	1.46594e-005	1.33331e-005	9.45721e-006	6.1237e-006	3.55607e-006	1.85419e-006	

143	0.926	32	0	task-3:0.014	task-0:0.02	task-1:0.02	task-2:0.014	|	0.387633	0.5	0.499999	0.4965	0.241714	0.464586	0.424614	0.217908	0.215116	0.176577	0.113861	0.0960095	0.0830946	0.0708414	0.0588156	0.0485705	0.0410833	0.033974	0.0276743	0.0236928	0.0213975	0.0202085	0.019226	0.0183651	0.0171678	0.0170017	0.0155303	0.0146206	0.013477	0.012723	0.0117175	0.0110182	0.0107706	0.0112924	0.00915329	0.0085564	0.00787447	0.00675443	0.00630921	0.00589279	0.00537904	0.00504306	0.00468029	0.0043116	0.00398903	0.00413127	0.00279364	0.00263016	0.00255754	0.00214991	0.00171416	0.00134057	0.00103239	0.000763479	0.000523797	0.000344299	0.000231841	0.000220198	0.000131689	9.64847e-005	7.46334e-005	5.76575e-005	4.3325e-005	3.13186e-005	2.16254e-005	1.40014e-005	7.98396e-006	5.22823e-006	4.16547e-006	4.69076e-006	2.54293e-006	2.12918e-006	1.73397e-006	1.52952e-006	1.36847e-006	7.4259e-007	5.09155e-007	3.92272e-007	4.25149e-007	1.95057e-007	1.44506e-007	1.1105e-007	9.66233e-008	8.20849e-008	7.72447e-008	7.9711e-008	1.00477e-007	1.75424e-007	4.6019e-007	1.63176e-007	1.60214e-007	1.85892e-007	2.65417e-007	4.94041e-007	1.96863e-007	1.75193e-007	1.80174e-007	2.27036e-007	3.31455e-007	1.81621e-007	1.82462e-007	1.36032e-007	1.21383e-007	1.0405e-007	9.13647e-008	7.87243e-008	6.72228e-008	5.45107e-008	4.20957e-008	3.16735e-008	2.40556e-008	1.8387e-008	1.65005e-008	1.25798e-008	9.73478e-009	7.69716e-009	5.8405e-009	4.70574e-009	3.49261e-009	2.81241e-009	2.17566e-009	1.62875e-009	1.21638e-009	9.87196e-010	7.22816e-010	5.66385e-010	4.46222e-010	3.42758e-010	2.62361e-010	1.9766e-010	1.54594e-010	1.21021e-010	9.64335e-011	7.46843e-011	5.50743e-011	4.00426e-011	3.05489e-011	2.34482e-011	1.81689e-011	1.44184e-011	1.03558e-011	7.91022e-012	6.02844e-012	

86	0.519	32	0	task-3:0.204	task-0:0.204	task-1:0.406	task-2:0.038	|	0.343234	0.5	0.499998	0.496721	0.256629	0.404142	0.336959	0.245408	0.220965	0.212737	0.20126	0.190857	0.181446	0.178608	0.17316	0.173322	0.171136	0.179922	0.185151	0.185762	0.184526	0.173742	0.171817	0.17572	0.178812	0.178717	0.174378	0.173595	0.171689	0.169352	0.165819	0.162616	0.158336	0.154708	0.150098	0.151582	0.151491	0.151964	0.152748	0.153612	0.15324	0.15324	0.15343	0.153524	0.154459	0.154327	0.154518	0.155182	0.155148	0.155117	0.155096	0.155942	0.155925	0.155897	0.155983	0.156061	0.156137	0.15434	0.154486	0.156612	0.156833	0.157085	0.157377	0.156695	0.157089	0.157208	0.157333	0.156873	0.157165	0.157251	0.157347	0.156993	0.157207	0.157268	0.157342	0.157074	0.158018	0.158073	0.158126	0.157926	0.158039	0.158072	0.15811	0.158183	0.157551	0.155343	

178	1.108	32	0	task-3:0.006	task-0:0.01	task-1:0.03	task-2:0.03	|	0.269241	0.5	0.5	0.49841	0.272164	0.250301	0.278523	0.247053	0.201399	0.191418	0.169568	0.159153	0.150177	0.136528	0.122561	0.108597	0.0889241	0.0680405	0.0493896	0.0382622	0.0370271	0.036158	0.0302872	0.0278791	0.0267151	0.0202215	0.0175925	0.0157097	0.0160537	0.013685	0.0117865	0.010592	0.00958477	0.00870265	0.00793257	0.00807869	0.00627244	0.00557985	0.00493843	0.00436633	0.00388167	0.00376501	0.00326492	0.00322458	0.00343859	0.00297377	0.00284434	0.00269499	0.00254871	0.0024999	0.00253249	0.00266796	0.00241198	0.00238479	0.00232047	0.00231815	0.00245482	0.00220647	0.0021529	0.0021088	0.00211168	0.00227592	0.00209492	0.00208874	0.00213546	0.00224562	0.00207539	0.00205366	0.00204496	0.00205677	0.00209978	0.00218486	0.00207476	0.00206166	0.00206255	0.0020962	0.0021711	0.00235308	0.00218538	0.00218527	0.00220842	0.00225783	0.00234253	0.00221932	0.00222012	0.00223725	0.00227639	0.00234319	0.00246145	0.0023586	0.00235716	0.00236639	0.00239369	0.00244326	0.00251881	0.00262616	0.00243424	0.00238014	0.0023377	0.00229803	0.00226081	0.00222501	0.00248198	0.00215609	0.00209138	0.00202741	0.00196781	0.00191341	0.00206459	0.00185386	0.00180857	0.00178535	0.00180297	0.00171308	0.00167318	0.00163451	0.00159843	0.00162079	0.00154039	0.0015002	0.00146644	0.00144175	0.00138171	0.00134889	0.00131641	0.00128144	0.00124947	0.00123346	0.00119529	0.00115373	0.00112023	0.00108657	0.00105341	0.00102971	0.00101377	0.000957122	0.000932339	0.000907372	0.000884912	0.000841491	0.000811034	0.000783074	0.00075815	0.000734882	0.000716488	0.00067162	0.000651313	0.000627018	0.000603372	0.000578689	0.000540794	0.000503026	0.000476476	0.000441825	0.000425003	0.000387134	0.000371402	0.000345506	0.000341201	0.000328035	0.000310947	0.000293504	0.000281869	0.000273814	0.000266132	0.000258161	0.000248427	0.000232265	0.000217459	0.00020139	0.000184003	0.000165782	0.000146558	0.000126891	0.00010593	8.54682e-005	6.60932e-005	4.85401e-005	

148	0.937	32	0	task-3:0.008	task-0:0.006	task-1:0.036	task-2:0.022	|	0.436501	0.5	0.499997	0.493637	0.258003	0.282901	0.222049	0.245664	0.233885	0.205765	0.163354	0.117917	0.0868015	0.0497524	0.041632	0.0345342	0.0275678	0.0238938	0.0170231	0.0120534	0.0114351	0.0122713	0.014326	0.0117625	0.0126297	0.0123474	0.0115217	0.0119973	0.0117457	0.0122512	0.013153	0.0140301	0.0145306	0.0152959	0.0159983	0.0159573	0.0165598	0.0162679	0.0159521	0.0161931	0.0162651	0.0156932	0.0132401	0.0120087	0.0111773	0.0108313	0.0106578	0.0102696	0.0119268	0.0132827	0.0133392	0.0124562	0.0112555	0.00984923	0.0174884	0.017072	0.0111957	0.00993363	0.0137294	0.0134466	0.0130847	0.0129779	0.0127023	0.0122797	0.0119081	0.0113368	0.0106058	0.0100235	0.00956806	0.00907475	0.00834218	0.00753345	0.00673288	0.00620183	0.00570739	0.00516279	0.00444959	0.00380717	0.00309251	0.00263637	0.0021385	0.00175311	0.00134687	0.00111721	0.00095136	0.000868584	0.000696812	0.000581236	0.000483552	0.000455143	0.000393356	0.000318483	0.000252146	0.000203814	0.000161198	0.000123856	9.18505e-005	6.80038e-005	8.65176e-005	4.55465e-005	2.1984e-005	1.68893e-005	1.47405e-005	1.12629e-005	9.60664e-006	8.68383e-006	8.74527e-006	9.64e-006	6.43909e-006	4.17948e-006	3.31988e-006	2.86689e-006	2.55024e-006	2.11623e-006	1.84794e-006	1.65361e-006	1.46065e-006	1.52304e-006	1.58077e-006	1.09203e-006	8.52207e-007	6.68344e-007	5.64776e-007	5.2949e-007	3.73886e-007	2.86316e-007	1.75789e-007	1.13641e-007	7.65994e-008	5.78565e-008	4.28565e-008	3.22606e-008	2.26019e-008	1.41995e-008	1.0071e-008	1.08498e-008	5.3286e-009	3.4134e-009	2.59324e-009	2.87408e-009	2.19758e-009	1.60269e-009	1.18789e-009	1.93607e-009	6.30408e-009	4.7657e-010	9.5948e-009	8.7419e-009	

115	0.674	32	0	task-3:0.006	task-0:0.02	task-1:0.118	task-2:0.018	|	0.452524	0.5	0.499992	0.488519	0.220036	0.212334	0.220345	0.199859	0.201505	0.193275	0.187425	0.184014	0.171759	0.163502	0.149064	0.136877	0.118704	0.103635	0.10551	0.0816017	0.0741272	0.0654778	0.0607162	0.0581431	0.0542106	0.0501979	0.0564324	0.0549341	0.0553845	0.0546895	0.0552774	0.0571246	0.055718	0.0541115	0.0519006	0.0486165	0.0439004	0.0363479	0.0312498	0.0415595	0.0334466	0.0825907	0.1255	0.0732293	0.0497383	0.0326437	0.0333045	0.0256405	0.0180894	0.0337423	0.0396551	0.0398864	0.0334698	0.0324599	0.0322084	0.0340412	0.0310041	0.0252284	0.0208349	0.0196965	0.0196503	0.0197305	0.0188663	0.0110436	0.00479899	0.00441187	0.00437166	0.00471751	0.00551446	0.00500377	0.0178906	0.0177819	0.00552724	0.00511093	0.0052431	0.00551414	0.00623183	0.00748145	0.00668063	0.00673687	0.00649694	0.00649302	0.00653908	0.00644625	0.00646945	0.00644435	0.00631994	0.0062079	0.00598341	0.00575896	0.00559819	0.00559545	0.00549375	0.00519872	0.00492956	0.00459827	0.00450484	0.00399547	0.00365904	0.00333973	0.00300824	0.00271353	0.00182843	0.00124035	0.00143556	0.00132187	0.0010495	0.00121651	0.00118876	0.00109211	0.00109554	0.00113033	0.00113992	0.00107853	0.0031649	

137	0.769	32	0	task-3:0.008	task-0:0.008	task-1:0.09	task-2:0.106	|	0.296038	0.5	0.499994	0.496236	0.299175	0.346508	0.31651	0.216534	0.179258	0.190043	0.178042	0.16746	0.159378	0.139307	0.10817	0.0938911	0.0893957	0.0950495	0.0746623	0.0679187	0.0510076	0.0414549	0.0345379	0.0231135	0.0124709	0.00527957	0.00179352	0.0128758	0.0067396	0.00177381	0.00175533	0.00130801	0.00128563	0.000862102	0.0010082	0.000828196	0.000767956	0.000721877	0.000692905	0.000694826	0.000594698	0.000564208	0.000557944	0.00056624	0.000525058	0.000503421	0.000492561	0.00041772	0.000373418	0.000354442	0.00034899	0.000329386	0.000323609	0.000365746	0.000525736	0.0010249	0.000212409	0.000160017	0.000147223	0.000152595	0.000210424	0.000449265	8.56481e-005	6.94994e-005	6.41769e-005	5.97166e-005	5.60982e-005	7.1479e-005	5.95412e-005	4.93664e-005	8.18651e-005	0.000256454	8.20883e-005	7.24818e-005	7.16616e-005	9.02945e-005	0.000180294	6.01388e-005	5.5806e-005	6.49777e-005	0.00010283	0.000238661	0.000103064	0.000112484	0.00014938	7.35504e-005	6.22441e-005	5.97611e-005	6.47127e-005	8.21062e-005	0.000127447	6.79629e-005	6.22776e-005	6.30112e-005	7.11753e-005	9.23416e-005	0.000141668	6.44256e-005	7.54436e-005	8.46969e-005	0.000106296	0.000152801	7.74167e-005	8.85865e-005	9.71153e-005	0.000116938	0.000157884	8.73918e-005	9.63324e-005	0.000102453	0.000118162	0.000149803	8.85799e-005	7.29874e-005	8.43415e-005	9.19145e-005	0.000109246	0.000142217	8.59506e-005	7.11444e-005	8.18361e-005	0.000115682	0.000158489	0.000114417	0.000111458	0.000112781	0.000114737	0.000125819	0.000146714	0.000179967	0.000269351	0.000437355	0.000265624	0.000334021	0.000401422	0.000282261	0.00025877	

148	0.874	32	0	task-3:0.01	task-0:0.004	task-1:0.032	task-2:0.018	|	0.281559	0.5	0.5	0.499007	0.255245	0.478254	0.462166	0.267429	0.249998	0.227727	0.175176	0.155518	0.115011	0.091231	0.0679948	0.048242	0.0341079	0.0350204	0.0248077	0.0211933	0.0179257	0.0172661	0.0140432	0.013411	0.0118798	0.0108435	0.0104141	0.00947362	0.00886188	0.00831804	0.00767012	0.00704403	0.00644287	0.00668659	0.00582779	0.00629715	0.00577868	0.00529116	0.00513933	0.00478737	0.00449853	0.00424624	0.003999	0.00377558	0.00358476	0.00341208	0.00328663	0.00321323	0.0031903	0.00319953	0.00307446	0.00301926	0.00296371	0.00296075	0.00301874	0.00287028	0.00282867	0.00279993	0.00278748	0.00278616	0.00278823	0.0028037	0.00282378	0.00284132	0.00285474	0.00287686	0.00287623	0.00285271	0.00281623	0.00283835	0.00270528	0.00271276	0.00262199	0.00258581	0.00255745	0.00254286	0.00252129	0.00249128	0.00245569	0.00239998	0.00233674	0.00225808	0.00216588	0.00205874	0.00193714	0.00181988	0.00170179	0.00165224	0.00152978	0.00146609	0.00137335	0.00127812	0.00116919	0.00104759	0.00091457	0.000794327	0.000963485	0.000720024	0.00083857	0.000807884	0.000668726	0.000698196	0.000663566	0.00063792	0.00063501	0.000615949	0.000609042	0.000609217	0.000600332	0.000584383	0.000568492	0.000551546	0.000537562	0.000526383	0.000522631	0.000525962	0.000510076	0.000510442	0.000505926	0.000490684	0.000475556	0.000466518	0.000461728	0.000455712	0.00045212	0.000440313	0.000430631	0.000420793	0.000410647	0.000401262	0.000389742	0.000379314	0.000367838	0.000356456	0.000337797	0.000322763	0.000319433	0.000315443	0.000302455	0.000292314	0.000281481	0.000271331	0.000260601	0.000249522	0.000236959	0.000223849	0.000210742	0.000199831	

137	0.786	32	0	task-3:0.028	task-0:0.032	task-1:0.118	task-2:0.03	|	0.381768	0.5	0.499994	0.483382	0.225912	0.21877	0.200567	0.196932	0.184196	0.163441	0.152304	0.151957	0.154975	0.15783	0.154045	0.141057	0.11827	0.0892785	0.0599194	0.0497152	0.0493262	0.0410982	0.0410379	0.0374959	0.0326113	0.0298646	0.0272934	0.0244206	0.0228602	0.0215948	0.0215577	0.0214417	0.0216377	0.0215971	0.0214707	0.0212232	0.0217139	0.0215369	0.0220292	0.0811358	0.102678	0.056101	0.0745702	0.0688955	0.0967518	0.0897412	0.0567498	0.0546195	0.0507326	0.0832584	0.0862589	0.0687205	0.0600668	0.0572144	0.0530492	0.0460217	0.0318901	0.0275936	0.022862	0.0201236	0.020564	0.0188814	0.0329775	0.0334064	0.0291062	0.0171829	0.0162856	0.0149819	0.0131605	0.0102607	0.022905	0.00463577	0.0217234	0.00712422	0.00629765	0.00434107	0.002619	0.00194462	0.00120229	0.000957383	0.000628211	0.000598906	0.000584253	0.000461193	0.000346023	0.000239884	0.000147714	7.65368e-005	3.08513e-005	8.60036e-006	1.38763e-006	1.21674e-007	1.39435e-008	1.62218e-009	1.55398e-010	3.94589e-011	0.0168187	0.0166667	0.0166667	2.23413e-012	9.82954e-014	6.07796e-013	8.12512e-012	1.02703e-013	1.06549e-013	1.02656e-012	7.4609e-010	0.00105494	0	5.77548e-006	0	5.56972e-013	0	4.11045e-010	1.96199e-015	0	2.91645e-005	0	1.61175e-012	1.9624e-015	2.44422e-013	4.14488e-014	4.21255e-015	0	0	0	0	1.70002e-015	0	0	1.78827e-007	0	0	0	1.39986e-008	0	0	

200	1.177	32	0	task-3:0.012	task-0:0.014	task-1:0.008	task-2:0.036	|	0.475188	0.499999	0.499977	0.488166	0.265388	0.249318	0.23369	0.236196	0.225326	0.21827	0.189992	0.13005	0.0931476	0.0751301	0.0658292	0.040811	0.0332109	0.0299822	0.0282575	0.0241584	0.02109	0.0171634	0.0144153	0.0111157	0.00977577	0.00767806	0.0065467	0.00679502	0.00702894	0.00733791	0.0081484	0.0108836	0.0122676	0.0110405	0.00776716	0.0102146	0.00994517	0.00737607	0.00805717	0.00696559	0.00712027	0.00761971	0.00746934	0.00715076	0.00735527	0.00725759	0.00728606	0.00742075	0.00756599	0.00767138	0.00778637	0.00798963	0.00812135	0.00828361	0.00850391	0.00850956	0.00857731	0.00856178	0.00860917	0.00864429	0.00865296	0.00865507	0.00855991	0.00839426	0.00825542	0.0081071	0.00789971	0.00761827	0.00732328	0.00702231	0.00684871	0.00665704	0.00651066	0.00634744	0.00619161	0.00603389	0.00586757	0.00572916	0.00567981	0.00544566	0.00543483	0.00541495	0.00537879	0.00537172	0.00533333	0.00527278	0.00522511	0.00516838	0.00509729	0.00501421	0.00491959	0.00481223	0.00469079	0.00460922	0.00452154	0.00442356	0.00431248	0.00419074	0.00406847	0.00392755	0.00377271	0.00360653	0.00344925	0.0033895	0.00313645	0.00302057	0.00286638	0.00276603	0.00269659	0.00258124	0.00249247	0.0024398	0.00243206	0.00237393	0.00235068	0.00231169	0.00228161	0.00226148	0.00223778	0.00222872	0.0021342	0.00207075	0.00201373	0.00196498	0.00193846	0.00191447	0.00185135	0.00180693	0.00176895	0.00173409	0.00169666	0.00166705	0.00163471	0.00160292	0.00157035	0.00153888	0.00151521	0.0014949	0.00148081	0.00146452	0.00145037	0.00144108	0.00141657	0.00139928	0.00138034	0.00136091	0.00133668	0.283366	0.28336	0.166724	0.00143097	0.00143097	0.0168274	0.0168207	0.00128009	0.00127032	0.000971243	0.000965861	0.000956988	0.000947646	0.000778394	0.000765889	0.000828434	0.000955856	0.000952665	0.000875262	0.000781332	0.000769722	0.000806345	0.000798849	0.000764174	0.000722073	0.000670601	0.000607435	0.000532987	0.000445544	0.000436336	0.000389009	0.000378122	0.000348381	0.000314956	0.000281073	0.000241179	0.000207926	0.000198164	0.000200915	0.000191932	0.000178558	0.000165169	0.000151866	0.000138804	0.000128775	0.00012031	0.000115279	0.000108439	0.000103136	9.86952e-005	9.26364e-005	8.5633e-005	7.90644e-005	

85	0.512	32	0	task-3:0.028	task-0:0.04	task-1:0.088	task-2:0.052	|	0.273669	0.5	0.499993	0.493884	0.255852	0.410974	0.35971	0.261856	0.208798	0.188784	0.161441	0.135189	0.115705	0.106069	0.0901571	0.0805626	0.0758959	0.072266	0.0655477	0.0646552	0.0750703	0.0699328	0.0676861	0.0637267	0.0518803	0.0484202	0.04767	0.0468479	0.0454288	0.0433025	0.0408484	0.0371652	0.0323321	0.0259052	0.0245207	0.0346969	0.0266669	0.0310224	0.0293547	0.0186285	0.0298674	0.0290967	0.0152807	0.0167985	0.0164552	0.0149588	0.0124563	0.0123124	0.0136325	0.0212381	0.0199768	0.0159918	0.0125795	0.0127312	0.0131209	0.0160433	0.0290256	0.0171761	0.014988	0.0160539	0.0231048	0.0236874	0.0244298	0.0201492	0.0112887	0.00939048	0.00371189	0.00229115	0.00174625	0.00115499	0.000767469	0.000483819	0.000301216	0.000176523	0.000100328	4.41292e-005	1.89577e-005	5.90276e-006	1.13835e-006	0.000764476	1.33817e-005	0.000228691	0.000685241	0.000116655	1.04895e-005	

177	0.959	32	0	task-3:0.002	task-0:0.002	task-1:0.07	task-2:0.034	|	0.461848	0.5	0.499993	0.487761	0.181521	0.208555	0.147235	0.168194	0.122473	0.0763028	0.0711159	0.0647186	0.0613614	0.0600126	0.0608048	0.0622506	0.0653147	0.0692315	0.0733381	0.076843	0.07929	0.0805226	0.0856736	0.085865	0.0834069	0.0798531	0.07117	0.0653744	0.058493	0.0524172	0.0450277	0.0359977	0.0290921	0.0299256	0.022872	0.0191747	0.0232313	0.0294895	0.0568741	0.0386637	0.0564484	0.0792631	0.0795407	0.0631282	0.0486141	0.0461413	0.156355	0.113606	0.0342017	0.022451	0.0224209	0.0113339	0.0361274	0.0360993	0.0030763	0.018279	0.0182546	0.00167182	0.0145725	0.01425	0.00300631	0.00264673	0.00264983	0.00128343	0.00162533	0.00136256	0.00153999	0.00150559	0.00119407	0.00106888	0.00101865	0.000977651	0.00094237	0.000918557	0.000881117	0.000833663	0.000784715	0.000725286	0.000655502	0.000579624	0.000518358	0.000472636	0.000411647	0.000345957	0.000321748	0.000269517	0.000208775	0.000142866	0.000105153	7.22254e-005	6.27719e-005	6.51781e-005	4.83516e-005	2.94471e-005	2.52507e-005	2.79523e-005	2.34011e-005	1.85643e-005	1.57784e-005	1.21166e-005	8.69979e-006	6.09882e-006	3.81933e-006	2.01228e-006	9.13451e-007	7.81867e-007	4.58079e-007	2.82857e-007	1.56653e-007	9.69123e-008	5.56701e-008	2.98734e-008	1.44162e-008	6.6167e-009	3.73453e-009	2.26303e-009	8.86078e-010	3.48807e-010	1.14618e-010	3.27323e-011	8.1323e-012	1.77795e-012	3.65434e-013	8.25563e-014	2.88607e-014	3.24419e-014	6.1703e-015	0	0	0	0	0	0	0	0	0	0	0	6.38799e-013	0	0	0	0	0	0	0	0	4.20899e-015	0	0	0	3.30443e-015	1.86517e-015	2.54903e-015	4.0179e-014	8.61743e-014	3.63601e-012	1.0287e-010	3.58539e-011	6.80623e-011	1.46539e-010	3.49998e-010	8.61477e-010	1.47381e-010	2.72168e-010	3.25275e-010	1.21148e-009	7.34581e-010	6.96498e-010	7.79651e-010	1.0778e-009	1.79783e-009	2.53405e-009	1.55682e-009	1.67556e-009	1.80647e-009	1.59028e-009	

85	0.48	32	0	task-3:0.008	task-0:0.004	task-1:0.162	task-2:0.028	|	0.368884	0.499998	0.499961	0.477356	0.213303	0.278052	0.221205	0.175853	0.163568	0.13539	0.102142	0.0691999	0.0440709	0.0287467	0.0218808	0.0300153	0.0164126	0.0207136	0.0180919	0.0103017	0.0109424	0.00579078	0.00400156	0.00447656	0.00319379	0.00314059	0.00314114	0.00344349	0.00408252	0.0075969	0.00560736	0.00603576	0.00481939	0.00314096	0.00302149	0.00215805	0.00169377	0.00141903	0.00134025	0.00121543	0.00134799	0.0016374	0.00125693	0.00114308	0.00106388	0.00102932	0.00105226	0.00115919	0.00146141	0.00207166	0.00213421	0.0023595	0.00234715	0.00255735	0.00247097	0.0022669	0.00212919	0.00198352	0.00192639	0.00194375	0.0018172	0.00170888	0.00159198	0.00146686	0.00133794	0.00121147	0.00109614	0.00099676	0.000919427	0.000897557	0.000896307	0.00091746	0.00092176	0.000921874	0.000927397	0.000942861	0.00075847	0.000834177	0.000733553	0.000735121	0.00074144	0.00076196	0.000769461	0.000800933	0.000750484	

238	1.398	32	0	task-3:0.05	task-0:0.05	task-1:0.3	task-2:0.154	|	0.421526	0.499996	0.499835	0.424965	0.270239	0.224718	0.187704	0.178866	0.1595	0.148161	0.139221	0.136858	0.138656	0.140421	0.143177	0.14628	0.148752	0.151495	0.153609	0.154881	0.155579	0.157594	0.157302	0.154876	0.153575	0.151644	0.138255	0.150985	0.150921	0.149014	0.146169	0.141467	0.138076	0.135769	0.130104	0.125177	0.127512	0.125663	0.125585	0.124588	0.122599	0.119806	0.116698	0.115106	0.112812	0.110598	0.108652	0.106373	0.10379	0.100976	0.0984322	0.097634	0.0962728	0.0946421	0.0928491	0.0911097	0.0906967	0.0898462	0.0890947	0.0879325	0.0879873	0.0875742	0.0872065	0.0861656	0.0852982	0.0842772	0.0833826	0.0833731	0.0828845	0.0822043	0.0812737	0.0804822	0.0796282	0.0791014	0.0781563	0.076891	0.0766782	0.0760053	0.0750437	0.0738817	0.0724983	0.0725482	0.0720143	0.0709536	0.0699403	0.0699227	0.0703423	0.0703578	0.0701112	0.0698568	0.0695522	0.0691741	0.0687701	0.0666874	0.0684992	0.0682778	0.0680102	0.0658392	0.0656091	0.0655796	0.0653388	0.064065	0.0628535	0.0634473	0.0632768	0.0632759	0.0630951	0.0628222	0.0616069	0.0625383	0.06238	0.0621947	0.0620896	0.0609434	0.0616958	0.0614421	0.0611432	0.0608011	0.0604138	0.0599705	0.058519	0.0581103	0.0576488	0.0574645	0.0571318	0.0567611	0.056414	0.056016	0.0548751	0.0551827	0.0548167	0.0539673	0.0534832	0.0543458	0.0542254	0.0539589	0.0537486	0.0534832	0.0531765	0.0528322	0.0524573	0.0520738	0.0516192	0.0511075	0.0505406	0.0499264	0.0492818	0.0486375	0.0480471	0.0476474	0.047048	0.0468041	0.0464445	0.0460009	0.0457968	0.0446067	0.0435472	0.0423114	0.0418882	0.0410077	0.0401836	0.0383555	0.0395477	0.038825	0.0387144	0.0383025	0.0381108	0.0370876	0.0369928	0.0365884	0.036185	0.0364828	0.0363554	0.0362161	0.0357286	0.0353139	0.0348559	0.034146	0.0334076	0.033315	0.0328544	0.0325524	0.0328406	0.0331852	0.0331463	0.0331208	0.0330823	0.0330645	0.0328101	0.0334752	0.0337354	0.0339357	0.0342256	0.0345514	0.0350963	0.0360081	0.0351196	0.0355381	0.036503	0.0375088	0.0363677	0.0370973	0.0377338	0.0385241	0.0378927	0.0384458	0.0389182	0.0385455	0.0385726	0.038927	0.0392781	0.0397185	0.0394093	0.0441146	0.0442798	0.0445582	0.0444804	0.0441129	0.0437379	0.043605	0.0435596	0.0435128	0.0434677	0.0434302	0.0434106	0.0434276	0.0436875	0.0438813	0.0436018	0.0435637	0.0435275	0.0434969	0.0433927	0.0432385	0.0430479	0.0396705	0.0426972	0.0424555	

93	0.524	32	0	task-3:0.044	task-0:0.038	task-1:0.146	task-2:0.098	|	0.309036	0.5	0.5	0.499101	0.27868	0.450161	0.400859	0.294854	0.227258	0.229021	0.202919	0.164151	0.149967	0.128556	0.110049	0.0949584	0.0847329	0.0765173	0.0726782	0.0709996	0.0694694	0.0657098	0.0622602	0.0582452	0.0531535	0.0478979	0.0420931	0.0376086	0.0312573	0.0254138	0.0204127	0.0380702	0.0344797	0.0304234	0.0448703	0.0569811	0.0311827	0.0220982	0.017522	0.0148613	0.0127008	0.0113457	0.0273411	0.026586	0.0293478	0.0130288	0.0238664	0.0157009	0.0278415	0.0225305	0.0602103	0.0582803	0.0436141	0.0298658	0.0493511	0.0297535	0.0618149	0.0626439	0.0655652	0.101296	0.121888	0.127082	0.117342	0.104262	0.0672464	0.0542351	0.026593	0.0262098	0.00980091	0.010457	0.00921365	0.0285406	0.0617075	0.0629958	0.0345946	0.0308197	0.0131419	0.0261821	0.0253781	0.0253348	0.0252696	0.0252239	0.00863083	0.00847429	0.0218172	0.0249684	0.0248533	0.0248664	0.0248551	0.0247761	0.0244124	0.0084797	0.0076969	

90	0.463	32	0	task-3:0.012	task-0:0.012	task-1:0.12	task-2:0.012	|	0.309876	0.5	0.49998	0.484254	0.272377	0.276509	0.23131	0.203636	0.192393	0.178275	0.170465	0.165392	0.160531	0.155804	0.149629	0.146085	0.144908	0.123233	0.107824	0.109545	0.109972	0.109605	0.1028	0.105635	0.103172	0.0800267	0.0664481	0.0610723	0.0535492	0.0454203	0.0377268	0.0312509	0.0202855	0.0189809	0.0169818	0.0159444	0.0129429	0.0137402	0.0125847	0.00974691	0.00640956	0.0231687	0.00230889	0.00522794	0.0136554	0.0100509	0.00814382	0.00405908	0.00473218	0.00722605	0.00749424	0.00699596	0.00544247	0.00320323	0.00369724	0.00703703	0.00583543	0.0039637	0.00370799	0.00403487	0.0045017	0.00464468	0.00470356	0.00416838	0.00386279	0.00392322	0.00390248	0.00366528	0.00357922	0.00349607	0.00277798	0.00280646	0.00312461	0.00344522	0.00394382	0.00329694	0.00336844	0.00282213	0.00255812	0.00206372	0.00175794	0.00158923	0.00148151	0.00141717	0.00134976	0.00122717	0.00102374	0.000910847	0.000862614	0.000832167	

65	0.327	32	0	task-3:0.16	task-0:0.14	task-1:0.208	task-2:0.206	|	0.416728	0.5	0.499996	0.492292	0.270543	0.248538	0.212337	0.209647	0.203506	0.192059	0.179149	0.165022	0.150757	0.138408	0.126781	0.116049	0.132498	0.136972	0.1414	0.145371	0.148849	0.151519	0.168535	0.177947	0.186996	0.191597	0.199841	0.204837	0.206988	0.20706	0.203847	0.203677	0.203877	0.205209	0.203451	0.20088	0.192535	0.178985	0.178509	0.172734	0.162484	0.160082	0.170571	0.171181	0.171587	0.168333	0.168071	0.167839	0.167614	0.167367	0.163547	0.153726	0.151602	0.150236	0.154554	0.151588	0.152276	0.153735	0.154386	0.158483	0.156129	0.154985	0.154176	0.147919	0.154094	

126	0.628	32	0	task-3:0.032	task-0:0.038	task-1:0.102	task-2:0.06	|	0.328968	0.5	0.5	0.498717	0.288341	0.440203	0.411337	0.304854	0.2367	0.279936	0.262338	0.210082	0.1889	0.161994	0.135962	0.0994342	0.0831948	0.0612334	0.0561116	0.0469385	0.0490086	0.0471662	0.0403773	0.0390489	0.0363134	0.0332894	0.0303014	0.0273155	0.0256684	0.0240544	0.0218833	0.0187525	0.0162857	0.0186011	0.0157851	0.0130872	0.00819248	0.0100013	0.0100109	0.00644695	0.00719923	0.00701174	0.00714634	0.00570023	0.00483956	0.00393377	0.00356411	0.00318265	0.00285583	0.00253021	0.00259009	0.00253993	0.00254958	0.0027242	0.00312426	0.00268635	0.0026828	0.00276895	0.00293598	0.00321565	0.00269192	0.00259826	0.00269761	0.00280425	0.00248954	0.00233589	0.00219956	0.00208935	0.00166245	0.00136892	0.00139051	0.0011481	0.000860987	0.000660026	0.000491208	0.000341023	0.000385651	0.000258358	0.000256902	0.000351362	0.000287155	0.000210517	0.0002019	0.000196045	0.00017145	0.000141314	0.000128683	0.000125179	0.000137184	0.000113056	0.000106017	0.00010822	0.000108421	0.000113407	0.000111378	0.000109097	0.00010596	8.73371e-005	8.04403e-005	7.71657e-005	6.97911e-005	6.17948e-005	5.54876e-005	4.94077e-005	4.31211e-005	3.75483e-005	4.18025e-005	5.07346e-005	5.89679e-005	3.59452e-005	3.95687e-005	3.76535e-005	3.70719e-005	3.56587e-005	3.62154e-005	3.71946e-005	3.8185e-005	3.2107e-005	3.00209e-005	2.89185e-005	2.55491e-005	2.36219e-005	2.19196e-005	2.08036e-005	1.90645e-005	1.72992e-005	

260	1.301	32	0	task-3:0.072	task-0:0.074	task-1:0.31	task-2:0.116	|	0.366159	0.5	0.5	0.499647	0.339254	0.402984	0.3418	0.233683	0.200006	0.203061	0.198165	0.197155	0.196421	0.196317	0.194765	0.191466	0.18829	0.185819	0.184439	0.183733	0.182702	0.180568	0.177505	0.175984	0.174129	0.173373	0.172355	0.171456	0.169503	0.167333	0.165195	0.163656	0.163322	0.164273	0.155161	0.149154	0.148448	0.148221	0.148991	0.147789	0.14593	0.144537	0.14046	0.139834	0.139869	0.149412	0.152554	0.15528	0.155051	0.154656	0.155399	0.161896	0.163693	0.163045	0.162039	0.161372	0.160338	0.159114	0.151448	0.156303	0.15527	0.154558	0.153794	0.153141	0.154069	0.15328	0.15242	0.151933	0.151174	0.134352	0.149913	0.149305	0.138281	0.137934	0.138775	0.138622	0.138584	0.138045	0.132401	0.132395	0.119905	0.132632	0.132601	0.132466	0.127734	0.120154	0.132416	0.132479	0.132594	0.132736	0.120377	0.132812	0.132734	0.13264	0.132597	0.132573	0.132511	0.119946	0.132314	0.132185	0.132055	0.131849	0.119106	0.13135	0.131365	0.131526	0.131718	0.131734	0.131661	0.132414	0.138315	0.137569	0.133299	0.131169	0.13072	0.13065	0.130773	0.143652	0.143646	0.130855	0.143454	0.14345	0.143475	0.130868	0.143623	0.143707	0.143707	0.143661	0.143607	0.14352	0.130819	0.143387	0.143288	0.143289	0.136758	0.130549	0.143104	0.143014	0.142907	0.142778	0.142344	0.129834	0.142217	0.141951	0.141624	0.141226	0.1372	0.127609	0.139508	0.138715	0.137783	0.136626	0.122909	0.121407	0.11943	0.1167	0.116666	0.118047	0.118036	0.117324	0.116439	0.113169	0.114006	0.112348	0.110348	0.105273	0.105281	0.102203	0.0988964	0.0987948	0.100287	0.100213	0.0957874	0.0846397	0.0832184	0.0918695	0.0924969	0.0812327	0.0920079	0.0950095	0.0941941	0.0940367	0.093515	0.0929054	0.0884309	0.0876933	0.0748216	0.0737852	0.0734472	0.0727533	0.0720275	0.0713271	0.0707532	0.0689083	0.0675089	0.0661503	0.0661899	0.0663148	0.0669202	0.065266	0.0636605	0.0637237	0.0636769	0.0637615	0.0636547	0.0630038	0.0625214	0.0630924	0.0650889	0.0674843	0.0700684	0.0686954	0.065951	0.0648981	0.0645134	0.0641668	0.0638063	0.0644929	0.064914	0.0654285	0.0659098	0.066453	0.0671586	0.0680849	0.0693105	0.0709338	0.0812202	0.0809753	0.0823471	0.0833622	0.0849735	0.0866664	0.0818272	0.066231	0.0686217	0.0699198	0.0855561	0.0883937	0.0834273	0.0820372	0.0841524	0.0855276	0.0874888	0.0900184	0.0929991	0.0861366	0.0839434	0.0832262	0.0851272	0.0868967	0.0893935	0.0928148	0.0969521	0.100983	0.104075	0.119285	0.120983	0.123889	0.121007	0.112104	

92	0.528	32	0	task-3:0.012	task-0:0.012	task-1:0.052	task-2:0.02	|	0.329429	0.499999	0.499993	0.496054	0.275327	0.321446	0.253017	0.245592	0.241255	0.214748	0.207312	0.199964	0.183026	0.16746	0.145512	0.116376	0.0844507	0.0542748	0.0396142	0.0305825	0.0252297	0.0211265	0.0183173	0.0165633	0.0186554	0.0162324	0.0162308	0.0171008	0.0146881	0.0117641	0.0104836	0.0107822	0.00950287	0.00860026	0.00838403	0.00827854	0.00790618	0.00766649	0.0067041	0.00598035	0.00526054	0.00461182	0.00462229	0.004987	0.00509603	0.00376717	0.00362098	0.00334286	0.00332329	0.00322798	0.00320307	0.00345442	0.00330123	0.00326654	0.00326263	0.00333553	0.00350429	0.00365933	0.00388396	0.00419948	0.00421427	0.00446178	0.00463162	0.00439918	0.00441653	0.00427169	0.00419731	0.00412118	0.00400029	0.0038733	0.00382178	0.00376803	0.00371615	0.00364462	0.00356837	0.00348923	0.00341625	0.00334688	0.003047	0.00310871	0.00285343	0.00284321	0.00275624	0.00260173	0.00248182	0.00236382	0.00226287	0.00215211	0.00205174	0.00194776	0.00191448	0.00187369	

71	0.351	32	0	task-3:0.012	task-0:0.004	task-1:0.212	task-2:0.08	|	0.411439	0.499994	0.499779	0.431929	0.317334	0.261395	0.215294	0.206166	0.183825	0.158386	0.146932	0.133011	0.118861	0.109027	0.0994901	0.0623438	0.0453296	0.0481092	0.0368983	0.0290945	0.0318305	0.0228997	0.0263607	0.0286042	0.0205372	0.0167245	0.0130844	0.0111767	0.0115806	0.0102151	0.00680835	0.0134073	0.00716195	0.0125174	0.0164731	0.0179507	0.163813	0.16195	0.0400109	0.0414062	0.0312943	0.037853	0.0578303	0.0513451	0.0561115	0.0829741	0.0780969	0.0499964	0.0459781	0.0416132	0.0420246	0.0427488	0.0411772	0.04467	0.054507	0.0679067	0.076302	0.0846721	0.0953147	0.10376	0.114174	0.117391	0.12768	0.141249	0.143349	0.143525	0.143895	0.149517	0.155623	0.15564	0.155493	

85	0.427	32	0	task-3:0.288	task-0:0.29	task-1:0.348	task-2:0.262	|	0.295838	0.5	0.499995	0.494767	0.267517	0.337304	0.278427	0.210196	0.196858	0.190947	0.179958	0.176747	0.176405	0.17683	0.178287	0.179956	0.180878	0.188571	0.191619	0.194485	0.196936	0.199944	0.202558	0.203373	0.199553	0.19772	0.19744	0.192631	0.188214	0.184412	0.179172	0.163732	0.170299	0.165592	0.151297	0.154434	0.157765	0.157045	0.15706	0.161433	0.161143	0.171077	0.167491	0.167104	0.158489	0.153242	0.154599	0.156164	0.152685	0.158387	0.154259	0.150165	0.159894	0.158761	0.159353	0.159033	0.160279	0.169942	0.167147	0.173121	0.16996	0.169826	0.169796	0.169787	0.16977	0.177311	0.179762	0.179708	0.183971	0.187641	0.187983	0.185109	0.184974	0.184803	0.184623	0.184442	0.18421	0.183957	0.179722	0.179474	0.175621	0.178262	0.177354	0.180939	0.194109	

152	0.774	32	0	task-3:0.01	task-0:0.01	task-1:0.048	task-2:0.034	|	0.290178	0.5	0.499995	0.489005	0.241873	0.247427	0.250256	0.231669	0.229873	0.217865	0.202243	0.206822	0.20058	0.187323	0.178314	0.166843	0.150646	0.13041	0.113941	0.0969176	0.0821064	0.0615802	0.0550492	0.0421357	0.0332126	0.0265338	0.0208573	0.0169017	0.0135701	0.010896	0.0100519	0.00880762	0.00890057	0.00829044	0.00803632	0.00790761	0.00759153	0.00734054	0.00693119	0.00644156	0.00565959	0.00499293	0.004537	0.00430325	0.00415419	0.00410857	0.00426114	0.00415495	0.00421366	0.004455	0.0043776	0.00443964	0.00455124	0.00469289	0.00487989	0.00511892	0.00543516	0.00594571	0.00536414	0.00521427	0.00474433	0.00447312	0.00426397	0.0040942	0.00397801	0.00388565	0.00375607	0.00370272	0.00357955	0.00347173	0.00342662	0.00330009	0.00326352	0.00323178	0.00331992	0.0032119	0.00317402	0.0031385	0.0031141	0.0030698	0.00299827	0.00292379	0.0028693	0.00284941	0.00275018	0.00266839	0.00258545	0.0025359	0.00245897	0.00237038	0.00230837	0.00224002	0.00215941	0.00207201	0.00200953	0.00202505	0.00213936	0.00198625	0.00208615	0.0020743	0.0018846	0.00191335	0.0019803	0.00197171	0.00190885	0.0019307	0.00193007	0.00191987	0.00194078	0.00191463	0.00191671	0.00188607	0.00186567	0.00184217	0.00179507	0.00174815	0.00174126	0.00173372	0.00170709	0.00167855	0.00166136	0.00163526	0.00161599	0.00160172	0.00157098	0.00154591	0.00152145	0.00150375	0.00148307	0.00145883	0.00139308	0.00138471	0.00133184	0.00128314	0.001263	0.00124703	0.00121483	0.00119486	0.00110713	0.00106024	0.00102725	0.00104242	0.00100907	0.000974233	0.000950177	0.000910764	0.000869018	0.000858994	0.000832367	0.000797462	0.000759697	0.000750011	

69	0.364	32	0	task-3:0.036	task-0:0.046	task-1:0.208	task-2:0.128	|	0.46328	0.5	0.499993	0.48798	0.242273	0.278793	0.215272	0.172552	0.151105	0.12743	0.107848	0.0895776	0.0713517	0.0562839	0.0500953	0.0444286	0.0406774	0.0321554	0.0374714	0.04349	0.0403666	0.0569083	0.0667638	0.0662548	0.0645301	0.0488093	0.0300837	0.0285376	0.0318398	0.0523046	0.0507279	0.0383352	0.0268585	0.0201784	0.0194012	0.0224465	0.0235566	0.0322962	0.0271208	0.0237731	0.0212854	0.0224687	0.0221761	0.0233077	0.0239039	0.0271646	0.0347258	0.0325491	0.0341437	0.0355482	0.0378592	0.0386745	0.0394064	0.0408527	0.0416625	0.0455089	0.034787	0.0326822	0.032342	0.0378546	0.0437941	0.0508216	0.0585198	0.0693358	0.0586394	0.0566483	0.0551305	0.0543636	0.0555325	

95	0.497	32	0	task-3:0.03	task-0:0.03	task-1:0.08	task-2:0.03	|	0.349287	0.5	0.5	0.49927	0.324618	0.36098	0.340721	0.254816	0.238542	0.227206	0.191628	0.175222	0.164513	0.151089	0.138242	0.127108	0.116867	0.105184	0.0925865	0.0745473	0.0564912	0.0481053	0.037918	0.0293641	0.0358313	0.0236632	0.0236765	0.0258836	0.0198583	0.0194602	0.0184831	0.0169863	0.016169	0.0150302	0.0141847	0.0138763	0.013931	0.0141651	0.0147174	0.0144148	0.0142588	0.0136887	0.0133899	0.0130668	0.0125509	0.0122955	0.0122945	0.012581	0.0126921	0.0121268	0.0113868	0.0107941	0.0102985	0.00980614	0.00928084	0.00876956	0.00812756	0.00768429	0.00728088	0.0067975	0.00638096	0.00613492	0.00600333	0.0058814	0.00704346	0.0060682	0.00638067	0.00628219	0.00564066	0.00606594	0.00601691	0.00573111	0.00598934	0.00607621	0.00601239	0.00611312	0.00625836	0.00624499	0.00614674	0.00609292	0.00607223	0.00599458	0.00592558	0.0225094	0.00595365	0.0225749	0.0226003	0.00597886	0.00596279	0.00594465	0.00594461	0.00594733	0.00595536	0.00599792	0.0226229	

148	0.682	32	0	task-3:0.006	task-0:0.006	task-1:0.248	task-2:0.218	|	0.470011	0.5	0.499995	0.496246	0.28027	0.439528	0.404046	0.312335	0.240369	0.224538	0.204533	0.173092	0.145966	0.123544	0.109012	0.102006	0.0985193	0.082041	0.0746009	0.0676851	0.0574884	0.048703	0.0397999	0.0324463	0.0272982	0.0259381	0.025719	0.0249538	0.025031	0.0212357	0.021694	0.0243734	0.0242306	0.0256741	0.0266082	0.0277494	0.028122	0.0285967	0.028967	0.0290263	0.0287828	0.0285202	0.0280391	0.0270983	0.0254445	0.0236689	0.0221102	0.0227323	0.0268391	0.0263266	0.0235618	0.022526	0.021853	0.0211112	0.0202092	0.0195008	0.0185978	0.0184564	0.0180235	0.0175319	0.016964	0.016195	0.0154129	0.0153994	0.0150135	0.01458	0.0140841	0.013429	0.0126481	0.0117667	0.0120088	0.0130702	0.0111624	0.00868877	0.00780154	0.00716816	0.00716182	0.00700289	0.00753372	0.00715409	0.00677447	0.00671089	0.00673893	0.00679306	0.00671442	0.00656076	0.00638618	0.00630567	0.00621988	0.0061066	0.00593687	0.00573424	0.00564608	0.00554209	0.00542232	0.00528427	0.00512873	0.0049237	0.00484294	0.00477611	0.00469276	0.00459274	0.00448819	0.00350575	0.0186504	0.0192247	0.0691012	0.0694408	0.0532939	0.0207099	0.0207746	0.0204938	0.0368368	0.0369385	0.0372751	0.0214341	0.0219349	0.0217448	0.0218788	0.0298583	0.0238736	0.00879235	0.00878144	0.00672066	0.0223629	0.0553752	0.072073	0.0721475	0.0722072	0.0723504	0.0391497	0.0392734	0.0559838	0.0561019	0.0667362	0.0600305	0.0440155	0.0611348	0.0580543	0.055073	0.0527497	0.0182947	0.0225915	0.0182143	0.00193953	0.00193953	0.018037	0.0180043	

96	0.476	32	0	task-3:0.006	task-0:0.014	task-1:0.054	task-2:0.032	|	0.465622	0.5	0.499993	0.483889	0.271889	0.24415	0.18476	0.170462	0.149762	0.131468	0.126391	0.127537	0.129913	0.131857	0.13456	0.138497	0.142467	0.143014	0.134342	0.114734	0.0822799	0.0464556	0.0371494	0.0340739	0.0191464	0.0181986	0.00958834	0.00899991	0.00799425	0.0149196	0.0116487	0.0100678	0.00952475	0.00852868	0.0094596	0.0121115	0.00980754	0.00829172	0.00916704	0.00695122	0.00501145	0.00443212	0.00267526	0.00233046	0.00240671	0.00211921	0.00182767	0.00142364	0.00122173	0.00112074	0.000894314	0.000747651	0.000762749	0.000441672	0.000319253	0.00024982	0.00020582	0.000171938	0.000110131	6.69769e-005	3.67055e-005	2.13855e-005	1.41288e-005	7.16374e-006	2.80094e-006	8.49364e-007	4.7234e-007	1.63884e-007	5.95436e-008	1.39461e-008	0.000237978	2.93566e-009	1.57638e-009	7.30125e-010	2.99074e-010	1.32085e-010	4.50136e-011	1.2795e-011	2.87707e-012	4.61302e-013	2.59331e-012	8.31031e-014	1.02609e-013	8.7506e-014	0.0046939	9.03885e-007	5.07642e-014	4.61788e-014	3.42906e-014	6.58754e-011	2.44741e-014	2.25513e-014	1.70669e-014	1.53904e-014	1.266e-014	9.77151e-015	

277	1.378	32	0	task-3:0.002	task-0:0.002	task-1:0.016	task-2:0.02	|	0.426424	0.499997	0.499947	0.464879	0.263977	0.254165	0.224166	0.231514	0.2197	0.204883	0.200818	0.188726	0.178304	0.166278	0.147681	0.122171	0.0938572	0.0774142	0.0585966	0.0407936	0.0258706	0.0210324	0.0304845	0.0238871	0.0226771	0.021645	0.0182658	0.0172812	0.0158223	0.0143597	0.0130705	0.0121052	0.011457	0.0103691	0.0094578	0.00862319	0.00819888	0.00769224	0.0073897	0.00705056	0.00679049	0.00647791	0.00609625	0.00555503	0.00469178	0.00349719	0.00242685	0.00235083	0.00144933	0.00131466	0.0011468	0.000890582	0.00082652	0.000761083	0.000710702	0.000638231	0.000562069	0.00049599	0.000430049	0.000396255	0.000376938	0.000332983	0.000326969	0.000309987	0.000296417	0.000275923	0.000257165	0.000239472	0.000222884	0.000192425	0.000167679	0.000148449	0.000130996	0.000120946	0.000104394	9.47148e-005	8.66587e-005	7.79516e-005	7.96902e-005	6.87615e-005	7.58213e-005	7.33386e-005	6.36904e-005	6.18736e-005	5.91969e-005	5.87101e-005	5.77087e-005	5.4811e-005	5.23024e-005	4.95519e-005	4.65218e-005	4.33281e-005	4.00903e-005	3.70088e-005	3.38056e-005	3.00343e-005	2.84833e-005	2.59513e-005	2.33024e-005	2.08817e-005	2.00479e-005	2.02239e-005	1.85129e-005	1.68496e-005	1.55491e-005	1.4168e-005	1.38497e-005	1.42017e-005	1.48025e-005	1.12278e-005	1.01247e-005	9.77266e-006	9.45309e-006	9.44038e-006	9.96024e-006	9.29987e-006	8.5045e-006	8.06091e-006	7.8266e-006	7.72726e-006	7.25678e-006	6.87532e-006	6.45264e-006	5.99529e-006	5.51191e-006	5.01533e-006	4.5716e-006	4.17488e-006	3.77566e-006	3.36285e-006	2.96964e-006	2.65042e-006	2.48365e-006	1.98334e-006	1.72241e-006	1.70228e-006	1.224e-006	1.09468e-006	9.07337e-007	8.87874e-007	8.65033e-007	8.28896e-007	8.93725e-007	7.89012e-007	7.04715e-007	6.58394e-007	5.90806e-007	5.15764e-007	4.46091e-007	3.77477e-007	3.13302e-007	2.4505e-007	1.80789e-007	1.33528e-007	1.30129e-007	1.01401e-007	8.27551e-008	6.42915e-008	4.43971e-008	3.27991e-008	2.84867e-008	2.31062e-008	1.88812e-008	1.51161e-008	1.35669e-008	1.30021e-008	9.84024e-009	8.02372e-009	6.43152e-009	5.18184e-009	4.31851e-009	3.17263e-009	2.81187e-009	2.13627e-009	1.71598e-009	1.39408e-009	1.1363e-009	7.98926e-010	6.59863e-010	5.04102e-010	3.6989e-010	2.59691e-010	1.75089e-010	1.56588e-010	1.12505e-010	8.53755e-011	6.18903e-011	4.26276e-011	2.77646e-011	1.72467e-011	1.01785e-011	5.42867e-012	5.58932e-012	2.9831e-012	2.10765e-012	2.0258e-012	1.67453e-012	1.23754e-012	1.17899e-012	9.25715e-013	7.54256e-013	6.18918e-013	5.111e-013	4.18893e-013	3.77508e-013	3.00095e-013	2.48002e-013	2.29418e-013	2.0375e-013	1.82093e-013	1.31436e-013	1.03557e-013	8.98451e-014	7.35916e-014	6.1807e-014	5.16391e-014	4.34665e-014	3.05643e-014	2.46945e-014	1.96283e-014	1.51183e-014	1.08929e-014	7.43214e-015	4.71763e-015	1.66467e-015	3.60388e-015	1.58531e-015	1.80229e-015	1.80345e-015	0	0	0	0	0	0	0	0	0	0	0	0	0	0	0	0	0	0	0	0	0	0	0	0	0	0	0	0	0	0	0	0	0	0	0	0	0	0	0	0	0	0	0	0	0	0	0	0	

