105	0.078	1	0	task-3:0.06	task-0:0.134	task-1:0.204	task-2:0.132	|	0.0585418	0.0572306	0.0554092	0.0551528	0.0547938	0.0544642	0.0541182	0.0537802	0.0538804	0.053656	0.053616	0.0535475	0.0534785	0.0533661	0.0534019	0.0533119	0.0532962	0.0532665	0.0532305	0.0525891	0.0516128	0.0491419	0.0457065	0.0428999	0.0385723	0.0341659	0.0345249	0.0301743	0.0284406	0.0256564	0.0250785	0.0242104	0.0237834	0.0230165	0.0220396	0.0204394	0.0180098	0.01755	0.0154783	0.0148119	0.0137065	0.0122562	0.0114219	0.0112613	0.0105627	0.0103981	0.0100796	0.00951333	

165	0.141	1	0	task-3:0.05	task-0:0.158	task-1:0.224	task-2:0.126	|	0.0572638	0.0566787	0.0558197	0.0553392	0.0546935	0.0542274	0.0540908	0.0539189	0.053791	0.0535432	0.0532964	0.0536993	0.0532487	0.0532343	0.0532076	0.0531747	0.0531092	0.0529985	0.0528789	0.0556132	0.0528647	0.0528616	0.052856	0.0528456	0.0528413	0.0528438	0.0528333	0.0528324	0.0528308	0.0528288	0.0528281	0.0528281	0.0528277	0.0522991	0.0514961	0.0493786	0.0457842	0.0426642	0.0394732	0.0452434	0.0379215	0.0371889	0.0356458	0.0328363	0.030555	0.0314415	0.0289539	0.028704	0.0280853	0.0269626	0.0256989	0.0281546	0.0259529	0.0240583	0.0238803	0.0235459	0.0228796	0.0218845	0.0214319	0.0215555	0.0209135	0.0207716	0.0205725	0.0201425	0.0193446	0.0182251	0.0243187	0.0177522	0.017639	0.017404	0.0170034	0.0162538	0.0152717	0.0239659	0.0147751	0.0146883	0.0145201	0.0142544	0.0137725	0.0128629	0.0128043	0.0269785	0.0120767	0.0118348	0.011567	0.0114114	0.011303	0.0111383	0.0109382	0.0112452	0.0108206	0.0107386	0.0106867	0.0106233	0.0105702	0.0104789	0.0104126	0.010349	0.0105506	0.0101201	0.0100262	0.00986879	

125	0.062	1	0	task-3:0.07	task-0:0.146	task-1:0.214	task-2:0.13	|	0.0595762	0.0575498	0.0545564	0.0544057	0.0542962	0.0541803	0.0539505	0.053649	0.0537189	0.0541527	0.0533655	0.0533513	0.0533155	0.0532509	0.0531983	0.053104	0.0529874	0.0535388	0.0529655	0.0529595	0.0529527	0.0529388	0.0529156	0.0522904	0.0514036	0.049194	0.0457312	0.0427575	0.0388116	0.0357618	0.0511697	0.0330331	0.0318337	0.0298792	0.0279091	0.0272308	0.0269614	0.026556	0.0259337	0.0251635	0.0244792	0.0232317	0.0221796	0.0245353	0.0202585	0.0191504	0.0189147	0.0185596	0.0178293	0.0164894	0.0157783	0.022083	0.0151107	0.0148911	0.0147028	0.014385	0.0139337	0.0135494	0.0133117	0.0131607	0.0129706	0.0127675	0.0124277	0.012187	0.01236	0.0119371	0.0118387	0.0116778	0.0114155	0.0111246	0.010765	0.0103245	0.0101954	0.010493	0.00987536	

165	0.078	1	0	task-3:0.05	task-0:0.158	task-1:0.224	task-2:0.126	|	0.0572638	0.0566787	0.0558197	0.0553392	0.0546935	0.0542274	0.0540908	0.0539189	0.053791	0.0535432	0.0532964	0.0536993	0.0532487	0.0532343	0.0532076	0.0531747	0.0531092	0.0529985	0.0528789	0.0556132	0.0528647	0.0528616	0.052856	0.0528456	0.0528413	0.0528438	0.0528333	0.0528324	0.0528308	0.0528288	0.0528281	0.0528281	0.0528277	0.0522991	0.0514961	0.0493786	0.0457842	0.0426642	0.0394732	0.0452434	0.0379215	0.0371889	0.0356458	0.0328363	0.030555	0.0314415	0.0289539	0.028704	0.0280853	0.0269626	0.0256989	0.0281546	0.0259529	0.0240583	0.0238803	0.0235459	0.0228796	0.0218845	0.0214319	0.0215555	0.0209135	0.0207716	0.0205725	0.0201425	0.0193446	0.0182251	0.0243187	0.0177522	0.017639	0.017404	0.0170034	0.0162538	0.0152717	0.0239659	0.0147751	0.0146883	0.0145201	0.0142544	0.0137725	0.0128629	0.0128043	0.0269785	0.0120767	0.0118348	0.011567	0.0114114	0.011303	0.0111383	0.0109382	0.0112452	0.0108206	0.0107386	0.0106867	0.0106233	0.0105702	0.0104789	0.0104126	0.010349	0.0105506	0.0101201	0.0100262	0.00986879	

165	0.078	1	0	task-3:0.05	task-0:0.158	task-1:0.224	task-2:0.126	|	0.0572638	0.0566787	0.0558197	0.0553392	0.0546935	0.0542274	0.0540908	0.0539189	0.053791	0.0535432	0.0532964	0.0536993	0.0532487	0.0532343	0.0532076	0.0531747	0.0531092	0.0529985	0.0528789	0.0556132	0.0528647	0.0528616	0.052856	0.0528456	0.0528413	0.0528438	0.0528333	0.0528324	0.0528308	0.0528288	0.0528281	0.0528281	0.0528277	0.0522991	0.0514961	0.0493786	0.0457842	0.0426642	0.0394732	0.0452434	0.0379215	0.0371889	0.0356458	0.0328363	0.030555	0.0314415	0.0289539	0.028704	0.0280853	0.0269626	0.0256989	0.0281546	0.0259529	0.0240583	0.0238803	0.0235459	0.0228796	0.0218845	0.0214319	0.0215555	0.0209135	0.0207716	0.0205725	0.0201425	0.0193446	0.0182251	0.0243187	0.0177522	0.017639	0.017404	0.0170034	0.0162538	0.0152717	0.0239659	0.0147751	0.0146883	0.0145201	0.0142544	0.0137725	0.0128629	0.0128043	0.0269785	0.0120767	0.0118348	0.011567	0.0114114	0.011303	0.0111383	0.0109382	0.0112452	0.0108206	0.0107386	0.0106867	0.0106233	0.0105702	0.0104789	0.0104126	0.010349	0.0105506	0.0101201	0.0100262	0.00986879	

165	0.078	1	0	task-3:0.05	task-0:0.158	task-1:0.224	task-2:0.126	|	0.0572638	0.0566787	0.0558197	0.0553392	0.0546935	0.0542274	0.0540908	0.0539189	0.053791	0.0535432	0.0532964	0.0536993	0.0532487	0.0532343	0.0532076	0.0531747	0.0531092	0.0529985	0.0528789	0.0556132	0.0528647	0.0528616	0.052856	0.0528456	0.0528413	0.0528438	0.0528333	0.0528324	0.0528308	0.0528288	0.0528281	0.0528281	0.0528277	0.0522991	0.0514961	0.0493786	0.0457842	0.0426642	0.0394732	0.0452434	0.0379215	0.0371889	0.0356458	0.0328363	0.030555	0.0314415	0.0289539	0.028704	0.0280853	0.0269626	0.0256989	0.0281546	0.0259529	0.0240583	0.0238803	0.0235459	0.0228796	0.0218845	0.0214319	0.0215555	0.0209135	0.0207716	0.0205725	0.0201425	0.0193446	0.0182251	0.0243187	0.0177522	0.017639	0.017404	0.0170034	0.0162538	0.0152717	0.0239659	0.0147751	0.0146883	0.0145201	0.0142544	0.0137725	0.0128629	0.0128043	0.0269785	0.0120767	0.0118348	0.011567	0.0114114	0.011303	0.0111383	0.0109382	0.0112452	0.0108206	0.0107386	0.0106867	0.0106233	0.0105702	0.0104789	0.0104126	0.010349	0.0105506	0.0101201	0.0100262	0.00986879	

111	0.047	1	0	task-3:0.034	task-0:0.172	task-1:0.216	task-2:0.132	|	0.0615747	0.0591906	0.0560972	0.0558642	0.055436	0.0547098	0.0538653	0.0541818	0.0536555	0.0535719	0.0535176	0.0534246	0.0532898	0.0534078	0.0532418	0.0532149	0.0532063	0.0531864	0.053144	0.053069	0.0531198	0.0530326	0.0524643	0.0515538	0.049232	0.046081	0.0440125	0.0409152	0.0388546	0.041187	0.037062	0.0364054	0.0349704	0.0321661	0.0288076	0.0282472	0.0294004	0.0260133	0.0254775	0.0250896	0.0243404	0.0232595	0.023523	0.0242001	0.0211567	0.0208274	0.0204157	0.0196339	0.0186134	0.018282	0.0180507	0.0174412	0.0172612	0.0170539	0.0166165	0.0158085	0.0149411	0.0178912	0.0141021	0.0139773	0.0137175	0.013275	0.0126565	0.011907	0.0143528	0.0140051	0.0107583	0.0107076	0.0106037	0.0104528	0.0103192	0.0101341	0.00996277	

181	0.093	1	0	task-3:0.044	task-0:0.164	task-1:0.224	task-2:0.118	|	0.0582297	0.0580528	0.0575452	0.0564905	0.0548331	0.053811	0.0554464	0.053789	0.0537789	0.0537391	0.0536718	0.0536024	0.0534708	0.053323	0.053501	0.0532627	0.0532448	0.0532145	0.0531791	0.0531263	0.0530968	0.0530734	0.0530533	0.0525134	0.0516585	0.0493442	0.0452103	0.0413796	0.0392742	0.0413021	0.0365979	0.0357649	0.0341161	0.0316311	0.0289921	0.0284317	0.0306285	0.0275799	0.0272373	0.027026	0.0266659	0.0259795	0.0247807	0.0235883	0.0333143	0.022113	0.0217822	0.021263	0.0206372	0.020388	0.0201704	0.0200636	0.0198622	0.0196105	0.0191222	0.0185251	0.0184447	0.0181916	0.0180957	0.0178883	0.0174875	0.0174471	0.0170147	0.0168584	0.0167523	0.0166439	0.0164314	0.0161345	0.0162607	0.016066	0.0156232	0.0155458	0.015429	0.0153261	0.015266	0.0152291	0.0151317	0.0149632	0.0148515	0.0147487	0.0146552	0.0145405	0.0143684	0.0144915	0.0141363	0.0139782	0.0139618	0.0139145	0.0138146	0.0136339	0.0133112	0.0130742	0.0139049	0.012791	0.0127451	0.0126601	0.0125115	0.0122766	0.0118555	0.0119323	0.0149087	0.0115966	0.0115552	0.0114591	0.0112802	0.0110567	0.0110515	0.0109485	0.0109183	0.010861	0.0107437	0.010527	0.0106645	0.0103918	0.0103075	0.0102938	0.010254	0.0101673	0.00999033	

85	0.078	1	0	task-3:0.05	task-0:0.182	task-1:0.236	task-2:0.094	|	0.0554329	0.0553087	0.0550193	0.0545645	0.0538747	0.0534745	0.053453	0.0532735	0.053257	0.0532251	0.0531816	0.0531422	0.0533105	0.0530835	0.0530723	0.0530502	0.0530103	0.0523705	0.0515092	0.0489484	0.0454251	0.0416299	0.0366106	0.033856	0.0326696	0.0298958	0.0284454	0.0256963	0.0218765	0.0198769	0.0258447	0.0173368	0.0159489	0.0155403	0.0151944	0.0147352	0.0139992	0.0133929	0.0123509	0.010691	0.00947491	

111	0.063	1	0	task-3:0.046	task-0:0.162	task-1:0.232	task-2:0.112	|	0.057179	0.0570643	0.0568119	0.0564938	0.0558661	0.0550238	0.0546762	0.0544538	0.0543421	0.0542722	0.05422	0.0541387	0.0540885	0.0539998	0.0538853	0.0537839	0.0537726	0.0537312	0.0536791	0.0530637	0.0520557	0.0493169	0.0439141	0.035887	0.0324374	0.0362322	0.0298977	0.0290612	0.0271153	0.0261836	0.024288	0.0210449	0.0172847	0.0234736	0.0169168	0.0164233	0.0160685	0.0153364	0.0139921	0.0121286	0.0140853	0.0203312	0.0125482	0.0181464	0.0107132	0.01014	0.00960618	

181	0.109	1	0	task-3:0.044	task-0:0.164	task-1:0.224	task-2:0.118	|	0.0582297	0.0580528	0.0575452	0.0564905	0.0548331	0.053811	0.0554464	0.053789	0.0537789	0.0537391	0.0536718	0.0536024	0.0534708	0.053323	0.053501	0.0532627	0.0532448	0.0532145	0.0531791	0.0531263	0.0530968	0.0530734	0.0530533	0.0525134	0.0516585	0.0493442	0.0452103	0.0413796	0.0392742	0.0413021	0.0365979	0.0357649	0.0341161	0.0316311	0.0289921	0.0284317	0.0306285	0.0275799	0.0272373	0.027026	0.0266659	0.0259795	0.0247807	0.0235883	0.0333143	0.022113	0.0217822	0.021263	0.0206372	0.020388	0.0201704	0.0200636	0.0198622	0.0196105	0.0191222	0.0185251	0.0184447	0.0181916	0.0180957	0.0178883	0.0174875	0.0174471	0.0170147	0.0168584	0.0167523	0.0166439	0.0164314	0.0161345	0.0162607	0.016066	0.0156232	0.0155458	0.015429	0.0153261	0.015266	0.0152291	0.0151317	0.0149632	0.0148515	0.0147487	0.0146552	0.0145405	0.0143684	0.0144915	0.0141363	0.0139782	0.0139618	0.0139145	0.0138146	0.0136339	0.0133112	0.0130742	0.0139049	0.012791	0.0127451	0.0126601	0.0125115	0.0122766	0.0118555	0.0119323	0.0149087	0.0115966	0.0115552	0.0114591	0.0112802	0.0110567	0.0110515	0.0109485	0.0109183	0.010861	0.0107437	0.010527	0.0106645	0.0103918	0.0103075	0.0102938	0.010254	0.0101673	0.00999033	

85	0.047	1	0	task-3:0.05	task-0:0.182	task-1:0.236	task-2:0.094	|	0.0554329	0.0553087	0.0550193	0.0545645	0.0538747	0.0534745	0.053453	0.0532735	0.053257	0.0532251	0.0531816	0.0531422	0.0533105	0.0530835	0.0530723	0.0530502	0.0530103	0.0523705	0.0515092	0.0489484	0.0454251	0.0416299	0.0366106	0.033856	0.0326696	0.0298958	0.0284454	0.0256963	0.0218765	0.0198769	0.0258447	0.0173368	0.0159489	0.0155403	0.0151944	0.0147352	0.0139992	0.0133929	0.0123509	0.010691	0.00947491	

103	0.063	1	0	task-3:0.056	task-0:0.15	task-1:0.236	task-2:0.11	|	0.0541892	0.0540032	0.0537867	0.0537188	0.0535836	0.0533609	0.053238	0.0542399	0.0531447	0.0531395	0.0531264	0.0530975	0.0530537	0.053016	0.0529871	0.0529749	0.0529709	0.0529616	0.0529445	0.0529259	0.0529119	0.0529148	0.0529001	0.0528966	0.0522974	0.0513571	0.0488517	0.0444882	0.0398525	0.0357856	0.0343771	0.0319073	0.0297147	0.0265744	0.0216445	0.0199211	0.0293829	0.0169871	0.0151608	0.0142953	0.0139509	0.0132607	0.0119959	0.0107393	0.0110183	0.0100812	0.0096676	

111	0.062	1	0	task-3:0.046	task-0:0.162	task-1:0.232	task-2:0.112	|	0.057179	0.0570643	0.0568119	0.0564938	0.0558661	0.0550238	0.0546762	0.0544538	0.0543421	0.0542722	0.05422	0.0541387	0.0540885	0.0539998	0.0538853	0.0537839	0.0537726	0.0537312	0.0536791	0.0530637	0.0520557	0.0493169	0.0439141	0.035887	0.0324374	0.0362322	0.0298977	0.0290612	0.0271153	0.0261836	0.024288	0.0210449	0.0172847	0.0234736	0.0169168	0.0164233	0.0160685	0.0153364	0.0139921	0.0121286	0.0140853	0.0203312	0.0125482	0.0181464	0.0107132	0.01014	0.00960618	

111	0.047	1	0	task-3:0.046	task-0:0.162	task-1:0.232	task-2:0.112	|	0.057179	0.0570643	0.0568119	0.0564938	0.0558661	0.0550238	0.0546762	0.0544538	0.0543421	0.0542722	0.05422	0.0541387	0.0540885	0.0539998	0.0538853	0.0537839	0.0537726	0.0537312	0.0536791	0.0530637	0.0520557	0.0493169	0.0439141	0.035887	0.0324374	0.0362322	0.0298977	0.0290612	0.0271153	0.0261836	0.024288	0.0210449	0.0172847	0.0234736	0.0169168	0.0164233	0.0160685	0.0153364	0.0139921	0.0121286	0.0140853	0.0203312	0.0125482	0.0181464	0.0107132	0.01014	0.00960618	

111	0.062	1	0	task-3:0.046	task-0:0.162	task-1:0.232	task-2:0.112	|	0.057179	0.0570643	0.0568119	0.0564938	0.0558661	0.0550238	0.0546762	0.0544538	0.0543421	0.0542722	0.05422	0.0541387	0.0540885	0.0539998	0.0538853	0.0537839	0.0537726	0.0537312	0.0536791	0.0530637	0.0520557	0.0493169	0.0439141	0.035887	0.0324374	0.0362322	0.0298977	0.0290612	0.0271153	0.0261836	0.024288	0.0210449	0.0172847	0.0234736	0.0169168	0.0164233	0.0160685	0.0153364	0.0139921	0.0121286	0.0140853	0.0203312	0.0125482	0.0181464	0.0107132	0.01014	0.00960618	

111	0.047	1	0	task-3:0.046	task-0:0.162	task-1:0.232	task-2:0.112	|	0.057179	0.0570643	0.0568119	0.0564938	0.0558661	0.0550238	0.0546762	0.0544538	0.0543421	0.0542722	0.05422	0.0541387	0.0540885	0.0539998	0.0538853	0.0537839	0.0537726	0.0537312	0.0536791	0.0530637	0.0520557	0.0493169	0.0439141	0.035887	0.0324374	0.0362322	0.0298977	0.0290612	0.0271153	0.0261836	0.024288	0.0210449	0.0172847	0.0234736	0.0169168	0.0164233	0.0160685	0.0153364	0.0139921	0.0121286	0.0140853	0.0203312	0.0125482	0.0181464	0.0107132	0.01014	0.00960618	

165	0.078	2	0	task-3:0.048	task-0:0.156	task-1:0.25	task-2:0.116	|	0.0560368	0.0549764	0.0539719	0.0539061	0.0538435	0.0538054	0.0537561	0.0537232	0.053646	0.0535002	0.0533368	0.0535658	0.0532785	0.0532611	0.0532316	0.0531979	0.0531342	0.0530629	0.0531883	0.0530306	0.0530188	0.0530047	0.0529881	0.052987	0.0529786	0.0529731	0.0529653	0.0529574	0.0526072	0.0517965	0.0495783	0.0454872	0.0410352	0.0440329	0.0411563	0.0383967	0.0381891	0.0372596	0.0355634	0.0323102	0.028334	0.026483	0.0242196	0.0314566	0.0235075	0.0233099	0.0229826	0.0224878	0.0216085	0.0218655	0.020945	0.0207161	0.020334	0.0196318	0.0185372	0.0223942	0.0178311	0.0176328	0.0173016	0.0167762	0.0167723	0.0172386	0.0159565	0.0158296	0.0155829	0.0153193	0.0153593	0.0150592	0.0148233	0.0147013	0.0144924	0.0141572	0.013948	0.0138426	0.0137442	0.0136304	0.0135172	0.0132842	0.0129969	0.0129418	0.0128215	0.0127179	0.0126169	0.0124021	0.012045	0.0119744	0.0148016	0.0109977	0.0108762	0.0108589	0.0108042	0.0107016	0.0105269	0.010182	0.00960957	

165	0.079	2	0	task-3:0.048	task-0:0.156	task-1:0.25	task-2:0.116	|	0.0560368	0.0549764	0.0539719	0.0539061	0.0538435	0.0538054	0.0537561	0.0537232	0.053646	0.0535002	0.0533368	0.0535658	0.0532785	0.0532611	0.0532316	0.0531979	0.0531342	0.0530629	0.0531883	0.0530306	0.0530188	0.0530047	0.0529881	0.052987	0.0529786	0.0529731	0.0529653	0.0529574	0.0526072	0.0517965	0.0495783	0.0454872	0.0410352	0.0440329	0.0411563	0.0383967	0.0381891	0.0372596	0.0355634	0.0323102	0.028334	0.026483	0.0242196	0.0314566	0.0235075	0.0233099	0.0229826	0.0224878	0.0216085	0.0218655	0.020945	0.0207161	0.020334	0.0196318	0.0185372	0.0223942	0.0178311	0.0176328	0.0173016	0.0167762	0.0167723	0.0172386	0.0159565	0.0158296	0.0155829	0.0153193	0.0153593	0.0150592	0.0148233	0.0147013	0.0144924	0.0141572	0.013948	0.0138426	0.0137442	0.0136304	0.0135172	0.0132842	0.0129969	0.0129418	0.0128215	0.0127179	0.0126169	0.0124021	0.012045	0.0119744	0.0148016	0.0109977	0.0108762	0.0108589	0.0108042	0.0107016	0.0105269	0.010182	0.00960957	

165	0.093	2	0	task-3:0.048	task-0:0.156	task-1:0.25	task-2:0.116	|	0.0560368	0.0549764	0.0539719	0.0539061	0.0538435	0.0538054	0.0537561	0.0537232	0.053646	0.0535002	0.0533368	0.0535658	0.0532785	0.0532611	0.0532316	0.0531979	0.0531342	0.0530629	0.0531883	0.0530306	0.0530188	0.0530047	0.0529881	0.052987	0.0529786	0.0529731	0.0529653	0.0529574	0.0526072	0.0517965	0.0495783	0.0454872	0.0410352	0.0440329	0.0411563	0.0383967	0.0381891	0.0372596	0.0355634	0.0323102	0.028334	0.026483	0.0242196	0.0314566	0.0235075	0.0233099	0.0229826	0.0224878	0.0216085	0.0218655	0.020945	0.0207161	0.020334	0.0196318	0.0185372	0.0223942	0.0178311	0.0176328	0.0173016	0.0167762	0.0167723	0.0172386	0.0159565	0.0158296	0.0155829	0.0153193	0.0153593	0.0150592	0.0148233	0.0147013	0.0144924	0.0141572	0.013948	0.0138426	0.0137442	0.0136304	0.0135172	0.0132842	0.0129969	0.0129418	0.0128215	0.0127179	0.0126169	0.0124021	0.012045	0.0119744	0.0148016	0.0109977	0.0108762	0.0108589	0.0108042	0.0107016	0.0105269	0.010182	0.00960957	

94	0.063	1	0	task-3:0.072	task-0:0.104	task-1:0.108	task-2:0.166	|	0.057179	0.0570643	0.0568119	0.0564938	0.0558661	0.0550238	0.0546762	0.0544538	0.0543421	0.0542722	0.05422	0.0541387	0.0540885	0.0539998	0.0538853	0.0537839	0.0537726	0.0537312	0.0536791	0.0531711	0.0523197	0.0500364	0.0456484	0.0399959	0.0364573	0.0331676	0.0311217	0.0274629	0.0229777	0.0169859	0.0135714	0.0399202	0.0121977	0.0120443	0.0118584	0.0117336	0.011538	0.0112234	0.0108034	0.0104238	0.00969382	

79	0.031	1	0	task-3:0.048	task-0:0.144	task-1:0.21	task-2:0.14	|	0.05311	0.0530956	0.0530682	0.0530399	0.0529883	0.052924	0.0530023	0.0529699	0.0529062	0.0529023	0.0528948	0.0528857	0.0528762	0.0522804	0.0513287	0.0489205	0.04563	0.0432135	0.0394516	0.0353445	0.0312942	0.0304941	0.0283059	0.0240505	0.0211666	0.0185086	0.0170439	0.0157141	0.0158202	0.0144834	0.0140367	0.0136314	0.0130197	0.0119454	0.0111679	0.0108475	0.0100824	0.00977623	

79	0.031	1	0	task-3:0.048	task-0:0.144	task-1:0.21	task-2:0.14	|	0.05311	0.0530956	0.0530682	0.0530399	0.0529883	0.052924	0.0530023	0.0529699	0.0529062	0.0529023	0.0528948	0.0528857	0.0528762	0.0522804	0.0513287	0.0489205	0.04563	0.0432135	0.0394516	0.0353445	0.0312942	0.0304941	0.0283059	0.0240505	0.0211666	0.0185086	0.0170439	0.0157141	0.0158202	0.0144834	0.0140367	0.0136314	0.0130197	0.0119454	0.0111679	0.0108475	0.0100824	0.00977623	

79	0.047	1	0	task-3:0.048	task-0:0.144	task-1:0.21	task-2:0.14	|	0.05311	0.0530956	0.0530682	0.0530399	0.0529883	0.052924	0.0530023	0.0529699	0.0529062	0.0529023	0.0528948	0.0528857	0.0528762	0.0522804	0.0513287	0.0489205	0.04563	0.0432135	0.0394516	0.0353445	0.0312942	0.0304941	0.0283059	0.0240505	0.0211666	0.0185086	0.0170439	0.0157141	0.0158202	0.0144834	0.0140367	0.0136314	0.0130197	0.0119454	0.0111679	0.0108475	0.0100824	0.00977623	

79	0.047	1	0	task-3:0.048	task-0:0.144	task-1:0.21	task-2:0.14	|	0.05311	0.0530956	0.0530682	0.0530399	0.0529883	0.052924	0.0530023	0.0529699	0.0529062	0.0529023	0.0528948	0.0528857	0.0528762	0.0522804	0.0513287	0.0489205	0.04563	0.0432135	0.0394516	0.0353445	0.0312942	0.0304941	0.0283059	0.0240505	0.0211666	0.0185086	0.0170439	0.0157141	0.0158202	0.0144834	0.0140367	0.0136314	0.0130197	0.0119454	0.0111679	0.0108475	0.0100824	0.00977623	

79	0.047	1	0	task-3:0.048	task-0:0.144	task-1:0.21	task-2:0.14	|	0.05311	0.0530956	0.0530682	0.0530399	0.0529883	0.052924	0.0530023	0.0529699	0.0529062	0.0529023	0.0528948	0.0528857	0.0528762	0.0522804	0.0513287	0.0489205	0.04563	0.0432135	0.0394516	0.0353445	0.0312942	0.0304941	0.0283059	0.0240505	0.0211666	0.0185086	0.0170439	0.0157141	0.0158202	0.0144834	0.0140367	0.0136314	0.0130197	0.0119454	0.0111679	0.0108475	0.0100824	0.00977623	

79	0.031	1	0	task-3:0.048	task-0:0.144	task-1:0.21	task-2:0.14	|	0.05311	0.0530956	0.0530682	0.0530399	0.0529883	0.052924	0.0530023	0.0529699	0.0529062	0.0529023	0.0528948	0.0528857	0.0528762	0.0522804	0.0513287	0.0489205	0.04563	0.0432135	0.0394516	0.0353445	0.0312942	0.0304941	0.0283059	0.0240505	0.0211666	0.0185086	0.0170439	0.0157141	0.0158202	0.0144834	0.0140367	0.0136314	0.0130197	0.0119454	0.0111679	0.0108475	0.0100824	0.00977623	

79	0.032	1	0	task-3:0.048	task-0:0.144	task-1:0.21	task-2:0.14	|	0.05311	0.0530956	0.0530682	0.0530399	0.0529883	0.052924	0.0530023	0.0529699	0.0529062	0.0529023	0.0528948	0.0528857	0.0528762	0.0522804	0.0513287	0.0489205	0.04563	0.0432135	0.0394516	0.0353445	0.0312942	0.0304941	0.0283059	0.0240505	0.0211666	0.0185086	0.0170439	0.0157141	0.0158202	0.0144834	0.0140367	0.0136314	0.0130197	0.0119454	0.0111679	0.0108475	0.0100824	0.00977623	

79	0.047	1	0	task-3:0.048	task-0:0.144	task-1:0.21	task-2:0.14	|	0.05311	0.0530956	0.0530682	0.0530399	0.0529883	0.052924	0.0530023	0.0529699	0.0529062	0.0529023	0.0528948	0.0528857	0.0528762	0.0522804	0.0513287	0.0489205	0.04563	0.0432135	0.0394516	0.0353445	0.0312942	0.0304941	0.0283059	0.0240505	0.0211666	0.0185086	0.0170439	0.0157141	0.0158202	0.0144834	0.0140367	0.0136314	0.0130197	0.0119454	0.0111679	0.0108475	0.0100824	0.00977623	

79	0.046	1	0	task-3:0.048	task-0:0.144	task-1:0.21	task-2:0.14	|	0.05311	0.0530956	0.0530682	0.0530399	0.0529883	0.052924	0.0530023	0.0529699	0.0529062	0.0529023	0.0528948	0.0528857	0.0528762	0.0522804	0.0513287	0.0489205	0.04563	0.0432135	0.0394516	0.0353445	0.0312942	0.0304941	0.0283059	0.0240505	0.0211666	0.0185086	0.0170439	0.0157141	0.0158202	0.0144834	0.0140367	0.0136314	0.0130197	0.0119454	0.0111679	0.0108475	0.0100824	0.00977623	

79	0.047	1	0	task-3:0.048	task-0:0.144	task-1:0.21	task-2:0.14	|	0.05311	0.0530956	0.0530682	0.0530399	0.0529883	0.052924	0.0530023	0.0529699	0.0529062	0.0529023	0.0528948	0.0528857	0.0528762	0.0522804	0.0513287	0.0489205	0.04563	0.0432135	0.0394516	0.0353445	0.0312942	0.0304941	0.0283059	0.0240505	0.0211666	0.0185086	0.0170439	0.0157141	0.0158202	0.0144834	0.0140367	0.0136314	0.0130197	0.0119454	0.0111679	0.0108475	0.0100824	0.00977623	

79	0.032	1	0	task-3:0.048	task-0:0.144	task-1:0.21	task-2:0.14	|	0.05311	0.0530956	0.0530682	0.0530399	0.0529883	0.052924	0.0530023	0.0529699	0.0529062	0.0529023	0.0528948	0.0528857	0.0528762	0.0522804	0.0513287	0.0489205	0.04563	0.0432135	0.0394516	0.0353445	0.0312942	0.0304941	0.0283059	0.0240505	0.0211666	0.0185086	0.0170439	0.0157141	0.0158202	0.0144834	0.0140367	0.0136314	0.0130197	0.0119454	0.0111679	0.0108475	0.0100824	0.00977623	

79	0.046	1	0	task-3:0.048	task-0:0.144	task-1:0.21	task-2:0.14	|	0.05311	0.0530956	0.0530682	0.0530399	0.0529883	0.052924	0.0530023	0.0529699	0.0529062	0.0529023	0.0528948	0.0528857	0.0528762	0.0522804	0.0513287	0.0489205	0.04563	0.0432135	0.0394516	0.0353445	0.0312942	0.0304941	0.0283059	0.0240505	0.0211666	0.0185086	0.0170439	0.0157141	0.0158202	0.0144834	0.0140367	0.0136314	0.0130197	0.0119454	0.0111679	0.0108475	0.0100824	0.00977623	

79	0.047	1	0	task-3:0.048	task-0:0.144	task-1:0.21	task-2:0.14	|	0.05311	0.0530956	0.0530682	0.0530399	0.0529883	0.052924	0.0530023	0.0529699	0.0529062	0.0529023	0.0528948	0.0528857	0.0528762	0.0522804	0.0513287	0.0489205	0.04563	0.0432135	0.0394516	0.0353445	0.0312942	0.0304941	0.0283059	0.0240505	0.0211666	0.0185086	0.0170439	0.0157141	0.0158202	0.0144834	0.0140367	0.0136314	0.0130197	0.0119454	0.0111679	0.0108475	0.0100824	0.00977623	

117	0.063	1	0	task-3:0.056	task-0:0.146	task-1:0.234	task-2:0.128	|	0.0566848	0.0565356	0.0561855	0.055587	0.0548944	0.0543576	0.0541212	0.0540354	0.0538976	0.0537337	0.0536021	0.0535294	0.0534662	0.0533963	0.0533353	0.0532378	0.0531159	0.053304	0.0533397	0.052969	0.0529608	0.0529432	0.052324	0.0513496	0.0489062	0.0456012	0.0430265	0.0388829	0.0345255	0.0319893	0.0311947	0.0285504	0.0252869	0.0224518	0.0211082	0.019433	0.0223963	0.0184457	0.0181326	0.0176306	0.016903	0.0162165	0.0159252	0.015153	0.0146296	0.0136673	0.0126895	0.011983	0.011931	0.0112514	0.0108957	0.0107448	0.010427	0.00981802	

79	0.047	1	0	task-3:0.048	task-0:0.144	task-1:0.21	task-2:0.14	|	0.05311	0.0530956	0.0530682	0.0530399	0.0529883	0.052924	0.0530023	0.0529699	0.0529062	0.0529023	0.0528948	0.0528857	0.0528762	0.0522804	0.0513287	0.0489205	0.04563	0.0432135	0.0394516	0.0353445	0.0312942	0.0304941	0.0283059	0.0240505	0.0211666	0.0185086	0.0170439	0.0157141	0.0158202	0.0144834	0.0140367	0.0136314	0.0130197	0.0119454	0.0111679	0.0108475	0.0100824	0.00977623	

79	0.047	1	0	task-3:0.048	task-0:0.144	task-1:0.21	task-2:0.14	|	0.05311	0.0530956	0.0530682	0.0530399	0.0529883	0.052924	0.0530023	0.0529699	0.0529062	0.0529023	0.0528948	0.0528857	0.0528762	0.0522804	0.0513287	0.0489205	0.04563	0.0432135	0.0394516	0.0353445	0.0312942	0.0304941	0.0283059	0.0240505	0.0211666	0.0185086	0.0170439	0.0157141	0.0158202	0.0144834	0.0140367	0.0136314	0.0130197	0.0119454	0.0111679	0.0108475	0.0100824	0.00977623	

79	0.046	1	0	task-3:0.048	task-0:0.144	task-1:0.21	task-2:0.14	|	0.05311	0.0530956	0.0530682	0.0530399	0.0529883	0.052924	0.0530023	0.0529699	0.0529062	0.0529023	0.0528948	0.0528857	0.0528762	0.0522804	0.0513287	0.0489205	0.04563	0.0432135	0.0394516	0.0353445	0.0312942	0.0304941	0.0283059	0.0240505	0.0211666	0.0185086	0.0170439	0.0157141	0.0158202	0.0144834	0.0140367	0.0136314	0.0130197	0.0119454	0.0111679	0.0108475	0.0100824	0.00977623	

79	0.032	1	0	task-3:0.048	task-0:0.144	task-1:0.21	task-2:0.14	|	0.05311	0.0530956	0.0530682	0.0530399	0.0529883	0.052924	0.0530023	0.0529699	0.0529062	0.0529023	0.0528948	0.0528857	0.0528762	0.0522804	0.0513287	0.0489205	0.04563	0.0432135	0.0394516	0.0353445	0.0312942	0.0304941	0.0283059	0.0240505	0.0211666	0.0185086	0.0170439	0.0157141	0.0158202	0.0144834	0.0140367	0.0136314	0.0130197	0.0119454	0.0111679	0.0108475	0.0100824	0.00977623	

79	0.032	1	0	task-3:0.048	task-0:0.144	task-1:0.21	task-2:0.14	|	0.05311	0.0530956	0.0530682	0.0530399	0.0529883	0.052924	0.0530023	0.0529699	0.0529062	0.0529023	0.0528948	0.0528857	0.0528762	0.0522804	0.0513287	0.0489205	0.04563	0.0432135	0.0394516	0.0353445	0.0312942	0.0304941	0.0283059	0.0240505	0.0211666	0.0185086	0.0170439	0.0157141	0.0158202	0.0144834	0.0140367	0.0136314	0.0130197	0.0119454	0.0111679	0.0108475	0.0100824	0.00977623	

79	0.046	1	0	task-3:0.048	task-0:0.144	task-1:0.21	task-2:0.14	|	0.05311	0.0530956	0.0530682	0.0530399	0.0529883	0.052924	0.0530023	0.0529699	0.0529062	0.0529023	0.0528948	0.0528857	0.0528762	0.0522804	0.0513287	0.0489205	0.04563	0.0432135	0.0394516	0.0353445	0.0312942	0.0304941	0.0283059	0.0240505	0.0211666	0.0185086	0.0170439	0.0157141	0.0158202	0.0144834	0.0140367	0.0136314	0.0130197	0.0119454	0.0111679	0.0108475	0.0100824	0.00977623	

79	0.047	1	0	task-3:0.048	task-0:0.144	task-1:0.21	task-2:0.14	|	0.05311	0.0530956	0.0530682	0.0530399	0.0529883	0.052924	0.0530023	0.0529699	0.0529062	0.0529023	0.0528948	0.0528857	0.0528762	0.0522804	0.0513287	0.0489205	0.04563	0.0432135	0.0394516	0.0353445	0.0312942	0.0304941	0.0283059	0.0240505	0.0211666	0.0185086	0.0170439	0.0157141	0.0158202	0.0144834	0.0140367	0.0136314	0.0130197	0.0119454	0.0111679	0.0108475	0.0100824	0.00977623	

79	0.047	1	0	task-3:0.048	task-0:0.144	task-1:0.21	task-2:0.14	|	0.05311	0.0530956	0.0530682	0.0530399	0.0529883	0.052924	0.0530023	0.0529699	0.0529062	0.0529023	0.0528948	0.0528857	0.0528762	0.0522804	0.0513287	0.0489205	0.04563	0.0432135	0.0394516	0.0353445	0.0312942	0.0304941	0.0283059	0.0240505	0.0211666	0.0185086	0.0170439	0.0157141	0.0158202	0.0144834	0.0140367	0.0136314	0.0130197	0.0119454	0.0111679	0.0108475	0.0100824	0.00977623	

106	0.047	1	0	task-3:0.084	task-0:0.148	task-1:0.2	task-2:0.186	|	0.0633033	0.0608706	0.0566532	0.0557484	0.0550768	0.0539051	0.0529174	0.0537249	0.0529069	0.0529043	0.0529002	0.0528971	0.0528899	0.052876	0.0528553	0.0528765	0.0529194	0.0528339	0.05222	0.0512593	0.0487959	0.0448085	0.0413543	0.0372294	0.0379627	0.0358443	0.0336118	0.0328712	0.0319279	0.0298741	0.0265311	0.0257829	0.0239803	0.0233774	0.0221422	0.0200193	0.017337	0.017636	0.0288026	0.0158012	0.0167758	0.0142141	0.0139681	0.0134483	0.0125849	0.0114239	0.0122269	0.0117727	0.0102723	0.0101329	0.0099534	

106	0.047	1	0	task-3:0.084	task-0:0.148	task-1:0.2	task-2:0.186	|	0.0633033	0.0608706	0.0566532	0.0557484	0.0550768	0.0539051	0.0529174	0.0537249	0.0529069	0.0529043	0.0529002	0.0528971	0.0528899	0.052876	0.0528553	0.0528765	0.0529194	0.0528339	0.05222	0.0512593	0.0487959	0.0448085	0.0413543	0.0372294	0.0379627	0.0358443	0.0336118	0.0328712	0.0319279	0.0298741	0.0265311	0.0257829	0.0239803	0.0233774	0.0221422	0.0200193	0.017337	0.017636	0.0288026	0.0158012	0.0167758	0.0142141	0.0139681	0.0134483	0.0125849	0.0114239	0.0122269	0.0117727	0.0102723	0.0101329	0.0099534	

106	0.062	1	0	task-3:0.084	task-0:0.148	task-1:0.2	task-2:0.186	|	0.0633033	0.0608706	0.0566532	0.0557484	0.0550768	0.0539051	0.0529174	0.0537249	0.0529069	0.0529043	0.0529002	0.0528971	0.0528899	0.052876	0.0528553	0.0528765	0.0529194	0.0528339	0.05222	0.0512593	0.0487959	0.0448085	0.0413543	0.0372294	0.0379627	0.0358443	0.0336118	0.0328712	0.0319279	0.0298741	0.0265311	0.0257829	0.0239803	0.0233774	0.0221422	0.0200193	0.017337	0.017636	0.0288026	0.0158012	0.0167758	0.0142141	0.0139681	0.0134483	0.0125849	0.0114239	0.0122269	0.0117727	0.0102723	0.0101329	0.0099534	

106	0.047	1	0	task-3:0.084	task-0:0.148	task-1:0.2	task-2:0.186	|	0.0633033	0.0608706	0.0566532	0.0557484	0.0550768	0.0539051	0.0529174	0.0537249	0.0529069	0.0529043	0.0529002	0.0528971	0.0528899	0.052876	0.0528553	0.0528765	0.0529194	0.0528339	0.05222	0.0512593	0.0487959	0.0448085	0.0413543	0.0372294	0.0379627	0.0358443	0.0336118	0.0328712	0.0319279	0.0298741	0.0265311	0.0257829	0.0239803	0.0233774	0.0221422	0.0200193	0.017337	0.017636	0.0288026	0.0158012	0.0167758	0.0142141	0.0139681	0.0134483	0.0125849	0.0114239	0.0122269	0.0117727	0.0102723	0.0101329	0.0099534	

106	0.047	1	0	task-3:0.084	task-0:0.148	task-1:0.2	task-2:0.186	|	0.0633033	0.0608706	0.0566532	0.0557484	0.0550768	0.0539051	0.0529174	0.0537249	0.0529069	0.0529043	0.0529002	0.0528971	0.0528899	0.052876	0.0528553	0.0528765	0.0529194	0.0528339	0.05222	0.0512593	0.0487959	0.0448085	0.0413543	0.0372294	0.0379627	0.0358443	0.0336118	0.0328712	0.0319279	0.0298741	0.0265311	0.0257829	0.0239803	0.0233774	0.0221422	0.0200193	0.017337	0.017636	0.0288026	0.0158012	0.0167758	0.0142141	0.0139681	0.0134483	0.0125849	0.0114239	0.0122269	0.0117727	0.0102723	0.0101329	0.0099534	

209	0.094	1	0	task-3:0.05	task-0:0.162	task-1:0.23	task-2:0.112	|	0.0800872	0.0737298	0.0594741	0.0579292	0.056959	0.0566275	0.0559681	0.054948	0.0543452	0.0546784	0.054066	0.0539959	0.0538828	0.0537634	0.053565	0.053505	0.053849	0.0533359	0.0533185	0.0532809	0.0532243	0.053197	0.053144	0.0530661	0.0529982	0.0535307	0.0524252	0.0515814	0.0493732	0.0457583	0.0433613	0.0419906	0.0426961	0.0404418	0.0400105	0.0389747	0.0368633	0.0351208	0.034845	0.0334487	0.033118	0.0325276	0.0313617	0.029416	0.0276099	0.0398424	0.0271758	0.0268942	0.0261124	0.0259121	0.0254852	0.0248393	0.0243021	0.0249426	0.023848	0.0237106	0.023443	0.0231109	0.0228919	0.0224799	0.0218283	0.0218067	0.0214131	0.0209055	0.0207762	0.0205016	0.019999	0.0195754	0.0196046	0.0192763	0.0191522	0.0189997	0.0188035	0.0186961	0.0185276	0.0182818	0.0181586	0.0180129	0.0179361	0.0178606	0.0177405	0.0175409	0.0171694	0.0168958	0.0172855	0.0166705	0.0166073	0.0165169	0.0163589	0.0162307	0.0161145	0.0159779	0.0158174	0.0157252	0.0156228	0.0152615	0.0152209	0.0151355	0.0149596	0.0147246	0.0147113	0.0145174	0.0144441	0.0143629	0.0142295	0.0140063	0.0140542	0.0138309	0.0137709	0.0136935	0.0135335	0.0132127	0.0126106	0.0130335	0.0204182	0.0119153	0.0116812	0.0116581	0.0116487	0.0116221	0.0115624	0.01144	0.0112055	0.0113458	0.0127748	0.0109833	0.0109672	0.0109267	0.0108264	0.0106746	0.0106438	0.0105687	0.0105557	0.0105282	0.0104845	0.0104156	0.0104657	0.0103209	0.0103043	0.0102955	0.0102578	0.0102137	0.0101713	0.0100602	0.0100518	0.0100396	0.0100414	0.0100087	0.00995215	

106	0.047	1	0	task-3:0.084	task-0:0.148	task-1:0.2	task-2:0.186	|	0.0633033	0.0608706	0.0566532	0.0557484	0.0550768	0.0539051	0.0529174	0.0537249	0.0529069	0.0529043	0.0529002	0.0528971	0.0528899	0.052876	0.0528553	0.0528765	0.0529194	0.0528339	0.05222	0.0512593	0.0487959	0.0448085	0.0413543	0.0372294	0.0379627	0.0358443	0.0336118	0.0328712	0.0319279	0.0298741	0.0265311	0.0257829	0.0239803	0.0233774	0.0221422	0.0200193	0.017337	0.017636	0.0288026	0.0158012	0.0167758	0.0142141	0.0139681	0.0134483	0.0125849	0.0114239	0.0122269	0.0117727	0.0102723	0.0101329	0.0099534	

106	0.047	1	0	task-3:0.084	task-0:0.148	task-1:0.2	task-2:0.186	|	0.0633033	0.0608706	0.0566532	0.0557484	0.0550768	0.0539051	0.0529174	0.0537249	0.0529069	0.0529043	0.0529002	0.0528971	0.0528899	0.052876	0.0528553	0.0528765	0.0529194	0.0528339	0.05222	0.0512593	0.0487959	0.0448085	0.0413543	0.0372294	0.0379627	0.0358443	0.0336118	0.0328712	0.0319279	0.0298741	0.0265311	0.0257829	0.0239803	0.0233774	0.0221422	0.0200193	0.017337	0.017636	0.0288026	0.0158012	0.0167758	0.0142141	0.0139681	0.0134483	0.0125849	0.0114239	0.0122269	0.0117727	0.0102723	0.0101329	0.0099534	

106	0.062	1	0	task-3:0.084	task-0:0.148	task-1:0.2	task-2:0.186	|	0.0633033	0.0608706	0.0566532	0.0557484	0.0550768	0.0539051	0.0529174	0.0537249	0.0529069	0.0529043	0.0529002	0.0528971	0.0528899	0.052876	0.0528553	0.0528765	0.0529194	0.0528339	0.05222	0.0512593	0.0487959	0.0448085	0.0413543	0.0372294	0.0379627	0.0358443	0.0336118	0.0328712	0.0319279	0.0298741	0.0265311	0.0257829	0.0239803	0.0233774	0.0221422	0.0200193	0.017337	0.017636	0.0288026	0.0158012	0.0167758	0.0142141	0.0139681	0.0134483	0.0125849	0.0114239	0.0122269	0.0117727	0.0102723	0.0101329	0.0099534	

106	0.047	1	0	task-3:0.084	task-0:0.148	task-1:0.2	task-2:0.186	|	0.0633033	0.0608706	0.0566532	0.0557484	0.0550768	0.0539051	0.0529174	0.0537249	0.0529069	0.0529043	0.0529002	0.0528971	0.0528899	0.052876	0.0528553	0.0528765	0.0529194	0.0528339	0.05222	0.0512593	0.0487959	0.0448085	0.0413543	0.0372294	0.0379627	0.0358443	0.0336118	0.0328712	0.0319279	0.0298741	0.0265311	0.0257829	0.0239803	0.0233774	0.0221422	0.0200193	0.017337	0.017636	0.0288026	0.0158012	0.0167758	0.0142141	0.0139681	0.0134483	0.0125849	0.0114239	0.0122269	0.0117727	0.0102723	0.0101329	0.0099534	

106	0.047	1	0	task-3:0.084	task-0:0.148	task-1:0.2	task-2:0.186	|	0.0633033	0.0608706	0.0566532	0.0557484	0.0550768	0.0539051	0.0529174	0.0537249	0.0529069	0.0529043	0.0529002	0.0528971	0.0528899	0.052876	0.0528553	0.0528765	0.0529194	0.0528339	0.05222	0.0512593	0.0487959	0.0448085	0.0413543	0.0372294	0.0379627	0.0358443	0.0336118	0.0328712	0.0319279	0.0298741	0.0265311	0.0257829	0.0239803	0.0233774	0.0221422	0.0200193	0.017337	0.017636	0.0288026	0.0158012	0.0167758	0.0142141	0.0139681	0.0134483	0.0125849	0.0114239	0.0122269	0.0117727	0.0102723	0.0101329	0.0099534	

106	0.062	1	0	task-3:0.084	task-0:0.148	task-1:0.2	task-2:0.186	|	0.0633033	0.0608706	0.0566532	0.0557484	0.0550768	0.0539051	0.0529174	0.0537249	0.0529069	0.0529043	0.0529002	0.0528971	0.0528899	0.052876	0.0528553	0.0528765	0.0529194	0.0528339	0.05222	0.0512593	0.0487959	0.0448085	0.0413543	0.0372294	0.0379627	0.0358443	0.0336118	0.0328712	0.0319279	0.0298741	0.0265311	0.0257829	0.0239803	0.0233774	0.0221422	0.0200193	0.017337	0.017636	0.0288026	0.0158012	0.0167758	0.0142141	0.0139681	0.0134483	0.0125849	0.0114239	0.0122269	0.0117727	0.0102723	0.0101329	0.0099534	

106	0.047	1	0	task-3:0.084	task-0:0.148	task-1:0.2	task-2:0.186	|	0.0633033	0.0608706	0.0566532	0.0557484	0.0550768	0.0539051	0.0529174	0.0537249	0.0529069	0.0529043	0.0529002	0.0528971	0.0528899	0.052876	0.0528553	0.0528765	0.0529194	0.0528339	0.05222	0.0512593	0.0487959	0.0448085	0.0413543	0.0372294	0.0379627	0.0358443	0.0336118	0.0328712	0.0319279	0.0298741	0.0265311	0.0257829	0.0239803	0.0233774	0.0221422	0.0200193	0.017337	0.017636	0.0288026	0.0158012	0.0167758	0.0142141	0.0139681	0.0134483	0.0125849	0.0114239	0.0122269	0.0117727	0.0102723	0.0101329	0.0099534	

106	0.047	1	0	task-3:0.084	task-0:0.148	task-1:0.2	task-2:0.186	|	0.0633033	0.0608706	0.0566532	0.0557484	0.0550768	0.0539051	0.0529174	0.0537249	0.0529069	0.0529043	0.0529002	0.0528971	0.0528899	0.052876	0.0528553	0.0528765	0.0529194	0.0528339	0.05222	0.0512593	0.0487959	0.0448085	0.0413543	0.0372294	0.0379627	0.0358443	0.0336118	0.0328712	0.0319279	0.0298741	0.0265311	0.0257829	0.0239803	0.0233774	0.0221422	0.0200193	0.017337	0.017636	0.0288026	0.0158012	0.0167758	0.0142141	0.0139681	0.0134483	0.0125849	0.0114239	0.0122269	0.0117727	0.0102723	0.0101329	0.0099534	

106	0.047	1	0	task-3:0.084	task-0:0.148	task-1:0.2	task-2:0.186	|	0.0633033	0.0608706	0.0566532	0.0557484	0.0550768	0.0539051	0.0529174	0.0537249	0.0529069	0.0529043	0.0529002	0.0528971	0.0528899	0.052876	0.0528553	0.0528765	0.0529194	0.0528339	0.05222	0.0512593	0.0487959	0.0448085	0.0413543	0.0372294	0.0379627	0.0358443	0.0336118	0.0328712	0.0319279	0.0298741	0.0265311	0.0257829	0.0239803	0.0233774	0.0221422	0.0200193	0.017337	0.017636	0.0288026	0.0158012	0.0167758	0.0142141	0.0139681	0.0134483	0.0125849	0.0114239	0.0122269	0.0117727	0.0102723	0.0101329	0.0099534	

106	0.047	1	0	task-3:0.084	task-0:0.148	task-1:0.2	task-2:0.186	|	0.0633033	0.0608706	0.0566532	0.0557484	0.0550768	0.0539051	0.0529174	0.0537249	0.0529069	0.0529043	0.0529002	0.0528971	0.0528899	0.052876	0.0528553	0.0528765	0.0529194	0.0528339	0.05222	0.0512593	0.0487959	0.0448085	0.0413543	0.0372294	0.0379627	0.0358443	0.0336118	0.0328712	0.0319279	0.0298741	0.0265311	0.0257829	0.0239803	0.0233774	0.0221422	0.0200193	0.017337	0.017636	0.0288026	0.0158012	0.0167758	0.0142141	0.0139681	0.0134483	0.0125849	0.0114239	0.0122269	0.0117727	0.0102723	0.0101329	0.0099534	

106	0.046	1	0	task-3:0.084	task-0:0.148	task-1:0.2	task-2:0.186	|	0.0633033	0.0608706	0.0566532	0.0557484	0.0550768	0.0539051	0.0529174	0.0537249	0.0529069	0.0529043	0.0529002	0.0528971	0.0528899	0.052876	0.0528553	0.0528765	0.0529194	0.0528339	0.05222	0.0512593	0.0487959	0.0448085	0.0413543	0.0372294	0.0379627	0.0358443	0.0336118	0.0328712	0.0319279	0.0298741	0.0265311	0.0257829	0.0239803	0.0233774	0.0221422	0.0200193	0.017337	0.017636	0.0288026	0.0158012	0.0167758	0.0142141	0.0139681	0.0134483	0.0125849	0.0114239	0.0122269	0.0117727	0.0102723	0.0101329	0.0099534	

