59	0.499	12	0	task-3:0.005	task-0:0.01	task-1:0.05	task-2:0.005	|	0.0458358	0.0588406	0.0573764	0.0372636	0.0186308	0.00911729	0.00787029	0.00282824	0.000813516	0.000320659	0.00475375	0.000219249	0.000155361	0.0157182	0.000178345	2.02708e-005	7.82717e-006	2.61785e-006	7.05467e-007	1.4582e-007	2.19346e-008	2.25562e-009	1.4707e-010	2.07824e-005	2.56532e-007	2.85862e-011	2.85787e-011	1.25973e-011	4.93514e-012	1.44904e-012	1.07942e-005	1.59205e-008	8.09547e-014	2.44307e-014	1.8347e-013	0	0	0	0	0	0	0	0	0	0	0	0	0	0	0	0	0	0	0	0	0	0	0	0	

73	0.624	12	0	task-3:0.015	task-0:0.015	task-1:0.12	task-2:0.015	|	0.085798	0.0597842	0.0597797	0.051205	0.0595048	0.0589142	0.041929	0.0377244	0.0344087	0.0180814	0.0198195	0.0112431	0.0185629	0.000600025	0.00735219	9.10327e-005	0.000533784	0.000314434	3.18427e-005	4.07915e-005	1.04948e-005	9.98322e-007	2.16245e-007	2.86849e-008	2.54333e-009	1.27879e-010	4.57973e-012	9.46014e-014	0	0	0	0	0	0	0	0	0	0	0	0	0	0	0	0	0	0	0	0	0	0	0	0	0	0	0	0	0	0	0	0	0	0	0	0	0	0	0	0	0	0	0	0	0	

66	0.561	12	0	task-3:0	task-0:0.04	task-1:0.115	task-2:0.02	|	0.0453479	0.0565705	0.050318	0.0822432	0.0259301	0.010447	0.0216637	0.0107937	0.0026091	0.00326072	0.00437069	0.00226487	0.000682139	0.000319188	0.00028434	0.000255978	0.000111333	1.35174e-005	3.69253e-006	5.26655e-005	2.69736e-012	1.08456e-013	2.75918e-014	0	0	0	3.02267e-014	0	0	0	0	0	0	0	0	0	0	0	0	0	0	0	0	0	0	0	0	0	0	0	0	0	0	0	0	0	0	0	0	0	0	0	0	0	0	0	

76	0.64	12	0	task-3:0.025	task-0:0.06	task-1:0.08	task-2:0.005	|	0.0487278	0.0595072	0.0584419	0.0456785	0.050456	0.0463275	0.0273394	0.0185312	0.0110486	0.00880359	0.00735437	0.00651951	0.00417757	0.000480755	7.44488e-005	7.66763e-006	5.06532e-007	1.96875e-008	4.20463e-010	4.55277e-012	2.70994e-014	0	0	0	0	0	0	0.0200066	0.0124628	0.0199784	0.0156636	5.39857e-013	0	0	0	0	0	0	0	0	0	0	0	0	0	0	0	0	0	0	0	0	0	0	0	0	0	0	0	0	0	0	0	0	0	0	0	0	0	0	0	0	0	0	0	0	

69	0.608	12	0	task-3:0.015	task-0:0.03	task-1:0.07	task-2:0.01	|	0.0488186	0.0594091	0.0590175	0.048164	0.0434104	0.0412281	0.0277619	0.0224304	0.0139883	0.0132101	0.011755	0.00735487	0.0016936	0.000465264	0.000142554	4.26324e-005	9.37183e-006	9.66281e-007	6.19499e-008	2.26237e-009	4.21936e-011	0.0199867	0.0228829	0.000357472	6.12034e-011	0	9.05147e-007	6.26019e-012	1.36575e-013	0	0	0	0	0	0	0	0	0	0	0	0	0	0	0	0	0	0	0	0	0	0	0	0	0	0	0	0	0	0	0	0	0	0	0	0	0	0	0	0	

78	0.671	12	0	task-3:0.01	task-0:0.115	task-1:0.065	task-2:0.01	|	0.0370076	0.0570684	0.0620808	0.0473627	0.0424855	0.0459888	0.0599933	0.061276	0.0603625	0.0366923	0.0401688	0.0118022	0.00149664	0.000664466	2.00159e-006	7.94161e-008	0.0115675	0.000367316	9.30048e-009	1.344e-009	2.36606e-015	0	0	0	0	0	0	0	0	0	0	0	0	0	0	0	0	0	0	0	0	0	0	0	0	0	0	0	0	0	0	0	0	0	0	0	0	0	0	0	0	0	0	0	0	0	0	0	0	0	0	0	0	0	0	0	0	0	

73	0.624	12	14	task-3:0.005	task-0:0.065	task-1:0.04	task-2:0.025	|	0.0460606	0.0592904	0.059294	0.0493314	0.0590205	0.0562302	0.0361583	0.0421745	0.0393027	0.0337331	0.0364969	0.0364267	0.0320769	0.0285668	0.0271747	0.0202497	0.0153757	0.00963548	0.00609212	0.0110245	0.00940278	0.00161857	0.000140977	4.29431e-007	1.94053e-008	3.99385e-010	0.0208392	0.0205259	3.92643e-011	3.92643e-011	1.2344e-011	0.000591163	2.57176e-005	0.019925	0.019914	1.17219e-012	7.98444e-013	4.27441e-013	2.14544e-013	1.29557e-013	4.58982e-014	1.32202e-014	0	0	2.42804e-008	8.75671e-015	0.000618056	0.000535537	0	0	1.12363e-005	2.60326e-007	1.98912e-015	0	0	0	0	4.60266e-013	0	2.35584e-013	1.5484e-013	8.58691e-014	3.33132e-014	1.07015e-014	0	0	1.22235e-012	0.00140875	8.60666e-005	1.89546e-006	1.72322e-008	1.15821e-009	1.05447e-010	

71	0.608	12	0	task-3:0.01	task-0:0.095	task-1:0.04	task-2:0.01	|	0.106232	0.0598933	0.0598045	0.050998	0.0653032	0.0652382	0.0351019	0.0480337	0.044543	0.02594	0.0228163	0.0184194	0.0165434	0.00896802	0.00569393	0.00417745	0.00302797	0.00319333	0.00297261	0.00195669	0.00112451	0.000675755	0.000440528	5.43564e-006	1.16445e-006	7.87185e-008	3.11882e-012	0.0198178	0.0184823	0	0	0	0	0	0	0	0	0	0	0	0	0	0	0	0	0	0	0	0	0	0	0	0	0	0	0	0	0	0	0	0	0	0	0	0	0	0	0	0	0	0	

61	0.515	12	1	task-3:0.04	task-0:0.075	task-1:0.12	task-2:0.01	|	0.072351	0.0594131	0.0594102	0.0517916	0.0586474	0.058364	0.0328634	0.0050231	0.00207974	0.000481669	0.000203758	6.27496e-005	9.08031e-006	7.42237e-007	6.24456e-009	2.02863e-013	0	3.20466e-011	1.18366e-013	1.06201e-013	4.31272e-015	1.46672e-011	0.0174543	3.74821e-014	1.67709e-012	1.01079e-014	0	0	0	0	0	0	0	0	7.07374e-014	3.11895e-015	0	0	0	0	0	0	0	0	0	0	0	0	0	0	0	0	0	0	1.01098e-014	0.0196772	8.13604e-014	7.11284e-015	0	0	0	

68	0.608	12	0	task-3:0.03	task-0:0.035	task-1:0.09	task-2:0.01	|	0.0391469	0.0526974	0.0479053	0.0392133	0.0907328	0.0747599	0.0326643	0.0257371	0.0137398	0.0119941	0.00673	0.00279254	0.00253906	0.00106351	0.000532387	1.30222e-005	3.73415e-011	2.35399e-011	2.93635e-010	9.57199e-012	1.34142e-013	0.0331669	0.0196854	8.79987e-008	0	0	0	5.85171e-015	1.48712e-013	0	0	0	0	0	0	0	0	0	0	0	4.38684e-010	0	0	2.84522e-015	0	0	0.02	0	0	0	0	0	0	0	0	0	0	0	0	0	0	0	0	0	0	0	0	0	

69	0.577	12	0	task-3:0.005	task-0:0.045	task-1:0.035	task-2:0.015	|	0.0667074	0.0596902	0.0596948	0.0523273	0.0437391	0.0290388	0.0113988	0.00695217	0.00621957	0.00506059	0.00435927	0.0023457	0.000595213	0.000341644	0.0002429	0.000164274	4.98603e-005	8.98839e-006	2.94751e-006	8.76311e-007	2.57752e-007	9.7056e-008	4.17778e-008	1.65191e-008	6.05109e-009	1.95838e-009	1.53104e-009	1.02243e-010	1.48807e-011	6.63788e-011	1.04694e-013	1.18924e-014	8.37747e-011	1.15803e-010	1.0275e-014	5.8122e-015	0	0	0	1.08726e-011	1.17129e-006	4.79691e-015	2.39834e-015	1.08198e-007	0	0	0	0	2.32498e-010	0	0	0	1.18095e-014	3.97879e-009	2.32725e-010	2.19616e-011	0.00417449	7.09587e-009	1.5593e-010	1.72539e-010	1.72342e-010	4.22204e-011	7.82664e-012	1.03576e-012	9.16147e-014	4.98893e-015	0	0	0	

75	0.64	12	0	task-3:0.02	task-0:0.01	task-1:0.055	task-2:0	|	0.0592992	0.0598648	0.0598656	0.0575769	0.056999	0.0561033	0.0498425	0.0489502	0.040561	0.0368065	0.0318115	0.0291399	0.0281215	0.0315878	0.0146642	0.0119962	0.00817696	0.00556773	0.00323767	0.0016392	0.000620082	0.000147933	1.59888e-005	5.73269e-007	1.31428e-008	4.93609e-010	4.53067e-011	2.80754e-011	1.81107e-011	6.44095e-013	6.46994e-015	1.07851e-014	0	0	1.9634e-013	1.65295e-014	0	0	0	0	0	0	3.17374e-005	2.66221e-014	2.98587e-010	3.95874e-015	0	0	1.91361e-015	0	0	0	0	0	0	0	0	0	0	0	0	0	0	1.96285e-015	0	0	0	0	0	0	0	0	0	0	0	

72	0.608	12	0	task-3:0.005	task-0:0.02	task-1:0.045	task-2:0.01	|	0.0666323	0.0598647	0.0598656	0.057591	0.0636048	0.0626826	0.0523799	0.0516067	0.0463862	0.0415688	0.0349453	0.0288186	0.0222407	0.0135686	0.00846652	0.00332536	0.00106833	0.000303169	7.20206e-005	1.14364e-005	8.67568e-007	3.11078e-008	7.92837e-010	4.55337e-007	1.06101e-010	1.77435e-008	2.17202e-012	1.03731e-013	3.10304e-014	2.61275e-014	1.28259e-014	3.72316e-015	4.16815e-015	0	0.019985	0	1.95797e-015	0.0199943	0	0	0	0	2.18259e-015	0	0	3.09186e-015	3.22193e-015	0	0	0	0.0199604	8.86481e-013	0	0	0.0199076	0	0	8.99899e-008	0	0	0	0	0	0	0	0	0	0	0	0	0	0	

65	0.53	12	0	task-3:0.025	task-0:0.03	task-1:0.055	task-2:0	|	0.040338	0.0597457	0.0596522	0.0579844	0.0195903	0.0374671	0.0474372	0.0161595	0.0254248	0.0246704	0.0127709	0.0133072	0.0113854	0.00477229	0.000179679	2.55254e-005	1.36031e-006	1.90838e-007	6.66993e-009	1.28723e-010	1.48442e-012	4.09971e-015	1.4706e-013	0	0	0	0	0	0	0	0	0	0	0	0	0	0	0	0	0	0	0	0	0	0	0	0	0	0	0	0	0	0	0	0	0	0	0	0	0	0	0	0	0	0	

55	0.468	12	0	task-3:0.41	task-0:0.005	task-1:0.675	task-2:0.195	|	0.0402684	0.0564073	0.0448544	0.031944	0.000731918	7.35223e-005	0.00756227	0.0104101	4.82902e-005	1.10189e-005	1.04721e-005	1.68689e-005	1.86704e-005	1.42818e-006	5.46731e-011	1.82022e-013	0	0	0.0192195	0.00995087	4.84623e-014	3.54802e-009	4.64773e-015	1.92687e-005	4.74054e-009	0	0	0	1.15437e-011	2.37441e-014	1.14437e-014	2.27632e-015	0	0	0	0	0	0	0	0	0	0	0	0	0	0	0	0	0	0	0	0	0	0	0	

82	0.718	12	0	task-3:0.01	task-0:0	task-1:0.1	task-2:0.005	|	0.0406516	0.0597201	0.0511802	0.0511699	0.00662785	0.00100519	0.00746982	0.011718	0.00903477	0.00131999	0.000297819	5.71216e-005	0.00203618	0.00128514	0.000240485	2.25526e-005	1.23722e-006	4.56891e-008	1.7124e-009	7.26366e-011	8.63623e-012	5.60018e-013	1.85447e-014	3.09873e-015	0	3.33007e-007	7.02996e-014	5.04951e-011	3.74611e-011	4.49076e-013	0	0	0	0	0	0	0	0	0	0	0	0	0	0	0	0	0	0	0	0	0	0	0	0	0	0	0	0	0	0	0	0	0	0	0	0	0	0	0	0	0	0	0	0	0	0	0	0	0	0	0	0	

64	0.53	12	0	task-3:0.005	task-0:0.02	task-1:0.08	task-2:0.005	|	0.0568591	0.136092	0.136637	0.105464	0.0369099	0.0476276	0.0432338	0.0342763	0.0214019	0.0163438	0.00807547	0.00218938	0.000749167	4.82212e-005	1.85054e-006	3.5801e-005	0.000184835	9.61239e-005	3.93542e-006	4.59673e-013	5.25993e-015	3.08669e-013	2.47469e-010	3.9083e-012	1.87047e-014	1.25184e-014	5.53981e-014	2.92036e-015	0	0	0	0	0	0	0	0	0	0	0	0	0	0	0	0	0	0	0	0	0	0	0	0	0	0	0	0	0	0	0	0	0	0	0	0	

82	0.717	12	0	task-3:0.045	task-0:0.055	task-1:0.075	task-2:0.055	|	0.0572841	0.134082	0.129653	0.0941393	0.0394277	0.0397274	0.0290527	0.02955	0.0217709	0.0261731	0.00526912	0.00121531	0.00017109	1.67183e-005	1.40879e-007	1.76423e-008	8.11104e-008	2.34297e-008	3.15851e-009	2.25637e-010	6.25014e-012	1.78474e-012	0	0	0	0	0	5.38012e-013	0	2.94711e-011	0	3.27752e-013	3.61415e-015	2.67737e-015	0	0	0	0	0	0	0	0	0	0	0	0	0	0	0	0	0	0	0	0	0	0	0	0	0	0	0	0	0	0	0	0	0	0	0	0	0	0	0	0	0	0	0	0	0	0	0	0	

104	0.858	12	4	task-3:0.075	task-0:0.135	task-1:0.095	task-2:0.005	|	0.047057	0.0598891	0.059775	0.0542373	0.0404744	0.0319577	0.0220582	0.0194858	0.018168	0.0165738	0.0140071	0.00928434	0.00670461	0.00477393	0.00323731	0.0027713	0.00103322	0.000507748	0.000217975	4.1465e-005	4.91736e-006	5.11964e-007	3.34306e-008	2.43458e-007	3.0821e-009	2.30894e-006	1.06328e-006	1.87555e-008	3.52257e-010	1.70762e-010	1.27946e-010	8.63747e-011	2.97491e-011	8.0928e-012	1.91232e-012	4.08106e-013	8.33583e-014	1.24052e-014	6.86739e-015	0	0	0	0	0	0	0	0	0	0	0	2.704e-011	6.12477e-015	3.06841e-015	0	0	0	0	0	0	9.43746e-013	3.18796e-013	5.4468e-011	3.15528e-012	0	0	0	0	0	0	0	0	0	0	0	0	0	0	0	0	0	0	0	0	0	0	0	0	0.00690829	0	0.00785341	0	0.000113406	5.18903e-011	6.29631e-013	1.55608e-007	0	2.28395e-015	0	0	0	0	0	0	0	

78	0.655	12	0	task-3:0.005	task-0:0.065	task-1:0.12	task-2:0.005	|	0.109806	0.057359	0.0573833	0.0467493	0.0525503	0.0508198	0.0429321	0.0435118	0.0395513	0.0329627	0.0250207	0.0229699	0.0194284	0.0277225	0.0275925	0.0261686	0.022244	0.0110526	0.0043962	0.000254819	0.000518154	1.21887e-005	8.59972e-011	2.20686e-013	0	0	0	0	0	0	0	0	0	0	0	0	0	0	0	0	0	0	0	0	0	0	0	0	0	0	0	0	0	0	0	0	0	0	0	0	0	0	0	0	0	0	0	0	0	0	0	0	0	0	0	0	0	0	

69	0.609	12	0	task-3:0	task-0:0.085	task-1:0.085	task-2:0.01	|	0.114615	0.0582871	0.0577277	0.047779	0.0387054	0.0436911	0.0465235	0.035201	0.0313838	0.0280654	0.0217893	0.0227979	0.0217845	0.00951638	0.00690521	0.004252	0.00264809	0.00563117	0.00279529	0.000734913	0.000405226	0.000194163	7.85712e-005	2.59954e-005	6.77572e-006	1.33233e-006	1.87653e-007	1.77759e-008	0.0199435	0.0197961	9.52512e-010	4.14557e-010	8.4905e-011	1.32881e-011	0.0399481	0.0370211	3.0213e-015	0	0	0	0	0	0	0	0	0	0	0	0	0	0	0	0	0	0	0	0	0	0	0	0	0	0	0	0	0	0	0	0	

70	0.608	12	0	task-3:0	task-0:0.045	task-1:0.035	task-2:0.015	|	0.0420048	0.059623	0.0587686	0.0402678	0.036857	0.0233519	0.0421978	0.0434547	0.0166239	0.011605	0.00617969	0.00428689	0.00436679	0.00318518	0.00161495	0.000565128	8.03696e-005	1.31869e-005	8.20772e-007	3.05352e-008	1.83142e-009	6.05764e-011	7.48669e-006	7.21353e-006	0	0	0	0	0	0	0	0	0	0	0	0	0	0	0	0	0	0	0	0	0	0	0	0	0	0	0	0	0	0	0	0	0	0	0	0	0	0	0	0	0	0	0	0	0	0	

59	0.515	12	0	task-3:0.03	task-0:0.025	task-1:0.015	task-2:0.015	|	0.0407986	0.0510817	0.0568382	0.05337	0.117772	0.0965628	0.0382028	0.00416345	0.00344402	0.000121713	0.000225554	0.000751001	6.82622e-005	5.56455e-005	1.82227e-005	2.11114e-007	6.68847e-008	1.56311e-007	5.98062e-008	4.94039e-010	3.50349e-014	0	0	0	3.42991e-015	0	2.30518e-013	1.32136e-012	0	0	0	0	0	0	0	2.41864e-015	0	0	8.30377e-007	0	0	4.11299e-008	0	1.8685e-009	0	0	0	0	0	0	0	0	4.9943e-015	5.3346e-007	1.14962e-013	8.98322e-012	0	0	0	

60	0.515	12	0	task-3:0.045	task-0:0.01	task-1:0.11	task-2:0	|	0.0417214	0.0604808	0.0553217	0.0496806	0.0447859	0.0313642	0.00686262	0.0430804	0.0395254	0.00305219	4.50474e-005	1.10648e-006	1.6652e-008	3.11357e-008	1.63746e-008	1.95031e-008	2.07108e-006	7.47408e-008	3.73026e-009	2.23453e-009	1.21961e-011	4.96077e-009	5.43787e-006	6.25552e-007	2.12432e-007	2.4492e-009	6.43388e-013	0	0	2.12008e-015	3.04587e-014	4.77772e-015	0	0	0	0	0	0	0	0	0	0	0	0	0	0	0	2.10233e-015	0	0	0	0	0	0	0	0	0	0	0	0	

74	0.64	12	0	task-3:0.025	task-0:0.025	task-1:0.035	task-2:0.04	|	0.0560585	0.099003	0.0847247	0.0448606	0.0508308	0.0414333	0.0308346	0.0298854	0.0222879	0.0199434	0.015973	0.0160623	0.0136031	0.00801778	0.00372595	0.00222548	0.00139391	0.000744752	0.000233848	6.78196e-005	2.30497e-005	6.32617e-006	1.43362e-006	2.16119e-007	2.84181e-008	2.39528e-009	1.18825e-010	1.63407e-009	1.87613e-012	4.78531e-013	0	0	0	2.02641e-015	0	0	0	0	0	0	0	0	0	0	0	0	0	0	0	0	0	0	0	0	0	0	0	0	0	0	0	0	0	0	0	0	0	0	0	0	0	0	0	0	

120	1.061	12	46	task-3:0.02	task-0:0.04	task-1:0.105	task-2:0.01	|	0.0555321	0.0943097	0.0814622	0.0449157	0.0488162	0.0427383	0.0243131	0.0215956	0.0147511	0.00794097	0.00647238	0.0212704	0.0118217	0.00838747	0.00555419	0.00328129	0.00239793	0.0012149	0.000498118	0.000137388	3.57918e-005	7.02615e-006	1.12924e-006	1.52382e-007	1.65356e-008	9.79309e-010	4.72861e-011	1.38477e-012	1.6658e-014	7.2386e-014	0	0	0	0.02	0.0199998	4.89873e-014	5.72288e-014	1.14475e-014	0	0	0	0	0	0	0	1.90555e-015	0.02	0	0	1.61211e-014	0	0	0	0	0	0	0	0	0	0	0	0	0	0	0	0	0	0	0	0	0	0	0	0	0	0	0	0	0	0	0	0	0	0	0	0	0	0	0	0	0	0	0	0	0	0	0	0	0	0	0	0	0	0	0	0	0	0	0	0	0.04	0.04	0.0392598	3.84734e-015	3.8527e-015	4.63947e-015	0	0	0	0	

85	0.734	12	0	task-3:0.015	task-0:0.05	task-1:0.045	task-2:0.01	|	0.0851887	0.0597639	0.0597528	0.0532005	0.0400753	0.0368406	0.0356299	0.0246139	0.0407983	0.0384033	0.0144962	0.00656776	0.00673068	0.00583645	0.00339302	0.00162794	0.000585259	0.000294442	0.0001328	5.00128e-005	1.05905e-005	1.30185e-006	1.02773e-007	5.36986e-009	2.14689e-010	1.09591e-011	1.08812e-013	5.14922e-011	5.37023e-011	0	0	0	0	0	0	1.2136e-014	0	0	0	0	0	0	2.98786e-015	0	0	0	0	0	0	0	0	0	0	0	0	0	0	0	0	0	0	0	0	0	0	0	0	0	0	0	0	0	0	0	0	0	0	0	0	0	0	0	0	0	0	

68	0.561	12	0	task-3:0.01	task-0:0.065	task-1:0.045	task-2:0.015	|	0.0315959	0.0846628	0.0434677	0.0404373	0.0319949	0.00544668	0.000869936	1.21473e-005	0.000185234	0.000341502	8.38349e-005	7.05713e-006	1.38684e-008	0	0	3.88115e-007	0.00109374	6.69155e-007	7.39506e-010	2.03965e-011	2.14184e-008	1.70275e-005	1.17077e-006	4.5212e-009	1.77326e-006	4.24459e-012	2.98412e-012	1.05674e-014	0	0	0	0	0	0	0	0	0	0	0	2.90149e-015	0	0	0	1.30556e-012	0	0	0	0	1.50522e-013	0	0	0	0	0	0	0	0	0	0	0	0	0	0	0	0	0	0	0	

65	0.531	12	0	task-3:0.025	task-0:0.03	task-1:0.08	task-2:0.015	|	0.0358121	0.0892141	0.0672365	0.0747174	0.0334293	0.017792	0.001019	4.01905e-005	5.09885e-006	2.96755e-005	4.72442e-007	5.85879e-006	8.98893e-007	1.39289e-007	3.65319e-009	2.73367e-011	1.10117e-013	7.47482e-015	0	0	0	0	0	0	0	0	0	0	0	0	0	0	0	0	0	0	0	0	0	0	0	0	0	0	0	0	0	0	0	0	0	0	0	0	0	0	0	0	0	0	0	0	0	0	0	

79	0.702	12	0	task-3:0	task-0:0.07	task-1:0.15	task-2:0.01	|	0.0345754	0.0627586	0.0715081	0.0586965	0.0286518	0.0126569	0.0143428	0.0239684	0.00688905	0.000773325	0.000356202	3.06698e-006	0.00231738	0.00103158	2.4403e-007	6.29859e-009	4.69957e-008	8.12926e-008	2.21828e-009	5.1566e-011	1.64909e-011	1.28444e-010	2.33002e-008	4.78184e-009	2.30341e-008	6.15346e-008	3.79206e-008	0.02	0.0199993	6.4814e-009	1.85661e-008	2.53843e-008	2.54303e-008	1.49279e-008	2.67597e-009	1.54974e-010	3.94475e-011	3.32707e-011	5.10079e-012	1.03101e-012	1.43438e-013	1.60444e-014	0	0	0	0	0	0	0	0	0	0	0	0	0	0	0	0	0	0	0	0	1.9635e-015	0	0	0	0	0	0	0	0	0	0	0	0	0	0	0	0	

69	0.608	12	0	task-3:0	task-0:0.045	task-1:0.02	task-2:0	|	0.122788	0.0588477	0.0587964	0.0518997	0.0837141	0.0851738	0.0602628	0.0533361	0.0464882	0.0351884	0.0293895	0.0266716	0.015847	0.0124017	0.0102384	0.00430002	0.00213272	0.001282	0.000209306	4.60648e-007	3.24923e-008	1.32323e-010	1.6597e-008	1.91113e-014	0	0	3.74143e-008	0	0	0	0	0	0	0	0	0	0	0	0	0	0	0	0	0	0	0	0	0	0	0	0	0	0	0	0	0	0	0	0	0	0	0	0	0	0	0	0	0	0	

64	0.577	12	0	task-3:0	task-0:0.02	task-1:0.07	task-2:0.005	|	0.0725306	0.0589539	0.0571496	0.093466	0.0760328	0.0356253	0.0357897	0.0310844	0.0117113	0.00550318	0.00365027	0.00087504	8.89025e-005	1.59246e-005	6.62803e-007	1.22983e-008	1.08367e-010	3.63077e-013	0	0	0	0	0	0	0	0	0	0	0	0	0	0	0	0	0	0	0	0	0	0	0	0	0	0	0	0	0	0	0	0	0	0	0	0	0	0	0	0	0	0	0	0	0	0	

68	0.593	12	0	task-3:0.015	task-0:0.03	task-1:0.07	task-2:0.015	|	0.0687645	0.0594694	0.0600358	0.0856388	0.0481643	0.0204816	0.0110871	0.00351268	0.000624182	5.85396e-005	3.27186e-006	9.41404e-008	1.30514e-009	7.67776e-012	4.84229e-014	1.54047e-014	0	0	0	0	0.0193596	5.64026e-009	0.000841358	1.49122e-007	8.73756e-008	7.54087e-009	5.35238e-008	9.28806e-009	3.13891e-012	0.0199654	2.26171e-015	0	1.06022e-014	0	0	0	0	0	0	0	0	0	0	0	0	0	0	0	0	0	0	0	0	0	0	0	0	0	0	0	0	0	0	0	0	0	0	0	

85	0.733	12	0	task-3:0.05	task-0:0.085	task-1:0.045	task-2:0	|	0.0430424	0.0570454	0.0473335	0.0408315	0.0338503	0.00837968	0.0258246	0.0112556	0.016849	0.0138713	0.00786171	0.00631813	0.0210537	0.0138858	0.00910654	0.00551202	0.00704862	0.00573578	0.00361591	0.000665412	0.000200256	0.000158091	0.000120598	4.54619e-005	9.17507e-005	6.35129e-005	6.75469e-006	2.66731e-006	7.93308e-007	3.76498e-007	1.34957e-007	4.45531e-008	2.55083e-009	0	0	2.48346e-015	0	0	0	0	0	0	2.13359e-013	3.5488e-014	0	0	0	0	0	0	0	0	0	0	0	0	0	0	0	0	0	0	0	0	0	0	0	0	0	0	0	0	0	0	0	0	0	0	0	0	0	0	0	0	0	

74	0.671	12	0	task-3:0.015	task-0:0.06	task-1:0.065	task-2:0.005	|	0.0348673	0.062864	0.0466685	0.0382472	0.034206	0.0173903	0.0158843	0.0147849	0.0180028	0.0178376	0.0152571	0.00537523	0.000793665	0.000103313	1.04674e-005	0.000125963	2.57882e-005	1.7391e-006	1.47355e-006	1.45253e-006	4.66767e-007	4.22498e-007	1.35439e-007	4.69079e-008	5.93273e-009	5.78058e-010	1.58571e-013	2.40103e-011	0	0	7.20685e-012	5.90338e-015	0	3.57246e-012	0	0	0	0	0	0	0	0	0	0	0	0	0	0	0	0	0	0	0	0	0	0	0	0	0	0	0	0	0	0	0	0	0	0	0	0	0	0	0	0	

84	0.748	12	0	task-3:0.015	task-0:0.095	task-1:0.07	task-2:0	|	0.0348465	0.116639	0.0821649	0.0436152	0.0424102	0.0112418	0.00808709	0.00107718	3.45746e-005	0.000871242	4.75377e-005	9.57264e-010	5.80491e-011	6.02408e-012	4.89628e-013	1.8627e-014	0	0	0	0	0	0	0	0	0	0	0	0	1.26076e-014	9.38756e-014	2.68524e-014	0	0	0	0	0	0	0	0	0	0	0	0	0	0	0	0	0	0	0	0	0	0	0	0	0	0	0	0	0	0	0	0	0	0	0	0	0	0	0	0	0	0	0	0	0	0	0	0	0	0	0	0	0	

73	0.656	12	0	task-3:0	task-0:0.005	task-1:0.005	task-2:0.035	|	0.0885704	0.0596584	0.0589305	0.0506276	0.0443859	0.0438918	0.028066	0.0199511	0.0104245	0.00644072	0.0035533	0.00168394	0.000775237	0.000407054	0.000155798	5.47929e-005	8.15484e-006	1.66336e-006	2.37817e-007	6.6273e-010	6.92681e-011	1.04704e-011	5.09291e-009	1.07871e-010	2.03866e-011	3.14148e-009	4.65345e-010	5.98714e-013	5.12672e-013	0	1.93866e-015	0	0	0	0	6.7824e-011	1.0745e-014	2.3885e-012	4.56202e-008	7.27017e-014	1.79066e-014	0	0	0	1.97081e-015	0	0	0	0	0	0	0	0	0	0	0	0	0	0	0	2.4161e-015	0	0	0	2.54173e-015	0	0	0	4.29989e-014	4.47908e-012	2.2354e-008	6.62782e-011	2.71992e-011	

71	0.608	12	0	task-3:0	task-0:0.045	task-1:0.03	task-2:0.01	|	0.0927215	0.0581068	0.0581183	0.0491911	0.0474913	0.0493328	0.0415706	0.0402272	0.0365069	0.0464155	0.0424081	0.0207506	0.019034	0.0405537	0.0338484	0.00834648	0.00107597	9.9195e-006	3.55793e-007	4.63179e-010	8.05022e-014	2.0788e-011	0	0	0	0	2.58799e-014	7.66588e-014	5.94498e-013	4.77793e-012	4.8501e-014	0	0	0	0	0	0	0	0	0	0	0	0	0	0	0	0	0	0	0	0	0	0	0	0	0	0	0	0	0	0	0	0	0	0	0	0	0	0	0	0	

64	0.593	12	0	task-3:0.01	task-0:0.105	task-1:0.06	task-2:0	|	0.0823527	0.0580988	0.0580961	0.0490615	0.044107	0.0456636	0.0434189	0.0411446	0.0362686	0.0321426	0.0253961	0.0175006	0.0098998	0.00265378	0.000496503	0.00019303	5.90376e-005	1.92535e-005	7.87571e-006	1.64304e-005	2.56187e-006	6.3747e-008	6.34655e-009	0.0199998	0.00065099	5.13716e-012	2.97629e-011	2.00094e-015	0	2.48488e-015	1.42264e-008	5.00818e-015	0	0	2.9229e-015	0	0	0	0	1.15056e-014	0	0	0	0	0	0	0	0	0	0	0	0	0	0	0	0	0	0	0	0	0	0	0	0	

117	1.014	12	36	task-3:0.025	task-0:0.035	task-1:0.05	task-2:0.01	|	0.127405	0.0556008	0.0520377	0.0371437	0.0393227	0.0250663	0.00836732	0.00282993	0.000403768	0.000121563	2.44459e-005	6.47662e-006	2.61049e-006	4.34208e-007	2.36157e-008	4.8134e-010	5.54371e-012	2.94244e-013	6.04923e-014	2.41694e-014	1.99223e-014	0	2.0897e-014	8.48705e-013	1.86577e-012	1.50737e-012	9.3714e-013	2.5888e-013	0.02	1.52673e-014	0.02	0	0	0	0.0199993	0	0	0	0	0	0	0	0	0	0	1.33028e-008	0	0	0	0	0	0.0199999	0	0.0199999	0.0199999	3.48124e-014	0.0199999	2.97882e-013	2.97882e-013	0.0199997	2.57819e-013	2.39856e-013	2.19944e-013	1.9822e-013	1.74964e-013	1.50629e-013	1.25853e-013	1.0144e-013	7.83111e-014	5.74064e-014	3.9548e-014	2.52884e-014	1.66412e-008	1.20636e-008	8.19978e-009	0.02	0.04	0.04	0.04	0.04	0.04	0.0400001	0.0688871	0.037886	0.0397732	0.0345411	0.0199648	0.0195085	0.00328114	0.0147429	0.024733	0.024733	0.0168719	0.0217073	0.0202348	0.0200165	0.0200001	0.0199993	0.0399982	0.0399976	0.0399968	0.0399952	0.0399924	0.0199934	4.1339e-009	2.06695e-009	1.06154e-009	4.77128e-010	0	0	0	0	0	0	0	0	0	

85	0.717	12	6	task-3:0.01	task-0:0.01	task-1:0.055	task-2:0.035	|	0.0652172	0.0595519	0.0589108	0.0444896	0.0967731	0.0982999	0.0312652	0.0378138	0.0412056	0.0282026	0.037177	0.0292399	0.0126979	0.00568739	0.0026708	0.00155776	0.000793129	0.000313156	9.33383e-005	1.21772e-005	9.00445e-008	1.66347e-014	0	0	0.0186312	9.93241e-015	1.1956e-011	0.0184134	8.66443e-009	1.59561e-007	5.34893e-007	4.8995e-009	3.07525e-015	0	0	0	0	0	0	0	0	0	0	0	0	0	0	0	0	0	0	0	4.93296e-011	1.08032e-014	0	0.0190481	0	0.000311904	0	0	0	0	0.02	0	8.23883e-015	1.17714e-010	1.06687e-010	0	0	0	0	0	0	0	0	0	0	0	0	0	0	0	0	0	0	

73	0.624	12	0	task-3:0.015	task-0:0.06	task-1:0.055	task-2:0.035	|	0.0358487	0.136706	0.134231	0.0665364	0.0587195	0.0344756	0.0332182	0.0283028	0.0180726	0.00959708	0.00489638	0.00257777	0.0257485	0.0183453	0.00023486	5.8901e-005	0.000183786	0.0118156	0.00179468	1.54376e-005	1.99916e-008	8.10115e-012	1.60008e-014	2.01247e-013	0	2.9572e-010	1.28994e-014	6.40865e-012	0	0.0183241	0	6.40209e-014	0	0	0	0	0	0	0	2.67144e-014	0	0.0199983	0.0193972	0	2.75234e-011	0	0	0	0	0	0	0.000139721	0	0	1.51454e-013	0	0	0	0	0	0	0	0	0	0	0	0	0	0	0	0	0	0	

160	1.358	12	4	task-3:0.07	task-0:0.04	task-1:0.05	task-2:0.04	|	0.050811	0.0342846	0.0851114	0.0257055	0.00816806	0.0185895	0.0140377	0.0180066	0.0145117	0.00611554	0.00554167	0.00130695	0.0003888	0.000356394	0.000239086	0.000140023	8.91393e-005	5.41231e-005	3.25263e-005	2.05496e-005	2.47704e-006	7.64127e-008	2.50449e-009	2.61373e-010	4.03298e-011	2.81665e-009	1.69439e-008	6.10311e-009	6.58457e-010	4.76642e-008	0.02	0.039463	3.11595e-008	0	1.16164e-006	1.98015e-014	1.30889e-014	0.00911263	0	0	0	0	9.33976e-010	6.828e-015	6.82811e-015	0.0193009	4.91155e-015	4.1656e-015	0	1.44064e-011	4.16561e-015	4.16561e-015	3.77357e-015	0	0	0	2.53132e-005	3.77357e-015	3.77357e-015	0	0	0	0	0	0	0	0	0	1.89836e-011	3.77357e-015	3.77357e-015	0	0	0	2.39266e-012	3.77357e-015	3.77357e-015	0	0	0	0	6.23416e-007	3.77357e-015	3.77357e-015	3.7457e-015	0.0176973	2.88599e-010	1.06991e-012	1.07527e-010	0	0.02	0.02	0.0186357	0.0185311	5.09926e-012	5.91587e-015	9.29083e-014	5.0639e-014	0	0	1.80221e-012	2.53194e-013	5.87889e-010	7.42673e-010	2.45477e-014	0	0	0	0	0	0	0	0	0	0	0	0	0	0	0	0	0	0	0	0	0	0	0	0	0	0	0	0	0	0	0	0	0	0	0	0	0	0	0	0	0	0	0	0	0	0	0	0	0	0	0	0	0	0	0	

71	0.608	12	0	task-3:0.01	task-0:0.06	task-1:0.05	task-2:0	|	0.052686	0.123791	0.118216	0.0524941	0.0607841	0.0586213	0.0510804	0.0385103	0.0451332	0.0394091	0.0341315	0.0322277	0.0152352	0.00721646	0.00550269	0.00334703	0.00176125	0.00079229	0.000275108	6.96965e-005	1.25203e-005	2.15392e-006	0.0400003	0.039992	8.01679e-007	0.003417	9.86505e-007	2.12916e-007	4.6632e-008	1.81382e-008	6.30448e-009	1.46727e-009	2.81897e-010	3.87722e-011	3.5821e-012	0.02	3.21181e-013	4.96465e-014	6.35414e-015	0	0	0	0	0	0	0	0	0	0	0	0	0	0	0	0	0	0	0	0	0	0	0	0	0	0	0	0	0	0	0	0	

68	0.593	12	0	task-3:0.01	task-0:0.075	task-1:0.08	task-2:0.015	|	0.102856	0.059809	0.0598233	0.0547173	0.0628709	0.0631846	0.0448813	0.040976	0.0131581	0.00647735	0.00577643	0.00274827	0.000861615	0.000234175	7.19134e-005	1.39792e-005	1.52432e-006	1.03622e-007	4.90994e-007	0.0198652	2.19857e-008	2.21632e-008	1.00428e-008	3.87475e-009	1.24009e-009	3.1716e-010	6.19106e-011	8.72885e-012	8.32364e-013	4.96372e-014	0	0	0	0	0	0	0	0	0	0	0	0	0	0	0	0	0	0	0	0	0	0	0	0	0	0	0	0	0	0	0	0	0	0	0	0	0	0	

68	0.562	12	1	task-3:0.01	task-0:0.02	task-1:0.08	task-2:0	|	0.0778172	0.0598524	0.0599061	0.0547484	0.0399042	0.0381253	0.0160759	0.00243079	0.000312447	2.56173e-005	0.0338879	5.78117e-006	0.0196706	0.00136103	2.01544e-008	1.53138e-009	3.19719e-011	1.98435e-013	0	0	0	0.0199252	1.86123e-006	0.0199673	0.0199204	0.00169695	3.70841e-011	3.29482e-011	1.71633e-010	0	0	0	0	0	0	0	0	0	0	0	0	0	0	0	2.49282e-015	2.61538e-014	5.23855e-013	1.21657e-013	0	0	0	0	0	0	0	0	0	0	0	0	0	0	0	0	0	0	0	0	

71	0.624	12	0	task-3:0	task-0:0.005	task-1:0.06	task-2:0.005	|	0.0516716	0.0944976	0.0415792	0.0634054	0.0126368	0.00747002	0.00475968	0.00033078	4.18981e-005	0.000497644	1.60903e-005	5.73036e-006	4.1352e-006	8.93247e-006	7.81805e-007	9.40095e-008	8.33323e-009	1.2492e-009	3.3529e-010	1.78883e-010	1.0229e-010	5.47782e-011	2.60163e-011	1.065e-011	3.67642e-012	1.0076e-012	2.2302e-013	3.37781e-014	2.70746e-014	0	0	0	0	0	0	0	0	0	0	0	0	0	0	0	0	0	0	0	0	0	0	0	0	0	0	0	0	0	0	0	0	0	0	0	0	0	0	0	0	0	0	

82	0.718	12	0	task-3:0.025	task-0:0.035	task-1:0.07	task-2:0.03	|	0.049441	0.118979	0.079263	0.0478941	0.0271855	0.0173455	0.0235814	0.0147634	0.0176447	0.00873858	0.00307486	0.00130512	0.000811867	0.000765867	0.000741066	0.000259687	0.000176843	0.000171796	0.000954084	3.85119e-006	6.70946e-007	7.00983e-008	2.81905e-009	4.52868e-011	7.22874e-013	0.02	0.02	0	0	0	0	0.0199997	0	0	0.000337607	0	0	0	0	0	0	0	0	0	0	0	0	0	0	0	0	0	0	0	0	0	0	0	0	0	0	0	0	0	0	0	0	0	0	0	0	0	0	0	0	0	0	0	0	0	0	0	

58	0.515	12	0	task-3:0.14	task-0:0.055	task-1:0.13	task-2:0.06	|	0.031623	0.0459759	0.0304614	0.0798261	0.0632623	0.0510304	0.0376664	0.00459039	4.21123e-005	2.95423e-007	9.224e-010	3.62596e-009	1.69154e-012	6.51445e-013	2.39003e-007	7.51233e-007	3.91024e-007	1.24834e-007	2.2036e-011	1.02116e-011	1.9901e-013	1.52171e-014	0	0	0	0	0	6.47915e-009	0	0	1.37907e-013	0	0	0	0	0	0	0	0	0	0	0	1.02433e-013	0	0	0	0	0	0	0	0	0	0	0	0	0	0	0	

79	0.702	12	0	task-3:0.01	task-0:0.03	task-1:0.075	task-2:0.01	|	0.03878	0.0591329	0.0582062	0.0513435	0.0632683	0.0408213	0.0241458	0.0150058	0.000480301	1.87528e-005	4.75568e-007	1.02008e-006	0.0077686	0.000666198	0.000666478	2.97311e-005	7.49279e-007	4.54705e-007	9.12487e-008	6.16119e-009	1.99222e-008	4.83942e-009	1.95732e-009	5.37705e-010	7.37827e-012	1.50124e-012	5.79401e-014	1.20105e-013	5.30394e-015	0	0	0	0	0	0	0	0	0	0	0	0	0	0	0	0	0	0	0	0	0	0	0	0	0	0	0	0	0	0	0	0	0	0	0	0	0	0	0	0	0	0	0	0	0	0	0	0	0	0	

167	1.466	12	14	task-3:0.02	task-0:0.035	task-1:0.055	task-2:0.01	|	0.0501769	0.132175	0.127204	0.0596522	0.0464571	0.0489344	0.0557351	0.0450197	0.0141599	0.0107118	0.0111026	0.00808214	0.00438733	0.0195363	0.00807633	0.003942	0.00293893	0.00245164	0.00202907	0.00102943	1.19388e-006	2.15205e-008	1.20883e-005	2.8757e-007	4.95205e-011	0	0	7.74452e-012	9.35966e-011	3.27369e-011	0	1.14932e-013	0	0	0	0	3.09223e-014	0	0	1.0734e-014	2.04323e-015	4.26109e-015	0	0	2.24706e-015	0	0	0	0	0	0	4.08727e-015	0	0	0	0	0	2.3434e-015	0	0	0	0	0	0	0	0	0	0	0	0	0	0	0	0	0	0	0	0	0	0	0	0	0	0	0	0	0	0	0	1.99742e-015	0	0	0	0	0	0	0	0	0	0	0	0	0	0	0	0	0	0	0	0	0	0	0	7.68934e-014	0	0	0	0	0	0	0	0	0	0	0.02	0.02	5.87476e-015	3.41428e-015	0.02	0	0	0	0	0	0	0	0.02	0	0	0	0	0.02	0	0	0	0	0	0	0	0	0	0	0	0	0	0	0	0	0	0	0	0	0	0	0	0	0	

63	0.53	12	0	task-3:0.025	task-0:0.04	task-1:0.1	task-2:0.01	|	0.0361359	0.0347969	0.113594	0.0557839	0.0250895	0.0135576	0.0048572	0.000321415	1.12303e-005	1.30758e-006	7.319e-007	7.55847e-007	1.64196e-006	8.21968e-008	9.94803e-009	1.87847e-010	4.55639e-010	3.83733e-011	3.01958e-012	3.38806e-012	1.1602e-012	3.12582e-013	7.98847e-014	9.14029e-015	1.56122e-014	0	0	0	0	0	2.95232e-015	0	0	0	0	2.4713e-013	4.25871e-015	0	0	0	0	0	0	0	0	3.34344e-015	0	0	0	0	0	0	0	0	0	0	0	0	0	0	0	0	0	

65	0.546	12	0	task-3:0	task-0:0.055	task-1:0.06	task-2:0.005	|	0.100036	0.0599106	0.0599971	0.0554444	0.0684616	0.0630528	0.0267585	0.0342596	0.0298205	0.0157896	0.00582476	0.00167294	0.000159826	0.000120728	3.07163e-005	3.17067e-005	3.09889e-005	1.24937e-005	4.16055e-006	1.10047e-006	2.21134e-007	2.75564e-008	0.0177981	2.255e-013	0	0	0	0	0	0	0	0	0	0	0	0	0	0	0	0	0	0	0	0	0	0	0	0	0	0	0	0	0	0	0	0	0	0	0	0	0	0	0	0	0	

62	0.483	12	5	task-3:0.04	task-0:0.01	task-1:0.17	task-2:0.005	|	0.0962258	0.059176	0.0580424	0.0465013	0.0368129	0.0307828	0.0189915	0.00837695	0.00451435	0.00335488	0.00185876	0.000936546	0.000302053	3.83234e-005	3.57966e-006	2.76302e-007	1.02326e-008	8.92041e-012	2.13e-013	2.08976e-015	0	0	0	0	0	0	0	0	0	0	0	0	0	0.00613434	0	6.80789e-014	0	0	0	0	0	0	2.86658e-005	0	4.1117e-012	0	0	0	0	0	0	0	0	0	0	0	0	0	0	0	0	0	

81	0.655	12	0	task-3:0.055	task-0:0.045	task-1:0.05	task-2:0.005	|	0.0763443	0.0597799	0.0598364	0.0507143	0.0688945	0.0543037	0.0235844	0.0176764	0.0147696	0.00759161	0.0130888	0.00778926	0.00143844	0.000599734	0.000215336	0.000358365	3.67191e-005	3.17271e-006	3.53533e-007	2.52657e-008	7.99025e-010	1.28757e-011	1.64617e-011	0	6.48944e-014	1.15533e-014	3.45905e-014	2.92225e-014	8.4424e-015	0	0	0	0	0	0	0	0	0	0	0	0	0	0	0	0	0	0	0	0	0	0	0	0	0	0	0	0	0	0	0	0	0	0	0	0	0	0	0	0	0	0	0	0	0	0	0	0	0	0	0	0	

66	0.562	12	0	task-3:0.005	task-0:0.04	task-1:0.055	task-2:0.015	|	0.0458132	0.0595135	0.0562966	0.0453436	0.0321816	0.0142939	0.0245369	0.00728408	0.00553118	0.0065	0.00293918	0.00362712	0.00269057	0.00169243	0.00128177	0.000688406	0.000287706	0.000105028	1.99934e-005	6.25685e-006	2.34884e-005	3.04308e-005	4.26626e-005	6.54001e-006	0.000136958	3.31261e-006	2.68637e-007	7.61691e-010	4.40507e-005	5.42497e-014	3.8062e-014	3.98345e-013	1.50016e-013	2.42482e-009	0	3.45597e-014	0	0.000577802	0	0	0	0	0	0	0	0	0	0	0	0	0	0	0	0	0	0	0	0	0	0	0	0	0	0	0	0	

64	0.577	12	0	task-3:0.01	task-0:0.01	task-1:0.065	task-2:0.005	|	0.0556759	0.0597052	0.0593165	0.0416735	0.0354208	0.0157034	0.0319534	0.015592	0.0107336	0.00491469	0.00316714	0.00883433	0.00480455	0.00183415	0.000505217	0.000309614	0.000103236	4.06733e-006	2.67442e-011	0	0	1.10954e-014	1.92199e-013	4.20449e-008	4.10698e-011	1.89052e-010	2.1671e-015	0	0	0	0	0	0	0	0	0	0	0	0	0	0	0	0	0	0	0	0	0	0	0	0	0	0	0	0	0	0	0	0	0	0	0	0	0	

64	0.499	12	0	task-3:0.06	task-0:0.01	task-1:0.04	task-2:0.005	|	0.0377099	0.0931444	0.0537361	0.0210329	0.00417163	0.000827428	0.0266284	0.0367569	0.00132875	0.00111762	0.00109712	0.000238782	5.0506e-005	1.13219e-005	2.06202e-006	3.54563e-007	5.03756e-008	2.43713e-009	1.81417e-010	7.05405e-012	1.69749e-013	2.52962e-014	7.23864e-008	1.51894e-010	1.7491e-014	1.147e-014	1.83764e-013	1.81577e-012	1.30586e-013	5.2539e-015	2.87945e-014	7.05045e-015	0	0	0	0	0	0	0	0	0	0	0	0	0	0	0	0	0	0	0	0	0	0	0	0	0	0	0	0	0	0	0	0	

66	0.577	12	0	task-3:0	task-0:0.015	task-1:0.03	task-2:0.055	|	0.042547	0.0577565	0.0534132	0.0478909	0.0200968	0.016104	0.0233215	0.0214211	0.0146357	0.00711565	0.00494635	0.00207437	0.000923016	0.000298495	7.15924e-005	1.53507e-005	5.90947e-006	1.5676e-006	9.98791e-007	4.70852e-007	0.0199998	0.0199874	0.0028842	4.83824e-008	5.82907e-009	8.9357e-011	2.34468e-011	5.09392e-012	3.26425e-013	4.86018e-007	4.75569e-010	0	0	0	0	0	0	0	0	0	0	0	0	0	0	0	0	0	0	0	0	0	0	0	0	0	0	0	0	0	0	0	0	0	0	0	

68	0.577	12	0	task-3:0	task-0:0.04	task-1:0.045	task-2:0	|	0.0740493	0.0598531	0.0597984	0.0494288	0.0528938	0.0500988	0.041517	0.0498126	0.0465934	0.026872	0.021721	0.0163291	0.0117603	0.00688468	0.00173413	0.000339093	6.36678e-005	9.57819e-006	3.22159e-006	1.07002e-006	2.69664e-007	4.3001e-008	4.18707e-009	4.56885e-011	0	3.50832e-014	3.64861e-015	0	0	0	0	0	0	0	0	0	0	0	0	0	0	0	0	0	0	0	0	0	0	0	0	0	0	0	0	0	0	0	0	0	0	0	0	0	0	0	0	0	

