4	0.016	0	0	task-3:0.005	task-0:0.035	task-1:0.185	task-2:0.16	|	0.103877	0.0746733	0.0294848	0.00372223	0.00202788	

5	0	0	0	task-3:0.005	task-0:0.02	task-1:0.06	task-2:0.135	|	0.0538197	0.0440899	0.0270855	0.00979975	0.00327416	0.00120016	

4	0	0	0	task-3:0.035	task-0:0.045	task-1:0.71	task-2:0.1	|	0.0448926	0.0235187	0.00989761	0.00329306	0.00118591	

4	0.016	0	0	task-3:0.035	task-0:0.015	task-1:0.15	task-2:0.09	|	0.0467581	0.0349888	0.0156694	0.00581631	0.00181479	

5	0.016	0	0	task-3:0.175	task-0:0.015	task-1:0.055	task-2:0.135	|	0.0459739	0.0360191	0.0209318	0.00947236	0.00436963	0.00145066	

4	0.015	0	0	task-3:0.045	task-0:0.1	task-1:0.52	task-2:0.075	|	0.0422308	0.0296112	0.00883977	0.00305639	0.00149822	

5	0	0	0	task-3:0.005	task-0:0	task-1:0.08	task-2:0.135	|	0.0455909	0.0338973	0.0166349	0.00630264	0.00271612	0.000931447	

4	0	0	0	task-3:0.025	task-0:0.045	task-1:0.075	task-2:0.08	|	0.0522374	0.031745	0.0140514	0.00412197	0.00131133	

3	0.015	0	0	task-3:0.055	task-0:0.055	task-1:0.11	task-2:0.135	|	0.0374018	0.0178695	0.00560505	0.00202764	

6	0.016	0	0	task-3:0.005	task-0:0.005	task-1:0.06	task-2:0.075	|	0.0531886	0.0411962	0.0245551	0.0106206	0.00598694	0.00320081	0.00130942	

4	0.016	0	0	task-3:0.035	task-0:0.045	task-1:0.075	task-2:0.105	|	0.0402141	0.0263196	0.0108349	0.00359683	0.0013736	

4	0	0	0	task-3:0.04	task-0:0.005	task-1:0.13	task-2:0.16	|	0.044304	0.034792	0.0167836	0.00494593	0.0020761	

4	0	0	0	task-3:0.04	task-0:0.04	task-1:0.12	task-2:0.07	|	0.0373944	0.0257413	0.0115114	0.00372371	0.00123001	

4	0.016	0	0	task-3:0.015	task-0:0.085	task-1:0.135	task-2:0.12	|	0.0435089	0.0308403	0.0125517	0.0050061	0.00226741	

6	0.015	0	0	task-3:0.005	task-0:0.005	task-1:0.07	task-2:0.075	|	0.0495306	0.0379591	0.0238861	0.0116272	0.0061781	0.00256963	0.000922596	

4	0	0	0	task-3:0.045	task-0:0.015	task-1:0.14	task-2:0.085	|	0.0411252	0.0316471	0.0149797	0.0051443	0.00159148	

4	0	0	0	task-3:0.05	task-0:0.015	task-1:0.105	task-2:0.13	|	0.0446814	0.03066	0.0141682	0.0048122	0.00196333	

5	0.016	0	0	task-3:0	task-0:0.015	task-1:0.105	task-2:0.135	|	0.0426804	0.035098	0.0188941	0.00607399	0.00320119	0.00155737	

4	0.015	0	0	task-3:0.035	task-0:0.025	task-1:0.155	task-2:0.11	|	0.0527732	0.0317168	0.0100464	0.00323129	0.00130596	

5	0.016	0	0	task-3:0.4	task-0:0.05	task-1:0.075	task-2:0.135	|	0.0490269	0.0353406	0.0225742	0.0104029	0.00454569	0.00141066	

4	0	0	0	task-3:0.02	task-0:0.045	task-1:0.11	task-2:0.12	|	0.0393686	0.0250924	0.00780398	0.00261693	0.000998432	

5	0	0	0	task-3:0.065	task-0:0.01	task-1:0.14	task-2:0.135	|	0.0450387	0.0330148	0.01638	0.00615845	0.00284675	0.00138842	

4	0.016	0	0	task-3:0.045	task-0:0.035	task-1:0.15	task-2:0.085	|	0.0385883	0.0271081	0.00991404	0.00331708	0.000965968	

4	0.016	0	0	task-3:0.05	task-0:0.035	task-1:0.56	task-2:0.09	|	0.0454566	0.0307156	0.0101421	0.00369088	0.00129324	

5	0.015	0	0	task-3:0.035	task-0:0.06	task-1:0.095	task-2:0.135	|	0.051928	0.0342317	0.0210687	0.0110168	0.0055872	0.00164795	

5	0	0	0	task-3:0.14	task-0:0.005	task-1:0.1	task-2:0.135	|	0.0451832	0.0366465	0.0197571	0.00773206	0.0040025	0.00231034	

5	0.016	0	0	task-3:0.375	task-0:0.005	task-1:0.075	task-2:0.135	|	0.0496628	0.036278	0.0213178	0.00822808	0.0036311	0.00167565	

4	0	0	0	task-3:0.02	task-0:0.055	task-1:0.07	task-2:0.08	|	0.0442939	0.029711	0.00938694	0.00351332	0.00138702	

5	0	0	0	task-3:0.29	task-0:0.015	task-1:0.095	task-2:0.135	|	0.0403815	0.0305212	0.0145071	0.00552958	0.00253512	0.00127479	

5	0	0	0	task-3:0.355	task-0:0.015	task-1:0.095	task-2:0.135	|	0.0517088	0.043043	0.0242249	0.00867818	0.00430133	0.00204939	

4	0.016	0	0	task-3:0.045	task-0:0.055	task-1:0.115	task-2:0.145	|	0.0405522	0.0284075	0.0119243	0.00361722	0.00104194	

4	0.015	0	0	task-3:0.03	task-0:0.025	task-1:0.105	task-2:0.13	|	0.0539546	0.0352344	0.0167872	0.00529018	0.00217706	

4	0	0	0	task-3:0.035	task-0:0.005	task-1:0.35	task-2:0.105	|	0.0450375	0.0303121	0.0136649	0.00389782	0.00107385	

4	0	0	0	task-3:0.04	task-0:0.045	task-1:0.11	task-2:0.065	|	0.0402389	0.0282605	0.012226	0.00434575	0.00144475	

5	0.015	0	0	task-3:0	task-0:0.005	task-1:0.085	task-2:0.135	|	0.0502663	0.0362958	0.0193329	0.00830121	0.00449432	0.0014737	

4	0.016	0	0	task-3:0.03	task-0:0.045	task-1:0.13	task-2:0.155	|	0.0370427	0.0278661	0.0110911	0.00324452	0.00164555	

4	0.016	0	0	task-3:0.05	task-0:0.015	task-1:0.52	task-2:0.115	|	0.048449	0.032766	0.0133412	0.00539887	0.00236723	

4	0	0	0	task-3:0.03	task-0:0.03	task-1:0.105	task-2:0.14	|	0.0431163	0.0280172	0.011737	0.00376562	0.00135237	

4	0.015	0	0	task-3:0.025	task-0:0.03	task-1:0.08	task-2:0.16	|	0.0430841	0.0262858	0.00963485	0.00292251	0.000932754	

5	0.016	0	0	task-3:0.2	task-0:0.005	task-1:0.09	task-2:0.135	|	0.0448636	0.0359147	0.0220906	0.0109716	0.00521631	0.00180703	

4	0.015	0	0	task-3:0.035	task-0:0.06	task-1:0.835	task-2:0.12	|	0.0507494	0.0287327	0.0121248	0.00284256	0.000821447	

5	0	0	0	task-3:0	task-0:0.005	task-1:0.13	task-2:0.135	|	0.042417	0.033362	0.0167691	0.00688336	0.00382326	0.00225305	

4	0	0	0	task-3:0.035	task-0:0.015	task-1:0.485	task-2:0.155	|	0.050509	0.0295153	0.0093995	0.00292154	0.00107818	

4	0.016	0	0	task-3:0.05	task-0:0.035	task-1:0.085	task-2:0.085	|	0.0484191	0.0297483	0.0124693	0.00557502	0.00247019	

6	0.015	0	0	task-3:0.005	task-0:0.01	task-1:0.08	task-2:0.07	|	0.0470266	0.0387853	0.0268101	0.0157756	0.00927095	0.00397969	0.00158183	

4	0.016	0	0	task-3:0.03	task-0:0.01	task-1:0.065	task-2:0.085	|	0.0515902	0.0355602	0.0138815	0.00513603	0.00183186	

5	0	0	0	task-3:0.11	task-0:0.01	task-1:0.145	task-2:0.135	|	0.0466581	0.0314987	0.0162576	0.00632308	0.00266434	0.00105417	

4	0	0	0	task-3:0.05	task-0:0	task-1:0.11	task-2:0.09	|	0.0473952	0.0338729	0.0125562	0.00370157	0.00109571	

4	0.016	0	0	task-3:0.015	task-0:0.045	task-1:0.12	task-2:0.12	|	0.0395246	0.0253764	0.00811066	0.00270431	0.00100816	

5	0.016	0	0	task-3:0	task-0:0	task-1:0.1	task-2:0.135	|	0.0526888	0.0423222	0.030855	0.0167175	0.00586918	0.00213669	

4	0.015	0	0	task-3:0.03	task-0:0.02	task-1:0.135	task-2:0.105	|	0.0466893	0.0302238	0.0133909	0.0050511	0.00188219	

5	0	0	0	task-3:0.295	task-0:0	task-1:0.07	task-2:0.135	|	0.048991	0.0365596	0.0167631	0.00645948	0.00284818	0.00154801	

4	0	0	0	task-3:0.035	task-0:0.035	task-1:0.13	task-2:0.105	|	0.0368788	0.02683	0.0104031	0.00362602	0.00101884	

4	0.015	0	0	task-3:0.035	task-0:0.05	task-1:0.06	task-2:0.115	|	0.0381454	0.0274187	0.0119844	0.00441255	0.00186096	

5	0.016	0	0	task-3:0.335	task-0:0.055	task-1:0.075	task-2:0.135	|	0.0529046	0.0402852	0.0267216	0.0125559	0.00640426	0.00235472	

4	0	0	0	task-3:0.01	task-0:0.025	task-1:0.075	task-2:0.125	|	0.0518211	0.0323567	0.0107806	0.00280844	0.00102516	

5	0	0	0	task-3:0.14	task-0:0.01	task-1:0.105	task-2:0.135	|	0.0448854	0.0342016	0.0174719	0.00683942	0.00357243	0.00198825	

4	0.015	0	0	task-3:0.03	task-0:0.025	task-1:0.15	task-2:0.1	|	0.0366013	0.0278935	0.0128144	0.00478063	0.00152648	

4	0.016	0	0	task-3:0.04	task-0:0.015	task-1:0.415	task-2:0.12	|	0.0543379	0.0312682	0.00869329	0.00276338	0.000842753	

6	0.015	0	0	task-3:0.01	task-0:0.04	task-1:0.065	task-2:0.13	|	0.0395365	0.0348731	0.0240029	0.0111165	0.00703814	0.00257368	0.00163471	

