83	0.047	1	0	task-3:0.456	task-0:0.174	task-1:0.212	task-2:0.474	|	0.0548503	0.0543178	0.0537318	0.0536472	0.0534935	0.0533447	0.0532661	0.0532492	0.0532132	0.0531436	0.0530354	0.053104	0.0531087	0.0529529	0.0529485	0.0522689	0.051268	0.0485655	0.0437506	0.0390715	0.0357813	0.0490177	0.0337798	0.0332052	0.0318996	0.0292663	0.0254914	0.0212833	0.0221974	0.0221149	0.0176463	0.0172112	0.0163155	0.0148784	0.0148534	0.0140261	0.0131973	0.0129263	0.0126615	0.0121966	0.0115531	0.010546	0.00877106	

92	0.047	1	0	task-3:0.46	task-0:0.236	task-1:0.13	task-2:0.462	|	0.0654212	0.0616972	0.0544084	0.0540014	0.0537327	0.0537071	0.053664	0.0535848	0.0534859	0.0533917	0.0533415	0.0532755	0.0531954	0.0531383	0.0531093	0.053096	0.053082	0.0530708	0.0530461	0.0530006	0.0529497	0.0532503	0.052924	0.0529186	0.0521832	0.051105	0.0481729	0.0427738	0.0361494	0.0337503	0.032881	0.0312475	0.0284732	0.0245483	0.0203883	0.0187874	0.0192841	0.0168992	0.0160445	0.0155767	0.0147068	0.0130676	0.0107096	0.00930738	

92	0.046	1	0	task-3:0.46	task-0:0.236	task-1:0.13	task-2:0.462	|	0.0654212	0.0616972	0.0544084	0.0540014	0.0537327	0.0537071	0.053664	0.0535848	0.0534859	0.0533917	0.0533415	0.0532755	0.0531954	0.0531383	0.0531093	0.053096	0.053082	0.0530708	0.0530461	0.0530006	0.0529497	0.0532503	0.052924	0.0529186	0.0521832	0.051105	0.0481729	0.0427738	0.0361494	0.0337503	0.032881	0.0312475	0.0284732	0.0245483	0.0203883	0.0187874	0.0192841	0.0168992	0.0160445	0.0155767	0.0147068	0.0130676	0.0107096	0.00930738	

92	0.047	1	0	task-3:0.46	task-0:0.236	task-1:0.13	task-2:0.462	|	0.0654212	0.0616972	0.0544084	0.0540014	0.0537327	0.0537071	0.053664	0.0535848	0.0534859	0.0533917	0.0533415	0.0532755	0.0531954	0.0531383	0.0531093	0.053096	0.053082	0.0530708	0.0530461	0.0530006	0.0529497	0.0532503	0.052924	0.0529186	0.0521832	0.051105	0.0481729	0.0427738	0.0361494	0.0337503	0.032881	0.0312475	0.0284732	0.0245483	0.0203883	0.0187874	0.0192841	0.0168992	0.0160445	0.0155767	0.0147068	0.0130676	0.0107096	0.00930738	

92	0.047	1	0	task-3:0.46	task-0:0.236	task-1:0.13	task-2:0.462	|	0.0654212	0.0616972	0.0544084	0.0540014	0.0537327	0.0537071	0.053664	0.0535848	0.0534859	0.0533917	0.0533415	0.0532755	0.0531954	0.0531383	0.0531093	0.053096	0.053082	0.0530708	0.0530461	0.0530006	0.0529497	0.0532503	0.052924	0.0529186	0.0521832	0.051105	0.0481729	0.0427738	0.0361494	0.0337503	0.032881	0.0312475	0.0284732	0.0245483	0.0203883	0.0187874	0.0192841	0.0168992	0.0160445	0.0155767	0.0147068	0.0130676	0.0107096	0.00930738	

92	0.047	1	0	task-3:0.46	task-0:0.236	task-1:0.13	task-2:0.462	|	0.0654212	0.0616972	0.0544084	0.0540014	0.0537327	0.0537071	0.053664	0.0535848	0.0534859	0.0533917	0.0533415	0.0532755	0.0531954	0.0531383	0.0531093	0.053096	0.053082	0.0530708	0.0530461	0.0530006	0.0529497	0.0532503	0.052924	0.0529186	0.0521832	0.051105	0.0481729	0.0427738	0.0361494	0.0337503	0.032881	0.0312475	0.0284732	0.0245483	0.0203883	0.0187874	0.0192841	0.0168992	0.0160445	0.0155767	0.0147068	0.0130676	0.0107096	0.00930738	

92	0.047	1	0	task-3:0.46	task-0:0.236	task-1:0.13	task-2:0.462	|	0.0654212	0.0616972	0.0544084	0.0540014	0.0537327	0.0537071	0.053664	0.0535848	0.0534859	0.0533917	0.0533415	0.0532755	0.0531954	0.0531383	0.0531093	0.053096	0.053082	0.0530708	0.0530461	0.0530006	0.0529497	0.0532503	0.052924	0.0529186	0.0521832	0.051105	0.0481729	0.0427738	0.0361494	0.0337503	0.032881	0.0312475	0.0284732	0.0245483	0.0203883	0.0187874	0.0192841	0.0168992	0.0160445	0.0155767	0.0147068	0.0130676	0.0107096	0.00930738	

92	0.047	1	0	task-3:0.46	task-0:0.236	task-1:0.13	task-2:0.462	|	0.0654212	0.0616972	0.0544084	0.0540014	0.0537327	0.0537071	0.053664	0.0535848	0.0534859	0.0533917	0.0533415	0.0532755	0.0531954	0.0531383	0.0531093	0.053096	0.053082	0.0530708	0.0530461	0.0530006	0.0529497	0.0532503	0.052924	0.0529186	0.0521832	0.051105	0.0481729	0.0427738	0.0361494	0.0337503	0.032881	0.0312475	0.0284732	0.0245483	0.0203883	0.0187874	0.0192841	0.0168992	0.0160445	0.0155767	0.0147068	0.0130676	0.0107096	0.00930738	

92	0.031	1	0	task-3:0.46	task-0:0.236	task-1:0.13	task-2:0.462	|	0.0654212	0.0616972	0.0544084	0.0540014	0.0537327	0.0537071	0.053664	0.0535848	0.0534859	0.0533917	0.0533415	0.0532755	0.0531954	0.0531383	0.0531093	0.053096	0.053082	0.0530708	0.0530461	0.0530006	0.0529497	0.0532503	0.052924	0.0529186	0.0521832	0.051105	0.0481729	0.0427738	0.0361494	0.0337503	0.032881	0.0312475	0.0284732	0.0245483	0.0203883	0.0187874	0.0192841	0.0168992	0.0160445	0.0155767	0.0147068	0.0130676	0.0107096	0.00930738	

92	0.047	1	0	task-3:0.46	task-0:0.236	task-1:0.13	task-2:0.462	|	0.0654212	0.0616972	0.0544084	0.0540014	0.0537327	0.0537071	0.053664	0.0535848	0.0534859	0.0533917	0.0533415	0.0532755	0.0531954	0.0531383	0.0531093	0.053096	0.053082	0.0530708	0.0530461	0.0530006	0.0529497	0.0532503	0.052924	0.0529186	0.0521832	0.051105	0.0481729	0.0427738	0.0361494	0.0337503	0.032881	0.0312475	0.0284732	0.0245483	0.0203883	0.0187874	0.0192841	0.0168992	0.0160445	0.0155767	0.0147068	0.0130676	0.0107096	0.00930738	

92	0.031	1	0	task-3:0.46	task-0:0.236	task-1:0.13	task-2:0.462	|	0.0654212	0.0616972	0.0544084	0.0540014	0.0537327	0.0537071	0.053664	0.0535848	0.0534859	0.0533917	0.0533415	0.0532755	0.0531954	0.0531383	0.0531093	0.053096	0.053082	0.0530708	0.0530461	0.0530006	0.0529497	0.0532503	0.052924	0.0529186	0.0521832	0.051105	0.0481729	0.0427738	0.0361494	0.0337503	0.032881	0.0312475	0.0284732	0.0245483	0.0203883	0.0187874	0.0192841	0.0168992	0.0160445	0.0155767	0.0147068	0.0130676	0.0107096	0.00930738	

108	0.062	1	0	task-3:0.456	task-0:0.148	task-1:0.118	task-2:0.468	|	0.0622306	0.060275	0.0569909	0.0560695	0.0552303	0.0539431	0.0530265	0.0593489	0.0529672	0.0529606	0.0529557	0.052947	0.0529298	0.0528992	0.052876	0.0530423	0.0528558	0.0528539	0.0528501	0.052845	0.0528417	0.0519405	0.0506454	0.0472371	0.0416046	0.0375476	0.0348901	0.0337177	0.0310084	0.030385	0.0289302	0.0258898	0.0203127	0.0129216	0.0515321	0.0135745	0.022144	0.0115067	0.0113009	0.0109821	0.0107864	0.0103555	0.00949605	

108	0.063	1	0	task-3:0.456	task-0:0.148	task-1:0.118	task-2:0.468	|	0.0622306	0.060275	0.0569909	0.0560695	0.0552303	0.0539431	0.0530265	0.0593489	0.0529672	0.0529606	0.0529557	0.052947	0.0529298	0.0528992	0.052876	0.0530423	0.0528558	0.0528539	0.0528501	0.052845	0.0528417	0.0519405	0.0506454	0.0472371	0.0416046	0.0375476	0.0348901	0.0337177	0.0310084	0.030385	0.0289302	0.0258898	0.0203127	0.0129216	0.0515321	0.0135745	0.022144	0.0115067	0.0113009	0.0109821	0.0107864	0.0103555	0.00949605	

108	0.047	1	0	task-3:0.456	task-0:0.148	task-1:0.118	task-2:0.468	|	0.0622306	0.060275	0.0569909	0.0560695	0.0552303	0.0539431	0.0530265	0.0593489	0.0529672	0.0529606	0.0529557	0.052947	0.0529298	0.0528992	0.052876	0.0530423	0.0528558	0.0528539	0.0528501	0.052845	0.0528417	0.0519405	0.0506454	0.0472371	0.0416046	0.0375476	0.0348901	0.0337177	0.0310084	0.030385	0.0289302	0.0258898	0.0203127	0.0129216	0.0515321	0.0135745	0.022144	0.0115067	0.0113009	0.0109821	0.0107864	0.0103555	0.00949605	

108	0.062	1	0	task-3:0.456	task-0:0.148	task-1:0.118	task-2:0.468	|	0.0622306	0.060275	0.0569909	0.0560695	0.0552303	0.0539431	0.0530265	0.0593489	0.0529672	0.0529606	0.0529557	0.052947	0.0529298	0.0528992	0.052876	0.0530423	0.0528558	0.0528539	0.0528501	0.052845	0.0528417	0.0519405	0.0506454	0.0472371	0.0416046	0.0375476	0.0348901	0.0337177	0.0310084	0.030385	0.0289302	0.0258898	0.0203127	0.0129216	0.0515321	0.0135745	0.022144	0.0115067	0.0113009	0.0109821	0.0107864	0.0103555	0.00949605	

108	0.047	1	0	task-3:0.456	task-0:0.148	task-1:0.118	task-2:0.468	|	0.0622306	0.060275	0.0569909	0.0560695	0.0552303	0.0539431	0.0530265	0.0593489	0.0529672	0.0529606	0.0529557	0.052947	0.0529298	0.0528992	0.052876	0.0530423	0.0528558	0.0528539	0.0528501	0.052845	0.0528417	0.0519405	0.0506454	0.0472371	0.0416046	0.0375476	0.0348901	0.0337177	0.0310084	0.030385	0.0289302	0.0258898	0.0203127	0.0129216	0.0515321	0.0135745	0.022144	0.0115067	0.0113009	0.0109821	0.0107864	0.0103555	0.00949605	

108	0.063	1	0	task-3:0.456	task-0:0.148	task-1:0.118	task-2:0.468	|	0.0622306	0.060275	0.0569909	0.0560695	0.0552303	0.0539431	0.0530265	0.0593489	0.0529672	0.0529606	0.0529557	0.052947	0.0529298	0.0528992	0.052876	0.0530423	0.0528558	0.0528539	0.0528501	0.052845	0.0528417	0.0519405	0.0506454	0.0472371	0.0416046	0.0375476	0.0348901	0.0337177	0.0310084	0.030385	0.0289302	0.0258898	0.0203127	0.0129216	0.0515321	0.0135745	0.022144	0.0115067	0.0113009	0.0109821	0.0107864	0.0103555	0.00949605	

108	0.062	1	0	task-3:0.456	task-0:0.148	task-1:0.118	task-2:0.468	|	0.0622306	0.060275	0.0569909	0.0560695	0.0552303	0.0539431	0.0530265	0.0593489	0.0529672	0.0529606	0.0529557	0.052947	0.0529298	0.0528992	0.052876	0.0530423	0.0528558	0.0528539	0.0528501	0.052845	0.0528417	0.0519405	0.0506454	0.0472371	0.0416046	0.0375476	0.0348901	0.0337177	0.0310084	0.030385	0.0289302	0.0258898	0.0203127	0.0129216	0.0515321	0.0135745	0.022144	0.0115067	0.0113009	0.0109821	0.0107864	0.0103555	0.00949605	

108	0.047	1	0	task-3:0.456	task-0:0.148	task-1:0.118	task-2:0.468	|	0.0622306	0.060275	0.0569909	0.0560695	0.0552303	0.0539431	0.0530265	0.0593489	0.0529672	0.0529606	0.0529557	0.052947	0.0529298	0.0528992	0.052876	0.0530423	0.0528558	0.0528539	0.0528501	0.052845	0.0528417	0.0519405	0.0506454	0.0472371	0.0416046	0.0375476	0.0348901	0.0337177	0.0310084	0.030385	0.0289302	0.0258898	0.0203127	0.0129216	0.0515321	0.0135745	0.022144	0.0115067	0.0113009	0.0109821	0.0107864	0.0103555	0.00949605	

108	0.046	1	0	task-3:0.456	task-0:0.148	task-1:0.118	task-2:0.468	|	0.0622306	0.060275	0.0569909	0.0560695	0.0552303	0.0539431	0.0530265	0.0593489	0.0529672	0.0529606	0.0529557	0.052947	0.0529298	0.0528992	0.052876	0.0530423	0.0528558	0.0528539	0.0528501	0.052845	0.0528417	0.0519405	0.0506454	0.0472371	0.0416046	0.0375476	0.0348901	0.0337177	0.0310084	0.030385	0.0289302	0.0258898	0.0203127	0.0129216	0.0515321	0.0135745	0.022144	0.0115067	0.0113009	0.0109821	0.0107864	0.0103555	0.00949605	

108	0.063	1	0	task-3:0.456	task-0:0.148	task-1:0.118	task-2:0.468	|	0.0622306	0.060275	0.0569909	0.0560695	0.0552303	0.0539431	0.0530265	0.0593489	0.0529672	0.0529606	0.0529557	0.052947	0.0529298	0.0528992	0.052876	0.0530423	0.0528558	0.0528539	0.0528501	0.052845	0.0528417	0.0519405	0.0506454	0.0472371	0.0416046	0.0375476	0.0348901	0.0337177	0.0310084	0.030385	0.0289302	0.0258898	0.0203127	0.0129216	0.0515321	0.0135745	0.022144	0.0115067	0.0113009	0.0109821	0.0107864	0.0103555	0.00949605	

108	0.047	1	0	task-3:0.456	task-0:0.148	task-1:0.118	task-2:0.468	|	0.0622306	0.060275	0.0569909	0.0560695	0.0552303	0.0539431	0.0530265	0.0593489	0.0529672	0.0529606	0.0529557	0.052947	0.0529298	0.0528992	0.052876	0.0530423	0.0528558	0.0528539	0.0528501	0.052845	0.0528417	0.0519405	0.0506454	0.0472371	0.0416046	0.0375476	0.0348901	0.0337177	0.0310084	0.030385	0.0289302	0.0258898	0.0203127	0.0129216	0.0515321	0.0135745	0.022144	0.0115067	0.0113009	0.0109821	0.0107864	0.0103555	0.00949605	

108	0.062	1	0	task-3:0.456	task-0:0.148	task-1:0.118	task-2:0.468	|	0.0622306	0.060275	0.0569909	0.0560695	0.0552303	0.0539431	0.0530265	0.0593489	0.0529672	0.0529606	0.0529557	0.052947	0.0529298	0.0528992	0.052876	0.0530423	0.0528558	0.0528539	0.0528501	0.052845	0.0528417	0.0519405	0.0506454	0.0472371	0.0416046	0.0375476	0.0348901	0.0337177	0.0310084	0.030385	0.0289302	0.0258898	0.0203127	0.0129216	0.0515321	0.0135745	0.022144	0.0115067	0.0113009	0.0109821	0.0107864	0.0103555	0.00949605	

108	0.047	1	0	task-3:0.456	task-0:0.148	task-1:0.118	task-2:0.468	|	0.0622306	0.060275	0.0569909	0.0560695	0.0552303	0.0539431	0.0530265	0.0593489	0.0529672	0.0529606	0.0529557	0.052947	0.0529298	0.0528992	0.052876	0.0530423	0.0528558	0.0528539	0.0528501	0.052845	0.0528417	0.0519405	0.0506454	0.0472371	0.0416046	0.0375476	0.0348901	0.0337177	0.0310084	0.030385	0.0289302	0.0258898	0.0203127	0.0129216	0.0515321	0.0135745	0.022144	0.0115067	0.0113009	0.0109821	0.0107864	0.0103555	0.00949605	

108	0.063	1	0	task-3:0.456	task-0:0.148	task-1:0.118	task-2:0.468	|	0.0622306	0.060275	0.0569909	0.0560695	0.0552303	0.0539431	0.0530265	0.0593489	0.0529672	0.0529606	0.0529557	0.052947	0.0529298	0.0528992	0.052876	0.0530423	0.0528558	0.0528539	0.0528501	0.052845	0.0528417	0.0519405	0.0506454	0.0472371	0.0416046	0.0375476	0.0348901	0.0337177	0.0310084	0.030385	0.0289302	0.0258898	0.0203127	0.0129216	0.0515321	0.0135745	0.022144	0.0115067	0.0113009	0.0109821	0.0107864	0.0103555	0.00949605	

108	0.047	1	0	task-3:0.456	task-0:0.148	task-1:0.118	task-2:0.468	|	0.0622306	0.060275	0.0569909	0.0560695	0.0552303	0.0539431	0.0530265	0.0593489	0.0529672	0.0529606	0.0529557	0.052947	0.0529298	0.0528992	0.052876	0.0530423	0.0528558	0.0528539	0.0528501	0.052845	0.0528417	0.0519405	0.0506454	0.0472371	0.0416046	0.0375476	0.0348901	0.0337177	0.0310084	0.030385	0.0289302	0.0258898	0.0203127	0.0129216	0.0515321	0.0135745	0.022144	0.0115067	0.0113009	0.0109821	0.0107864	0.0103555	0.00949605	

108	0.046	1	0	task-3:0.456	task-0:0.148	task-1:0.118	task-2:0.468	|	0.0622306	0.060275	0.0569909	0.0560695	0.0552303	0.0539431	0.0530265	0.0593489	0.0529672	0.0529606	0.0529557	0.052947	0.0529298	0.0528992	0.052876	0.0530423	0.0528558	0.0528539	0.0528501	0.052845	0.0528417	0.0519405	0.0506454	0.0472371	0.0416046	0.0375476	0.0348901	0.0337177	0.0310084	0.030385	0.0289302	0.0258898	0.0203127	0.0129216	0.0515321	0.0135745	0.022144	0.0115067	0.0113009	0.0109821	0.0107864	0.0103555	0.00949605	

108	0.047	1	0	task-3:0.456	task-0:0.148	task-1:0.118	task-2:0.468	|	0.0622306	0.060275	0.0569909	0.0560695	0.0552303	0.0539431	0.0530265	0.0593489	0.0529672	0.0529606	0.0529557	0.052947	0.0529298	0.0528992	0.052876	0.0530423	0.0528558	0.0528539	0.0528501	0.052845	0.0528417	0.0519405	0.0506454	0.0472371	0.0416046	0.0375476	0.0348901	0.0337177	0.0310084	0.030385	0.0289302	0.0258898	0.0203127	0.0129216	0.0515321	0.0135745	0.022144	0.0115067	0.0113009	0.0109821	0.0107864	0.0103555	0.00949605	

108	0.047	1	0	task-3:0.456	task-0:0.148	task-1:0.118	task-2:0.468	|	0.0622306	0.060275	0.0569909	0.0560695	0.0552303	0.0539431	0.0530265	0.0593489	0.0529672	0.0529606	0.0529557	0.052947	0.0529298	0.0528992	0.052876	0.0530423	0.0528558	0.0528539	0.0528501	0.052845	0.0528417	0.0519405	0.0506454	0.0472371	0.0416046	0.0375476	0.0348901	0.0337177	0.0310084	0.030385	0.0289302	0.0258898	0.0203127	0.0129216	0.0515321	0.0135745	0.022144	0.0115067	0.0113009	0.0109821	0.0107864	0.0103555	0.00949605	

115	0.047	1	0	task-3:0.46	task-0:0.148	task-1:0.16	task-2:0.472	|	0.0665455	0.06169	0.0552291	0.0550983	0.0549032	0.0545181	0.053891	0.054328	0.0563951	0.0532741	0.0532588	0.0532268	0.0531649	0.0530838	0.0529677	0.0535699	0.0529815	0.0529291	0.0529255	0.0529176	0.052903	0.0528849	0.0520572	0.0507817	0.0472627	0.0405223	0.0323289	0.0409952	0.0306121	0.0272709	0.026302	0.0253913	0.0241925	0.0227031	0.0200299	0.0176642	0.0257451	0.0162675	0.0157367	0.0152332	0.0143433	0.0132018	0.0132263	0.012346	0.012138	0.0118262	0.0113229	0.0110062	0.010662	0.010184	0.00975647	

115	0.063	1	0	task-3:0.46	task-0:0.148	task-1:0.16	task-2:0.472	|	0.0665455	0.06169	0.0552291	0.0550983	0.0549032	0.0545181	0.053891	0.054328	0.0563951	0.0532741	0.0532588	0.0532268	0.0531649	0.0530838	0.0529677	0.0535699	0.0529815	0.0529291	0.0529255	0.0529176	0.052903	0.0528849	0.0520572	0.0507817	0.0472627	0.0405223	0.0323289	0.0409952	0.0306121	0.0272709	0.026302	0.0253913	0.0241925	0.0227031	0.0200299	0.0176642	0.0257451	0.0162675	0.0157367	0.0152332	0.0143433	0.0132018	0.0132263	0.012346	0.012138	0.0118262	0.0113229	0.0110062	0.010662	0.010184	0.00975647	

115	0.062	1	0	task-3:0.46	task-0:0.148	task-1:0.16	task-2:0.472	|	0.0665455	0.06169	0.0552291	0.0550983	0.0549032	0.0545181	0.053891	0.054328	0.0563951	0.0532741	0.0532588	0.0532268	0.0531649	0.0530838	0.0529677	0.0535699	0.0529815	0.0529291	0.0529255	0.0529176	0.052903	0.0528849	0.0520572	0.0507817	0.0472627	0.0405223	0.0323289	0.0409952	0.0306121	0.0272709	0.026302	0.0253913	0.0241925	0.0227031	0.0200299	0.0176642	0.0257451	0.0162675	0.0157367	0.0152332	0.0143433	0.0132018	0.0132263	0.012346	0.012138	0.0118262	0.0113229	0.0110062	0.010662	0.010184	0.00975647	

78	0.032	1	0	task-3:0.46	task-0:0.188	task-1:0.14	task-2:0.482	|	0.0740984	0.067416	0.0552526	0.0547673	0.0546246	0.0544494	0.0541609	0.0538582	0.0534477	0.0532024	0.0554233	0.0531307	0.0530782	0.0530735	0.0530592	0.0530273	0.0529681	0.0528993	0.0535893	0.0528812	0.0528785	0.052873	0.0528664	0.0528609	0.0521349	0.0510722	0.0482858	0.0435967	0.0388059	0.0347558	0.0331004	0.0303924	0.0278478	0.0234621	0.0195707	0.0217738	0.0174161	0.0164353	0.0153958	0.0140869	0.0121419	0.00909872	

115	0.062	1	0	task-3:0.46	task-0:0.148	task-1:0.16	task-2:0.472	|	0.0665455	0.06169	0.0552291	0.0550983	0.0549032	0.0545181	0.053891	0.054328	0.0563951	0.0532741	0.0532588	0.0532268	0.0531649	0.0530838	0.0529677	0.0535699	0.0529815	0.0529291	0.0529255	0.0529176	0.052903	0.0528849	0.0520572	0.0507817	0.0472627	0.0405223	0.0323289	0.0409952	0.0306121	0.0272709	0.026302	0.0253913	0.0241925	0.0227031	0.0200299	0.0176642	0.0257451	0.0162675	0.0157367	0.0152332	0.0143433	0.0132018	0.0132263	0.012346	0.012138	0.0118262	0.0113229	0.0110062	0.010662	0.010184	0.00975647	

115	0.047	1	0	task-3:0.46	task-0:0.148	task-1:0.16	task-2:0.472	|	0.0665455	0.06169	0.0552291	0.0550983	0.0549032	0.0545181	0.053891	0.054328	0.0563951	0.0532741	0.0532588	0.0532268	0.0531649	0.0530838	0.0529677	0.0535699	0.0529815	0.0529291	0.0529255	0.0529176	0.052903	0.0528849	0.0520572	0.0507817	0.0472627	0.0405223	0.0323289	0.0409952	0.0306121	0.0272709	0.026302	0.0253913	0.0241925	0.0227031	0.0200299	0.0176642	0.0257451	0.0162675	0.0157367	0.0152332	0.0143433	0.0132018	0.0132263	0.012346	0.012138	0.0118262	0.0113229	0.0110062	0.010662	0.010184	0.00975647	

115	0.062	1	0	task-3:0.46	task-0:0.148	task-1:0.16	task-2:0.472	|	0.0665455	0.06169	0.0552291	0.0550983	0.0549032	0.0545181	0.053891	0.054328	0.0563951	0.0532741	0.0532588	0.0532268	0.0531649	0.0530838	0.0529677	0.0535699	0.0529815	0.0529291	0.0529255	0.0529176	0.052903	0.0528849	0.0520572	0.0507817	0.0472627	0.0405223	0.0323289	0.0409952	0.0306121	0.0272709	0.026302	0.0253913	0.0241925	0.0227031	0.0200299	0.0176642	0.0257451	0.0162675	0.0157367	0.0152332	0.0143433	0.0132018	0.0132263	0.012346	0.012138	0.0118262	0.0113229	0.0110062	0.010662	0.010184	0.00975647	

78	0.047	1	0	task-3:0.46	task-0:0.188	task-1:0.14	task-2:0.482	|	0.0740984	0.067416	0.0552526	0.0547673	0.0546246	0.0544494	0.0541609	0.0538582	0.0534477	0.0532024	0.0554233	0.0531307	0.0530782	0.0530735	0.0530592	0.0530273	0.0529681	0.0528993	0.0535893	0.0528812	0.0528785	0.052873	0.0528664	0.0528609	0.0521349	0.0510722	0.0482858	0.0435967	0.0388059	0.0347558	0.0331004	0.0303924	0.0278478	0.0234621	0.0195707	0.0217738	0.0174161	0.0164353	0.0153958	0.0140869	0.0121419	0.00909872	

115	0.047	1	0	task-3:0.46	task-0:0.148	task-1:0.16	task-2:0.472	|	0.0665455	0.06169	0.0552291	0.0550983	0.0549032	0.0545181	0.053891	0.054328	0.0563951	0.0532741	0.0532588	0.0532268	0.0531649	0.0530838	0.0529677	0.0535699	0.0529815	0.0529291	0.0529255	0.0529176	0.052903	0.0528849	0.0520572	0.0507817	0.0472627	0.0405223	0.0323289	0.0409952	0.0306121	0.0272709	0.026302	0.0253913	0.0241925	0.0227031	0.0200299	0.0176642	0.0257451	0.0162675	0.0157367	0.0152332	0.0143433	0.0132018	0.0132263	0.012346	0.012138	0.0118262	0.0113229	0.0110062	0.010662	0.010184	0.00975647	

115	0.047	1	0	task-3:0.46	task-0:0.148	task-1:0.16	task-2:0.472	|	0.0665455	0.06169	0.0552291	0.0550983	0.0549032	0.0545181	0.053891	0.054328	0.0563951	0.0532741	0.0532588	0.0532268	0.0531649	0.0530838	0.0529677	0.0535699	0.0529815	0.0529291	0.0529255	0.0529176	0.052903	0.0528849	0.0520572	0.0507817	0.0472627	0.0405223	0.0323289	0.0409952	0.0306121	0.0272709	0.026302	0.0253913	0.0241925	0.0227031	0.0200299	0.0176642	0.0257451	0.0162675	0.0157367	0.0152332	0.0143433	0.0132018	0.0132263	0.012346	0.012138	0.0118262	0.0113229	0.0110062	0.010662	0.010184	0.00975647	

115	0.062	1	0	task-3:0.46	task-0:0.148	task-1:0.16	task-2:0.472	|	0.0665455	0.06169	0.0552291	0.0550983	0.0549032	0.0545181	0.053891	0.054328	0.0563951	0.0532741	0.0532588	0.0532268	0.0531649	0.0530838	0.0529677	0.0535699	0.0529815	0.0529291	0.0529255	0.0529176	0.052903	0.0528849	0.0520572	0.0507817	0.0472627	0.0405223	0.0323289	0.0409952	0.0306121	0.0272709	0.026302	0.0253913	0.0241925	0.0227031	0.0200299	0.0176642	0.0257451	0.0162675	0.0157367	0.0152332	0.0143433	0.0132018	0.0132263	0.012346	0.012138	0.0118262	0.0113229	0.0110062	0.010662	0.010184	0.00975647	

115	0.047	1	0	task-3:0.46	task-0:0.148	task-1:0.16	task-2:0.472	|	0.0665455	0.06169	0.0552291	0.0550983	0.0549032	0.0545181	0.053891	0.054328	0.0563951	0.0532741	0.0532588	0.0532268	0.0531649	0.0530838	0.0529677	0.0535699	0.0529815	0.0529291	0.0529255	0.0529176	0.052903	0.0528849	0.0520572	0.0507817	0.0472627	0.0405223	0.0323289	0.0409952	0.0306121	0.0272709	0.026302	0.0253913	0.0241925	0.0227031	0.0200299	0.0176642	0.0257451	0.0162675	0.0157367	0.0152332	0.0143433	0.0132018	0.0132263	0.012346	0.012138	0.0118262	0.0113229	0.0110062	0.010662	0.010184	0.00975647	

115	0.063	1	0	task-3:0.46	task-0:0.148	task-1:0.16	task-2:0.472	|	0.0665455	0.06169	0.0552291	0.0550983	0.0549032	0.0545181	0.053891	0.054328	0.0563951	0.0532741	0.0532588	0.0532268	0.0531649	0.0530838	0.0529677	0.0535699	0.0529815	0.0529291	0.0529255	0.0529176	0.052903	0.0528849	0.0520572	0.0507817	0.0472627	0.0405223	0.0323289	0.0409952	0.0306121	0.0272709	0.026302	0.0253913	0.0241925	0.0227031	0.0200299	0.0176642	0.0257451	0.0162675	0.0157367	0.0152332	0.0143433	0.0132018	0.0132263	0.012346	0.012138	0.0118262	0.0113229	0.0110062	0.010662	0.010184	0.00975647	

78	0.031	1	0	task-3:0.46	task-0:0.188	task-1:0.14	task-2:0.482	|	0.0740984	0.067416	0.0552526	0.0547673	0.0546246	0.0544494	0.0541609	0.0538582	0.0534477	0.0532024	0.0554233	0.0531307	0.0530782	0.0530735	0.0530592	0.0530273	0.0529681	0.0528993	0.0535893	0.0528812	0.0528785	0.052873	0.0528664	0.0528609	0.0521349	0.0510722	0.0482858	0.0435967	0.0388059	0.0347558	0.0331004	0.0303924	0.0278478	0.0234621	0.0195707	0.0217738	0.0174161	0.0164353	0.0153958	0.0140869	0.0121419	0.00909872	

115	0.063	1	0	task-3:0.46	task-0:0.148	task-1:0.16	task-2:0.472	|	0.0665455	0.06169	0.0552291	0.0550983	0.0549032	0.0545181	0.053891	0.054328	0.0563951	0.0532741	0.0532588	0.0532268	0.0531649	0.0530838	0.0529677	0.0535699	0.0529815	0.0529291	0.0529255	0.0529176	0.052903	0.0528849	0.0520572	0.0507817	0.0472627	0.0405223	0.0323289	0.0409952	0.0306121	0.0272709	0.026302	0.0253913	0.0241925	0.0227031	0.0200299	0.0176642	0.0257451	0.0162675	0.0157367	0.0152332	0.0143433	0.0132018	0.0132263	0.012346	0.012138	0.0118262	0.0113229	0.0110062	0.010662	0.010184	0.00975647	

115	0.047	1	0	task-3:0.46	task-0:0.148	task-1:0.16	task-2:0.472	|	0.0665455	0.06169	0.0552291	0.0550983	0.0549032	0.0545181	0.053891	0.054328	0.0563951	0.0532741	0.0532588	0.0532268	0.0531649	0.0530838	0.0529677	0.0535699	0.0529815	0.0529291	0.0529255	0.0529176	0.052903	0.0528849	0.0520572	0.0507817	0.0472627	0.0405223	0.0323289	0.0409952	0.0306121	0.0272709	0.026302	0.0253913	0.0241925	0.0227031	0.0200299	0.0176642	0.0257451	0.0162675	0.0157367	0.0152332	0.0143433	0.0132018	0.0132263	0.012346	0.012138	0.0118262	0.0113229	0.0110062	0.010662	0.010184	0.00975647	

115	0.062	1	0	task-3:0.46	task-0:0.148	task-1:0.16	task-2:0.472	|	0.0665455	0.06169	0.0552291	0.0550983	0.0549032	0.0545181	0.053891	0.054328	0.0563951	0.0532741	0.0532588	0.0532268	0.0531649	0.0530838	0.0529677	0.0535699	0.0529815	0.0529291	0.0529255	0.0529176	0.052903	0.0528849	0.0520572	0.0507817	0.0472627	0.0405223	0.0323289	0.0409952	0.0306121	0.0272709	0.026302	0.0253913	0.0241925	0.0227031	0.0200299	0.0176642	0.0257451	0.0162675	0.0157367	0.0152332	0.0143433	0.0132018	0.0132263	0.012346	0.012138	0.0118262	0.0113229	0.0110062	0.010662	0.010184	0.00975647	

115	0.063	1	0	task-3:0.46	task-0:0.148	task-1:0.16	task-2:0.472	|	0.0665455	0.06169	0.0552291	0.0550983	0.0549032	0.0545181	0.053891	0.054328	0.0563951	0.0532741	0.0532588	0.0532268	0.0531649	0.0530838	0.0529677	0.0535699	0.0529815	0.0529291	0.0529255	0.0529176	0.052903	0.0528849	0.0520572	0.0507817	0.0472627	0.0405223	0.0323289	0.0409952	0.0306121	0.0272709	0.026302	0.0253913	0.0241925	0.0227031	0.0200299	0.0176642	0.0257451	0.0162675	0.0157367	0.0152332	0.0143433	0.0132018	0.0132263	0.012346	0.012138	0.0118262	0.0113229	0.0110062	0.010662	0.010184	0.00975647	

104	0.047	1	0	task-3:0.452	task-0:0.178	task-1:0.226	task-2:0.47	|	0.0593372	0.058117	0.0562527	0.0556053	0.0548786	0.0541415	0.0537337	0.0532667	0.0532257	0.0537603	0.0531035	0.0530926	0.0530734	0.0530482	0.0530209	0.0529709	0.0529517	0.0531161	0.0529031	0.0520839	0.0509252	0.0479186	0.0429815	0.0390068	0.0353667	0.0360969	0.0330489	0.0323062	0.0307367	0.0279223	0.0227601	0.0228405	0.0236013	0.0173491	0.0169298	0.0161655	0.0154113	0.014655	0.0137719	0.0122277	0.0131124	0.0139676	0.0100925	0.00977081	

82	0.047	1	0	task-3:0.456	task-0:0.2	task-1:0.142	task-2:0.47	|	0.0726951	0.0689619	0.058949	0.061072	0.0552749	0.0551388	0.0549045	0.0545601	0.054156	0.0541114	0.0539416	0.0538335	0.0538009	0.0537482	0.0536369	0.0534509	0.0534713	0.0534231	0.0532493	0.0532303	0.053196	0.052238	0.0509125	0.0477082	0.0430587	0.0393957	0.035503	0.0325407	0.0298204	0.0280208	0.0244313	0.0199737	0.017242	0.0165195	0.0158929	0.0150139	0.0134708	0.010987	0.0100021	0.00814951	

104	0.046	1	0	task-3:0.452	task-0:0.178	task-1:0.226	task-2:0.47	|	0.0593372	0.058117	0.0562527	0.0556053	0.0548786	0.0541415	0.0537337	0.0532667	0.0532257	0.0537603	0.0531035	0.0530926	0.0530734	0.0530482	0.0530209	0.0529709	0.0529517	0.0531161	0.0529031	0.0520839	0.0509252	0.0479186	0.0429815	0.0390068	0.0353667	0.0360969	0.0330489	0.0323062	0.0307367	0.0279223	0.0227601	0.0228405	0.0236013	0.0173491	0.0169298	0.0161655	0.0154113	0.014655	0.0137719	0.0122277	0.0131124	0.0139676	0.0100925	0.00977081	

104	0.047	1	0	task-3:0.452	task-0:0.178	task-1:0.226	task-2:0.47	|	0.0593372	0.058117	0.0562527	0.0556053	0.0548786	0.0541415	0.0537337	0.0532667	0.0532257	0.0537603	0.0531035	0.0530926	0.0530734	0.0530482	0.0530209	0.0529709	0.0529517	0.0531161	0.0529031	0.0520839	0.0509252	0.0479186	0.0429815	0.0390068	0.0353667	0.0360969	0.0330489	0.0323062	0.0307367	0.0279223	0.0227601	0.0228405	0.0236013	0.0173491	0.0169298	0.0161655	0.0154113	0.014655	0.0137719	0.0122277	0.0131124	0.0139676	0.0100925	0.00977081	

104	0.047	1	0	task-3:0.452	task-0:0.178	task-1:0.226	task-2:0.47	|	0.0593372	0.058117	0.0562527	0.0556053	0.0548786	0.0541415	0.0537337	0.0532667	0.0532257	0.0537603	0.0531035	0.0530926	0.0530734	0.0530482	0.0530209	0.0529709	0.0529517	0.0531161	0.0529031	0.0520839	0.0509252	0.0479186	0.0429815	0.0390068	0.0353667	0.0360969	0.0330489	0.0323062	0.0307367	0.0279223	0.0227601	0.0228405	0.0236013	0.0173491	0.0169298	0.0161655	0.0154113	0.014655	0.0137719	0.0122277	0.0131124	0.0139676	0.0100925	0.00977081	

104	0.062	1	0	task-3:0.452	task-0:0.178	task-1:0.226	task-2:0.47	|	0.0593372	0.058117	0.0562527	0.0556053	0.0548786	0.0541415	0.0537337	0.0532667	0.0532257	0.0537603	0.0531035	0.0530926	0.0530734	0.0530482	0.0530209	0.0529709	0.0529517	0.0531161	0.0529031	0.0520839	0.0509252	0.0479186	0.0429815	0.0390068	0.0353667	0.0360969	0.0330489	0.0323062	0.0307367	0.0279223	0.0227601	0.0228405	0.0236013	0.0173491	0.0169298	0.0161655	0.0154113	0.014655	0.0137719	0.0122277	0.0131124	0.0139676	0.0100925	0.00977081	

104	0.047	1	0	task-3:0.452	task-0:0.178	task-1:0.226	task-2:0.47	|	0.0593372	0.058117	0.0562527	0.0556053	0.0548786	0.0541415	0.0537337	0.0532667	0.0532257	0.0537603	0.0531035	0.0530926	0.0530734	0.0530482	0.0530209	0.0529709	0.0529517	0.0531161	0.0529031	0.0520839	0.0509252	0.0479186	0.0429815	0.0390068	0.0353667	0.0360969	0.0330489	0.0323062	0.0307367	0.0279223	0.0227601	0.0228405	0.0236013	0.0173491	0.0169298	0.0161655	0.0154113	0.014655	0.0137719	0.0122277	0.0131124	0.0139676	0.0100925	0.00977081	

82	0.047	1	0	task-3:0.456	task-0:0.2	task-1:0.142	task-2:0.47	|	0.0726951	0.0689619	0.058949	0.061072	0.0552749	0.0551388	0.0549045	0.0545601	0.054156	0.0541114	0.0539416	0.0538335	0.0538009	0.0537482	0.0536369	0.0534509	0.0534713	0.0534231	0.0532493	0.0532303	0.053196	0.052238	0.0509125	0.0477082	0.0430587	0.0393957	0.035503	0.0325407	0.0298204	0.0280208	0.0244313	0.0199737	0.017242	0.0165195	0.0158929	0.0150139	0.0134708	0.010987	0.0100021	0.00814951	

104	0.047	1	0	task-3:0.452	task-0:0.178	task-1:0.226	task-2:0.47	|	0.0593372	0.058117	0.0562527	0.0556053	0.0548786	0.0541415	0.0537337	0.0532667	0.0532257	0.0537603	0.0531035	0.0530926	0.0530734	0.0530482	0.0530209	0.0529709	0.0529517	0.0531161	0.0529031	0.0520839	0.0509252	0.0479186	0.0429815	0.0390068	0.0353667	0.0360969	0.0330489	0.0323062	0.0307367	0.0279223	0.0227601	0.0228405	0.0236013	0.0173491	0.0169298	0.0161655	0.0154113	0.014655	0.0137719	0.0122277	0.0131124	0.0139676	0.0100925	0.00977081	

82	0.031	1	0	task-3:0.456	task-0:0.2	task-1:0.142	task-2:0.47	|	0.0726951	0.0689619	0.058949	0.061072	0.0552749	0.0551388	0.0549045	0.0545601	0.054156	0.0541114	0.0539416	0.0538335	0.0538009	0.0537482	0.0536369	0.0534509	0.0534713	0.0534231	0.0532493	0.0532303	0.053196	0.052238	0.0509125	0.0477082	0.0430587	0.0393957	0.035503	0.0325407	0.0298204	0.0280208	0.0244313	0.0199737	0.017242	0.0165195	0.0158929	0.0150139	0.0134708	0.010987	0.0100021	0.00814951	

104	0.047	1	0	task-3:0.452	task-0:0.178	task-1:0.226	task-2:0.47	|	0.0593372	0.058117	0.0562527	0.0556053	0.0548786	0.0541415	0.0537337	0.0532667	0.0532257	0.0537603	0.0531035	0.0530926	0.0530734	0.0530482	0.0530209	0.0529709	0.0529517	0.0531161	0.0529031	0.0520839	0.0509252	0.0479186	0.0429815	0.0390068	0.0353667	0.0360969	0.0330489	0.0323062	0.0307367	0.0279223	0.0227601	0.0228405	0.0236013	0.0173491	0.0169298	0.0161655	0.0154113	0.014655	0.0137719	0.0122277	0.0131124	0.0139676	0.0100925	0.00977081	

104	0.047	1	0	task-3:0.452	task-0:0.178	task-1:0.226	task-2:0.47	|	0.0593372	0.058117	0.0562527	0.0556053	0.0548786	0.0541415	0.0537337	0.0532667	0.0532257	0.0537603	0.0531035	0.0530926	0.0530734	0.0530482	0.0530209	0.0529709	0.0529517	0.0531161	0.0529031	0.0520839	0.0509252	0.0479186	0.0429815	0.0390068	0.0353667	0.0360969	0.0330489	0.0323062	0.0307367	0.0279223	0.0227601	0.0228405	0.0236013	0.0173491	0.0169298	0.0161655	0.0154113	0.014655	0.0137719	0.0122277	0.0131124	0.0139676	0.0100925	0.00977081	

104	0.047	1	0	task-3:0.452	task-0:0.178	task-1:0.226	task-2:0.47	|	0.0593372	0.058117	0.0562527	0.0556053	0.0548786	0.0541415	0.0537337	0.0532667	0.0532257	0.0537603	0.0531035	0.0530926	0.0530734	0.0530482	0.0530209	0.0529709	0.0529517	0.0531161	0.0529031	0.0520839	0.0509252	0.0479186	0.0429815	0.0390068	0.0353667	0.0360969	0.0330489	0.0323062	0.0307367	0.0279223	0.0227601	0.0228405	0.0236013	0.0173491	0.0169298	0.0161655	0.0154113	0.014655	0.0137719	0.0122277	0.0131124	0.0139676	0.0100925	0.00977081	

