42	1.357	60	0	task-3:0.015	task-0:0.285	task-1:0.465	task-2:0.005	|	0.132063	0.09	0.09	0.0899952	0.127362	0.12745	0.0563351	0.077427	0.0650203	0.0597123	0.0595927	0.0550373	0.0553826	0.0543746	0.0538534	0.124511	0.115202	0.0522887	0.0640569	0.0642941	0.0554754	0.0559703	0.054778	0.0480106	0.052787	0.0508258	0.0465714	0.0480438	0.0464984	0.0455587	0.0456651	0.044927	0.0448195	0.0441907	0.0437544	0.0423413	0.0425369	0.0414604	0.0412028	0.0411176	0.0409547	0.0397987	

35	2.2	60	0	task-3:0.015	task-0:0.3675	task-1:0.44	task-2:0.005	|	0.0839794	0.16	0.16	0.159924	0.0855394	0.0675215	0.116337	0.107124	0.06792	0.0598127	0.0577477	0.0569233	0.0575957	0.0583271	0.0563232	0.0562949	0.0556908	0.0535953	0.0539829	0.0539362	0.0532799	0.0532546	0.0520937	0.0535249	0.051518	0.0464706	0.046151	0.0467642	0.045999	0.043808	0.0475665	0.045603	0.0427314	0.0423137	0.0399945	

30	2.745	60	0	task-3:0.015	task-0:0.471667	task-1:0.436667	task-2:0.005	|	0.0700718	0.09	0.09	0.0899998	0.0695629	0.0591602	0.074181	0.0710165	0.0592812	0.0671312	0.0673214	0.0576591	0.0600704	0.0599788	0.0569969	0.0574086	0.0571931	0.0560496	0.0561917	0.0557479	0.0549554	0.0543066	0.0534296	0.0521925	0.0504896	0.0481728	0.0458497	0.0436306	0.0418544	0.0394913	

124	13.448	60	5	task-3:0.015	task-0:0.38125	task-1:0.34875	task-2:0.005	|	0.134857	0.09	0.09	0.0899987	0.117398	0.0600092	0.0661194	0.0707866	0.0780824	0.0572854	0.0882544	0.088254	0.067487	0.0588618	0.0595426	0.0815622	0.0815764	0.0669142	0.056783	0.0643278	0.0710185	0.0636838	0.0570941	0.0613006	0.0599549	0.056466	0.0576488	0.0575655	0.056155	0.0558242	0.0550685	0.0549284	0.0550434	0.0546953	0.0541445	0.0534727	0.05276	0.052286	0.0516411	0.0509566	0.0502907	0.0494219	0.0485348	0.0475013	0.0464792	0.0457516	0.0453257	0.0462447	0.0450996	0.0464	0.0454495	0.0447768	0.0448175	0.0448609	0.0446263	0.0443855	0.0443643	0.0441831	0.044065	0.0439108	0.043769	0.0435732	0.0433468	0.0430894	0.0429798	0.0427849	0.0425858	0.0423414	0.0422817	0.0421071	0.0420486	0.0419765	0.0419771	0.0418986	0.0418097	0.0418225	0.0418808	0.0418999	0.041857	0.0418157	0.0417743	0.0417228	0.0416177	0.0414056	0.0413245	0.0414128	0.0413846	0.0412695	0.0411519	0.0410853	0.0410618	0.0410739	0.0410685	0.0412051	0.0417771	0.043069	0.0427026	0.0429675	0.0430802	0.0430385	0.0428798	0.0426834	0.042399	0.0422953	0.0422732	0.0423535	0.0419779	0.041758	0.0415236	0.0411931	0.0412907	0.041437	0.0414491	0.0414076	0.0413852	0.0413769	0.0414181	0.0413977	0.041536	0.0418051	0.0420049	0.04256	0.0433935	0.035705	

41	5.18	60	0	task-3:0.015	task-0:0.394	task-1:0.414	task-2:0.005	|	0.0568644	0.16	0.16	0.16	0.0725647	0.0661743	0.129768	0.131031	0.0634332	0.0672119	0.0657894	0.0578643	0.0723097	0.072447	0.0593406	0.0583281	0.0581747	0.0545497	0.0785873	0.0732524	0.0528693	0.0523277	0.0519707	0.0522272	0.0478224	0.0482952	0.0474643	0.0479081	0.0477797	0.0469411	0.0467082	0.046385	0.0459871	0.0457459	0.0453521	0.0447571	0.0441909	0.0415408	0.0410487	0.0409945	0.0398523	

67	10.125	60	0	task-3:0.015	task-0:0.335	task-1:0.416667	task-2:0.005	|	0.0692687	0.09	0.09	0.0899981	0.112233	0.0884334	0.0675085	0.0674256	0.0605645	0.0668845	0.0663068	0.0617275	0.0613141	0.0616309	0.0608567	0.0609893	0.0609085	0.06045	0.0599031	0.0594241	0.0588909	0.0581858	0.0575007	0.0569547	0.0563055	0.0553257	0.0538343	0.0522732	0.0501911	0.0484597	0.0477716	0.0479751	0.0477219	0.0470391	0.0461188	0.0452016	0.0447977	0.0438531	0.0437187	0.0433577	0.0432929	0.0435029	0.0436078	0.0434545	0.0431175	0.0428175	0.0425612	0.0422379	0.0419038	0.0416758	0.041528	0.0414734	0.0416418	0.0415204	0.0416505	0.0419081	0.0419352	0.0421023	0.0428929	0.0432656	0.0444993	0.0424383	0.0420051	0.0415044	0.042328	0.0403169	0.0393282	

33	6.069	60	0	task-3:0.015	task-0:0.425714	task-1:0.431429	task-2:0.005	|	0.106856	0.09	0.09	0.0899976	0.104333	0.0846634	0.0791218	0.0786526	0.0562931	0.0753279	0.063854	0.054838	0.0573559	0.0547228	0.0555262	0.0555267	0.0538853	0.0540608	0.0538484	0.0534783	0.0531963	0.0525553	0.0513842	0.0504018	0.0497389	0.049031	0.0480586	0.0470814	0.0460485	0.044867	0.0432973	0.0414782	0.0395213	

65	13.681	60	0	task-3:0.015	task-0:0.398125	task-1:0.380625	task-2:0.005	|	0.0738401	0.09	0.09	0.0899999	0.124571	0.113085	0.0871188	0.0871208	0.0622698	0.126087	0.126057	0.0772278	0.0667764	0.0670704	0.0594328	0.061405	0.0590748	0.0612977	0.0609779	0.0589382	0.0589262	0.0587079	0.0583941	0.0582084	0.0579202	0.0575921	0.0571053	0.0557719	0.0536447	0.0530073	0.0528668	0.0561323	0.0553028	0.0531947	0.0526909	0.0524216	0.0522804	0.0517828	0.0509222	0.061284	0.0609563	0.0553832	0.0556256	0.0572391	0.0530114	0.0586079	0.0596181	0.0499463	0.061886	0.0625207	0.0525342	0.0493503	0.0488489	0.0465613	0.0458835	0.0450892	0.0442478	0.0435595	0.0421526	0.0420758	0.0424514	0.0420352	0.0412859	0.0404241	0.0395407	

51	12.23	60	0	task-3:0.015	task-0:0.315556	task-1:0.390556	task-2:0.005	|	0.107291	0.09	0.09	0.09	0.0658201	0.0627765	0.0671423	0.0599129	0.0575017	0.0583837	0.0567115	0.057896	0.0595385	0.0584063	0.0563234	0.0590129	0.0590095	0.0563926	0.0560375	0.0559799	0.0556337	0.0554614	0.0552171	0.054968	0.0546565	0.0543135	0.053931	0.0535034	0.0530307	0.0525237	0.0519599	0.0514366	0.0509306	0.0503966	0.049916	0.04941	0.0493327	0.0487124	0.048229	0.0478738	0.0472942	0.0464178	0.0453965	0.0441654	0.0425966	0.0411651	0.0430357	0.0405103	0.0402702	0.0402963	0.0399533	

33	8.596	60	0	task-3:0.015	task-0:0.3915	task-1:0.4195	task-2:0.005	|	0.0863884	0.09	0.09	0.09	0.0974795	0.0781007	0.07062	0.0692726	0.061766	0.0716644	0.0719629	0.0607848	0.0615827	0.0608412	0.0597109	0.0593769	0.0582848	0.0579963	0.0577298	0.0570602	0.0560973	0.0551283	0.0540854	0.052899	0.0516148	0.0501908	0.048615	0.0468937	0.0450994	0.0434299	0.0418465	0.0404262	0.0393974	

40	11.512	60	0	task-3:0.015	task-0:0.413182	task-1:0.419091	task-2:0.005	|	0.104497	0.09	0.09	0.0899968	0.141287	0.0815657	0.0752279	0.0685147	0.0860026	0.106087	0.0645845	0.0767159	0.0761622	0.0621948	0.0528049	0.061463	0.0865519	0.070212	0.047917	0.0590721	0.0570842	0.0470804	0.0536347	0.0535212	0.0473976	0.0472941	0.0471998	0.0460352	0.0459881	0.04553	0.044976	0.0448111	0.0445139	0.0439851	0.0431302	0.0423597	0.0416544	0.0409071	0.0400957	0.0393006	

31	9.61	60	0	task-3:0.015	task-0:0.4025	task-1:0.413333	task-2:0.005	|	0.0808353	0.16	0.16	0.159918	0.0882292	0.0829761	0.0555408	0.126036	0.0909881	0.0573833	0.0752763	0.0547872	0.0838259	0.0681409	0.0586162	0.0527338	0.055655	0.0519346	0.0514761	0.0502954	0.0483611	0.0496359	0.0488236	0.0476097	0.0467158	0.0452579	0.0441993	0.0430475	0.0416285	0.0401904	0.0386799	

30	10.467	60	0	task-3:0.015	task-0:0.369231	task-1:0.432692	task-2:0.005	|	0.0548528	0.16	0.16	0.159997	0.0668993	0.0559069	0.0554704	0.0554563	0.0612705	0.0619755	0.0484646	0.054575	0.0711902	0.0534377	0.0460661	0.0478172	0.0453464	0.0459735	0.045767	0.0447013	0.044637	0.0442998	0.0439381	0.0435261	0.0430646	0.0425162	0.0418831	0.0411919	0.040458	0.0395673	

41	15.07	60	0	task-3:0.015	task-0:0.353571	task-1:0.434643	task-2:0.005	|	0.082922	0.09	0.09	0.0899521	0.152951	0.149162	0.064066	0.0763365	0.0733548	0.0596235	0.061483	0.0614811	0.0560414	0.0584933	0.0576015	0.0556902	0.0570844	0.0569844	0.0556934	0.0557244	0.0556864	0.0553324	0.0551419	0.0548254	0.0544349	0.0536104	0.0517241	0.0492761	0.0487535	0.0497553	0.0479716	0.0474999	0.0473598	0.0470686	0.0459743	0.045466	0.0448966	0.0440719	0.0429378	0.0414533	0.0395826	

27	10.686	60	0	task-3:0.015	task-0:0.377	task-1:0.436667	task-2:0.005	|	0.140193	0.09	0.09	0.0899452	0.154138	0.146168	0.0714761	0.0890544	0.0884704	0.0753392	0.0770262	0.0809363	0.0681156	0.0678273	0.0678768	0.0663901	0.0641726	0.0636184	0.0623067	0.0604637	0.0586304	0.0562698	0.0533511	0.0501444	0.0466604	0.0430253	0.0396802	

53	23.229	60	0	task-3:0.015	task-0:0.334375	task-1:0.409063	task-2:0.005	|	0.15763	0.09	0.09	0.0899984	0.144342	0.123887	0.0747	0.0747256	0.068044	0.0696301	0.0588308	0.0650862	0.0645228	0.0594703	0.0610312	0.0610773	0.05913	0.0595313	0.059358	0.0588265	0.0589945	0.0589045	0.0585474	0.0583688	0.058083	0.0575537	0.0565371	0.0549101	0.0536155	0.0525031	0.051624	0.0512204	0.0506632	0.0504075	0.0499176	0.0489182	0.0476391	0.0468332	0.0462676	0.0464644	0.045735	0.0452353	0.044609	0.0452364	0.0447979	0.0458199	0.0457629	0.0464896	0.0446336	0.0407716	0.0410519	0.0400965	0.0399164	

51	22.573	60	0	task-3:0.015	task-0:0.326471	task-1:0.383824	task-2:0.005	|	0.12433	0.09	0.09	0.0899847	0.111728	0.081539	0.082595	0.0816762	0.0621055	0.105472	0.102532	0.0639998	0.0672195	0.0670659	0.0607614	0.0670235	0.0669371	0.0608814	0.0602521	0.0600085	0.0596672	0.0592844	0.0588881	0.0583367	0.057708	0.0569866	0.0561367	0.0551205	0.053926	0.0525553	0.0510431	0.0493378	0.0478048	0.048115	0.0461007	0.0452978	0.0450536	0.044213	0.0437215	0.0431667	0.0426721	0.0421238	0.0415547	0.0412372	0.0407751	0.0406512	0.0410288	0.0405259	0.0414323	0.0403256	0.039774	

37	17.004	60	0	task-3:0.015	task-0:0.441944	task-1:0.467778	task-2:0.005	|	0.140526	0.09	0.09	0.0899621	0.156447	0.152689	0.0848048	0.0804511	0.0848116	0.0707619	0.0970095	0.0991619	0.0612464	0.0721498	0.0704546	0.0617607	0.063509	0.0625252	0.0600506	0.0596835	0.0588461	0.0581266	0.0573656	0.0566793	0.055899	0.0550849	0.0542857	0.0532749	0.0516139	0.0471301	0.046244	0.0443126	0.0436461	0.0421401	0.0414032	0.0405111	0.0399299	

38	18.455	60	0	task-3:0.015	task-0:0.312368	task-1:0.415	task-2:0.005	|	0.0657384	0.09	0.09	0.0899984	0.0595398	0.0613807	0.124358	0.119959	0.0884335	0.0581443	0.0610122	0.0574454	0.0572794	0.0566755	0.0564427	0.0560234	0.0556322	0.0550625	0.0543124	0.053637	0.0530245	0.0522812	0.0513205	0.0504064	0.0494659	0.0483753	0.047293	0.0463367	0.0458138	0.0445909	0.0438921	0.0434447	0.0428583	0.04269	0.0416895	0.0409688	0.0404507	0.0397137	

32	16.801	60	0	task-3:0.015	task-0:0.36425	task-1:0.42675	task-2:0.005	|	0.0569492	0.09	0.09	0.09	0.0704025	0.0580137	0.0780705	0.071189	0.0560101	0.0604949	0.0537131	0.0565243	0.0539377	0.0533885	0.0533783	0.0519327	0.0516461	0.0513163	0.0510151	0.0505375	0.0499564	0.0493424	0.0486586	0.0478772	0.0469794	0.045958	0.0448348	0.0436221	0.0424078	0.0411051	0.0404095	0.0399489	

20	11.17	60	0	task-3:0.015	task-0:0.354048	task-1:0.484524	task-2:0.005	|	0.143605	0.09	0.09	0.0899985	0.159028	0.157867	0.0600387	0.0566756	0.0857145	0.0843099	0.0575118	0.0505614	0.0497256	0.0475205	0.0465162	0.0452441	0.0439624	0.0425308	0.0410102	0.0399048	

54	31.714	60	0	task-3:0.015	task-0:0.297727	task-1:0.377955	task-2:0.005	|	0.159696	0.09	0.09	0.0899955	0.150066	0.116682	0.0579426	0.0579256	0.0675568	0.0604918	0.0569013	0.0668172	0.0598697	0.0596804	0.0609877	0.0574667	0.0566174	0.0565935	0.0564669	0.056291	0.0561352	0.0559972	0.0558695	0.0557916	0.0558151	0.0556664	0.0556433	0.0554573	0.055029	0.0551107	0.0550701	0.0547241	0.0544515	0.0541803	0.0536991	0.0532068	0.0524657	0.0513069	0.0498995	0.0482956	0.0467883	0.0459496	0.0449511	0.043779	0.0430203	0.042176	0.0421457	0.0414622	0.0415534	0.0412845	0.0405936	0.0405914	0.0402327	0.0398448	

41	24.321	60	0	task-3:0.015	task-0:0.389348	task-1:0.428478	task-2:0.005	|	0.066595	0.16	0.16	0.159997	0.0728954	0.06008	0.109237	0.110991	0.0902018	0.0606366	0.0870381	0.0873339	0.0726552	0.0565424	0.0565478	0.0566165	0.0690241	0.0654649	0.0562478	0.0584343	0.0581824	0.0559085	0.0550079	0.0547426	0.0544077	0.0539446	0.0535656	0.052823	0.0522843	0.0517055	0.0513775	0.051292	0.0510225	0.0505738	0.0501208	0.0489679	0.0482656	0.0457272	0.043806	0.0406254	0.0376341	

64	37.862	60	0	task-3:0.015	task-0:0.360833	task-1:0.412917	task-2:0.005	|	0.0636396	0.09	0.09	0.089999	0.145671	0.124588	0.081071	0.0809992	0.0581637	0.0712689	0.057714	0.0699009	0.0755069	0.0689096	0.0589507	0.0596188	0.0586418	0.0576729	0.0575669	0.0573691	0.057171	0.0569649	0.056657	0.056294	0.0558494	0.0553213	0.0546974	0.0539719	0.0531435	0.052226	0.0512463	0.0503284	0.0496039	0.0499254	0.049247	0.0494023	0.0492731	0.0498877	0.0495455	0.0493317	0.049368	0.0492528	0.0491041	0.0486279	0.0483896	0.0477563	0.0469538	0.0465073	0.0461228	0.0455325	0.0449166	0.0449264	0.0446938	0.0441892	0.0436555	0.0432105	0.0429508	0.0424225	0.0416761	0.0409568	0.0403651	0.0404714	0.0402394	0.0397075	

28	18.205	60	0	task-3:0.015	task-0:0.382	task-1:0.453	task-2:0.005	|	0.157422	0.09	0.09	0.0899855	0.157365	0.137216	0.072718	0.070837	0.058594	0.0814086	0.0783885	0.0601374	0.0582197	0.0578448	0.0571977	0.0565294	0.0558278	0.055008	0.0539055	0.0526278	0.0512722	0.0498091	0.0481775	0.0463256	0.0442951	0.0421684	0.0400654	0.0381555	

33	22.776	60	0	task-3:0.015	task-0:0.376154	task-1:0.421346	task-2:0.005	|	0.074633	0.16	0.16	0.16	0.0741169	0.0752484	0.062587	0.0614931	0.0674926	0.0578754	0.0560214	0.0573475	0.0567245	0.0561613	0.0553157	0.0557291	0.0553414	0.0543867	0.0533896	0.0527177	0.0521746	0.0515095	0.050533	0.0493855	0.0481635	0.0469234	0.0456341	0.0441734	0.0425716	0.0408795	0.0401151	0.0420627	0.0380905	

39	27.004	60	0	task-3:0.015	task-0:0.545556	task-1:0.411667	task-2:0.005	|	0.0840062	0.09	0.09	0.0899941	0.148646	0.139662	0.0669023	0.0667691	0.101044	0.0843768	0.0640222	0.0691891	0.0685724	0.0642669	0.0652211	0.0639598	0.0617778	0.0619136	0.0614474	0.0608379	0.0606416	0.0601823	0.0595968	0.0589377	0.0582344	0.0574877	0.0566737	0.0557207	0.0546172	0.0534141	0.052142	0.0507964	0.0492405	0.0472993	0.0450528	0.0435077	0.0415796	0.0405436	0.0393532	

48	34.756	60	0	task-3:0.015	task-0:0.334107	task-1:0.314286	task-2:0.005	|	0.11695	0.09	0.09	0.089995	0.124606	0.0961288	0.0575833	0.0576696	0.0576245	0.0576244	0.0536082	0.0541082	0.053072	0.0543714	0.0547215	0.0527377	0.0528214	0.0531488	0.0525991	0.0523353	0.0523018	0.052145	0.0520857	0.0519992	0.0518166	0.0516234	0.051463	0.0512784	0.0510806	0.0508867	0.0506938	0.0505521	0.0504889	0.0503895	0.0503309	0.0502937	0.0502484	0.0456675	0.0517713	0.0496451	0.0439577	0.0441041	0.0428747	0.0422944	0.0418859	0.0416835	0.0404359	0.039155	

55	41.122	60	0	task-3:0.015	task-0:0.299655	task-1:0.378793	task-2:0.005	|	0.0923878	0.09	0.09	0.09	0.0581584	0.157863	0.154277	0.0771297	0.0810945	0.0801289	0.0613985	0.0829811	0.105649	0.0638433	0.0638981	0.0634541	0.0588016	0.0619668	0.0615129	0.0585386	0.0592868	0.0592803	0.0584452	0.0584478	0.0583762	0.0581193	0.0579715	0.0577382	0.0574991	0.0572038	0.0568371	0.0564572	0.0560485	0.0555423	0.0551095	0.0546798	0.0541368	0.0535392	0.0528855	0.0520409	0.0516365	0.050648	0.0494779	0.0485624	0.0477891	0.0466679	0.045344	0.0441867	0.0436296	0.0428992	0.0424395	0.0418386	0.0411256	0.0403549	0.0395586	

60	47.393	60	0	task-3:0.015	task-0:0.346	task-1:0.3865	task-2:0.005	|	0.15425	0.09	0.09	0.0899983	0.157656	0.157029	0.0657126	0.0891067	0.0886723	0.0745623	0.0858858	0.0863194	0.0564471	0.0556511	0.0616338	0.0605825	0.0550426	0.0558536	0.055903	0.0541042	0.05298	0.0522471	0.0515408	0.0506607	0.0496931	0.0488568	0.048442	0.0482513	0.0477718	0.0475266	0.0474518	0.0476464	0.0484556	0.0488448	0.0487994	0.0483639	0.0480404	0.047718	0.0468163	0.0463451	0.0460827	0.0459351	0.0461538	0.0464236	0.0467638	0.0460908	0.0457363	0.0454115	0.0453336	0.0454538	0.0462751	0.0457135	0.0459363	0.045661	0.0444059	0.0436081	0.042318	0.0404724	0.0400352	0.0395225	

133	109.871	60	4	task-3:0.015	task-0:0.385645	task-1:0.35129	task-2:0.005	|	0.105918	0.09	0.09	0.0899991	0.157925	0.154295	0.0579933	0.0617246	0.0657449	0.0571881	0.0881476	0.0881476	0.0771128	0.0613509	0.0566814	0.085777	0.0823689	0.0648132	0.0547451	0.0650291	0.0715958	0.0638454	0.055345	0.061684	0.0614205	0.0557803	0.0557852	0.0554944	0.0548727	0.0548077	0.0546876	0.0545849	0.0544198	0.0542417	0.0540347	0.0538005	0.05356	0.0532199	0.0529605	0.0526544	0.0524458	0.0522862	0.0511526	0.0551517	0.0553847	0.0543072	0.0512118	0.0512044	0.0488376	0.0466826	0.0519597	0.0509859	0.045743	0.0440604	0.0449143	0.0521867	0.055285	0.0509957	0.0444129	0.0436667	0.0434489	0.0434941	0.0416726	0.0407459	0.0404963	0.0402995	0.040893	0.0411767	0.041004	0.0408956	0.0409313	0.0410911	0.0413243	0.0416839	0.0422113	0.0426569	0.0447124	0.046105	0.0476344	0.053095	0.051988	0.0472658	0.0468227	0.0465513	0.0563743	0.0560361	0.0460237	0.0459769	0.0472831	0.0470111	0.0460197	0.0458217	0.0458752	0.0459081	0.0460723	0.0464128	0.0463611	0.0461747	0.0461983	0.0461826	0.0737159	0.0730253	0.0464776	0.0465452	0.0480556	0.0722634	0.0681808	0.0548364	0.0461424	0.0458652	0.0461966	0.0457398	0.0457648	0.0450041	0.0450153	0.0455904	0.047354	0.0468716	0.0454888	0.0450315	0.0446214	0.0459136	0.0455791	0.0434668	0.0437586	0.0424257	0.0511275	0.0494977	0.0400086	0.042605	0.04264	0.0411693	0.0397973	

70	57.97	60	1	task-3:0.015	task-0:0.365469	task-1:0.357344	task-2:0.005	|	0.0881621	0.09	0.09	0.0899999	0.0985844	0.113108	0.0768065	0.0820896	0.0652745	0.106106	0.111712	0.0760197	0.0606017	0.0605012	0.0628025	0.0627281	0.0600509	0.0603234	0.0600634	0.0593575	0.0597921	0.059575	0.0590358	0.0589199	0.0586986	0.0583522	0.058004	0.0576203	0.0571908	0.0567112	0.0561658	0.0555212	0.0547972	0.0539892	0.053082	0.0521217	0.0515352	0.0514236	0.0513616	0.0514669	0.0507184	0.0496191	0.0486021	0.0473826	0.0463386	0.0452637	0.0440158	0.0427575	0.0416366	0.0410069	0.0408815	0.0401682	0.0415953	0.0412216	0.0401844	0.0402742	0.040057	0.0400509	0.0402421	0.0401164	0.0401795	0.0402773	0.0403959	0.0406437	0.041088	0.0417979	0.0413015	0.0408951	0.0401284	0.0392743	

39	33.743	60	0	task-3:0.015	task-0:0.335455	task-1:0.376364	task-2:0.005	|	0.0523064	0.159999	0.159584	0.0899719	0.0887528	0.0513667	0.130112	0.132274	0.0988065	0.063418	0.0628726	0.0659611	0.0572054	0.0607673	0.0607786	0.0558945	0.0574954	0.0571208	0.0555262	0.056181	0.0558535	0.0547292	0.0544627	0.0539533	0.0529439	0.0516355	0.0506604	0.0489922	0.0473629	0.0470047	0.0465199	0.0475459	0.0476157	0.0464235	0.0444424	0.043545	0.0423782	0.0411741	0.0395868	

39	34.492	60	0	task-3:0.015	task-0:0.394559	task-1:0.436029	task-2:0.005	|	0.0597653	0.159999	0.157854	0.0899961	0.0563964	0.142148	0.154507	0.147796	0.135374	0.104074	0.0510921	0.0511182	0.0657262	0.0638687	0.0514476	0.051084	0.0506864	0.0514381	0.0510121	0.0503651	0.0508248	0.0506175	0.0502904	0.0504444	0.0504234	0.0504121	0.0505073	0.0505331	0.0494383	0.0462838	0.0460994	0.0459077	0.0455261	0.0442502	0.0431024	0.0431491	0.0429525	0.0421524	0.0397806	

109	100.089	60	1	task-3:0.0155714	task-0:0.454	task-1:0.364857	task-2:0.005	|	0.0636681	0.09	0.09	0.0899846	0.142123	0.118985	0.0641321	0.0648546	0.0602075	0.0601825	0.0580816	0.0578721	0.059009	0.0582557	0.0573699	0.0573681	0.0575304	0.0578262	0.0576763	0.0574993	0.0574657	0.0574317	0.0574068	0.0574562	0.0574342	0.0573549	0.0572833	0.0572384	0.0571965	0.0571426	0.0570595	0.0569579	0.0568449	0.0567251	0.0565934	0.0553765	0.0593443	0.0590432	0.0570393	0.0572822	0.0587372	0.0596239	0.0561751	0.0602243	0.0598642	0.0550624	0.0545601	0.0540326	0.0533378	0.0532497	0.0535556	0.0534637	0.0536352	0.0541503	0.0540096	0.054257	0.0545487	0.0549293	0.0557848	0.0564162	0.0583795	0.0583432	0.0569762	0.0576252	0.0577265	0.0570963	0.0553917	0.0546603	0.0542388	0.0541212	0.0526189	0.0522568	0.0526952	0.0537089	0.0530477	0.0499021	0.0484003	0.0472219	0.0454936	0.0465748	0.0557934	0.0565308	0.0441088	0.0539087	0.0611017	0.0594419	0.0445992	0.0446268	0.0440977	0.0439491	0.0551415	0.0574873	0.0604648	0.0507682	0.0526524	0.0537259	0.0547447	0.0663107	0.0653778	0.10542	0.104782	0.0685257	0.0565187	0.0564906	0.0577468	0.0483567	0.0427061	0.0429455	0.037438	

45	43.29	60	0	task-3:0.015	task-0:0.385972	task-1:0.411111	task-2:0.005	|	0.0628952	0.09	0.09	0.0899991	0.0894133	0.100622	0.0598056	0.0666977	0.0892715	0.0874988	0.0573512	0.0652096	0.0571629	0.0587056	0.0559434	0.0589572	0.0584808	0.0561598	0.0578926	0.0578031	0.0560367	0.0556429	0.055422	0.0552335	0.0554122	0.0550618	0.0544618	0.0539364	0.0534843	0.0530265	0.0525659	0.051971	0.0512899	0.0505912	0.0498739	0.0491342	0.0483272	0.0474622	0.0465468	0.0455158	0.0443355	0.0432097	0.0418541	0.0404486	0.0388212	

52	48.438	60	0	task-3:0.015	task-0:0.267027	task-1:0.354189	task-2:0.005	|	0.0708832	0.16	0.16	0.159997	0.0707486	0.064724	0.118891	0.114731	0.068559	0.0635347	0.0633824	0.0561523	0.0591253	0.0566306	0.0563891	0.0578508	0.0565627	0.0557777	0.05627	0.0558577	0.0556103	0.0555907	0.0554354	0.0552806	0.0550857	0.0548674	0.0545275	0.0541995	0.0538319	0.0539515	0.054527	0.0523415	0.053497	0.0528491	0.0519743	0.0513813	0.0506542	0.0502043	0.0496245	0.0485808	0.0477612	0.047216	0.0463089	0.0451789	0.0445294	0.0437694	0.0431158	0.0424423	0.0415743	0.0405663	0.040202	0.0395863	

41	39.328	60	0	task-3:0.015	task-0:0.393289	task-1:0.427368	task-2:0.005	|	0.0658687	0.16	0.16	0.159998	0.0697462	0.0617744	0.117393	0.119685	0.0653958	0.055832	0.055856	0.053305	0.0529519	0.0542781	0.0542625	0.0529342	0.0528425	0.0527379	0.0526736	0.0527167	0.0526289	0.0524845	0.0523106	0.0517179	0.0476981	0.0472683	0.050071	0.0498555	0.0481226	0.0459364	0.0452013	0.0450076	0.0448764	0.0440657	0.0430766	0.0425698	0.0423855	0.0419654	0.0412622	0.0404089	0.0395625	

58	58.095	60	0	task-3:0.015	task-0:0.457179	task-1:0.373205	task-2:0.005	|	0.0642759	0.09	0.09	0.089998	0.136905	0.116135	0.0712143	0.0679983	0.0678158	0.0679721	0.0571024	0.0570482	0.0581222	0.0583343	0.0565978	0.0568306	0.0569733	0.056316	0.0560267	0.0559516	0.0557012	0.0554873	0.0552421	0.0549334	0.0545687	0.0541506	0.0536775	0.0531505	0.0525697	0.0519461	0.0513027	0.0506756	0.0500972	0.0500694	0.0494725	0.0492033	0.0489446	0.0486779	0.0488554	0.0487331	0.0485587	0.0484384	0.0483852	0.0484651	0.0487469	0.0479616	0.0477828	0.0480503	0.0474695	0.0474188	0.0472529	0.047109	0.0470317	0.0461863	0.0454879	0.0444582	0.0425363	0.0389197	

55	56.971	60	0	task-3:0.015	task-0:0.372	task-1:0.413	task-2:0.005	|	0.0615923	0.16	0.16	0.16	0.0620678	0.0651775	0.137537	0.137541	0.0631526	0.0693781	0.0693781	0.0570644	0.065041	0.063609	0.0550526	0.0581054	0.0580873	0.0550489	0.0557393	0.0556029	0.0546349	0.0550085	0.0549141	0.0545326	0.0545149	0.0544027	0.0542423	0.0541527	0.054004	0.0538008	0.053576	0.0533129	0.0530082	0.0526524	0.05223	0.0517398	0.0511782	0.0505472	0.0498484	0.0490964	0.0483671	0.0474845	0.046759	0.0460786	0.0457249	0.0458014	0.0448067	0.0454938	0.0463387	0.0663669	0.0633978	0.045526	0.0435566	0.0409531	0.0374587	

73	79.388	60	2	task-3:0.0152439	task-0:0.36122	task-1:0.33122	task-2:0.005	|	0.0997586	0.09	0.09	0.09	0.111192	0.120741	0.0647293	0.0604037	0.067768	0.0571259	0.0604145	0.0576573	0.0578755	0.0586887	0.0573152	0.0577316	0.0578783	0.0572473	0.0571669	0.0571902	0.0570913	0.057267	0.0572673	0.0571334	0.0571042	0.0570906	0.0570295	0.0569329	0.056754	0.0563673	0.0558502	0.0556276	0.0550699	0.0547317	0.0545197	0.0543661	0.0543879	0.0553168	0.0574122	0.0622945	0.0652724	0.0611279	0.063427	0.057342	0.057627	0.0563147	0.0544621	0.0541849	0.0531918	0.0530263	0.0523273	0.0518847	0.0513526	0.05075	0.0500453	0.0492954	0.0484168	0.0474506	0.0462825	0.0450944	0.0440343	0.0428823	0.0434681	0.0419403	0.0418497	0.0414951	0.0413385	0.0407803	0.0407363	0.0403171	0.0402919	0.0401047	0.0396411	

47	52.915	60	0	task-3:0.015	task-0:0.35369	task-1:0.394643	task-2:0.005	|	0.0567019	0.16	0.16	0.159998	0.0779269	0.0664685	0.126113	0.128666	0.114913	0.0765967	0.0756993	0.0591095	0.0829164	0.1057	0.0693779	0.0583626	0.0586023	0.0566702	0.0573743	0.0567707	0.0566035	0.056349	0.0563703	0.0562232	0.0560495	0.0558701	0.0556892	0.0554843	0.0552371	0.0549104	0.0545379	0.0541131	0.0536206	0.0530133	0.0522662	0.0514167	0.0504151	0.0493363	0.0481244	0.047863	0.0466356	0.0456163	0.0445842	0.0435227	0.0423385	0.0409365	0.0394236	

119	133.552	60	1	task-3:0.015	task-0:0.357907	task-1:0.356977	task-2:0.005	|	0.156996	0.09	0.09	0.0898582	0.157418	0.154053	0.0846517	0.0885998	0.0882975	0.0717198	0.0812357	0.0849029	0.060092	0.0738449	0.0719106	0.0614705	0.0637452	0.0640336	0.0594804	0.0617709	0.0614879	0.0595411	0.0597642	0.059759	0.0592272	0.0593239	0.0591889	0.0589845	0.0589193	0.0587795	0.0586326	0.0584873	0.0582983	0.0580725	0.0578038	0.0574883	0.0571162	0.0566772	0.0561533	0.0555435	0.05485	0.05414	0.0533801	0.0526385	0.0519044	0.0529882	0.0514804	0.0522175	0.0521569	0.0511415	0.0513282	0.0512124	0.0507198	0.0505969	0.0506635	0.0504265	0.0503657	0.0502331	0.0501003	0.0499984	0.0498652	0.0496818	0.0494762	0.0492276	0.0489068	0.0485514	0.0481843	0.0478038	0.0474414	0.0471414	0.0469539	0.0466765	0.0464936	0.0464115	0.0462232	0.0459313	0.0457581	0.04561	0.0454711	0.0453455	0.0451935	0.0449468	0.044793	0.044696	0.0445841	0.044492	0.0443312	0.044232	0.0442023	0.0441404	0.0440653	0.0438958	0.0437956	0.043776	0.0437677	0.0437493	0.0436971	0.0436675	0.0437099	0.0436412	0.043497	0.0433372	0.0432101	0.0430611	0.0429369	0.0428256	0.0428419	0.0427439	0.0425854	0.0423862	0.0421926	0.0419892	0.0417585	0.0414773	0.0411435	0.0407257	0.0405281	0.0401367	0.0395815	

88	103.101	60	0	task-3:0.015	task-0:0.3575	task-1:0.349659	task-2:0.005	|	0.0836798	0.16	0.16	0.159999	0.081178	0.0697539	0.136251	0.134716	0.0891915	0.0891309	0.0697643	0.0732624	0.0730826	0.0879938	0.0887683	0.0879583	0.0852646	0.0743334	0.0640159	0.0578628	0.0674782	0.0679137	0.0589437	0.0578765	0.05787	0.0573186	0.0572491	0.057243	0.0570352	0.0568869	0.0567326	0.0565744	0.0563582	0.0561194	0.0558481	0.0555348	0.055179	0.0548124	0.0543928	0.0538676	0.0532323	0.0524314	0.0514397	0.0502923	0.0494631	0.0489237	0.0492084	0.0486686	0.0486042	0.0485027	0.0482541	0.0482237	0.0480996	0.047896	0.047727	0.0475784	0.0473854	0.0471386	0.0469557	0.0467891	0.0466054	0.046356	0.0460653	0.0457747	0.0454637	0.0452434	0.0449363	0.0448388	0.0446891	0.044338	0.0586702	0.0580952	0.0426491	0.0429684	0.0429123	0.0426041	0.0425	0.0427553	0.0425243	0.0420621	0.0418061	0.0416422	0.0412995	0.04097	0.0407486	0.0405239	0.0402285	0.0398959	

55	64.615	60	0	task-3:0.015	task-0:0.337444	task-1:0.380889	task-2:0.005	|	0.0541127	0.16	0.159999	0.0787843	0.148083	0.0600471	0.0833075	0.0824308	0.0585089	0.0826601	0.113801	0.0822204	0.0556908	0.0620015	0.0643577	0.0572845	0.0563393	0.05616	0.0553079	0.0553602	0.0550984	0.0549504	0.0548759	0.0547751	0.0546597	0.0545612	0.0544898	0.0543826	0.0542567	0.0541309	0.0539982	0.0538477	0.053744	0.0535567	0.0532597	0.0528754	0.0525742	0.0520466	0.0515715	0.0510905	0.0513001	0.0510458	0.0500056	0.0493827	0.0495384	0.0515631	0.0514886	0.0504145	0.0468262	0.0451414	0.0440038	0.0425405	0.0415281	0.0402765	0.0382059	

59	70.731	60	0	task-3:0.015	task-0:0.302717	task-1:0.343696	task-2:0.005	|	0.0951529	0.09	0.09	0.0899999	0.115887	0.0804664	0.0888371	0.089546	0.0884027	0.0693386	0.125058	0.13118	0.0777979	0.0646816	0.0662875	0.0575511	0.0688554	0.0667569	0.0577105	0.0594923	0.0594642	0.0570779	0.0581968	0.0581618	0.0570274	0.0570834	0.0569953	0.0566345	0.0565689	0.0563526	0.0560424	0.0557469	0.0552947	0.0546758	0.0538354	0.0526599	0.0512202	0.0495271	0.048161	0.0467101	0.0453957	0.0443888	0.0428352	0.0425378	0.0417375	0.0428991	0.0430332	0.0418236	0.0416751	0.0419278	0.0415222	0.0412752	0.0411166	0.0409965	0.0408931	0.0408872	0.0405212	0.040247	0.0399663	

46	54.553	60	0	task-3:0.015	task-0:0.423404	task-1:0.412979	task-2:0.005	|	0.108663	0.09	0.09	0.09	0.108408	0.107136	0.0700518	0.0539849	0.0823519	0.0797518	0.0538485	0.0542467	0.0602288	0.0760829	0.0740685	0.0660735	0.0501764	0.0510541	0.0541789	0.0529619	0.0507128	0.0509167	0.0513136	0.051615	0.0517476	0.0522048	0.0522476	0.052642	0.0530646	0.0535355	0.0541468	0.0547199	0.0553014	0.0550039	0.0547979	0.0543999	0.0531491	0.0520591	0.0508302	0.0485858	0.0464819	0.0448056	0.0433846	0.0421528	0.0404058	0.0392128	

61	75.099	60	0	task-3:0.0152083	task-0:0.280521	task-1:0.301771	task-2:0.005	|	0.0549461	0.16	0.16	0.16	0.0647198	0.0897402	0.0885963	0.0669314	0.0798588	0.0812771	0.0565105	0.0663568	0.0624902	0.0557772	0.0596553	0.0577635	0.055129	0.0549619	0.0544224	0.0540595	0.0536793	0.0532018	0.052695	0.0521818	0.0516749	0.05118	0.0508904	0.0506943	0.0505708	0.0505473	0.0507598	0.0507157	0.0513408	0.0529067	0.0516164	0.0528009	0.0553552	0.0525061	0.0523017	0.0516559	0.0494432	0.0487704	0.0493724	0.0492777	0.0487291	0.0481945	0.0475373	0.0467874	0.0458255	0.0445365	0.042967	0.0433027	0.0442614	0.0423652	0.0429455	0.0430605	0.0421801	0.0417075	0.0411785	0.0407136	0.0398778	

41	53.461	60	0	task-3:0.015	task-0:0.284082	task-1:0.361837	task-2:0.005	|	0.143409	0.09	0.09	0.0899818	0.115214	0.0957043	0.0684999	0.0683631	0.064914	0.062048	0.0637252	0.0633086	0.0620273	0.0620347	0.0619275	0.0615926	0.0613996	0.0615748	0.0611055	0.0608791	0.0608365	0.0606421	0.0604138	0.0601519	0.0598212	0.0593468	0.0588305	0.0582414	0.0575778	0.0568327	0.0559725	0.0550659	0.0541309	0.052838	0.0515156	0.0497605	0.0479421	0.0460276	0.044944	0.0439102	0.0338741	

35	43.773	60	0	task-3:0.015	task-0:0.2793	task-1:0.3572	task-2:0.005	|	0.156221	0.09	0.0899999	0.0796734	0.159364	0.155628	0.107412	0.0634537	0.0590532	0.067453	0.0638633	0.0556024	0.0570676	0.0557126	0.0553775	0.0553793	0.0551403	0.0551981	0.0551006	0.0550739	0.0550318	0.0550345	0.055042	0.0550305	0.0549736	0.054127	0.0538735	0.052519	0.0488793	0.0488828	0.0447303	0.0437581	0.0443572	0.042497	0.0394	

61	78.203	60	0	task-3:0.015	task-0:0.349216	task-1:0.351667	task-2:0.005	|	0.159239	0.09	0.09	0.0899105	0.159179	0.149987	0.0565446	0.0667224	0.0581421	0.0810932	0.0792715	0.0593786	0.0598922	0.0598908	0.0568524	0.0592739	0.0587591	0.0565471	0.0566338	0.0564813	0.0555773	0.0546857	0.0542602	0.054089	0.053801	0.0533307	0.0528835	0.0525998	0.0519133	0.0514974	0.0511928	0.0509882	0.0509607	0.0505951	0.0502667	0.0500292	0.0498279	0.0495961	0.0492954	0.0489934	0.0487901	0.0487666	0.0479581	0.0472536	0.0475836	0.0471625	0.0466341	0.0461176	0.0456475	0.0450805	0.0448883	0.0444517	0.043786	0.0429759	0.0427344	0.0422318	0.0415506	0.0412949	0.0408306	0.040288	0.0397104	

50	66.956	60	0	task-3:0.015	task-0:0.31375	task-1:0.392019	task-2:0.005	|	0.0687147	0.09	0.09	0.09	0.081296	0.0819087	0.0788595	0.0791087	0.0566496	0.089611	0.0894847	0.062658	0.0588454	0.0588601	0.0555534	0.0556652	0.0563521	0.0563664	0.0553338	0.0557822	0.0557131	0.0552599	0.0552398	0.0551988	0.0551393	0.0550994	0.054997	0.0548874	0.0547396	0.0545761	0.0543798	0.0541398	0.0538487	0.0534989	0.053081	0.0526099	0.0520698	0.0514466	0.0508622	0.0501689	0.0493243	0.0484102	0.0472443	0.0460078	0.0446809	0.0435628	0.0428376	0.0416612	0.0404075	0.0393243	

48	66.8	60	0	task-3:0.015	task-0:0.33217	task-1:0.4	task-2:0.005	|	0.0547083	0.09	0.09	0.0899474	0.141476	0.126721	0.0727652	0.0562455	0.0680042	0.0594091	0.0860532	0.0860496	0.0547539	0.0615123	0.0615123	0.0559498	0.0563321	0.0563275	0.0539691	0.054925	0.054432	0.0537437	0.0545753	0.054197	0.0535143	0.053762	0.0537102	0.0533737	0.0528778	0.0516689	0.0514599	0.055565	0.0552557	0.0516524	0.0509006	0.0517818	0.0520747	0.0504224	0.0506829	0.050207	0.0488784	0.0486941	0.0478811	0.047712	0.045208	0.0434365	0.0416605	0.0399942	

85	115.846	60	1	task-3:0.015	task-0:0.321481	task-1:0.334444	task-2:0.005	|	0.0593063	0.09	0.09	0.09	0.0643428	0.12046	0.0699482	0.0680923	0.0685993	0.090365	0.0711235	0.0578015	0.0622418	0.0590698	0.0602746	0.0611789	0.0585046	0.0591167	0.0591015	0.0584144	0.0587589	0.0586267	0.0583348	0.0584902	0.0584629	0.0583237	0.0583307	0.0583299	0.0583011	0.0582886	0.058279	0.0582596	0.0582365	0.0582047	0.0581551	0.0580765	0.0579072	0.0575938	0.0570844	0.0567097	0.0561976	0.0556398	0.0551651	0.0548377	0.0546209	0.0542697	0.0539584	0.0536425	0.0536814	0.0533811	0.0533707	0.0543999	0.0602361	0.0552319	0.051118	0.048531	0.0467559	0.0465033	0.0459038	0.0461093	0.0467295	0.0462269	0.0459104	0.0458642	0.045693	0.0455194	0.0455836	0.0461571	0.0464671	0.0461148	0.0456706	0.0452013	0.0448915	0.0446233	0.0443008	0.0440064	0.0436587	0.043656	0.0435024	0.0428847	0.0422518	0.0416628	0.041091	0.0404931	0.0399481	

124	172.021	60	0	task-3:0.015	task-0:0.290727	task-1:0.347727	task-2:0.005	|	0.130749	0.09	0.09	0.089991	0.080389	0.0603997	0.0782041	0.0783853	0.0609755	0.0617907	0.0617329	0.0569944	0.0598687	0.0587933	0.0565572	0.0690848	0.0570195	0.107168	0.124679	0.106411	0.0760748	0.0593318	0.0593318	0.0606532	0.066145	0.0620835	0.0576719	0.0576169	0.057613	0.0567504	0.0569579	0.0567237	0.0566887	0.056867	0.0567106	0.0565859	0.0565922	0.0565437	0.0564962	0.0564741	0.0564263	0.0563665	0.0563115	0.0562507	0.0561908	0.0561322	0.0560786	0.0560325	0.0560023	0.0559206	0.0558667	0.0557962	0.0557301	0.0556389	0.0556407	0.0552837	0.0551125	0.0547976	0.0542324	0.0537446	0.0532088	0.0531077	0.0529702	0.0524199	0.0518151	0.0513291	0.0513115	0.0510712	0.0505974	0.050129	0.0499156	0.0496722	0.0493128	0.0489293	0.0484803	0.0479597	0.0473539	0.0470045	0.0466831	0.0463461	0.0460046	0.0456766	0.0453306	0.0449712	0.0445847	0.0441975	0.0442292	0.0439871	0.0438338	0.0437542	0.0436426	0.043564	0.0434722	0.0433915	0.0433491	0.0434399	0.0432967	0.0430401	0.0429015	0.0429144	0.0429114	0.0428584	0.0428183	0.0428354	0.0427506	0.0426837	0.0426603	0.0426272	0.0425892	0.0425436	0.042493	0.0424392	0.0423805	0.042311	0.0420593	0.0417579	0.0430375	0.0428639	0.0418643	0.0417536	0.0414162	0.0411267	0.0408653	0.0396568	

60	88.109	60	0	task-3:0.015	task-0:0.342321	task-1:0.320536	task-2:0.005	|	0.124218	0.09	0.09	0.0899997	0.0950536	0.0759786	0.0799359	0.0837319	0.0764021	0.0576736	0.0920009	0.0827938	0.0567812	0.0655851	0.0655849	0.0572949	0.0578875	0.0577766	0.0554515	0.0556136	0.0549813	0.0547821	0.0545731	0.054185	0.0538739	0.0534594	0.0529678	0.0524027	0.0517688	0.0510758	0.050349	0.0493297	0.0519305	0.0512873	0.0492935	0.0479469	0.0463332	0.0459665	0.0447492	0.044154	0.0440246	0.043599	0.0434584	0.0426722	0.0415842	0.0476139	0.0574129	0.0584716	0.0569012	0.0520247	0.0518733	0.0538589	0.049739	0.0457252	0.0459394	0.0453838	0.0457402	0.0450769	0.0417824	0.0377781	

36	53.633	60	0	task-3:0.015	task-0:0.344035	task-1:0.367368	task-2:0.005	|	0.0634131	0.09	0.09	0.0899848	0.155692	0.133131	0.0785828	0.0765873	0.0574965	0.0691912	0.0567176	0.063231	0.0632302	0.0566238	0.0564551	0.0562262	0.0565141	0.0563436	0.056189	0.0562095	0.0562087	0.0562052	0.0561948	0.0561652	0.0559502	0.0582918	0.0566126	0.0590269	0.0607742	0.062774	0.0634178	0.0557857	0.0462251	0.0495679	0.0417631	0.0392986	

87	132.788	60	9	task-3:0.015	task-0:0.340517	task-1:0.327759	task-2:0.005	|	0.0829145	0.16	0.16	0.159994	0.0658087	0.0651631	0.10198	0.0749283	0.0576608	0.0677711	0.0690078	0.0618599	0.0579998	0.0580658	0.0579067	0.0581338	0.0577276	0.0580296	0.0579976	0.0576044	0.0574423	0.0574724	0.0574387	0.0573732	0.0572689	0.0571428	0.0570379	0.0569341	0.0567991	0.0566469	0.0565116	0.0564176	0.0563969	0.0563752	0.0561336	0.0557853	0.0548655	0.0541298	0.0520637	0.0499708	0.0489678	0.0483385	0.0476976	0.0473981	0.0468023	0.0466558	0.0532342	0.0544205	0.0564616	0.0564792	0.0574364	0.0579357	0.0560015	0.0545153	0.0549701	0.061832	0.0571713	0.0524342	0.0522216	0.0512125	0.0507964	0.0503411	0.0511491	0.0563437	0.0560231	0.051661	0.0517116	0.0523428	0.0513645	0.0499851	0.0494553	0.0490137	0.048635	0.0482677	0.0477785	0.0472425	0.0466901	0.0462816	0.0459737	0.0456096	0.0450704	0.0444938	0.0435783	0.0424143	0.041369	0.0400834	0.0387481	

73	115.627	60	0	task-3:0.015	task-0:0.327288	task-1:0.373983	task-2:0.005	|	0.0817675	0.16	0.16	0.16	0.0739128	0.0658541	0.150842	0.150788	0.0795918	0.0723488	0.0723489	0.0567575	0.0691542	0.0631657	0.0564391	0.057824	0.0576659	0.0561284	0.0566745	0.0566192	0.0558037	0.0559991	0.0559107	0.0555752	0.0555221	0.0553933	0.0551637	0.0549549	0.0546635	0.054235	0.0537413	0.0531749	0.0525104	0.0516941	0.0507489	0.0500548	0.0490869	0.04809	0.0469807	0.045833	0.0446745	0.0438208	0.043478	0.0427098	0.0424892	0.0423918	0.0421463	0.0420998	0.0419427	0.0417521	0.0417862	0.0416991	0.0416099	0.0415488	0.0414733	0.0414072	0.0413416	0.0412826	0.0412065	0.0411626	0.0410902	0.0409956	0.0409001	0.0407982	0.0407066	0.0406363	0.0406027	0.0406471	0.0406217	0.0404523	0.0402525	0.0400743	0.0399513	

102	158.278	60	0	task-3:0.015	task-0:0.251917	task-1:0.293917	task-2:0.005	|	0.070945	0.16	0.16	0.16	0.060042	0.0899013	0.0899718	0.0871186	0.103974	0.092446	0.063116	0.0626476	0.0635002	0.0635002	0.0578427	0.058047	0.0582823	0.0581857	0.0576601	0.0579588	0.0579551	0.0576667	0.0575395	0.0574881	0.0573804	0.0572514	0.057092	0.0569365	0.0567545	0.0565345	0.0562916	0.056028	0.0556961	0.0552452	0.0546713	0.0541543	0.053751	0.0534026	0.052737	0.0521897	0.0516579	0.0512356	0.0508349	0.0505129	0.0497878	0.049511	0.0494514	0.049526	0.0495733	0.0498049	0.0502766	0.0506352	0.0507871	0.0508273	0.0507906	0.0507303	0.0505519	0.0503397	0.050105	0.0498383	0.0495283	0.0491515	0.0487036	0.0479325	0.0473575	0.0467057	0.0466595	0.0458935	0.0454783	0.0449855	0.044462	0.0441762	0.0437591	0.0433614	0.0430507	0.0418345	0.0426624	0.0420854	0.0422155	0.0414727	0.0413303	0.0416649	0.0420357	0.0418374	0.0416434	0.0412673	0.0411235	0.0411199	0.0407851	0.0406626	0.0404641	0.0404241	0.0408797	0.0406427	0.0409381	0.0411074	0.041481	0.0411585	0.0408216	0.0405127	0.0400744	0.0395893	

