64	0.827	24	0	task-3:0.015	task-0:0.37	task-1:0.485	task-2:0.005	|	0.129437	0.0899776	0.0899756	0.0864766	0.0959595	0.0779332	0.0584347	0.0581951	0.0611909	0.0610183	0.0580073	0.0589232	0.0589557	0.0577645	0.057702	0.0576756	0.0574776	0.0574726	0.0573653	0.0573075	0.0572459	0.0571196	0.0569559	0.0567432	0.0565224	0.0562577	0.0559183	0.0554739	0.0549041	0.054187	0.0532776	0.0521378	0.0507317	0.0490666	0.0471108	0.0449371	0.0426729	0.0401441	0.038486	0.0362672	0.0367417	0.034553	0.0338907	0.0327461	0.0324954	0.0313929	0.0305445	0.0296756	0.028638	0.0278157	0.0265069	0.0251046	0.0251815	0.0235622	0.0248524	0.0242664	0.0231211	0.0237979	0.023467	0.0227329	0.0228216	0.0226913	0.0224281	0.0223166	

63	0.702	24	0	task-3:0.015	task-0:0.37	task-1:0.47	task-2:0.005	|	0.130388	0.0899936	0.0899933	0.0861448	0.10461	0.0887268	0.0616356	0.0616596	0.0604155	0.0624259	0.057329	0.0586618	0.0580255	0.0561827	0.0570309	0.0565039	0.0552201	0.0549482	0.054448	0.0535472	0.0527006	0.0517452	0.0507078	0.0498442	0.0484793	0.0471841	0.0459118	0.0443652	0.0426384	0.041343	0.0399062	0.0377572	0.0322784	0.0291078	0.026394	0.0331441	0.030458	0.0268321	0.0265853	0.0249953	0.0250218	0.0259963	0.025278	0.0227353	0.0211854	0.0201187	0.0189481	0.0178822	0.0170146	0.0182135	0.0172279	0.0183924	0.0174219	0.0159449	0.0160339	0.0157516	0.0157621	0.015641	0.0153023	0.0149905	0.0147825	0.0145081	0.0142289	

60	0.749	24	0	task-3:0.015	task-0:0.37	task-1:0.49	task-2:0.005	|	0.0863211	0.0899732	0.0899692	0.0880743	0.0603908	0.0610299	0.0590238	0.0581902	0.0698391	0.0684257	0.056101	0.055912	0.0556013	0.0550825	0.0546233	0.0543989	0.0537201	0.0529656	0.0523148	0.0519265	0.0513285	0.0507041	0.0504178	0.0499528	0.0494278	0.0491722	0.0487568	0.0481081	0.0474129	0.0465437	0.0455068	0.0442317	0.0427901	0.0412479	0.0397886	0.0384471	0.0369548	0.0361969	0.0348531	0.0288605	0.0273121	0.0311068	0.0297727	0.0241306	0.0227278	0.0226595	0.029016	0.0269078	0.0219343	0.0230823	0.0234284	0.0257661	0.0268253	0.0252723	0.0245079	0.0237848	0.02287	0.0225375	0.0226344	0.0238896	

67	0.795	24	0	task-3:0.015	task-0:0.405	task-1:0.5	task-2:0.005	|	0.12064	0.0896969	0.0896813	0.0637173	0.129233	0.0987758	0.0703624	0.0565164	0.0657291	0.0574836	0.0557492	0.0552832	0.0530096	0.0517622	0.0511264	0.0495693	0.0480725	0.0461051	0.0440079	0.0416481	0.0391252	0.0367431	0.0342827	0.0317732	0.0299757	0.0261457	0.0231162	0.0209949	0.0194122	0.0192328	0.019594	0.0197714	0.0201688	0.0199017	0.0191842	0.0189319	0.0185086	0.0180439	0.0173598	0.0160804	0.0158006	0.0154709	0.0157174	0.0161049	0.0167663	0.0193485	0.0178977	0.0174272	0.0184825	0.0195111	0.0200748	0.0199871	0.0197382	0.0194023	0.0192271	0.0188828	0.0389565	0.0291318	0.0262929	0.0182943	0.0181171	0.0179323	0.0178735	0.0177937	0.0176388	0.0174431	0.0171885	

78	0.889	24	0	task-3:0.015	task-0:0.38	task-1:0.425	task-2:0.005	|	0.0920539	0.0899999	0.0899999	0.0896477	0.113775	0.0982408	0.0582668	0.0760577	0.0737575	0.0581039	0.0677465	0.0598241	0.0609089	0.0657629	0.0596527	0.0560508	0.0577798	0.0568941	0.0552565	0.0559897	0.0557501	0.0544924	0.0534506	0.0526519	0.0517453	0.0507405	0.0496333	0.048487	0.0448667	0.0439726	0.043622	0.042552	0.0413101	0.0408333	0.0403236	0.0398062	0.0390257	0.0381853	0.0371904	0.0361638	0.0352491	0.0343954	0.0333835	0.0324879	0.0317705	0.0309167	0.0298528	0.0291966	0.0280279	0.0270227	0.0266356	0.0261254	0.0253825	0.0246694	0.024173	0.0238133	0.0234493	0.0231885	0.022852	0.0222949	0.0216003	0.02109	0.0207009	0.0204065	0.0200803	0.019753	0.019465	0.0190628	0.0184593	0.0178633	0.0174043	0.0184065	0.0229886	0.0232588	0.0217154	0.0198376	0.0183447	0.0162438	

91	1.045	24	0	task-3:0.015	task-0:0.325	task-1:0.465	task-2:0.005	|	0.0628891	0.16	0.16	0.15886	0.0655051	0.0626827	0.0929778	0.0893333	0.0564388	0.0860172	0.0859574	0.0636781	0.0571642	0.0571624	0.0572743	0.0572801	0.0563577	0.0561293	0.0544873	0.0514711	0.0490036	0.0491785	0.0459082	0.0487632	0.0472237	0.0434426	0.043308	0.0428436	0.0421901	0.0411323	0.0400707	0.0392685	0.0394022	0.0385592	0.0380145	0.0373726	0.036656	0.0362058	0.0357596	0.0352972	0.035221	0.0356268	0.0355147	0.0353194	0.0351676	0.0349084	0.0347307	0.0344538	0.0343292	0.0342372	0.0344988	0.0341261	0.0339753	0.0338871	0.0337211	0.0337259	0.0336465	0.0336001	0.0336267	0.0336291	0.0335521	0.033491	0.0334142	0.0333226	0.0332114	0.0330882	0.032974	0.0327976	0.0325919	0.0322621	0.0318749	0.0313582	0.0309146	0.0303177	0.0297527	0.0290319	0.0282401	0.0263735	0.0257737	0.0253649	0.0252047	0.0253352	0.0249047	0.0249915	0.0248058	0.0245933	0.0240024	0.0236977	0.0233655	0.023158	0.0233148	

111	1.279	24	2	task-3:0.02	task-0:0.305	task-1:0.345	task-2:0.005	|	0.0941715	0.0899337	0.0899288	0.0831952	0.117354	0.115975	0.0860959	0.0577343	0.0895199	0.0895154	0.0576203	0.0907351	0.0608739	0.0598922	0.0615557	0.0580625	0.0629396	0.0648454	0.0600665	0.059916	0.060624	0.0575662	0.058508	0.0582117	0.0572205	0.05713	0.0570057	0.0568375	0.056646	0.0564301	0.0562005	0.0559639	0.0557387	0.0555142	0.0553112	0.0550827	0.054799	0.0545591	0.0542606	0.05389	0.053444	0.0528722	0.0521824	0.0513635	0.0503856	0.0491302	0.0477035	0.0466634	0.0458113	0.0447144	0.0436058	0.04238	0.0412753	0.0401827	0.0389165	0.0377147	0.0363588	0.0349193	0.0334005	0.0318383	0.0306545	0.0309224	0.0293247	0.0284974	0.0283579	0.0275462	0.0269637	0.0260961	0.0256965	0.0258516	0.025455	0.0248739	0.0246487	0.0245823	0.0243147	0.0237467	0.0233026	0.0232214	0.0229628	0.0227069	0.0224495	0.0223523	0.0233418	0.0235667	0.0223305	0.0205635	0.0202679	0.0214455	0.0219047	0.0221117	0.0208243	0.0194104	0.0194033	0.0190429	0.0189847	0.0194696	0.0191196	0.0188581	0.0190126	0.019122	0.0189599	0.0188099	0.0221433	0.0247804	0.0216684	0.0204281	0.0198236	0.0194595	0.0198719	0.0194537	0.0196161	

62	0.733	24	0	task-3:0.015	task-0:0.365	task-1:0.545	task-2:0.005	|	0.0574111	0.0899346	0.0892578	0.129954	0.150796	0.120065	0.0606561	0.0607067	0.0655812	0.0668521	0.0493172	0.0535939	0.050181	0.048146	0.0474193	0.0462018	0.0454615	0.0445146	0.0437256	0.0430032	0.0424139	0.04208	0.0415791	0.04106	0.0403421	0.039479	0.0382465	0.0389982	0.03758	0.035758	0.0404202	0.0413994	0.0503582	0.0474001	0.0411837	0.0374785	0.0367672	0.0354216	0.033985	0.0338595	0.0334451	0.0320498	0.0340477	0.0316177	0.0295777	0.029537	0.0291206	0.032536	0.0327986	0.0315629	0.032351	0.0317531	0.0400703	0.0396707	0.0383431	0.0394933	0.0394059	0.0305659	0.0315797	0.0308436	0.0263029	0.0254691	

79	0.905	24	1	task-3:0.015	task-0:0.325	task-1:0.46	task-2:0.005	|	0.0735158	0.0899807	0.0899796	0.088253	0.0564273	0.0595576	0.0606042	0.0679439	0.0890465	0.0892175	0.0566189	0.0564021	0.056556	0.0551264	0.0593162	0.0609272	0.0573617	0.0544731	0.0551938	0.054049	0.0515641	0.0498813	0.0469377	0.04377	0.041144	0.0385469	0.0369721	0.0345767	0.0318772	0.0320955	0.0302864	0.0293037	0.0284269	0.0273534	0.0259803	0.0259099	0.0250585	0.0245167	0.0240618	0.0234966	0.0231919	0.0227132	0.0222051	0.0216577	0.0211257	0.0213208	0.0204657	0.0202668	0.0204799	0.0201516	0.0199587	0.0196357	0.0193912	0.0191513	0.0186686	0.0189664	0.0185263	0.0182255	0.0182267	0.018154	0.0179991	0.0177674	0.0175789	0.0174406	0.0171857	0.0168502	0.0171519	0.0167369	0.016548	0.0165501	0.0165559	0.0167844	0.0167747	0.0166196	0.0165222	0.0165061	0.0165281	0.0165731	0.0165535	

58	0.656	24	0	task-3:0.015	task-0:0.37	task-1:0.455	task-2:0.005	|	0.134295	0.0899985	0.0899983	0.0888638	0.0753147	0.0677268	0.0650994	0.0650994	0.0560961	0.0618572	0.0615666	0.0560326	0.052952	0.0526845	0.0525366	0.0516893	0.0508471	0.0500218	0.0487286	0.0472553	0.0452928	0.0432902	0.0413536	0.0394969	0.0379523	0.0360537	0.0352465	0.0327264	0.0307455	0.0283763	0.0262639	0.0259384	0.0242943	0.0235554	0.022618	0.0214624	0.0205178	0.0208257	0.019504	0.0204152	0.019637	0.0185173	0.0183024	0.0176942	0.0171555	0.0164158	0.015813	0.015301	0.0148768	0.014679	0.0137309	0.0122986	0.0107238	0.00968125	0.008873	0.00993891	0.00997075	0.00922028	

96	1.155	24	1	task-3:0.015	task-0:0.3	task-1:0.445	task-2:0.005	|	0.0793092	0.159905	0.159888	0.142576	0.0715469	0.0629854	0.0568131	0.0567169	0.106397	0.0904364	0.0611526	0.0615268	0.0555946	0.0761692	0.0687083	0.0553545	0.0580648	0.0580026	0.0546493	0.0558238	0.0556833	0.0541445	0.0541497	0.0538553	0.0534431	0.0531714	0.0527924	0.052404	0.0520353	0.0516286	0.0512138	0.0508425	0.0504943	0.0500201	0.0494947	0.0488537	0.0481245	0.0473701	0.0463921	0.0452354	0.0443961	0.0432031	0.0420553	0.040672	0.0395006	0.0383314	0.0374839	0.0369596	0.0362157	0.0358708	0.0353096	0.0350784	0.0346629	0.0345089	0.0338525	0.032966	0.0320228	0.0306055	0.0273471	0.0262475	0.0237415	0.0228563	0.0236534	0.0230033	0.0225631	0.0218918	0.021683	0.0220944	0.0215446	0.0210891	0.0209782	0.0210567	0.0209303	0.0208734	0.0208972	0.0204103	0.0199822	0.0195355	0.0273824	0.0270929	0.0318634	0.0171405	0.0232783	0.0194631	0.026378	0.0246423	0.0245486	0.0260675	0.0303997	0.0345647	0.0307937	0.0324559	0.0286269	0.0231486	0.020966	0.0216058	

68	0.811	24	0	task-3:0.015	task-0:0.385	task-1:0.5	task-2:0.005	|	0.116294	0.0899674	0.0899606	0.0859294	0.0986257	0.097013	0.0648824	0.0656349	0.083881	0.0706749	0.0932332	0.0893168	0.0472931	0.0474748	0.050551	0.0487474	0.0466074	0.0465142	0.0457965	0.0455495	0.0442885	0.0427706	0.0423295	0.0423103	0.0416496	0.0393161	0.0371392	0.0343375	0.0299425	0.027548	0.0232918	0.0204446	0.0177973	0.0157761	0.01459	0.0150872	0.0148721	0.0143741	0.0144901	0.0143319	0.0140361	0.014048	0.0137585	0.0135178	0.0134219	0.0134602	0.0136494	0.0138556	0.014394	0.0143542	0.0145007	0.014242	0.0138012	0.0134835	0.013324	0.0131939	0.0130485	0.0129059	0.0128224	0.0127828	0.0127776	0.0127383	0.0218237	0.0188221	0.012833	0.0127205	0.0129272	0.0128508	

65	0.764	24	0	task-3:0.015	task-0:0.37	task-1:0.5	task-2:0.005	|	0.0639794	0.159996	0.159995	0.151771	0.0709734	0.0677815	0.0676361	0.0685924	0.0575947	0.0578903	0.0556467	0.0563615	0.0552957	0.0553863	0.0553047	0.0548485	0.0548862	0.0543639	0.0539256	0.053574	0.0530832	0.0524997	0.0518465	0.0511221	0.0503254	0.0493363	0.0482147	0.0469569	0.045599	0.0443556	0.0434291	0.0416665	0.040541	0.0401302	0.0390846	0.0382553	0.0362252	0.0362332	0.0332809	0.0316189	0.0321775	0.031568	0.030278	0.0295269	0.0256631	0.0266503	0.0250798	0.0240175	0.0241812	0.023178	0.0228603	0.0229285	0.0225951	0.0223546	0.0222911	0.0223869	0.0226141	0.0223922	0.0220119	0.0217534	0.0215718	0.0214534	0.0212913	0.0210285	0.0208346	

117	1.42	24	4	task-3:0.04	task-0:0.27	task-1:0.38	task-2:0.005	|	0.0683659	0.159988	0.159979	0.145683	0.069627	0.0576382	0.0575938	0.057678	0.0728445	0.0614266	0.0557812	0.0553684	0.0553063	0.0553954	0.0537241	0.0565626	0.055467	0.0491831	0.0498706	0.0497611	0.0485669	0.0464857	0.0418255	0.0405288	0.0403603	0.0384882	0.0378123	0.0359979	0.0361512	0.0394806	0.0392364	0.0369521	0.0370678	0.035412	0.0352245	0.0359429	0.0354182	0.0342357	0.0332473	0.0326338	0.0319487	0.0335291	0.0320189	0.0307334	0.0304389	0.0304353	0.0304651	0.0301992	0.0301551	0.0301603	0.0301787	0.0299951	0.0299682	0.0295942	0.0297445	0.0296095	0.0297381	0.0298546	0.0300118	0.0302934	0.0299361	0.0299471	0.0298267	0.0298907	0.0294868	0.029249	0.0290651	0.029302	0.0289426	0.0288614	0.0290213	0.0287225	0.0282827	0.0280509	0.0276046	0.0270768	0.0264898	0.0259929	0.0253897	0.0249373	0.0244234	0.0241099	0.0237167	0.0236718	0.0228164	0.022605	0.0221221	0.0216888	0.0214252	0.0212272	0.0210834	0.0209846	0.0210286	0.0214145	0.0202578	0.0198039	0.0195324	0.0186194	0.0180978	0.0175314	0.0171553	0.0167576	0.0165078	0.0164803	0.0167201	0.0171693	0.0164591	0.0166102	0.0172118	0.0172327	0.0171384	0.0188462	0.0179939	0.0167202	0.0166451	0.0167893	0.0170729	

80	0.92	24	0	task-3:0.015	task-0:0.36	task-1:0.445	task-2:0.005	|	0.0816376	0.159909	0.159899	0.133782	0.0836945	0.0755838	0.0581242	0.0694018	0.0648255	0.0575129	0.0574528	0.0585096	0.0587167	0.057085	0.0571997	0.0571667	0.0565498	0.0565803	0.0563958	0.0559498	0.0555799	0.0551923	0.0547275	0.0545875	0.0540073	0.0537063	0.0531396	0.0526709	0.0520871	0.0514675	0.0508264	0.0498178	0.0456968	0.0452887	0.0418541	0.0421405	0.0432095	0.0421412	0.0391818	0.0487218	0.048898	0.0387791	0.0373727	0.0378436	0.0381179	0.0384956	0.0379974	0.036633	0.03607	0.0356714	0.0356441	0.0357696	0.0395058	0.0399386	0.035652	0.0353352	0.0358998	0.0350879	0.0350465	0.0349627	0.0347068	0.0364077	0.0352474	0.0354333	0.0352915	0.0352531	0.0345737	0.0342517	0.0351505	0.0349284	0.035625	0.0354151	0.0344235	0.0349095	0.0339445	0.0317689	0.0313082	0.0295241	0.0336958	0.0367833	

71	0.873	24	0	task-3:0.015	task-0:0.38	task-1:0.375	task-2:0.005	|	0.0654616	0.0899982	0.089998	0.0889102	0.107599	0.0898379	0.0577334	0.061017	0.0623529	0.0557119	0.063856	0.055183	0.0541164	0.0542216	0.0521471	0.0518742	0.0512224	0.0505353	0.0494751	0.0483408	0.0470002	0.0454986	0.0439037	0.0371253	0.0386581	0.036504	0.0354556	0.0315822	0.0319887	0.0317886	0.0278448	0.0269047	0.025797	0.0237269	0.0219769	0.0205175	0.0203544	0.0191271	0.0173903	0.0164709	0.0159838	0.0152232	0.0143307	0.0150034	0.0157512	0.0137066	0.0135339	0.0138744	0.0121434	0.0135499	0.0119927	0.0123144	0.0129717	0.0133596	0.0127698	0.0129952	0.0121356	0.0115603	0.0123905	0.0128552	0.0124547	0.0120885	0.0119571	0.0115725	0.0124466	0.0144577	0.0139997	0.0125152	0.0119454	0.0118182	0.0115455	

88	1.092	24	0	task-3:0.02	task-0:0.35	task-1:0.45	task-2:0.005	|	0.0703403	0.0899982	0.089998	0.0890696	0.107828	0.093011	0.0577594	0.0585863	0.0593446	0.060961	0.0748105	0.063792	0.0559864	0.0572884	0.0553263	0.0546288	0.0541924	0.0526764	0.0517758	0.0501164	0.0494112	0.0482227	0.0470678	0.046198	0.0454771	0.0446408	0.0436577	0.0427146	0.0417462	0.0406943	0.0391162	0.0373566	0.0352795	0.0330839	0.0311586	0.0324329	0.0294096	0.0301482	0.029049	0.0276877	0.0279367	0.0269989	0.0264509	0.0260661	0.0255653	0.0253132	0.0248584	0.024719	0.0243327	0.0238566	0.0233949	0.0230277	0.0226119	0.0220885	0.021698	0.0214369	0.0212114	0.0208336	0.0209504	0.0208796	0.0204599	0.0203975	0.0201185	0.019662	0.0197496	0.0197366	0.0196699	0.0195056	0.0192668	0.0191734	0.0191342	0.0190623	0.0190226	0.0189824	0.0189342	0.0189021	0.0188589	0.0187906	0.0186287	0.0186383	0.018577	0.018405	0.0183208	0.0182476	0.0181632	0.017966	0.0178234	0.0176421	

139	1.607	24	1	task-3:0.015	task-0:0.35	task-1:0.38	task-2:0.005	|	0.0824538	0.09	0.09	0.0898664	0.0881491	0.102854	0.0612685	0.06411	0.0562731	0.0856671	0.0817175	0.0595267	0.0577396	0.0578054	0.0563414	0.0576272	0.0568238	0.0558113	0.0558743	0.0558774	0.0558348	0.0555896	0.055161	0.0539551	0.0501912	0.0503616	0.0488652	0.0487101	0.0479461	0.0477751	0.0478658	0.0481059	0.0480424	0.0476535	0.0470566	0.0462898	0.0451373	0.0437864	0.0427715	0.0418257	0.0395978	0.0395229	0.0376384	0.0356157	0.0348074	0.0344081	0.0343457	0.0332287	0.0328581	0.0322915	0.0324098	0.0319393	0.0319287	0.0321955	0.0327836	0.0331417	0.0337217	0.0342787	0.03484	0.0347607	0.0343142	0.033691	0.0328404	0.0325056	0.0325953	0.0326657	0.032495	0.0321628	0.0317599	0.0312861	0.0308983	0.0300867	0.0300785	0.0302461	0.030353	0.0304431	0.0306686	0.030546	0.0301378	0.029927	0.0297621	0.029622	0.029573	0.0296344	0.0296477	0.029679	0.0296274	0.029037	0.0285948	0.0282623	0.0454681	0.0450022	0.04486	0.0434534	0.0279364	0.0243347	0.0280064	0.0277616	0.0273896	0.0270422	0.0266842	0.0264631	0.0263552	0.0262294	0.0259083	0.0256203	0.0253892	0.025108	0.0247586	0.0243296	0.0241719	0.0240531	0.02403	0.0238306	0.0234969	0.023125	0.0228002	0.0229602	0.023947	0.0220657	0.0217725	0.0213814	0.021164	0.0205822	0.0205128	0.0200274	0.0201001	0.0205633	0.0200523	0.0200866	0.0202255	0.0200265	0.0197385	0.0191466	0.0189556	0.0186874	0.0184483	0.0181319	0.0179263	

112	1.248	24	1	task-3:0.055	task-0:0.315	task-1:0.43	task-2:0.005	|	0.120607	0.0899993	0.0899992	0.0894887	0.069687	0.0603017	0.0541979	0.0533284	0.0537775	0.0506656	0.047218	0.0437473	0.0426412	0.0429372	0.0412591	0.0397398	0.0394464	0.0385467	0.0376854	0.0368136	0.0358347	0.0351441	0.0344255	0.0336985	0.0335084	0.0330911	0.032841	0.0328128	0.0325508	0.0327898	0.0321597	0.0321253	0.0323836	0.032028	0.0320624	0.0317356	0.0311336	0.0301799	0.0294078	0.0287771	0.0282986	0.0279019	0.0275489	0.0274081	0.0272116	0.0269759	0.0267478	0.0265082	0.0262526	0.0259693	0.0256748	0.0253677	0.0249881	0.0249997	0.0250366	0.0246876	0.0255891	0.0249075	0.0242566	0.0246489	0.0246324	0.0245023	0.024469	0.0239682	0.0238731	0.0241322	0.0239426	0.0234791	0.0231612	0.0228898	0.0227212	0.0225645	0.0225189	0.0224864	0.0223559	0.0222851	0.0222317	0.0221745	0.0221279	0.0220163	0.0219403	0.0218949	0.0228175	0.0231797	0.0317655	0.032424	0.0293093	0.0290585	0.0285196	0.0229173	0.023123	0.0238225	0.0237452	0.0230159	0.0229565	0.0231186	0.0234389	0.0228817	0.0226555	0.0225386	0.0280575	0.0266477	0.0223053	0.0221638	0.0221387	0.0221389	0.0219827	0.0217907	0.0216392	0.0214908	0.0211991	0.0206884	

106	1.248	24	1	task-3:0.015	task-0:0.265	task-1:0.41	task-2:0.005	|	0.0582293	0.159992	0.159991	0.158605	0.0618113	0.0789572	0.0806279	0.0684045	0.0590931	0.0588755	0.0773713	0.0773769	0.060099	0.0585611	0.0588349	0.0576654	0.0587788	0.0576257	0.0560423	0.0552299	0.0524552	0.0485802	0.0461572	0.0444402	0.0438826	0.0412866	0.0401942	0.0383515	0.0362424	0.0344789	0.0319138	0.0291895	0.0264616	0.0236641	0.0212487	0.018785	0.0359724	0.0313932	0.017815	0.0177519	0.0164669	0.0166135	0.0149198	0.014701	0.0143957	0.0143926	0.0140569	0.0135778	0.013164	0.0130828	0.0127618	0.0131705	0.01355	0.0141175	0.0145637	0.0145024	0.0142159	0.0139235	0.0136075	0.0132862	0.013303	0.0134465	0.0135261	0.0134206	0.0132888	0.0132261	0.0130948	0.0127632	0.0124078	0.0116648	0.0111326	0.0108893	0.0144215	0.0275519	0.0233222	0.0231954	0.023122	0.0231471	0.0326923	0.0328136	0.0331002	0.0296495	0.0293672	0.0373759	0.0336565	0.0114932	0.0114959	0.0193849	0.0119581	0.0105136	0.0112411	0.0113898	0.0113877	0.0113127	0.0112512	0.0112974	0.0140264	0.0156914	0.0153128	0.0215336	0.0210542	0.0160377	0.013554	0.0133216	0.0135665	0.0133572	

87	0.999	24	0	task-3:0.02	task-0:0.265	task-1:0.405	task-2:0.005	|	0.0765556	0.159993	0.15999	0.157143	0.0609037	0.0624131	0.0628166	0.061826	0.05959	0.0581059	0.0590574	0.0578298	0.0556276	0.0538256	0.0525622	0.0500617	0.0465827	0.0445228	0.0440197	0.0440876	0.0432015	0.0427805	0.0414976	0.0365191	0.03395	0.032736	0.0311321	0.0276876	0.0264859	0.0254357	0.0243414	0.0235203	0.0225986	0.0197364	0.0167109	0.0327411	0.0273645	0.0182528	0.0181391	0.0227013	0.0230755	0.0205184	0.0187174	0.0184524	0.0184822	0.0185005	0.0181658	0.0176439	0.0172738	0.017062	0.0167166	0.0161847	0.0159785	0.0155303	0.0152771	0.0154235	0.0153514	0.0153475	0.0154188	0.0154843	0.0156097	0.0156672	0.015686	0.0159858	0.0177122	0.0196504	0.0196454	0.0206582	0.0210158	0.0229309	0.0190486	0.0159606	0.012805	0.0125896	0.0118417	0.0117012	0.0115045	0.0111594	0.0106878	0.0103304	0.0101533	0.0100858	0.0102172	0.0105694	0.0104247	0.0103073	0.0103404	

86	1.029	24	0	task-3:0.015	task-0:0.35	task-1:0.465	task-2:0.005	|	0.0875696	0.09	0.09	0.0899784	0.0613668	0.130621	0.135601	0.0613374	0.076662	0.0718392	0.0588153	0.0639749	0.0640008	0.0567809	0.0606693	0.0598707	0.057077	0.0577635	0.0577648	0.0564322	0.0568989	0.0567286	0.0560331	0.055846	0.0555738	0.0552484	0.0549448	0.0545679	0.0541839	0.0537959	0.0533674	0.0528453	0.0517345	0.0499833	0.0500782	0.0484104	0.0480078	0.0473097	0.0463258	0.0447464	0.0434958	0.0430267	0.0427033	0.0418472	0.0412551	0.0404735	0.0402516	0.0393908	0.0387437	0.0383129	0.0358297	0.0331412	0.0297759	0.0283942	0.0299288	0.0298607	0.0295938	0.0294971	0.0279163	0.0265737	0.0264849	0.0273635	0.02698	0.0265154	0.0256451	0.0249276	0.0247243	0.0234032	0.0317533	0.0312254	0.0212452	0.0205887	0.0308491	0.0304619	0.0203491	0.0203883	0.0303402	0.0302999	0.0302989	0.0302325	0.0301693	0.0296422	0.0299782	0.0303154	0.031608	0.0335517	

73	0.858	24	0	task-3:0.015	task-0:0.355	task-1:0.435	task-2:0.005	|	0.05445	0.0899997	0.0899995	0.0896299	0.0551154	0.119951	0.105482	0.0546335	0.0716552	0.0712739	0.0547066	0.0531768	0.0511138	0.0439469	0.0405406	0.0371866	0.034071	0.0318995	0.0308044	0.0307957	0.0299341	0.0297212	0.0298859	0.0296217	0.0291997	0.0286641	0.0280057	0.0277831	0.0272878	0.0267311	0.0269969	0.0262048	0.025591	0.0253666	0.0251781	0.0247026	0.0241516	0.0235701	0.0229579	0.025557	0.0228891	0.0222133	0.0218385	0.0218097	0.0220679	0.0217913	0.02175	0.0217403	0.0213405	0.0212489	0.0211631	0.0286047	0.0293142	0.0280827	0.0203892	0.0204129	0.0200163	0.0202394	0.0208287	0.0211064	0.0207367	0.0205724	0.019938	0.020057	0.0205582	0.0208238	0.0207079	0.021224	0.0208481	0.0200038	0.0198468	0.0194948	0.0188568	

70	0.811	24	0	task-3:0.015	task-0:0.37	task-1:0.485	task-2:0.005	|	0.0718355	0.159999	0.159998	0.159144	0.0593689	0.0585024	0.0608437	0.0609037	0.0582517	0.0594295	0.0577188	0.0579495	0.058946	0.0571269	0.057512	0.0575083	0.0570462	0.0567984	0.0565441	0.0563702	0.0562936	0.0560531	0.0556228	0.0537303	0.0496868	0.0506764	0.0494334	0.0516667	0.0481905	0.0491235	0.042042	0.0432612	0.0498921	0.0489023	0.0505551	0.04965	0.0463158	0.0466496	0.0422893	0.0438645	0.0422912	0.0429363	0.0415975	0.0447502	0.0471606	0.0481408	0.0470678	0.0470871	0.0405515	0.037135	0.0344321	0.0284074	0.0297146	0.0322737	0.0343855	0.0352373	0.0365096	0.0358049	0.042559	0.0335568	0.0338744	0.0340372	0.0333725	0.0328785	0.0327198	0.0310993	0.030803	0.0303826	0.0299964	0.029694	

73	0.858	24	1	task-3:0.015	task-0:0.39	task-1:0.45	task-2:0.005	|	0.0724536	0.159999	0.159998	0.159011	0.0594859	0.0588648	0.0613817	0.0612312	0.0589463	0.059982	0.0581489	0.0582902	0.0555671	0.0542325	0.0575959	0.0578639	0.057509	0.0571561	0.0563861	0.0542933	0.0534722	0.053268	0.0529427	0.0509751	0.0460471	0.0438491	0.0468236	0.0474186	0.0447975	0.0438868	0.040723	0.0496644	0.0469488	0.0457531	0.0464553	0.0464927	0.0470478	0.0459817	0.0430195	0.0552354	0.058355	0.0379456	0.0352864	0.0343746	0.0335113	0.0330075	0.0326852	0.0399684	0.0394285	0.0355843	0.0308586	0.0268953	0.0269353	0.0231831	0.029892	0.0263302	0.0265075	0.0376501	0.0485646	0.0331708	0.0577396	0.0576319	0.0552396	0.0297455	0.0300712	0.0264258	0.023169	0.0208445	0.0188041	0.0227972	0.0246985	0.0326264	0.032618	

72	0.827	24	0	task-3:0.015	task-0:0.375	task-1:0.47	task-2:0.005	|	0.101184	0.09	0.09	0.0898911	0.0958577	0.0901026	0.0591283	0.0728125	0.0748293	0.0601204	0.062545	0.0616227	0.0558607	0.0572166	0.0552572	0.0539405	0.0531442	0.0523032	0.0514128	0.050101	0.0491287	0.0480726	0.0468852	0.0461022	0.045367	0.0440032	0.0425711	0.0410384	0.0393512	0.0381341	0.0367869	0.0354612	0.0339198	0.0325636	0.0314437	0.0306378	0.0298446	0.0269444	0.0323887	0.0266662	0.0298004	0.02918	0.0247233	0.0263431	0.0253677	0.0252208	0.0249365	0.0247667	0.0248923	0.0248163	0.0246125	0.0240901	0.0235777	0.0232003	0.0228308	0.0225251	0.0222197	0.0212291	0.0208555	0.0199519	0.0192429	0.019976	0.0200666	0.0196133	0.0196593	0.018728	0.018535	0.0185305	0.0181527	0.0179335	0.0178297	0.0184408	

93	1.092	24	2	task-3:0.015	task-0:0.345	task-1:0.425	task-2:0.005	|	0.0593106	0.0899968	0.0899966	0.0894449	0.0685872	0.107319	0.104285	0.0597665	0.0754681	0.0729111	0.0827808	0.0857018	0.0593517	0.070067	0.0700449	0.0613214	0.0618588	0.0618588	0.0574826	0.0604591	0.0596317	0.0573024	0.0600281	0.0600277	0.0578318	0.0573949	0.0573948	0.057318	0.0578584	0.0582884	0.0575705	0.057133	0.0571051	0.0571769	0.0573375	0.0574995	0.0577955	0.0572313	0.0538599	0.0499756	0.0492143	0.0483203	0.046645	0.0442675	0.0438756	0.0433629	0.0397289	0.0384737	0.0387096	0.0379313	0.0374267	0.0408651	0.0424676	0.0470897	0.0396108	0.0411825	0.0411603	0.0411103	0.0407978	0.0413961	0.0370552	0.0368494	0.0423779	0.0421963	0.0401006	0.0379143	0.0385964	0.0387344	0.0385289	0.0379617	0.0372271	0.0365074	0.036601	0.0362953	0.0366504	0.0359243	0.0621805	0.0620882	0.0618831	0.0616034	0.061186	0.0620338	0.0478747	0.0438078	0.0547827	0.0556981	0.0527994	0.0427487	0.0312781	0.0305632	0.030233	0.029744	0.0289586	

79	0.952	24	0	task-3:0.015	task-0:0.37	task-1:0.425	task-2:0.005	|	0.0892292	0.159202	0.159132	0.0948751	0.0874775	0.0866128	0.0663381	0.102465	0.145674	0.080819	0.0683507	0.0683506	0.0569171	0.0779335	0.071817	0.0580624	0.0589659	0.0586365	0.0565099	0.0587924	0.0583979	0.0566845	0.0567647	0.0566625	0.0560583	0.0557092	0.0552646	0.0544735	0.0558576	0.0547918	0.0535703	0.053355	0.0524466	0.0522385	0.051933	0.0498539	0.0477139	0.0455777	0.0438036	0.0410542	0.0398762	0.0377924	0.0375734	0.0368881	0.0351769	0.034195	0.0340838	0.0332622	0.033042	0.0331944	0.0325746	0.0322142	0.0319434	0.0315827	0.0311663	0.0307681	0.030255	0.0297134	0.0292996	0.0286251	0.0278241	0.027004	0.0260941	0.0250925	0.0246852	0.0234459	0.0234004	0.0225485	0.0214464	0.0209825	0.0205948	0.0201873	0.0197205	0.0192124	0.0191464	0.0186903	0.0184122	0.018416	0.018178	

168	1.966	24	1	task-3:0.015	task-0:0.305	task-1:0.36	task-2:0.005	|	0.0810684	0.159994	0.159993	0.151342	0.0803043	0.0729727	0.0594983	0.0592955	0.0645227	0.0642141	0.0593175	0.0601064	0.0598455	0.0585889	0.0585013	0.0583242	0.0579756	0.0572831	0.0562402	0.0546231	0.0552594	0.0549727	0.0512755	0.0503952	0.0497973	0.0491478	0.048083	0.046427	0.0456169	0.0451407	0.0431317	0.0432024	0.0417395	0.0408179	0.0401588	0.0394351	0.0388004	0.0382372	0.0374449	0.0366318	0.0372777	0.0494089	0.0476203	0.041383	0.0413342	0.0405128	0.0381137	0.0356154	0.0352887	0.0351888	0.0347097	0.0361008	0.0348761	0.0340416	0.0340946	0.033742	0.0337786	0.0337026	0.0336757	0.0336178	0.0335033	0.0333903	0.0332507	0.0330562	0.0328571	0.0326369	0.0324381	0.0328611	0.0325561	0.0315019	0.0318977	0.0314949	0.0311702	0.0310961	0.031135	0.0313189	0.0311809	0.0309754	0.0308245	0.0307207	0.0305908	0.0303905	0.0301801	0.0299458	0.0297226	0.0295355	0.0293223	0.0291469	0.0289179	0.0286615	0.0284492	0.0282305	0.0279619	0.027644	0.0272646	0.0269197	0.0266862	0.0263578	0.0262283	0.0261	0.0259581	0.0258836	0.025886	0.0254527	0.0253344	0.0252811	0.0247395	0.0253707	0.0247672	0.0240155	0.0234292	0.022986	0.0224873	0.02206	0.0217793	0.0215008	0.0297393	0.0255315	0.0242275	0.0220959	0.0200232	0.0199202	0.0197883	0.0192859	0.019204	0.0194937	0.0195513	0.0192189	0.0193922	0.0206775	0.0208831	0.0211952	0.0216058	0.0224595	0.0247409	0.0238585	0.0246482	0.0261669	0.0287715	0.0310955	0.0347306	0.0387364	0.0457167	0.0416023	0.0336235	0.0317578	0.0294177	0.0280278	0.0268784	0.0267767	0.0275285	0.0290602	0.0264748	0.0264675	0.0272551	0.0279732	0.0317818	0.0300829	0.0296065	0.0294782	0.0292718	0.0292082	0.0284392	0.0271253	0.0248855	0.022492	0.0234468	0.020851	

121	1.436	24	1	task-3:0.02	task-0:0.33	task-1:0.41	task-2:0.005	|	0.107102	0.0899999	0.0899999	0.0885026	0.104536	0.062396	0.0625281	0.060801	0.0712529	0.0705718	0.0569195	0.057957	0.0566794	0.0567454	0.0565528	0.0564523	0.0562822	0.056088	0.0558644	0.0556068	0.0553483	0.0550823	0.0546985	0.0542669	0.0537716	0.0531569	0.0524969	0.0516835	0.0507003	0.049594	0.0485359	0.0489711	0.0468778	0.0478619	0.0464543	0.0453222	0.0452823	0.0447628	0.0443037	0.0435804	0.0426892	0.0416025	0.040577	0.0391724	0.0378388	0.0373012	0.0366401	0.0373347	0.036651	0.0369372	0.0372917	0.037879	0.0387222	0.0387502	0.038602	0.0383116	0.0378185	0.0371509	0.0362278	0.0352445	0.0346253	0.0344163	0.0346724	0.0346845	0.0327603	0.0324028	0.0313848	0.0306818	0.0299367	0.0291016	0.0288497	0.0301688	0.0293529	0.0275457	0.0265444	0.0268681	0.0255635	0.0252255	0.0266024	0.0261274	0.0249082	0.0251332	0.0248128	0.0242543	0.0241301	0.0239521	0.0237458	0.023556	0.0232635	0.0229264	0.0224847	0.0219669	0.0213871	0.0207718	0.0200027	0.0187944	0.0190595	0.0180159	0.0178685	0.0176034	0.0276859	0.025864	0.020249	0.0199866	0.0173573	0.0173606	0.0174154	0.0176056	0.017771	0.0179626	0.0181932	0.0195544	0.0197696	0.019438	0.0427359	0.0415593	0.0411256	0.0408375	0.0385623	0.037694	0.0365906	

76	0.936	24	2	task-3:0.015	task-0:0.37	task-1:0.48	task-2:0.005	|	0.123335	0.09	0.09	0.089582	0.124819	0.0877278	0.0605809	0.0606081	0.0585412	0.0597327	0.0577084	0.057277	0.0575533	0.056992	0.057484	0.0573363	0.0568225	0.0569131	0.0568342	0.056556	0.0564442	0.0563147	0.0561725	0.0560693	0.0559828	0.0559614	0.0561216	0.0566937	0.057613	0.0571866	0.0559207	0.0553345	0.056069	0.0546692	0.0531972	0.0618221	0.0790029	0.0554651	0.0525358	0.0541781	0.0521796	0.0507779	0.0505162	0.0491901	0.048243	0.0461458	0.0476206	0.0491027	0.0523119	0.0494838	0.043747	0.040821	0.0408663	0.0405244	0.038825	0.0380489	0.0377285	0.0378281	0.03845	0.0396722	0.0416145	0.0436957	0.0446771	0.0435403	0.03963	0.0399372	0.0372408	0.0365013	0.0410761	0.0687964	0.059632	0.0540708	0.0538355	0.0574036	0.0648649	0.0654576	

61	0.764	24	0	task-3:0.015	task-0:0.37	task-1:0.515	task-2:0.005	|	0.0853012	0.0899973	0.0899971	0.0875334	0.147439	0.1392	0.0617659	0.0723346	0.0645024	0.0649867	0.0651485	0.0559384	0.0593412	0.0571141	0.0564117	0.0564497	0.0558043	0.0557936	0.0555999	0.0554967	0.0554015	0.0552932	0.0551028	0.0551346	0.0568158	0.0565444	0.0542752	0.0523255	0.0551454	0.0537486	0.0508622	0.0507024	0.0503098	0.0504079	0.0501662	0.05018	0.0497438	0.0493076	0.0488479	0.0485003	0.0480996	0.0477929	0.0479637	0.0481618	0.0484533	0.0482236	0.0477568	0.0471903	0.0468824	0.0465301	0.0461262	0.0457901	0.045628	0.0456521	0.0457167	0.0454524	0.0450843	0.0447231	0.0443707	0.0439417	0.0434644	

110	1.373	24	5	task-3:0.015	task-0:0.39	task-1:0.415	task-2:0.005	|	0.0882901	0.0899978	0.0899976	0.0878154	0.117128	0.0972107	0.0603273	0.0600354	0.0586218	0.0580701	0.0568538	0.0568536	0.0568672	0.0569719	0.0569105	0.0567893	0.056612	0.0565426	0.0565199	0.0564439	0.0563404	0.0562407	0.0560733	0.055926	0.0557499	0.0553524	0.054475	0.0539577	0.0538621	0.0536222	0.0530951	0.052613	0.0526688	0.0530652	0.0566725	0.0495087	0.0489812	0.0587336	0.0592681	0.0571993	0.0557991	0.0532594	0.0519799	0.0540053	0.0537683	0.0515201	0.0517667	0.0516099	0.0509059	0.0510204	0.0509811	0.0504668	0.0502251	0.0499601	0.0496904	0.0494073	0.0489759	0.048468	0.0482234	0.0475736	0.0473158	0.0470426	0.0466673	0.0463632	0.0455927	0.0447916	0.0442235	0.0437156	0.043063	0.0418714	0.0404427	0.041262	0.0394121	0.0393656	0.0386861	0.037326	0.0358559	0.0404158	0.0417815	0.0373224	0.0374661	0.0369063	0.0458168	0.0474586	0.0471827	0.0461219	0.0436612	0.0422236	0.0421044	0.0428178	0.0430289	0.0417364	0.0415439	0.0413708	0.0408898	0.0411657	0.0411462	0.0407724	0.0405425	0.0404312	0.0404229	0.0403037	0.0400695	0.0398048	0.0395839	0.0393799	0.039272	0.0391549	0.0390078	0.0385776	

101	1.217	24	1	task-3:0.015	task-0:0.405	task-1:0.435	task-2:0.005	|	0.0708856	0.0899981	0.0899978	0.087929	0.124462	0.110686	0.0593776	0.0796532	0.0770981	0.0601464	0.0657204	0.0672399	0.0589111	0.0596189	0.0595256	0.057482	0.0596414	0.0586833	0.0558442	0.0546685	0.0531974	0.0517793	0.0505869	0.0494319	0.0488915	0.0491714	0.0499072	0.0490313	0.0481919	0.0477105	0.0468799	0.0458553	0.0450148	0.0438885	0.0433259	0.0415608	0.0395613	0.0385961	0.0381924	0.0375496	0.0370111	0.0366039	0.0358028	0.0349695	0.0338809	0.0325651	0.0316441	0.0302586	0.0286266	0.02777	0.0265178	0.0253879	0.0339451	0.0233181	0.0272685	0.0316872	0.0315096	0.0401129	0.0346844	0.0278673	0.0269177	0.021382	0.054975	0.0533961	0.0503298	0.0305246	0.0283352	0.0183441	0.0181985	0.0165115	0.0162507	0.0148194	0.0146875	0.0145351	0.0144106	0.0142137	0.0141264	0.0148442	0.0149825	0.014383	0.0140057	0.0149982	0.0136604	0.0136081	0.0279148	0.0355055	0.0310846	0.0255717	0.0138199	0.0158308	0.0136167	0.0124352	0.0120044	0.0119043	0.0105125	0.0100441	0.0100461	0.00935189	0.0091771	0.0090477	0.00894696	

62	0.795	24	0	task-3:0.015	task-0:0.375	task-1:0.475	task-2:0.005	|	0.0975105	0.0899731	0.0899718	0.0851311	0.0879363	0.0715514	0.0599038	0.0560393	0.0615766	0.0550851	0.0632493	0.0646318	0.0530938	0.0598885	0.0599423	0.0538645	0.052179	0.0518388	0.0508257	0.0502645	0.0498218	0.0491258	0.0483218	0.0474308	0.0463041	0.0450174	0.0436684	0.0422375	0.040848	0.0393047	0.0377579	0.0359695	0.0326752	0.0309512	0.0304974	0.0290435	0.0272596	0.0270295	0.0249064	0.0345005	0.0385564	0.0270242	0.0268603	0.0260515	0.0260961	0.0261201	0.0245916	0.0637144	0.0671815	0.0405826	0.022895	0.0228133	0.0221895	0.0214685	0.0208173	0.0206953	0.0202283	0.0199649	0.0196631	0.0185313	0.0156447	0.0134431	

64	0.796	24	0	task-3:0.015	task-0:0.37	task-1:0.48	task-2:0.005	|	0.0647693	0.0899999	0.0899999	0.0898516	0.104961	0.0866587	0.0778836	0.0795313	0.0596715	0.0837862	0.0856461	0.0654542	0.0580582	0.0575872	0.0550192	0.0626133	0.0593513	0.0545219	0.0539503	0.051783	0.0538003	0.0511002	0.0477599	0.0460938	0.0436296	0.0409456	0.0383066	0.0356575	0.0329162	0.0302244	0.0282365	0.0300697	0.026121	0.0257023	0.0254729	0.0245944	0.023512	0.0225779	0.0222175	0.0211725	0.0201314	0.0193316	0.0183854	0.0173836	0.0162622	0.0150931	0.0143694	0.0145205	0.0136767	0.0123788	0.011393	0.0102464	0.00860999	0.0070104	0.00570644	0.00478153	0.00390644	0.0034225	0.00278879	0.00241365	0.00199988	0.00144847	0.00129291	0.000836876	

77	0.921	24	0	task-3:0.015	task-0:0.315	task-1:0.385	task-2:0.005	|	0.0925959	0.0899904	0.0899751	0.0834202	0.12881	0.115396	0.0597851	0.0754066	0.0686827	0.0564903	0.0565475	0.0594531	0.0620885	0.0593629	0.0571081	0.0570783	0.0566879	0.056342	0.055754	0.0550677	0.05417	0.0529879	0.0514972	0.049694	0.0476375	0.0455191	0.0434043	0.0410553	0.0381239	0.0350392	0.0322261	0.0297679	0.0287545	0.0300454	0.0273456	0.030508	0.02905	0.0265743	0.0267996	0.0265024	0.0263967	0.026204	0.0260024	0.0257533	0.0254566	0.0251006	0.0248239	0.0244698	0.0240224	0.0236158	0.0230479	0.0224141	0.0218292	0.0211716	0.0239531	0.02164	0.0223025	0.0223166	0.0207331	0.0217766	0.0218446	0.0208974	0.0206516	0.0205699	0.0206819	0.0208149	0.0207359	0.020645	0.0205547	0.0204829	0.0204285	0.0203855	0.0203621	0.0202664	0.020332	0.0202661	0.0202291	

59	0.733	24	0	task-3:0.015	task-0:0.37	task-1:0.515	task-2:0.005	|	0.0935646	0.0899922	0.089989	0.083611	0.129563	0.11504	0.0574056	0.07797	0.0720114	0.0549383	0.0665917	0.0582432	0.0564876	0.0566882	0.0534057	0.0533508	0.0526965	0.0517612	0.0495036	0.0462317	0.043193	0.0451782	0.0442832	0.0394032	0.0388453	0.0391454	0.0390987	0.0382249	0.0372585	0.0368009	0.0363472	0.0356788	0.0351283	0.0347121	0.0340677	0.033332	0.0325315	0.0315682	0.0305121	0.0297946	0.0288655	0.0279001	0.0269613	0.0261152	0.0253252	0.0250561	0.0294825	0.0179188	0.0147969	0.0371467	0.0382381	0.0368676	0.036574	0.0213772	0.023442	0.0285881	0.0272849	0.0181331	0.0174064	

98	1.17	24	1	task-3:0.015	task-0:0.275	task-1:0.425	task-2:0.005	|	0.0646416	0.0899995	0.0899995	0.0896847	0.071924	0.0763837	0.0667783	0.0684547	0.0568474	0.0803975	0.0659697	0.0550514	0.0556925	0.0547703	0.0549728	0.0530045	0.0525507	0.0519836	0.0515405	0.0507182	0.0503886	0.0502707	0.04977	0.0494381	0.0490322	0.0485233	0.0479838	0.0474971	0.0468308	0.0469543	0.0463328	0.0463951	0.0461638	0.0460546	0.0460995	0.045922	0.0458186	0.045801	0.0457394	0.0457197	0.0456358	0.0454648	0.0453236	0.0451872	0.0450453	0.0449	0.0447007	0.0444609	0.0440514	0.0424164	0.0434733	0.0406035	0.0400338	0.0399876	0.0397758	0.0396908	0.0395581	0.0394749	0.0394186	0.043086	0.0400791	0.040326	0.0402278	0.0401696	0.0403308	0.0402564	0.040118	0.0406772	0.0405344	0.0396881	0.0394082	0.0392927	0.0389476	0.0362084	0.0359388	0.0353563	0.037876	0.0374623	0.0371522	0.0369474	0.0367492	0.0377258	0.0361952	0.0360117	0.0355849	0.0356598	0.0382341	0.0371464	0.0371909	0.0369515	0.0364354	0.0358875	0.0353459	0.034948	0.0344549	0.0340642	0.0334474	0.0328982	

138	1.607	24	3	task-3:0.015	task-0:0.27	task-1:0.42	task-2:0.005	|	0.152333	0.0899778	0.0899764	0.0860318	0.0631933	0.0659718	0.0576949	0.0572364	0.0740355	0.0622211	0.114297	0.130268	0.105649	0.0728531	0.0638529	0.063851	0.059179	0.0636703	0.0603386	0.0572124	0.0586084	0.0582033	0.0567524	0.0570121	0.0568434	0.0563144	0.0561849	0.0559571	0.055583	0.0551986	0.0547193	0.054118	0.0533648	0.0524422	0.0514095	0.0505057	0.0496534	0.049164	0.0485502	0.0482479	0.0477833	0.047551	0.0472833	0.0471949	0.0469826	0.0467894	0.0465143	0.046224	0.0459569	0.0457141	0.0456991	0.0452694	0.0449118	0.0444818	0.0440135	0.0433897	0.0424821	0.0420157	0.0411896	0.0400561	0.0391776	0.038039	0.0378782	0.037452	0.0360791	0.0368948	0.0360109	0.0355804	0.0354662	0.0350487	0.0345931	0.0340256	0.033468	0.0336832	0.0329099	0.0326619	0.0320484	0.0316307	0.0312193	0.0305888	0.029961	0.0293142	0.0285988	0.0281171	0.0272298	0.0262858	0.0250901	0.0235669	0.0215953	0.0194786	0.0205767	0.0183894	0.0177919	0.0174053	0.0188354	0.0196734	0.0200579	0.0208009	0.0208151	0.0207363	0.0200239	0.0190576	0.0183862	0.0187756	0.0186431	0.0182251	0.0179033	0.0176668	0.0173024	0.0169225	0.0164431	0.0160009	0.0157278	0.0153568	0.0150479	0.041862	0.0401671	0.0368785	0.0310325	0.0239444	0.0216617	0.0211901	0.0202948	0.0194359	0.0184294	0.0173557	0.0176177	0.017581	0.0173458	0.017839	0.0175098	0.0175786	0.0176237	0.017838	0.0180194	0.0178141	0.0178687	0.0178847	

72	0.889	24	0	task-3:0.015	task-0:0.37	task-1:0.49	task-2:0.005	|	0.0981435	0.0899982	0.0899981	0.0895207	0.0815391	0.0730708	0.0657909	0.0688695	0.0610683	0.0578956	0.0575679	0.0577689	0.0575879	0.0569157	0.0566574	0.0561484	0.055426	0.0540108	0.0515343	0.0485655	0.0457516	0.0448928	0.0437715	0.0423	0.0411723	0.0394207	0.0379863	0.0364946	0.0350593	0.0340217	0.0333641	0.0323912	0.0324757	0.0345986	0.0345163	0.033572	0.0307593	0.0263878	0.0250432	0.0233779	0.0228353	0.022421	0.0215521	0.0226265	0.0207825	0.0252623	0.0231349	0.0211766	0.0208504	0.0216955	0.0220278	0.0233302	0.0278883	0.0280145	0.0327665	0.0289262	0.0278115	0.0276612	0.0756603	0.0737237	0.0243799	0.0232385	0.0365106	0.0364435	0.030102	0.0214259	0.021203	0.0208564	0.0300706	0.0302175	0.030002	0.0297538	

68	0.826	24	0	task-3:0.015	task-0:0.37	task-1:0.49	task-2:0.005	|	0.066632	0.09	0.0899999	0.0899381	0.0583809	0.122537	0.0972767	0.0589025	0.0585474	0.0580248	0.0584258	0.0576748	0.0593596	0.0593586	0.0568199	0.0567618	0.0556689	0.054628	0.0538864	0.0526004	0.0523429	0.0514915	0.0509698	0.050118	0.0492084	0.0481316	0.0468893	0.0467506	0.0454811	0.0449939	0.0449631	0.0443457	0.0436502	0.0430151	0.0424759	0.041668	0.0407308	0.0398421	0.039037	0.0382725	0.0382015	0.0368714	0.035936	0.0347069	0.0328252	0.0589196	0.0563551	0.0320432	0.0269837	0.0269755	0.0264051	0.0260153	0.0342346	0.0413604	0.0384462	0.0350646	0.0315115	0.0264866	0.0398338	0.0273109	0.0283177	0.0248523	0.0254851	0.025768	0.0253146	0.0246683	0.0246844	0.0250088	

191	2.402	24	3	task-3:0.035	task-0:0.33	task-1:0.42	task-2:0.005	|	0.117796	0.0899265	0.0899187	0.0792373	0.119645	0.111501	0.0583428	0.0663946	0.0576141	0.05907	0.0600094	0.0548213	0.0541579	0.0537284	0.0529347	0.0529574	0.0526293	0.0525762	0.0528046	0.0531398	0.0536385	0.0541557	0.0544437	0.0542292	0.0536646	0.0528193	0.0516699	0.0502918	0.0481596	0.0457039	0.0445482	0.0427781	0.0412289	0.0392099	0.038105	0.0365781	0.0360664	0.0349512	0.0338653	0.0334766	0.0331094	0.0325048	0.0306265	0.0305353	0.0296524	0.0296941	0.0295711	0.0293168	0.0289328	0.0284883	0.028015	0.0274881	0.0268446	0.0277331	0.0266887	0.0271783	0.0271962	0.0265818	0.0267205	0.0270463	0.0276668	0.0284598	0.0292695	0.0300124	0.0705819	0.0677025	0.0506636	0.0322637	0.0318987	0.0312489	0.0505866	0.045689	0.0316921	0.0320246	0.0321275	0.041926	0.0417218	0.0330889	0.0314114	0.0313703	0.0311902	0.0321918	0.0316733	0.0307338	0.0306831	0.0305837	0.0304733	0.0303739	0.0302801	0.0298699	0.0295986	0.0293669	0.0292209	0.0291052	0.0289996	0.0289719	0.0289838	0.0289263	0.0289721	0.0298504	0.0292046	0.0293433	0.0392643	0.0391034	0.0290774	0.0291249	0.0291587	0.0292868	0.028757	0.0287729	0.0287743	0.0285747	0.0284954	0.0352947	0.0416686	0.0416466	0.0414551	0.0447873	0.0513203	0.0463927	0.0360258	0.03305	0.0700473	0.0589646	0.0262669	0.0351285	0.0349395	0.0340127	0.0267027	0.0263879	0.0288639	0.0288461	0.0287087	0.0285575	0.0284351	0.0283151	0.0282241	0.0281582	0.0280936	0.028069	0.0279973	0.0280121	0.0281759	0.0283918	0.0286929	0.0290784	0.0296779	0.0307184	0.0320119	0.0332059	0.0350986	0.037117	0.0417374	0.0334358	0.0428087	0.0447159	0.0425327	0.0451204	0.0475011	0.0487583	0.0494494	0.0493827	0.0498958	0.0497892	0.049632	0.0494431	0.0490451	0.048716	0.0483512	0.037991	0.0396227	0.0747298	0.0717264	0.0360123	0.0358952	0.044878	0.0483606	0.0500302	0.040407	0.0397623	0.0319976	0.0311146	0.0307739	0.0404797	0.0396364	0.0420625	0.0530436	0.0395377	0.0356147	0.0465019	0.0482336	

170	2.012	24	2	task-3:0.015	task-0:0.29	task-1:0.34	task-2:0.005	|	0.130846	0.0899861	0.0899853	0.0841488	0.125781	0.116408	0.0625323	0.0776052	0.0769221	0.0602744	0.0601642	0.0583779	0.0568902	0.0569239	0.0556029	0.0552221	0.0540778	0.052835	0.0515451	0.0502018	0.0486621	0.0468492	0.0451899	0.0438391	0.0427364	0.0418481	0.0407538	0.0396752	0.0390121	0.0376566	0.0364907	0.0355655	0.0338327	0.031911	0.0297989	0.027822	0.0256742	0.0261508	0.02416	0.0233303	0.0226962	0.0218236	0.0211854	0.0207204	0.0201001	0.0196139	0.0192879	0.0186333	0.017991	0.0170817	0.0159276	0.0145579	0.0132783	0.0136105	0.0125985	0.0128665	0.0123867	0.0119739	0.0120293	0.0110935	0.0638788	0.056992	0.00887869	0.0100892	0.0279522	0.0251949	0.0116946	0.0123076	0.0118448	0.0136648	0.0307337	0.0291785	0.0270745	0.0265104	0.0265499	0.0265967	0.0234413	0.0128076	0.00890594	0.0185012	0.0337503	0.0348646	0.0452517	0.0482739	0.0511842	0.0428752	0.0386352	0.0904585	0.0854604	0.0144079	0.0142625	0.0588819	0.068285	0.0162273	0.0206023	0.0205937	0.00946497	0.0223406	0.0220494	0.0110791	0.00972491	0.00972499	0.00952477	0.00951866	0.00940967	0.00978523	0.00953969	0.00920473	0.00905085	0.00903133	0.00904062	0.00901067	0.00895945	0.00892624	0.00889457	0.0110931	0.00921947	0.00912309	0.0172535	0.0189869	0.0150716	0.0128474	0.0121297	0.01185	0.0116022	0.011366	0.0115662	0.0107794	0.00986966	0.00923431	0.00868856	0.00763494	0.00737418	0.00710729	0.00708923	0.00701156	0.00701163	0.00694076	0.00690242	0.00689129	0.00687187	0.00684316	0.00682944	0.00683222	0.00687608	0.00674898	0.00679489	0.00675781	0.00664059	0.00659472	0.00655488	0.00648235	0.00717329	0.00714233	0.00713043	0.00713321	0.00713182	0.00691944	0.00677359	0.00652736	0.00632939	0.00628387	0.00655324	0.00765465	0.00718338	0.0259442	0.0358784	0.0258696	0.0066748	0.0888742	

60	0.749	24	0	task-3:0.015	task-0:0.4	task-1:0.43	task-2:0.005	|	0.0663595	0.159939	0.159936	0.147648	0.0547419	0.0535658	0.0520423	0.0571002	0.049455	0.0504706	0.0518138	0.0529004	0.0503057	0.0483805	0.0462992	0.0444514	0.043521	0.0430525	0.0427168	0.0422442	0.0415784	0.039062	0.035428	0.0349492	0.0352324	0.0349482	0.0342839	0.0341207	0.0352539	0.0346952	0.0335811	0.0331096	0.032803	0.032508	0.0321477	0.0318743	0.0355869	0.0328083	0.0311789	0.0308824	0.0305539	0.0302316	0.02999	0.0298881	0.0297019	0.029548	0.0292517	0.0282518	0.033775	0.0315478	0.0287884	0.0291071	0.0315035	0.0325613	0.0330262	0.0358154	0.0360254	0.0348623	0.0342387	0.0338512	

67	0.765	24	2	task-3:0.015	task-0:0.35	task-1:0.42	task-2:0.005	|	0.0725725	0.0896543	0.0896073	0.0810744	0.0682884	0.058342	0.0572592	0.0580222	0.0561055	0.0556496	0.0561676	0.054405	0.0557157	0.0548183	0.0526694	0.0522177	0.051565	0.0509088	0.0502183	0.0500364	0.049392	0.0488247	0.0482974	0.0479524	0.0473113	0.0463414	0.045561	0.0455868	0.0463119	0.0462002	0.0464451	0.0464094	0.0465984	0.0455832	0.0456422	0.0451486	0.0437873	0.0443763	0.043874	0.0429959	0.0420211	0.041343	0.0409989	0.0406391	0.0402008	0.0397903	0.0397863	0.0404341	0.0416995	0.0450977	0.0482516	0.0665738	0.0605588	0.0514508	0.0518172	0.0500106	0.0475913	0.0398292	0.0477124	0.0456259	0.0454752	0.0455091	0.0446161	0.0398253	0.0429494	0.0433611	0.0413011	

87	1.124	24	0	task-3:0.015	task-0:0.33	task-1:0.36	task-2:0.005	|	0.0684613	0.159816	0.159798	0.14214	0.0623335	0.0585702	0.0608325	0.0585082	0.0558443	0.0566346	0.0549671	0.0551804	0.054265	0.0519574	0.0511359	0.0480151	0.0461241	0.0433938	0.0407787	0.038735	0.036223	0.0338388	0.0318048	0.0305434	0.0294068	0.0287565	0.0279606	0.0271813	0.0265466	0.026008	0.025519	0.0249923	0.0244584	0.0238044	0.0230508	0.0226528	0.0219797	0.0216671	0.0212174	0.0208318	0.0204735	0.0201917	0.0198065	0.0193867	0.0189555	0.018515	0.0179926	0.0174774	0.0169129	0.0164059	0.0162003	0.0157466	0.0154685	0.0151019	0.0143229	0.013625	0.0127751	0.0126821	0.0121651	0.0117924	0.0115794	0.0112794	0.0108965	0.0105487	0.0101884	0.00983661	0.00967383	0.00941558	0.00916758	0.00892799	0.00873537	0.00863074	0.00832676	0.00821862	0.00808	0.00801129	0.00793216	0.0078034	0.00765682	0.00750059	0.00737168	0.00723186	0.00703634	0.0068945	0.00672542	0.00655257	0.00643864	

85	1.014	24	1	task-3:0.015	task-0:0.33	task-1:0.41	task-2:0.005	|	0.0591823	0.09	0.09	0.0898603	0.0891176	0.0666769	0.0832976	0.0854201	0.083081	0.0605718	0.100032	0.0902567	0.0550648	0.0661964	0.0611963	0.054294	0.058793	0.0558639	0.0512261	0.0511611	0.0487398	0.0467182	0.0458819	0.0442711	0.0435044	0.0423873	0.0416297	0.0406825	0.0397556	0.0389574	0.0378817	0.0368224	0.0356908	0.0345803	0.0331865	0.0324134	0.0331297	0.0311389	0.0322032	0.0312666	0.0317858	0.0313968	0.0311889	0.0312634	0.0309441	0.0308089	0.0306099	0.0305403	0.030398	0.0300416	0.0301972	0.0306451	0.0305546	0.0303249	0.0300018	0.0296278	0.0290254	0.0286158	0.0283828	0.02783	0.0270791	0.0263861	0.0257682	0.0254751	0.0256634	0.0260657	0.0265006	0.026985	0.0275273	0.0278982	0.0285633	0.0292106	0.0295342	0.03021	0.0320713	0.0315792	0.0319346	0.0324398	0.0328911	0.032981	0.0330381	0.0333145	0.0336165	0.0336186	0.0336065	

113	1.373	24	0	task-3:0.015	task-0:0.35	task-1:0.485	task-2:0.005	|	0.0942074	0.0899915	0.0899904	0.0855109	0.126697	0.116338	0.0881626	0.0586029	0.0712838	0.0711648	0.0601429	0.059809	0.0594739	0.0578573	0.0577273	0.0576104	0.0574819	0.0572204	0.0571459	0.0567653	0.0562459	0.0548647	0.0561848	0.0551195	0.0530118	0.0530221	0.0527124	0.0528016	0.0520988	0.0516274	0.0511066	0.0502361	0.0492269	0.0481827	0.0479037	0.0466147	0.0465302	0.0459393	0.0455595	0.0448961	0.0444205	0.0440816	0.0437812	0.0434777	0.0430446	0.0429723	0.0425168	0.0422816	0.0419677	0.0417508	0.0397724	0.0394269	0.0390057	0.0385467	0.0379327	0.0374131	0.0368411	0.0365176	0.0360476	0.0352644	0.0341638	0.0324325	0.0307899	0.0294059	0.0278843	0.0277779	0.0285636	0.028696	0.0269218	0.0262153	0.026639	0.0268147	0.0263028	0.0259693	0.0257827	0.0256062	0.025609	0.0257096	0.0255278	0.02525	0.0250331	0.0248241	0.0247086	0.0244662	0.024168	0.0238113	0.0233742	0.0229262	0.0224819	0.0221547	0.0217632	0.021339	0.0208512	0.0204148	0.019882	0.0193231	0.0192617	0.0187262	0.0186377	0.0183212	0.0180591	0.0182979	0.0180397	0.0180639	0.0180131	0.0180087	0.0180513	0.0180096	0.0180048	0.0179866	0.0179714	0.0178993	0.0178424	

66	0.78	24	0	task-3:0.015	task-0:0.405	task-1:0.485	task-2:0.005	|	0.0653488	0.0899964	0.089986	0.0809095	0.15176	0.133902	0.0563872	0.056767	0.0731732	0.0785765	0.0562845	0.0538876	0.0581798	0.0523968	0.0510826	0.0525284	0.0503938	0.0510524	0.0517131	0.0504342	0.0497008	0.0497851	0.0494152	0.0491877	0.0489943	0.048497	0.047893	0.0475113	0.0471476	0.0467331	0.0461596	0.0454989	0.0448288	0.0441362	0.0434332	0.0427456	0.0420644	0.0411796	0.040812	0.0398422	0.0386204	0.0374709	0.0360818	0.0347791	0.034497	0.0344758	0.034807	0.0349301	0.0350978	0.0350392	0.0351373	0.0462198	0.0369395	0.0528416	0.0524916	0.0373535	0.0385643	0.0361896	0.0349293	0.0432766	0.0419584	0.0345766	0.0344017	0.0342957	0.0340294	0.0447996	

62	0.717	24	0	task-3:0.015	task-0:0.365	task-1:0.495	task-2:0.005	|	0.0596416	0.159998	0.159998	0.158684	0.0585141	0.0573013	0.0601973	0.0585912	0.056679	0.0553197	0.0523271	0.0500576	0.0448138	0.0434329	0.0410453	0.0402814	0.0387934	0.038863	0.0373252	0.0357333	0.0349332	0.0333996	0.0321804	0.0310485	0.0302805	0.029392	0.0295301	0.0285713	0.0280663	0.0274224	0.0268722	0.0263929	0.0260216	0.0250794	0.024738	0.0242288	0.0238479	0.0232104	0.0225236	0.0220199	0.021627	0.0210123	0.0203287	0.0202054	0.0195393	0.0195167	0.0190119	0.0188128	0.0187073	0.0183713	0.0181939	0.0181713	0.0180237	0.0178391	0.0176448	0.0175412	0.0172736	0.0170075	0.0167786	0.0165752	0.0250371	0.0169117	

63	0.764	24	0	task-3:0.015	task-0:0.37	task-1:0.495	task-2:0.005	|	0.140873	0.0899806	0.0899762	0.0785236	0.127467	0.126133	0.0796187	0.0752587	0.0721703	0.0691937	0.0668383	0.0612456	0.06126	0.0571226	0.0575776	0.0560406	0.0540328	0.0543424	0.0559967	0.0556219	0.0551263	0.0547463	0.053224	0.0510677	0.0492542	0.047447	0.0457193	0.0442839	0.0430571	0.0421237	0.0411604	0.0401535	0.0390898	0.0380587	0.0369496	0.0358157	0.0348353	0.0336634	0.0325516	0.0313496	0.0304766	0.0298637	0.0280921	0.0254079	0.0242272	0.0246857	0.0233825	0.0221192	0.0215387	0.0210445	0.020397	0.019259	0.0184142	0.0177073	0.0151367	0.0150206	0.01222	0.0104175	0.00947433	0.00944476	0.0087872	0.00822545	0.00783122	

56	0.686	24	0	task-3:0.015	task-0:0.37	task-1:0.485	task-2:0.005	|	0.0586135	0.0899984	0.0899932	0.084528	0.11891	0.096779	0.0576581	0.0801298	0.0883455	0.0838094	0.0530489	0.0848444	0.0572264	0.0509324	0.0497269	0.0478866	0.0485293	0.049497	0.0441417	0.0436329	0.0422665	0.040674	0.0406269	0.0393857	0.0389635	0.0388151	0.038939	0.0383413	0.0377237	0.0374266	0.0370018	0.0364187	0.0357201	0.0348343	0.0343626	0.0338457	0.0335803	0.0330223	0.0322855	0.0314526	0.0306672	0.0296273	0.0291442	0.0282217	0.0270426	0.0258258	0.0243613	0.0225825	0.020661	0.0184785	0.0394522	0.0378812	0.028191	0.021687	0.0266301	0.0272843	

78	0.998	24	0	task-3:0.015	task-0:0.315	task-1:0.405	task-2:0.005	|	0.0565613	0.159985	0.159982	0.108483	0.089661	0.0896244	0.0795237	0.0861627	0.0851806	0.0511278	0.0522616	0.0462644	0.0658589	0.0621199	0.048122	0.053656	0.0473718	0.0456277	0.0469211	0.0451154	0.0434693	0.0423671	0.0409753	0.0396801	0.0382485	0.0371895	0.0359237	0.0348671	0.0337325	0.0324974	0.0312892	0.0298005	0.0285217	0.0278533	0.0269471	0.0261306	0.025891	0.0249893	0.0243732	0.0235524	0.0227032	0.0219202	0.0210403	0.020174	0.0193521	0.0186773	0.0180913	0.0185347	0.0176521	0.0168354	0.0156535	0.0147643	0.0138053	0.0231483	0.0228104	0.0164271	0.0137346	0.0133039	0.0142126	0.0147707	0.0138302	0.0149855	0.0145536	0.0138973	0.0129733	0.0126671	0.0122176	0.0118479	0.0117226	0.0117199	0.0117601	0.0116586	0.0114924	0.0113237	0.0111124	0.0109256	0.0106983	0.0104202	

53	0.702	24	0	task-3:0.015	task-0:0.37	task-1:0.485	task-2:0.005	|	0.0596581	0.159897	0.159634	0.057216	0.0588345	0.07894	0.0641265	0.0554273	0.0536982	0.0592928	0.0574602	0.0519983	0.0536603	0.0534192	0.0508898	0.0503816	0.049792	0.0493429	0.0488527	0.0481102	0.0470886	0.0457378	0.0441372	0.0429508	0.0422613	0.046505	0.0433869	0.0420396	0.0418022	0.040788	0.0401004	0.0384383	0.0382726	0.037268	0.0376225	0.0372842	0.0373202	0.0383026	0.0423896	0.0456114	0.0466878	0.0499326	0.0512191	0.0511113	0.0511388	0.0499973	0.0458154	0.0421763	0.0427639	0.0455618	0.0443386	0.0426093	0.040747	

106	1.388	24	2	task-3:0.015	task-0:0.32	task-1:0.47	task-2:0.005	|	0.136493	0.0899828	0.0899817	0.0864884	0.110974	0.108551	0.0587018	0.0842033	0.0882666	0.0819367	0.0588394	0.0588394	0.0644822	0.0644302	0.0586295	0.0593739	0.0591904	0.0574489	0.0574757	0.0571535	0.0569061	0.0565603	0.0561763	0.055756	0.055317	0.0548063	0.0542014	0.0535163	0.052725	0.0517685	0.0505882	0.0491526	0.0474039	0.0451149	0.0437825	0.0420656	0.0399573	0.036706	0.0354301	0.0350363	0.0348074	0.0325012	0.0320489	0.0315599	0.0285941	0.0267253	0.0271137	0.0281064	0.0263486	0.0250228	0.0263956	0.0257661	0.0243188	0.0239874	0.0237395	0.0236894	0.0238042	0.0233193	0.0227432	0.0228401	0.0233942	0.0227876	0.0230756	0.0239671	0.02512	0.0252844	0.0257026	0.0254517	0.0251482	0.0252699	0.0253118	0.0253449	0.0255746	0.0258575	0.0260101	0.026163	0.0262205	0.0267007	0.0273435	0.0278323	0.0273033	0.0271927	0.0276563	0.028453	0.0301801	0.0310977	0.0306259	0.0317005	0.0313801	0.0317801	0.031962	0.032173	0.0324161	0.0325279	0.0325623	0.032318	0.0317523	0.0314946	0.0314746	0.0316018	0.0316387	0.0316857	0.0316675	0.0314736	0.0323324	0.03146	

69	0.904	24	0	task-3:0.015	task-0:0.37	task-1:0.495	task-2:0.005	|	0.146731	0.0899881	0.0899822	0.0699085	0.151998	0.143196	0.101914	0.0618123	0.060593	0.0706643	0.066591	0.0602612	0.062044	0.0618123	0.0582801	0.0573555	0.0558409	0.0537224	0.0516924	0.049251	0.0469763	0.0460091	0.0425676	0.0419614	0.041212	0.0433595	0.0385904	0.0470563	0.0409357	0.0387813	0.0412768	0.036613	0.036403	0.0369583	0.0337394	0.0268306	0.0283292	0.0366102	0.0365567	0.0339722	0.0330264	0.0659873	0.0626054	0.0311749	0.0298321	0.0296057	0.0290036	0.0279405	0.0273877	0.0268058	0.0258958	0.0253497	0.0256706	0.0240349	0.023787	0.0225473	0.0222342	0.0222268	0.0291137	0.0347621	0.0364902	0.0469394	0.0467201	0.0462714	0.0459397	0.0460483	0.0579865	0.064594	0.0400107	

118	1.436	24	2	task-3:0.035	task-0:0.34	task-1:0.455	task-2:0.005	|	0.0677796	0.0899999	0.0899998	0.0897607	0.067744	0.0588045	0.0724391	0.073039	0.0606967	0.0633438	0.0661292	0.0590734	0.0603062	0.0605808	0.05828	0.0586744	0.0589468	0.058048	0.0583024	0.0583339	0.0579561	0.0579496	0.0579591	0.0578202	0.0577617	0.057681	0.0575654	0.0574359	0.0572421	0.0569592	0.056502	0.0557544	0.0547841	0.0545938	0.0540142	0.05381	0.0533372	0.0534696	0.0532804	0.0521834	0.0513882	0.0511962	0.0526374	0.0512899	0.0511654	0.0509287	0.0509788	0.050573	0.0500454	0.0495689	0.0506535	0.0518292	0.0507516	0.0507743	0.0538517	0.0543398	0.053068	0.0505218	0.0503641	0.0496451	0.0496155	0.0498738	0.0506375	0.051481	0.0521688	0.0525868	0.052607	0.0554016	0.0550908	0.0545196	0.0561801	0.0544407	0.0555462	0.0551589	0.0544865	0.0531897	0.052509	0.0518054	0.0508806	0.0505935	0.0504695	0.0499433	0.0494123	0.0489228	0.0480185	0.0469729	0.045546	0.0446496	0.0442706	0.0437927	0.043686	0.0443314	0.0469777	0.0448416	0.0473565	0.0519634	0.0512859	0.0481	0.046819	0.0473488	0.0481709	0.0488244	0.0476979	0.0471245	0.0464241	0.0460864	0.0472104	0.0488916	0.0483649	0.0469044	0.045579	0.0449001	0.0444223	0.0440427	0.0436593	0.0432936	0.0430249	0.0431492	

69	0.811	24	0	task-3:0.015	task-0:0.37	task-1:0.51	task-2:0.005	|	0.0668856	0.0899985	0.0899983	0.0816157	0.136663	0.110061	0.0602015	0.081145	0.0794485	0.0627875	0.0643047	0.0643125	0.0565445	0.0566699	0.0558112	0.0555515	0.0541447	0.0536832	0.0525509	0.0503481	0.0487867	0.0466005	0.0465686	0.0451106	0.0437623	0.042602	0.041785	0.0414986	0.0410186	0.0399692	0.0390746	0.0375077	0.0437948	0.0367435	0.0391659	0.05154	0.0453126	0.0356133	0.0401927	0.0400128	0.0351309	0.0363454	0.0359935	0.0345359	0.0353256	0.0351742	0.0344504	0.0343266	0.0342758	0.0342197	0.0341864	0.0341339	0.0339122	0.0337378	0.0335486	0.0333141	0.0331151	0.0328719	0.0326442	0.0323143	0.0319659	0.0314436	0.0309033	0.0302355	0.0295868	0.0290519	0.0287848	0.0288992	0.0284708	

78	0.936	24	0	task-3:0.015	task-0:0.335	task-1:0.43	task-2:0.005	|	0.116432	0.0899412	0.0899384	0.0877582	0.0664768	0.0805463	0.0573503	0.058533	0.0579374	0.0572853	0.0555661	0.0550592	0.0556904	0.0559898	0.0554214	0.0549131	0.054841	0.0537608	0.0534248	0.0541716	0.0537273	0.0527247	0.0517559	0.050371	0.048505	0.0479516	0.0479462	0.0465323	0.0449735	0.0434618	0.0413667	0.0392156	0.0363937	0.0326841	0.0339425	0.0304528	0.0361412	0.0331997	0.0284703	0.0287409	0.0283269	0.0284524	0.0274971	0.0271028	0.0268841	0.0265385	0.0262225	0.0258808	0.0254969	0.0250986	0.0246819	0.0242319	0.0235333	0.0228936	0.022453	0.0216389	0.0221295	0.0252292	0.0235954	0.0274695	0.0303026	0.0280812	0.0222732	0.0215832	0.0252641	0.0274433	0.0220824	0.0231788	0.0208311	0.0200867	0.0198525	0.019728	0.0395897	0.0394491	0.0292142	0.0191779	0.0190161	0.0188158	

