115	0.764	24	0	task-3:0.05	task-0:0.04	task-1:0.105	task-2:0.035	|	0.184974	0.189999	0.189993	0.188604	0.181495	0.201034	0.157342	0.157048	0.16204	0.162744	0.154428	0.155509	0.155588	0.152672	0.152819	0.152075	0.150325	0.14799	0.144294	0.142936	0.140953	0.139782	0.140105	0.137997	0.13731	0.136514	0.135762	0.134022	0.132419	0.13065	0.127246	0.123828	0.128243	0.121003	0.11964	0.121196	0.118192	0.11814	0.120028	0.118349	0.118047	0.118303	0.118825	0.119544	0.118424	0.118282	0.118532	0.119024	0.118115	0.117761	0.117419	0.11622	0.115557	0.115445	0.114813	0.114275	0.113737	0.113211	0.112757	0.112216	0.111492	0.111032	0.109539	0.10836	0.106431	0.104167	0.101625	0.0992009	0.0963629	0.0930093	0.0909582	0.0889767	0.0864324	0.0836624	0.0803387	0.0764452	0.0720428	0.0682644	0.0639861	0.0669639	0.06226	0.0621278	0.0618199	0.0592652	0.0591512	0.0583057	0.0576847	0.0571963	0.0565109	0.0557982	0.0550588	0.0543075	0.0535288	0.0526651	0.0518574	0.0509783	0.0500675	0.0491009	0.0481009	0.048054	0.0472834	0.0465687	0.0458119	0.0451554	0.0448708	0.0443219	0.0436518	0.0429127	0.042175	0.0414677	0.041222	0.0407593	0.0403939	0.0400901	0.0398198	

84	0.5	24	0	task-3:0.05	task-0:0.045	task-1:0.155	task-2:0.035	|	0.154353	0.809957	0.809691	0.734206	0.156812	0.153242	0.1572	0.152331	0.170891	0.164133	0.154417	0.154442	0.150782	0.15231	0.150672	0.155707	0.155906	0.151794	0.150136	0.15004	0.150435	0.150814	0.150589	0.150097	0.149338	0.147942	0.14518	0.144104	0.141588	0.140241	0.138402	0.135412	0.133087	0.130533	0.127349	0.124227	0.121921	0.12521	0.119863	0.115977	0.112639	0.113162	0.112147	0.108549	0.105998	0.104184	0.102495	0.100683	0.0986971	0.0966466	0.0942335	0.0919346	0.0896655	0.0878003	0.0870006	0.0846839	0.0826475	0.0796727	0.0779473	0.0756539	0.0737541	0.0714813	0.0690168	0.0663544	0.0637145	0.0643174	0.0606681	0.0594041	0.0572127	0.0563436	0.0550779	0.0537783	0.0522037	0.0503471	0.0482404	0.0460626	0.0476939	0.0445976	0.044963	0.0424746	0.0419368	0.0421846	0.0405472	0.039674	

93	0.593	24	0	task-3:0.04	task-0:0.05	task-1:0.07	task-2:0.035	|	0.16616	0.809923	0.809604	0.687288	0.174822	0.167774	0.209501	0.192919	0.155569	0.156624	0.15566	0.157076	0.154135	0.154413	0.154968	0.153491	0.152356	0.151947	0.151082	0.150598	0.149906	0.148663	0.147246	0.145851	0.144585	0.143585	0.142485	0.140519	0.138155	0.135958	0.13404	0.131171	0.127071	0.122863	0.120151	0.119	0.117666	0.115565	0.113102	0.111215	0.109731	0.10789	0.105474	0.102889	0.100472	0.0980454	0.0951804	0.0923134	0.0892151	0.0851372	0.0828613	0.0809153	0.0778416	0.0757201	0.0744386	0.0740524	0.0727048	0.0713226	0.0704427	0.0701972	0.0703124	0.0703621	0.070762	0.0717269	0.0733371	0.0704597	0.0662351	0.0634021	0.0612259	0.0588507	0.0582296	0.0565951	0.0547145	0.0528713	0.052044	0.0511797	0.05021	0.0496595	0.0490266	0.048562	0.0479722	0.0474377	0.0467866	0.0460277	0.045325	0.044675	0.0438316	0.0428719	0.0422691	0.0415617	0.0407785	0.0401792	0.0394561	

125	0.764	24	11	task-3:0.03	task-0:0.08	task-1:0.09	task-2:0.035	|	0.168848	0.189999	0.189996	0.187485	0.282458	0.281629	0.158397	0.16036	0.159789	0.158807	0.154731	0.202451	0.21453	0.170264	0.152346	0.158863	0.160237	0.155741	0.152397	0.153399	0.152602	0.151608	0.151484	0.15093	0.150575	0.15016	0.149721	0.149057	0.148223	0.147095	0.146345	0.144606	0.14333	0.142718	0.141546	0.140602	0.139741	0.138419	0.136801	0.135217	0.133788	0.132283	0.129921	0.127799	0.126601	0.124825	0.122414	0.120904	0.119788	0.118475	0.115839	0.11449	0.114208	0.113365	0.112141	0.110088	0.108047	0.105883	0.103655	0.101769	0.102168	0.0993583	0.0976904	0.0966757	0.095635	0.0943448	0.0927455	0.0911281	0.0897362	0.0881569	0.0865948	0.0850383	0.0840862	0.0829449	0.0822651	0.0813731	0.0804394	0.0793995	0.0785795	0.0771554	0.0756969	0.0739835	0.0724537	0.0710067	0.0693264	0.0682053	0.0666194	0.0652751	0.0638607	0.0621454	0.0600329	0.0575272	0.0547861	0.0546059	0.0519763	0.0549571	0.0543858	0.0518202	0.0514806	0.0509484	0.0503764	0.0498167	0.0493148	0.048774	0.0483208	0.0478734	0.0476184	0.0471835	0.0465226	0.0457404	0.0449859	0.0441379	0.0432366	0.0431426	0.0424949	0.0433244	0.043466	0.0428217	0.0423464	0.0419588	0.0415539	0.0411091	0.0406372	0.0401342	0.0395778	

95	0.608	24	0	task-3:0.025	task-0:0.03	task-1:0.05	task-2:0.035	|	0.175319	0.19	0.189997	0.18833	0.171241	0.181834	0.151485	0.15649	0.152233	0.150019	0.153677	0.150834	0.146597	0.143836	0.144268	0.14434	0.141599	0.141769	0.141289	0.139497	0.138733	0.137721	0.136703	0.135609	0.134074	0.132132	0.129644	0.127065	0.124594	0.121264	0.119465	0.117131	0.11468	0.112546	0.112157	0.110682	0.109333	0.107752	0.106824	0.105727	0.104663	0.103534	0.10262	0.101925	0.101586	0.100875	0.099837	0.0991223	0.0983271	0.0976028	0.0967485	0.095865	0.0947984	0.0941097	0.0930726	0.0919437	0.0907258	0.089414	0.0878907	0.0866058	0.0859003	0.0852766	0.0841609	0.0830367	0.0816578	0.0799985	0.0781884	0.0761041	0.0739277	0.071698	0.0699927	0.0668931	0.0640765	0.0611368	0.0580308	0.0547678	0.0563714	0.0516045	0.0532244	0.0508129	0.0496852	0.0498109	0.0486206	0.0481608	0.0476826	0.0470833	0.0464021	0.0456385	0.0447894	0.0437591	0.0426996	0.0416284	0.0405784	0.0401848	0.0384333	

91	0.624	24	0	task-3:0.04	task-0:0.065	task-1:0.11	task-2:0.035	|	0.154831	0.19	0.189999	0.189103	0.216859	0.183089	0.167805	0.16967	0.158464	0.177383	0.168194	0.155262	0.155249	0.154389	0.154207	0.15306	0.15241	0.151074	0.15036	0.150091	0.149377	0.149039	0.148612	0.14824	0.14823	0.147733	0.147099	0.146674	0.146115	0.145375	0.144501	0.143245	0.141723	0.139971	0.138563	0.139166	0.141043	0.136482	0.135501	0.131003	0.128202	0.126701	0.124478	0.121914	0.119791	0.117335	0.114801	0.111696	0.108533	0.107441	0.102902	0.100504	0.0965607	0.0929281	0.0914512	0.0875788	0.0839953	0.0809446	0.0782618	0.0750543	0.0713221	0.0690664	0.065254	0.0648102	0.0623573	0.0605819	0.0597069	0.0594232	0.0584739	0.0576377	0.0566816	0.0555839	0.0542715	0.0528843	0.0515603	0.0505442	0.0498698	0.0492941	0.0492426	0.0487474	0.0457547	0.0457477	0.0436505	0.0433113	0.0429559	0.0425635	0.0421079	0.0417663	0.0411823	0.0406011	0.0399787	

104	0.671	24	0	task-3:0.05	task-0:0.025	task-1:0.07	task-2:0.035	|	0.350923	0.189999	0.189998	0.189363	0.158093	0.163168	0.169544	0.171747	0.156119	0.17863	0.177778	0.155017	0.157702	0.157687	0.152669	0.154178	0.15301	0.151003	0.150738	0.149901	0.148112	0.146911	0.146254	0.146343	0.145901	0.146583	0.147497	0.147182	0.146649	0.143103	0.14012	0.140373	0.13636	0.135512	0.134936	0.133482	0.1321	0.130214	0.129079	0.127834	0.126686	0.125015	0.122982	0.120452	0.117915	0.116934	0.115277	0.112846	0.110448	0.107713	0.104757	0.103508	0.101816	0.0996792	0.0976682	0.095851	0.0949888	0.0950978	0.0932477	0.0908608	0.0889019	0.0872739	0.0854404	0.0833851	0.0810952	0.0785615	0.0759838	0.0783254	0.0732122	0.0727894	0.069397	0.0731259	0.0727626	0.0694825	0.0690341	0.0688139	0.0687275	0.0686864	0.0683064	0.0679129	0.0674436	0.0667569	0.0660131	0.0651671	0.0642067	0.0630237	0.0620227	0.0618282	0.0607211	0.0594391	0.0578385	0.0569485	0.0559766	0.0545442	0.0531055	0.0515123	0.0499054	0.0481291	0.0462898	0.0441254	0.0430322	0.0414452	0.0402845	0.0392084	

3000	19.297	24	315	task-3:0.05	task-0:0.195	task-1:0.215	task-2:0.035	|	0.181379	0.189999	0.189983	0.188136	0.15479	0.159211	0.158377	0.161813	0.154018	0.164936	0.163716	0.153646	0.154864	0.154417	0.151767	0.149851	0.150732	0.148732	0.148637	0.147888	0.146996	0.147107	0.145519	0.144703	0.143697	0.142298	0.141028	0.141773	0.138596	0.137818	0.138301	0.13608	0.133853	0.13142	0.129155	0.12732	0.126629	0.127737	0.124812	0.12366	0.123208	0.123476	0.123111	0.122273	0.119791	0.11721	0.114392	0.10974	0.104468	0.0984101	0.092974	0.088831	0.0853294	0.0834881	0.0814753	0.0774143	0.0748334	0.0726704	0.0725902	0.0663404	0.0651127	0.0647216	0.0618911	0.0603837	0.0580474	0.0566473	0.0555775	0.0536363	0.0517362	0.0499325	0.0484465	0.0469291	0.0455524	0.0444977	0.0441115	0.0433355	0.0429414	0.0427521	0.0439455	0.0467913	0.0513403	0.0570368	0.0638367	0.0704724	0.0763528	0.0801897	0.0822223	0.0832424	0.0836689	0.0837788	0.083265	0.0823846	0.0817446	0.0813761	0.0519765	0.0568829	0.0863014	0.0853722	0.0758925	0.0552211	0.0570022	0.0718102	0.0726855	0.0693626	0.0651786	0.0671122	0.0667631	0.0654664	0.063174	0.0543886	0.0535803	0.0448173	0.0541476	0.0550163	0.0557089	0.0585252	0.0675476	0.0704192	0.0713594	0.0822131	0.0827921	0.0800029	0.0804211	0.0810836	0.0839917	0.0619841	0.0425424	0.0405576	0.0447417	0.051323	0.0537217	0.0568713	0.0598644	0.0571039	0.0518981	0.0504377	0.0503871	0.0508222	0.0517527	0.0505974	0.0507165	0.0511506	0.0519406	0.0532005	0.0551729	0.0583488	0.0572448	0.0586137	0.0613097	0.0607708	0.0586062	0.0564415	0.0550064	0.0554478	0.0572313	0.059901	0.0629824	0.0656089	0.0685555	0.0731933	0.0789443	0.0850868	0.0903234	0.0946342	0.0992871	0.103719	0.108247	0.114181	0.118362	0.120488	0.119039	0.113279	0.110581	0.10427	0.108994	0.121118	0.124055	0.122921	0.121903	0.122028	0.122639	0.123092	0.124397	0.127083	0.132136	0.135616	0.144085	0.146262	0.136101	0.133177	0.132408	0.130944	0.129349	0.131239	0.131112	0.130408	0.129213	0.129187	0.128423	0.12642	0.126173	0.125451	0.124297	0.123518	0.123591	0.123889	0.124455	0.125409	0.126638	0.128641	0.129839	0.129095	0.129406	0.129811	0.13035	0.129479	0.127884	0.120783	0.114651	0.111886	0.110856	0.110885	0.109046	0.110865	0.110299	0.108715	0.109703	0.110537	0.113848	0.114611	0.113275	0.113951	0.115258	0.11738	0.120636	0.244691	0.251455	0.137905	0.136442	0.139277	0.141208	0.250384	0.136582	0.135535	0.148012	0.144646	0.159544	0.152492	0.154262	0.190966	0.194832	0.201891	0.217707	0.246073	0.237671	0.233937	0.440388	0.3838	0.229565	0.18575	0.189466	0.210575	0.209574	0.190783	0.199614	0.191618	0.112261	0.112737	0.11293	0.113025	0.113048	0.112901	0.112717	0.113226	0.114559	0.114935	0.115135	0.116319	0.116287	0.117635	0.117814	0.118241	0.118758	0.119208	0.119848	0.12058	0.121118	0.120933	0.12085	0.120885	0.131039	0.131311	0.142652	0.146588	0.1385	0.139648	0.145359	0.141697	0.129855	0.129224	0.129909	0.111807	0.11169	0.11202	0.111882	0.112014	0.11481	0.116316	0.116766	0.1176	0.119023	0.120061	0.120916	0.122503	0.12161	0.120627	0.122154	0.123665	0.123671	0.122905	0.122355	0.121912	0.121581	0.121377	0.120824	0.12031	0.119531	0.119294	0.119328	0.119181	0.119033	0.118541	0.110088	0.109573	0.117014	0.12027	0.12006	0.119018	0.11885	0.119259	0.11917	0.11883	0.118522	0.118623	0.118793	0.119095	0.119051	0.120184	0.120631	0.12066	0.120697	0.120645	0.120823	0.12099	0.121312	0.121767	0.122316	0.122967	0.123687	0.1244	0.125108	0.1259	0.126654	0.127411	0.127409	0.126863	0.127374	0.130248	0.130627	0.131169	0.133566	0.13501	0.135903	0.136269	0.136539	0.13648	0.137618	0.137796	0.137858	0.137914	0.136844	0.13674	0.13655	0.136392	0.135629	0.134969	0.134536	0.133291	0.132769	0.131905	0.130698	0.12897	0.127406	0.125183	0.124161	0.129383	0.128517	0.129237	0.129075	0.127977	0.127744	0.123253	0.123204	0.123502	0.123076	0.122139	0.120725	0.119319	0.115116	0.1145	0.115076	0.115396	0.115083	0.114132	0.11355	0.113383	0.113403	0.113335	0.11309	0.112795	0.112608	0.112407	0.112193	0.112385	0.112463	0.11409	0.114032	0.1138	0.113582	0.113325	0.112975	0.112714	0.110559	0.110419	0.110253	0.109988	0.110012	0.11006	0.109817	0.109551	0.109546	0.106799	0.109966	0.110069	0.10753	0.106994	0.109383	0.110452	0.110534	0.11054	0.110426	0.110333	0.110351	0.110348	0.1103	0.110253	0.110249	0.110277	0.110327	0.110374	0.114632	0.114626	0.115017	0.115376	0.115687	0.115863	0.115697	0.115233	0.114397	0.113512	0.113007	0.112807	0.116152	0.121688	0.117183	0.117482	0.118017	0.118369	0.118354	0.117857	0.121384	0.124217	0.125306	0.129404	0.124275	0.122576	0.124135	0.128007	0.123213	0.122232	0.124377	0.126075	0.125656	0.126669	0.124664	0.124189	0.123128	0.122206	0.122127	0.124004	0.124016	0.124108	0.124109	0.124052	0.124037	0.124049	0.124076	0.184983	0.184969	0.184944	0.184917	0.184881	0.184836	0.184781	0.184715	0.18464	0.18455	0.184428	0.18427	0.184084	0.183836	0.183768	0.189119	0.194093	0.191902	0.195412	0.198235	0.192439	0.166081	0.154677	0.153039	0.140156	0.133172	0.127312	0.128624	0.124697	0.122533	0.122266	0.12053	0.119139	0.119146	0.114402	0.114294	0.114339	0.114633	0.114808	0.115293	0.114464	0.114481	0.114592	0.114645	0.114824	0.114181	0.113985	0.114223	0.114295	0.114331	0.114265	0.114224	0.114206	0.113984	0.113638	0.113232	0.112877	0.112917	0.113277	0.113707	0.114111	0.114659	0.115324	0.116085	0.116704	0.117115	0.120525	0.126587	0.120542	0.120261	0.119975	0.11926	0.118426	0.118248	0.117247	0.115836	0.12163	0.122204	0.12214	0.122061	0.121977	0.121618	0.117897	0.121712	0.121623	0.185042	0.185004	0.184922	0.184822	0.184698	0.184544	0.184352	0.184115	0.183813	0.183424	0.182913	0.182229	0.182555	0.224638	0.224088	0.181506	0.181678	0.181675	0.1906	0.158695	0.155773	0.189179	0.186097	0.16659	0.139933	0.119526	0.117546	0.129897	0.129457	0.121061	0.114547	0.114096	0.114649	0.116996	0.11623	0.117612	0.116972	0.115958	0.115413	0.115127	0.115419	0.115551	0.115956	0.116461	0.116027	0.116003	0.116084	0.11596	0.115675	0.115385	0.115236	0.115292	0.115751	0.117231	0.114781	0.114386	0.114294	0.114499	0.114629	0.115237	0.115748	0.115957	0.1168	0.122232	0.119052	0.119561	0.119944	0.120245	0.120451	0.120521	0.120608	0.122715	0.124191	0.126623	0.130088	0.132021	0.132198	0.131142	0.130371	0.133856	0.13403	0.133766	0.133493	0.133197	0.133109	0.133095	0.186056	0.185975	0.185881	0.185765	0.185619	0.185435	0.185198	0.18489	0.184482	0.18393	0.161836	0.161663	0.190129	0.185134	0.161213	0.154763	0.151093	0.123707	0.123459	0.12624	0.126471	0.118887	0.126595	0.12609	0.119413	0.118793	0.118678	0.117987	0.119458	0.119141	0.11791	0.117659	0.117632	0.117656	0.117361	0.117191	0.117039	0.116946	0.116951	0.117076	0.116846	0.116873	0.116963	0.116972	0.117031	0.117945	0.117378	0.116752	0.116812	0.116715	0.116692	0.116961	0.117381	0.117243	0.116917	0.116826	0.116813	0.116767	0.116752	0.116611	0.11652	0.116388	0.116217	0.116053	0.115972	0.115826	0.115646	0.115663	0.11553	0.115391	0.115301	0.115378	0.115125	0.114952	0.114786	0.11476	0.114891	0.115207	0.115682	0.116308	0.115292	0.114871	0.114739	0.114777	0.114449	0.114004	0.113617	0.116984	0.114882	0.114548	0.116009	0.114484	0.11365	0.113712	0.114178	0.114641	0.114743	0.114649	0.114526	0.1144	0.114311	0.114364	0.114474	0.114626	0.114845	0.115099	0.115313	0.115479	0.117011	0.120179	0.122894	0.124402	0.124979	0.124626	0.123171	0.129001	0.131438	0.132101	0.131847	0.130905	0.130312	0.129425	0.186673	0.186555	0.186406	0.186207	0.185935	0.185549	0.184988	0.184145	0.182843	0.180859	0.36302	0.363008	0.254703	0.181082	0.181082	0.220873	0.22085	0.183433	0.180398	0.181128	0.194909	0.193871	0.185195	0.17923	0.178734	0.180295	0.18301	0.181597	0.177988	0.174208	0.171672	0.169571	0.166728	0.163412	0.157015	0.148836	0.143063	0.141351	0.139677	0.138231	0.137124	0.135136	0.132472	0.133298	0.136284	0.137559	0.13813	0.138335	0.138821	0.140009	0.141968	0.144008	0.143768	0.144953	0.145109	0.145215	0.145253	0.1456	0.146045	0.145645	0.144799	0.144296	0.143933	0.143697	0.143476	0.14308	0.142553	0.141978	0.141468	0.141684	0.141922	0.141689	0.180173	0.180015	0.179769	0.179497	0.179204	0.178895	0.178663	0.178559	0.179097	0.183241	0.184547	0.188799	0.190268	0.182766	0.169621	0.159375	0.154947	0.158111	0.156967	0.152973	0.149443	0.144269	0.138274	0.138002	0.139729	0.144452	0.143986	0.140784	0.137794	0.137199	0.136309	0.135326	0.134455	0.134055	0.133591	0.133242	0.133322	0.13386	0.134552	0.134985	0.135639	0.135389	0.134004	0.132612	0.131621	0.130991	0.135429	0.137615	0.137983	0.13805	0.138173	0.139141	0.139255	0.139376	0.142057	0.142151	0.142148	0.142181	0.142382	0.14312	0.143354	0.143481	0.143843	0.14392	0.143963	0.177436	0.177348	0.177092	0.17679	0.176437	0.176027	0.175552	0.175042	0.18023	0.191623	0.179436	0.145254	0.148671	0.151956	0.146909	0.143226	0.140659	0.142311	0.142314	0.140036	0.140473	0.140166	0.139419	0.138957	0.138482	0.13791	0.136319	0.134748	0.135064	0.134353	0.134496	0.135324	0.136178	0.137286	0.137488	0.137316	0.13754	0.137855	0.13816	0.138337	0.138466	0.1386	0.138696	0.138748	0.13878	0.138861	0.139862	0.139567	0.139735	0.139982	0.140758	0.141541	0.141122	0.141763	0.142105	0.143501	0.142564	0.14286	0.142736	0.143394	0.143495	0.143613	0.143754	0.14393	0.142512	0.143043	0.14388	0.143333	0.143341	0.14335	0.143363	0.143356	0.143368	0.14236	0.144798	0.143135	0.142064	0.142064	0.142961	0.143361	0.143143	0.143062	0.143001	0.142962	0.142932	0.143246	0.143498	0.143272	0.143266	0.143236	0.143208	0.142827	0.143784	0.143537	0.143296	0.143296	0.143362	0.143453	0.143537	0.143643	0.14357	0.143573	0.143582	0.143602	0.143639	0.143693	0.143792	0.143932	0.143865	0.143896	0.143946	0.144043	0.144171	0.144121	0.144159	0.144216	0.143677	0.143739	0.143727	0.143764	0.143819	0.1439	0.144025	0.144034	0.144075	0.144834	0.144938	0.144914	0.144967	0.145029	0.145026	0.145061	0.145111	0.145182	0.145193	0.145217	0.145261	0.145261	0.14527	0.145297	0.145357	0.145345	0.145378	0.145368	0.145376	0.145369	0.145374	0.145387	0.145412	0.145415	0.14541	0.145433	0.145462	0.145465	0.145491	0.145496	0.145539	0.14559	0.14564	0.145725	0.145831	0.145813	0.145885	0.14594	0.14595	0.145995	0.146017	0.146061	0.146115	0.146178	0.146262	0.146371	0.146514	0.146704	0.146962	0.14684	0.147006	0.147165	0.147075	0.14718	0.147276	0.147225	0.147241	0.147307	0.147281	0.147289	0.147321	0.14735	0.147387	0.147428	0.147524	0.147632	0.147598	0.147628	0.147666	0.147771	0.147882	0.147846	0.147875	0.14791	0.147953	0.148005	0.148067	0.148144	0.148236	0.148349	0.148488	0.148658	0.148995	0.148725	0.14896	0.149525	0.149525	0.149214	0.148916	0.148916	0.149054	0.149191	0.149169	0.149076	0.149049	0.149048	0.149086	0.149116	0.149096	0.149096	0.149069	0.149049	0.149028	0.149005	0.149022	0.149062	0.149087	0.149108	0.149134	0.149164	0.149202	0.149247	0.149303	0.149267	0.149267	0.149269	0.149272	0.14934	0.149313	0.149311	0.149274	0.149248	0.149227	0.149209	0.149199	0.14922	0.149265	0.149264	0.149238	0.149227	0.149233	0.149246	0.149264	0.149265	0.149255	0.149251	0.149249	0.149253	0.14926	0.149265	0.149269	0.149275	0.149281	0.149278	0.14928	0.149281	0.149283	0.149286	0.149289	0.149293	0.149298	0.149304	0.149311	0.149319	0.149309	0.149308	0.149309	0.149315	0.14933	0.149327	0.149334	0.149343	0.149342	0.149337	0.149332	0.149333	0.149336	0.149339	0.14934	0.149339	0.149339	0.149337	0.149339	0.149341	0.149343	0.149344	0.149342	0.149343	0.149344	0.149345	0.149347	0.149349	0.149352	0.149355	0.149359	0.149359	0.149364	0.149374	0.14938	0.149386	0.149391	0.149398	0.149406	0.149405	0.149401	0.149396	0.149399	0.149404	0.149407	0.149408	0.149412	0.149418	0.149424	0.149433	0.149443	0.149457	0.149457	0.149464	0.149473	0.149483	0.149493	0.149507	0.149506	0.149513	0.149521	0.149531	0.149543	0.149558	0.149576	0.149599	0.149625	0.14965	0.149688	0.149729	0.149781	0.149846	0.149839	0.149877	0.149915	0.14996	0.149952	0.149977	0.150005	0.150002	0.150013	0.150028	0.150052	0.150076	0.150071	0.15008	0.150096	0.150114	0.150135	0.15016	0.150191	0.150228	0.150273	0.150328	0.150395	0.150477	0.150455	0.150504	0.150553	0.150539	0.150569	0.150562	0.150569	0.150587	0.150604	0.150599	0.150604	0.150611	0.150626	0.150641	0.150659	0.150681	0.150675	0.150688	0.150708	0.150729	0.150752	0.150781	0.150777	0.150758	0.150754	0.150742	0.150729	0.150714	0.150714	0.150717	0.15072	0.150717	0.150717	0.15072	0.150722	0.150725	0.15073	0.150736	0.150745	0.150755	0.150768	0.150767	0.150773	0.15078	0.150789	0.150799	0.150798	0.150792	0.150784	0.150783	0.150784	0.150783	0.150779	0.150779	0.150779	0.150778	0.150777	0.150775	0.150776	0.150777	0.150777	0.150777	0.150776	0.150776	0.150775	0.150775	0.150775	0.150774	0.150774	0.150773	0.150772	0.150773	0.150774	0.150774	0.150774	0.150775	0.150776	0.150778	0.150781	0.150781	0.150779	0.150779	0.150779	0.15078	0.150781	0.150782	0.150782	0.150782	0.150782	0.150783	0.150784	0.150785	0.150786	0.150787	0.150788	0.15079	0.150792	0.150795	0.150798	0.150802	0.150807	0.150813	0.150812	0.150815	0.150819	0.150823	0.150828	0.150828	0.15083	0.150833	0.150836	0.15084	0.150845	0.150844	0.150847	0.15085	0.150854	0.150858	0.150864	0.15087	0.150878	0.150887	0.150898	0.150912	0.150911	0.150918	0.150926	0.150926	0.150929	0.150934	0.150939	0.150946	0.150954	0.150963	0.150975	0.15099	0.151007	0.151027	0.151027	0.151037	0.151048	0.151048	0.151042	0.151035	0.151035	0.151039	0.151043	0.151043	0.151041	0.151041	0.151042	0.151044	0.151046	0.151046	0.151047	0.151048	0.151049	0.151051	0.151052	0.151055	0.151058	0.151061	0.151064	0.151069	0.151074	0.15108	0.151088	0.151097	0.151109	0.151122	0.151136	0.151137	0.151143	0.15115	0.15115	0.151146	0.151142	0.151142	0.151145	0.151147	0.151148	0.151147	0.151147	0.151148	0.151149	0.15115	0.151151	0.151153	0.151155	0.151157	0.15116	0.151164	0.151168	0.151172	0.151178	0.151185	0.151194	0.151204	0.151215	0.151216	0.151222	0.15123	0.151239	0.151249	0.151249	0.151255	0.151261	0.151268	0.151277	0.151287	0.1513	0.151315	0.151333	0.151355	0.151381	0.151413	0.151452	0.151499	0.151557	0.151627	0.151619	0.151656	0.151697	0.151693	0.151715	0.151712	0.151724	0.151736	0.151734	0.151739	0.151748	0.151756	0.151767	0.151766	0.15177	0.151777	0.151785	0.151794	0.151805	0.151804	0.15181	0.151817	0.151825	0.151823	0.151828	0.151833	0.151839	0.151847	0.151856	0.151867	0.15188	0.151896	0.151895	0.151885	0.151885	0.151888	0.151893	0.151892	0.151888	0.151887	0.151887	0.151889	0.15189	0.151892	0.151891	0.151889	0.151888	0.151888	0.151889	0.15189	0.151891	0.151891	0.151892	0.151892	0.151892	0.151893	0.151894	0.151895	0.151894	0.151893	0.151893	0.151893	0.151893	0.151893	0.151893	0.151892	0.151892	0.151892	0.151892	0.151891	0.151891	0.151891	0.151891	0.15189	0.15189	0.15189	0.151889	0.151889	0.151889	0.151888	0.151888	0.151888	0.151887	0.151887	0.151887	0.151886	0.151886	0.151886	0.151886	0.151885	0.151885	0.151885	0.151885	0.151884	0.151884	0.151884	0.151883	0.151883	0.151883	0.151883	0.151883	0.151883	0.151883	0.151882	0.151882	0.151882	0.151882	0.151882	0.151882	0.151881	0.151881	0.151881	0.151881	0.151881	0.151881	0.151881	0.151881	0.151881	0.151881	0.151881	0.151881	0.151881	0.151881	0.151881	0.151881	0.151881	0.151881	0.151881	0.151881	0.151881	0.151881	0.151881	0.151881	0.151881	0.151881	0.151881	0.151881	0.151881	0.151881	0.151881	0.151881	0.15188	0.15188	0.15188	0.15188	0.15188	0.15188	0.15188	0.15188	0.15188	0.15188	0.15188	0.15188	0.15188	0.15188	0.15188	0.15188	0.15188	0.15188	0.15188	0.15188	0.15188	0.15188	0.15188	0.15188	0.15188	0.15188	0.15188	0.15188	0.15188	0.151881	0.151881	0.151881	0.151881	0.151881	0.151882	0.151882	0.151882	0.151882	0.151883	0.151883	0.151883	0.151884	0.151884	0.151885	0.151885	0.151885	0.151886	0.151886	0.151886	0.151886	0.151886	0.151886	0.151887	0.151887	0.151887	0.151888	0.151888	0.151888	0.151889	0.151889	0.151889	0.15189	0.15189	0.15189	0.15189	0.15189	0.15189	0.15189	0.15189	0.15189	0.15189	0.15189	0.151891	0.151891	0.151891	0.151892	0.151892	0.151893	0.151894	0.151895	0.151896	0.151897	0.151899	0.1519	0.151903	0.151905	0.151908	0.151909	0.15191	0.151912	0.151915	0.151918	0.151921	0.151925	0.151926	0.151928	0.151931	0.151935	0.151939	0.151945	0.151951	0.151959	0.151965	0.151966	0.151971	0.151975	0.151979	0.151985	0.151985	0.151988	0.151992	0.151996	0.152001	0.152007	0.152015	0.152015	0.152019	0.152024	0.15203	0.152037	0.152045	0.152045	0.152049	0.152055	0.152055	0.152052	0.152053	0.152054	0.152056	0.152058	0.15206	0.152063	0.152066	0.152071	0.152076	0.152082	0.152089	0.152096	0.152097	0.152102	0.152106	0.152111	0.152111	0.152108	0.152108	0.15211	0.152111	0.152113	0.152115	0.152118	0.152121	0.152125	0.15213	0.152136	0.152143	0.152152	0.152163	0.152176	0.152175	0.152169	0.152169	0.152172	0.152173	0.152174	0.152176	0.152177	0.152178	0.152179	0.15218	0.152182	0.152182	0.152183	0.152184	0.152185	0.152187	0.152188	0.15219	0.152191	0.152191	0.152193	0.152194	0.152196	0.152198	0.152198	0.152199	0.1522	0.152202	0.152203	0.152203	0.152204	0.152205	0.152207	0.152208	0.152208	0.152208	0.152208	0.152208	0.152209	0.15221	0.152211	0.152211	0.152212	0.152212	0.152212	0.152212	0.152212	0.152212	0.152213	0.152213	0.152213	0.152213	0.152214	0.152214	0.152214	0.152215	0.152215	0.152216	0.152217	0.152218	0.152219	0.15222	0.152221	0.152223	0.152223	0.152224	0.152225	0.152226	0.152227	0.152229	0.152229	0.15223	0.152231	0.152232	0.152234	0.152236	0.152235	0.152234	0.152234	0.152235	0.152235	0.152236	0.152237	0.152238	0.15224	0.152241	0.152241	0.152242	0.152242	0.152242	0.152242	0.152242	0.152242	0.152242	0.152242	0.152242	0.152242	0.152242	0.152242	0.152242	0.152242	0.152242	0.152242	0.152243	0.152243	0.152243	0.152244	0.152244	0.152244	0.152245	0.152246	0.152246	0.152247	0.152247	0.152247	0.152248	0.152249	0.15225	0.15225	0.15225	0.152251	0.152251	0.152252	0.152253	0.152253	0.152253	0.152254	0.152254	0.152254	0.152254	0.152254	0.152254	0.152255	0.152255	0.152256	0.152256	0.152257	0.152258	0.152259	0.152259	0.15226	0.15226	0.15226	0.152261	0.152262	0.152263	0.152264	0.152265	0.152267	0.152269	0.152271	0.152273	0.152275	0.152274	0.152274	0.152272	0.152272	0.152273	0.152274	0.152275	0.152276	0.152276	0.152277	0.152277	0.152278	0.15228	0.152281	0.152282	0.152284	0.152286	0.152286	0.152287	0.152289	0.152291	0.152293	0.152295	0.152298	0.152302	0.152302	0.152304	0.152307	0.15231	0.152314	0.152318	0.152318	0.152317	0.152317	0.152318	0.152318	0.152318	0.152318	0.152318	0.152319	0.152319	0.15232	0.15232	0.152321	0.152322	0.152322	0.152323	0.152324	0.152326	0.152328	0.152328	0.152329	0.15233	0.152331	0.152332	0.152334	0.152334	0.152335	0.152337	0.152338	0.15234	0.152342	0.152342	0.152344	0.152345	0.152347	0.152349	0.152351	0.152354	0.152356	0.15236	0.15236	0.152362	0.152363	0.152363	0.152362	0.152362	0.152362	0.152362	0.152363	0.152363	0.152364	0.152365	0.152367	0.152368	0.15237	0.152372	0.152375	0.152378	0.152382	0.152387	0.152393	0.1524	0.1524	0.152404	0.152408	0.152409	0.152408	0.152408	0.152408	0.152409	0.15241	0.152409	0.15241	0.15241	0.152411	0.152412	0.152413	0.152414	0.152416	0.152417	0.152419	0.152419	0.15242	0.152422	0.152424	0.152425	0.152426	0.152428	0.15243	0.152431	0.152433	0.152436	0.152439	0.152439	0.152441	0.152443	0.152445	0.152448	0.152451	0.152456	0.152461	0.152461	0.152463	0.152466	0.15247	0.152474	0.152474	0.152477	0.152479	0.152483	0.152483	0.152485	0.152487	0.15249	0.152491	0.152492	0.152494	0.152495	0.152495	0.152496	0.152497	0.152498	0.1525	0.152501	0.152503	0.152504	0.152505	0.152505	0.152505	0.152505	0.152505	0.152505	0.152505	0.152505	0.152506	0.152506	0.152507	0.152508	0.152509	0.15251	0.152511	0.152513	0.152514	0.152517	0.152516	0.152517	0.152519	0.152519	0.152518	0.152517	0.152517	0.152518	0.152518	0.152519	0.152519	0.152519	0.152519	0.152519	0.152519	0.15252	0.15252	0.15252	0.152521	0.152521	0.152522	0.152523	0.152524	0.152525	0.152525	0.152525	0.152526	0.152527	0.152528	0.152529	0.15253	0.15253	0.152531	0.152531	0.152532	0.152534	0.152535	0.152535	0.152534	0.152535	0.152535	0.152536	0.152537	0.152539	0.15254	0.152542	0.152545	0.152548	0.152552	0.152557	0.152559	0.152559	0.152559	0.152559	0.15256	0.15256	0.15256	0.15256	0.15256	0.15256	0.15256	0.15256	0.15256	0.152561	0.152561	0.152561	0.152562	0.152563	0.152563	0.152564	0.152565	0.152566	0.152568	0.15257	0.152572	0.152572	0.152573	0.152575	0.152576	0.152576	0.152575	0.152576	0.152575	0.152575	0.152574	0.152574	0.152573	0.152572	0.152572	0.152572	0.152572	0.152572	0.152572	0.152572	0.152572	0.152572	0.152573	0.152573	0.152574	0.152574	0.152575	0.152576	0.152577	0.152578	0.152579	0.15258	0.152582	0.152583	0.152585	0.152588	0.15259	0.152594	0.152598	0.1526	0.1526	0.1526	0.1526	0.152601	0.152601	0.152601	0.152602	0.152601	0.152602	0.152602	0.152602	0.152602	0.152602	0.152603	0.152603	0.152604	0.152604	0.152605	0.152605	0.152606	0.152607	0.152608	0.15261	0.152611	0.152614	0.152616	0.152619	0.152623	0.152628	0.152628	0.152626	0.152626	0.152627	0.152629	0.152631	0.152632	0.152633	0.152634	0.152636	0.152639	0.152642	0.152645	0.152649	0.152654	0.152657	0.152658	0.152658	0.152658	0.152658	0.152658	0.152658	0.152658	0.152659	0.152659	0.152659	0.152659	0.15266	0.15266	0.152661	0.152662	0.152663	0.152665	0.152666	0.152668	0.15267	0.152672	0.152675	0.152679	0.152683	0.152688	0.152695	0.152703	0.152703	0.152707	0.152707	0.152705	0.152706	0.152705	0.152706	0.152707	0.152708	0.15271	0.15271	0.152711	0.152712	0.152713	0.152714	0.152714	0.152715	0.152716	0.152717	0.152718	0.152718	0.152718	0.152719	0.15272	0.152721	0.152722	0.152724	0.152726	0.152728	0.152731	0.152735	0.152739	0.152744	0.152751	0.152759	0.152759	0.152755	0.152755	0.152757	0.15276	0.15276	0.152759	0.152759	0.15276	0.152761	0.152762	0.152763	0.152765	0.152767	0.15277	0.152773	0.152775	0.152775	0.152777	0.152779	0.152782	0.152785	0.152789	0.152792	0.152792	0.152794	0.152796	0.152799	0.152799	0.1528	0.152801	0.152801	0.152802	0.152802	0.152803	0.152804	0.152805	0.152805	0.152806	0.152807	0.152808	0.152809	0.15281	0.15281	0.15281	0.15281	0.15281	0.152811	0.152811	0.152812	0.152812	0.152812	0.152812	0.152812	0.152812	0.152812	0.152812	0.152813	0.152813	0.152813	0.152813	0.152813	0.152813	0.152813	0.152813	0.152813	0.152813	0.152813	0.152813	0.152813	0.152814	0.152814	0.152814	0.152814	0.152815	0.152816	0.152816	0.152816	0.152816	0.152816	0.152816	0.152816	0.152817	0.152817	0.152818	0.152819	0.152819	0.15282	0.152822	0.152822	0.152822	0.152823	0.152823	0.152823	0.152823	0.152823	0.152823	0.152823	0.152823	0.152823	0.152823	0.152823	0.152823	0.152823	0.152823	0.152823	0.152823	0.152823	0.152823	0.152823	0.152823	0.152823	0.152823	0.152823	0.152823	0.152823	0.152823	0.152823	0.152824	0.152824	0.152824	0.152824	0.152824	0.152824	0.152824	0.152824	0.152824	0.152824	0.152824	0.152824	0.152824	0.152824	0.152824	0.152825	0.152825	0.152825	0.152825	0.152825	0.152825	0.152825	0.152825	0.152825	0.152825	0.152825	0.152825	0.152826	0.152826	0.152826	0.152826	0.152826	0.152826	0.152826	0.152826	0.152826	0.152826	0.152826	0.152826	0.152826	0.152826	0.152826	0.152826	0.152826	0.152826	0.152826	0.152826	0.152826	0.152826	0.152826	0.152827	0.152827	0.152827	0.152828	0.152828	0.152829	0.15283	0.15283	0.152832	0.152833	0.152833	0.152832	0.152832	0.152833	0.152833	0.152832	0.152832	0.152832	0.152832	0.152833	0.152833	0.152833	0.152833	0.152833	0.152833	0.152833	0.152833	0.152834	0.152834	0.152834	0.152834	0.152834	0.152834	0.152834	0.152835	0.152835	0.152835	0.152836	0.152836	0.152837	0.152838	0.152838	0.152838	0.152839	0.152839	0.15284	0.15284	0.15284	0.152841	0.152841	0.152841	0.152841	0.152842	0.152842	0.152843	0.152843	0.152843	0.152843	0.152844	0.152844	0.152845	0.152846	0.152846	0.152847	0.152848	0.152847	0.152848	0.152848	0.152849	0.15285	0.152851	0.152853	0.152854	0.152856	0.152859	0.15286	0.15286	0.152861	0.152861	0.152861	0.152861	0.152861	0.152861	0.152861	0.152861	0.152861	0.152861	0.152861	0.152861	0.152861	0.152861	0.152861	0.152861	0.152861	0.152861	0.152861	0.152861	0.152861	0.152861	0.152861	0.152861	0.152861	0.152862	0.152862	0.152862	0.152862	0.152862	0.152863	0.152863	0.152863	0.152863	0.152863	0.152864	0.152864	0.152864	0.152864	0.152865	0.152865	0.152865	0.152865	0.152865	0.152865	0.152865	0.152865	0.152865	0.152865	0.152865	0.152865	0.152865	0.152865	0.152865	0.152865	0.152865	0.152865	0.152865	0.152866	0.152866	0.152866	0.152866	0.152867	0.152867	0.152868	0.152868	0.152869	0.15287	0.15287	0.15287	0.152871	0.152872	0.152872	0.152873	0.152873	0.152874	0.152874	0.152875	0.152875	0.152875	0.152874	0.152874	0.152874	0.152875	0.152875	0.152875	0.152875	0.152876	0.152876	0.152877	0.152878	0.152878	0.152879	0.152879	0.15288	0.15288	0.152881	0.152882	0.152883	0.152883	0.152884	0.152885	0.152886	0.152887	0.152888	0.15289	0.15289	0.152891	0.152893	0.152894	0.152897	0.152899	0.1529	0.152901	0.152903	0.152904	0.152907	0.152908	0.152908	0.15291	0.15291	0.152912	0.152913	0.152915	0.152916	0.152918	0.152921	0.152924	0.152928	0.152932	0.152937	0.152944	0.152952	0.152952	0.152956	0.152961	0.152961	0.152959	0.152957	0.152957	0.152958	0.152959	0.152959	0.152959	0.152959	0.152959	0.15296	0.152961	0.152962	0.152964	0.152966	0.152968	0.15297	0.152973	0.152977	0.152979	0.15298	0.15298	0.15298	0.15298	0.15298	0.15298	0.15298	0.15298	0.15298	0.15298	0.15298	0.152981	0.152981	0.152982	0.152983	0.152983	0.152984	0.152986	0.152987	0.152989	0.152991	0.152993	0.152996	0.153	0.153004	0.153009	0.153015	0.153023	0.153032	0.153042	0.153053	0.153054	0.153059	0.15306	0.153063	0.153066	0.153066	0.153068	0.153071	0.153073	0.153077	0.153081	0.153086	0.153091	0.153098	0.153107	0.153116	0.153118	0.153122	0.153127	0.153127	0.153124	0.153122	0.153122	0.153123	0.153125	0.153125	0.153124	0.153123	0.153123	0.153123	0.153124	0.153125	0.153126	0.153126	0.153127	0.153128	0.153129	0.15313	0.153131	0.153131	0.153132	0.153132	0.153133	0.153134	0.153134	0.153134	0.153135	0.153135	0.153135	0.153136	0.153136	0.153136	0.153137	0.153138	0.153138	0.153138	0.153138	0.153139	0.153139	0.153138	0.153138	0.153138	0.153138	0.153138	0.153138	0.153138	0.153138	0.153138	0.153138	0.153138	0.153138	0.153138	0.153138	0.153138	0.153138	0.153138	0.153138	0.153137	0.153137	0.153137	0.153137	0.153137	0.153136	0.153136	0.153135	0.153134	0.153134	0.153134	0.153134	0.153134	0.153134	0.153134	0.153134	0.153134	0.153134	0.153134	0.153134	0.153134	0.153134	0.153134	0.153134	0.153134	0.153134	0.153134	0.153134	0.153133	0.153133	0.153133	0.153133	0.153133	0.153133	0.153133	0.153133	0.153133	0.153133	0.153133	0.153133	0.153133	0.153132	0.153132	0.153132	0.153132	0.153131	0.153131	0.15313	0.15313	0.15313	0.15313	0.15313	0.15313	0.15313	0.15313	0.15313	0.15313	0.15313	0.15313	0.153129	0.153129	0.153129	0.153129	0.153128	0.153128	0.153128	0.153127	0.153128	0.153128	0.153127	0.153127	0.153127	0.153127	0.153127	0.153127	0.153127	0.153127	0.153127	0.153127	0.153126	0.153126	0.153126	0.153125	0.153125	0.153125	0.153125	0.153125	0.153125	0.153125	0.153126	0.153126	0.153126	0.153127	0.153127	0.153128	0.153128	0.153129	0.153129	0.153129	0.153129	0.153129	0.153129	0.153129	0.153129	0.153129	0.153129	0.153129	0.153129	0.153129	

60	0.312	24	0	task-3:0.05	task-0:0.045	task-1:0.115	task-2:0.035	|	0.199005	0.19	0.19	0.189809	0.161751	0.489196	0.458011	0.211945	0.165744	0.167127	0.152972	0.154277	0.153276	0.155194	0.152862	0.152647	0.152393	0.151854	0.151938	0.151664	0.151068	0.150261	0.149501	0.148729	0.14812	0.147564	0.146948	0.145626	0.143994	0.141926	0.138917	0.133103	0.128482	0.122923	0.120621	0.114845	0.111462	0.111439	0.10731	0.101231	0.0969503	0.0945419	0.0898632	0.0865178	0.0818293	0.0771639	0.075272	0.0713186	0.0672597	0.0632242	0.0605361	0.0597489	0.0572416	0.0546984	0.0521295	0.0493675	0.0464662	0.0433873	0.0401209	0.037011	

152	0.983	24	0	task-3:0.05	task-0:0.07	task-1:0.135	task-2:0.04	|	0.165198	0.809979	0.809923	0.790655	0.202954	0.184189	0.18513	0.161376	0.243706	0.232811	0.15543	0.165048	0.165273	0.155123	0.155732	0.155096	0.152187	0.151691	0.1498	0.148201	0.147826	0.14685	0.146099	0.146039	0.147544	0.149116	0.150467	0.152237	0.147017	0.142409	0.139592	0.145919	0.142265	0.138738	0.138658	0.138189	0.137243	0.135822	0.133722	0.131272	0.129277	0.127171	0.124871	0.12223	0.119605	0.116933	0.116257	0.114753	0.114829	0.111971	0.110017	0.107348	0.105276	0.103721	0.103558	0.100543	0.100897	0.0991996	0.0973249	0.0957163	0.0947628	0.0940621	0.0927589	0.0907027	0.0887289	0.0863371	0.0841897	0.0820103	0.0802346	0.079244	0.0782426	0.0782295	0.0785763	0.0797646	0.0811114	0.0830242	0.0853387	0.0870499	0.0890104	0.0906496	0.0913185	0.0914217	0.0910697	0.0899506	0.0882086	0.0863564	0.0846639	0.0831588	0.0818186	0.0809187	0.0796827	0.0788379	0.0780319	0.0776383	0.0757685	0.0750937	0.0730138	0.0709	0.069247	0.0680227	0.0658245	0.0632152	0.0605049	0.0579106	0.055135	0.052123	0.0473025	0.0446257	0.19	0.19	0.180572	0.144679	0.141465	0.0802256	0.189985	0.189987	0.098103	0.093684	0.15345	0.144545	0.108	0.106678	0.113819	0.131585	0.160811	0.15544	0.132166	0.126867	0.128134	0.130311	0.133949	0.140514	0.131721	0.132109	0.136899	0.136304	0.136305	0.131768	0.121293	0.113153	0.10025	0.0911232	0.0822763	0.0705147	0.0552635	0.0528391	0.0510173	0.0666912	0.0644231	0.0475116	0.0427374	0.0382507	

112	0.78	24	0	task-3:0.035	task-0:0.03	task-1:0.05	task-2:0.035	|	0.198773	0.19	0.19	0.189878	0.155903	0.786505	0.77272	0.435944	0.156461	0.157218	0.164675	0.159985	0.151881	0.150586	0.151281	0.151104	0.151342	0.151238	0.150144	0.149402	0.149092	0.148136	0.149595	0.143774	0.14365	0.14333	0.138334	0.137548	0.139114	0.138933	0.136869	0.134619	0.132048	0.129232	0.127525	0.125187	0.122353	0.112691	0.111953	0.122016	0.117972	0.112383	0.111578	0.112257	0.113875	0.114241	0.112413	0.111496	0.111336	0.111768	0.111711	0.109962	0.108814	0.10774	0.106729	0.105715	0.103912	0.103075	0.10197	0.100969	0.100457	0.101193	0.100689	0.0995426	0.0991935	0.097543	0.0971775	0.0969085	0.0962566	0.0951682	0.0939789	0.0926461	0.091236	0.0886577	0.0863471	0.0838532	0.0814688	0.0789039	0.0762173	0.0736889	0.0716546	0.0700352	0.0678602	0.0656675	0.0645429	0.0625782	0.0609762	0.0596206	0.0585054	0.0579483	0.0579463	0.056126	0.0551623	0.0544462	0.0536895	0.0529168	0.0521996	0.0516177	0.0511861	0.0508126	0.0502133	0.0488661	0.0477481	0.0468503	0.0461915	0.0450745	0.0441501	0.0431373	0.0420916	0.041062	0.0401282	0.0394335	

85	0.546	24	0	task-3:0.05	task-0:0.07	task-1:0.115	task-2:0.035	|	0.476398	0.189999	0.189998	0.188072	0.32246	0.322801	0.154746	0.175609	0.174326	0.160476	0.160477	0.158423	0.156191	0.155443	0.15343	0.154764	0.152686	0.150801	0.149999	0.14874	0.147437	0.146191	0.142011	0.132688	0.127416	0.13267	0.12964	0.128732	0.128329	0.126087	0.126996	0.126322	0.124238	0.122223	0.120922	0.12	0.119047	0.116992	0.115187	0.113904	0.111704	0.108891	0.105691	0.10225	0.0990135	0.0982694	0.0964186	0.0948026	0.0919485	0.0909878	0.0911381	0.0910754	0.0886994	0.084641	0.0836826	0.082444	0.0789043	0.0784982	0.0782625	0.076753	0.0746211	0.0732915	0.0715499	0.0696087	0.0673017	0.065899	0.0650873	0.0638305	0.0619373	0.0597117	0.0574741	0.0551737	0.0533565	0.0517026	0.0503667	0.0493586	0.0482347	0.0472452	0.0460472	0.0450069	0.0439682	0.0426372	0.0415109	0.0402325	0.0389969	

111	0.764	24	0	task-3:0.03	task-0:0.07	task-1:0.08	task-2:0.035	|	0.161076	0.809981	0.809873	0.772161	0.157044	0.188362	0.187705	0.177408	0.154554	0.267643	0.221211	0.153705	0.153645	0.15909	0.158795	0.154082	0.153181	0.153081	0.152802	0.152546	0.150361	0.149544	0.144833	0.142973	0.144343	0.142641	0.143445	0.140991	0.139878	0.139363	0.143185	0.139265	0.140058	0.140441	0.139323	0.137927	0.13646	0.134656	0.131717	0.128939	0.124391	0.118203	0.115375	0.11086	0.10914	0.105204	0.107988	0.104168	0.103655	0.100755	0.098344	0.0971331	0.0959637	0.0954777	0.0941441	0.0926635	0.0915402	0.0903307	0.0892739	0.0886339	0.0886263	0.0873113	0.0862428	0.0855414	0.0846694	0.0838625	0.0829687	0.0822215	0.0815245	0.0806467	0.0798086	0.0787393	0.0771177	0.0755298	0.0726121	0.0683268	0.0663563	0.0632586	0.0615873	0.0613205	0.060983	0.059703	0.0583953	0.0569185	0.0553467	0.0547812	0.054292	0.0537088	0.0531697	0.0526161	0.0522456	0.0519262	0.0516476	0.0510953	0.0505924	0.0501551	0.049949	0.0492796	0.0483818	0.0470102	0.0467412	0.046051	0.0452109	0.0442647	0.0431201	0.0414818	0.0411689	0.041396	0.0408485	0.0401961	0.0393889	

186	1.233	24	0	task-3:0.015	task-0:0.045	task-1:0.145	task-2:0.035	|	0.310053	0.19	0.19	0.189879	0.154468	0.154407	0.379516	0.338701	0.158245	0.171801	0.171677	0.156653	0.166133	0.167396	0.152599	0.157154	0.15713	0.152812	0.152704	0.152489	0.1513	0.150919	0.150493	0.150138	0.149394	0.148623	0.149205	0.147213	0.145952	0.145311	0.144397	0.143337	0.142111	0.140963	0.139347	0.137553	0.134931	0.131854	0.127649	0.123256	0.114353	0.117901	0.106191	0.105434	0.109009	0.105859	0.101183	0.0987969	0.0979214	0.096268	0.0940981	0.0924713	0.0906322	0.0886818	0.0867564	0.085013	0.0826746	0.0801569	0.078233	0.0767578	0.0772517	0.0749029	0.0757842	0.0735241	0.0717028	0.0713095	0.0705523	0.069626	0.0691063	0.0688593	0.0682107	0.0679243	0.0675571	0.0671443	0.0668673	0.0668717	0.0664965	0.0662414	0.0657698	0.0656192	0.065781	0.0652898	0.0651413	0.0649759	0.0648373	0.0648243	0.0648543	0.0643962	0.0639971	0.0637951	0.0642073	0.0645648	0.0648337	0.0653735	0.0650576	0.0652136	0.0653099	0.0655273	0.0658932	0.0659775	0.0663376	0.0669271	0.0667657	0.0668529	0.066941	0.0672507	0.0677439	0.0680439	0.0686328	0.0694256	0.0691771	0.069391	0.0696388	0.0700446	0.0697467	0.069798	0.0699024	0.0700899	0.070386	0.0700461	0.0699985	0.0699722	0.0699681	0.069998	0.0700904	0.0700752	0.0701178	0.0702905	0.0705837	0.0710289	0.0712062	0.0716906	0.0723337	0.0730506	0.0736119	0.0742394	0.0747461	0.0759387	0.0749251	0.0748167	0.0745948	0.0746663	0.0745565	0.0742071	0.0741062	0.0740421	0.0738035	0.0735488	0.0733541	0.0731425	0.0728207	0.0723491	0.0722199	0.0720512	0.0717089	0.0714593	0.0713104	0.0710483	0.0706744	0.0703116	0.0700553	0.0694669	0.069135	0.068487	0.0677747	0.0671205	0.0662936	0.0656354	0.0645613	0.0632457	0.0620459	0.0608915	0.0597665	0.0594803	0.0585917	0.0573219	0.0557944	0.0542091	0.052884	0.0511816	0.0489939	0.0462541	0.044771	0.0425248	0.0407835	0.0382814	

213	1.295	24	0	task-3:0.045	task-0:0.045	task-1:0.11	task-2:0.035	|	0.286899	0.189999	0.189995	0.188707	0.165956	0.171708	0.166182	0.16559	0.152881	0.165176	0.163346	0.151521	0.156635	0.156822	0.151973	0.151436	0.151296	0.150854	0.150883	0.150421	0.14998	0.14962	0.149533	0.149306	0.148856	0.148417	0.147866	0.147305	0.1473	0.146986	0.14655	0.146026	0.144969	0.143429	0.139539	0.13374	0.130432	0.13301	0.129248	0.127304	0.12767	0.12591	0.12432	0.122632	0.119703	0.117027	0.11483	0.114103	0.113179	0.111898	0.110557	0.108994	0.106838	0.105814	0.104198	0.102692	0.10118	0.100571	0.099506	0.0985598	0.0978972	0.0972019	0.0963433	0.0953481	0.0944385	0.0934325	0.0919457	0.0908287	0.0900671	0.089774	0.0900757	0.0895739	0.0891353	0.0877038	0.0868017	0.086218	0.0860118	0.0862861	0.086285	0.0859186	0.0856485	0.0856759	0.0859186	0.0855534	0.0854227	0.0853047	0.0850674	0.0848101	0.0844928	0.0838836	0.0836182	0.0833503	0.0830642	0.0856101	0.0852809	0.0858563	0.089314	0.0911369	0.0934783	0.0964906	0.100824	0.104747	0.108372	0.111577	0.113695	0.116105	0.117185	0.117364	0.119706	0.120187	0.119626	0.118824	0.117685	0.117632	0.117137	0.116532	0.116577	0.116285	0.116132	0.115932	0.114996	0.113741	0.11244	0.110838	0.109031	0.10679	0.104597	0.101981	0.100663	0.0988572	0.0973414	0.095876	0.0944698	0.0933929	0.0921687	0.0906386	0.0892211	0.0871767	0.0851433	0.0823231	0.0797807	0.0775179	0.0759576	0.0752544	0.0755877	0.0771893	0.0785217	0.0815003	0.0846882	0.0881073	0.0915187	0.0949254	0.0987813	0.102668	0.106842	0.108164	0.108286	0.107034	0.101287	0.0977736	0.0950656	0.0923717	0.0900129	0.0877908	0.0863047	0.0853495	0.0829494	0.0818849	0.0803965	0.0789519	0.0766117	0.0761795	0.0747494	0.0732823	0.0717212	0.0704103	0.0680793	0.0676276	0.0660465	0.0644173	0.0632095	0.0622823	0.0605737	0.0592781	0.0583864	0.0568171	0.0576848	0.0554703	0.053663	0.0527487	0.0517704	0.050463	0.0491303	0.0482542	0.0476264	0.0473329	0.0467605	0.0482781	0.0478827	0.0463685	0.0456877	0.0451929	0.0448937	0.0447446	0.0444071	0.0438086	0.0432797	0.0427691	0.0422051	0.0415948	0.0407459	0.0400028	0.0391322	

201	1.326	24	12	task-3:0.03	task-0:0.055	task-1:0.05	task-2:0.035	|	0.159868	0.809971	0.809859	0.745982	0.161585	0.156684	0.317664	0.290482	0.162962	0.162545	0.161584	0.154276	0.168949	0.165873	0.154554	0.155215	0.15483	0.153272	0.154314	0.153781	0.152477	0.152396	0.152022	0.151314	0.150846	0.150279	0.149603	0.148907	0.148127	0.147389	0.146845	0.147106	0.152567	0.149032	0.144392	0.143422	0.142183	0.14113	0.13969	0.136639	0.135112	0.134321	0.130676	0.129794	0.127573	0.126136	0.127361	0.126148	0.124908	0.124746	0.124211	0.123667	0.123209	0.122928	0.12274	0.121612	0.120117	0.118882	0.117628	0.116223	0.115085	0.113822	0.112426	0.110939	0.109546	0.108674	0.107126	0.105888	0.104133	0.10356	0.108074	0.107589	0.113405	0.112053	0.107728	0.105556	0.104721	0.105629	0.104191	0.103423	0.102562	0.10141	0.100023	0.0980853	0.0963675	0.0942568	0.0934027	0.0932721	0.0921024	0.0914984	0.0906187	0.0899401	0.0894773	0.0896334	0.0890023	0.088428	0.0879626	0.0868072	0.0860505	0.0853323	0.0847282	0.083714	0.0825134	0.0814123	0.0811856	0.0809353	0.0800124	0.0792657	0.0787633	0.0781448	0.0773307	0.0766249	0.0758713	0.0757145	0.0754637	0.0750067	0.0741109	0.0734733	0.0726937	0.0718208	0.0710675	0.0705535	0.0703864	0.0695904	0.0691625	0.0689191	0.0684934	0.0681736	0.0679651	0.0677579	0.0675091	0.0672353	0.0670764	0.0670791	0.0667864	0.0666099	0.0665408	0.0661846	0.0659564	0.0657116	0.0651336	0.0646681	0.0644014	0.0640675	0.0637047	0.063195	0.0627022	0.0622696	0.0623286	0.0616911	0.0610972	0.0607861	0.0605323	0.0599955	0.059566	0.0591311	0.0587954	0.0585648	0.0582186	0.057961	0.0576998	0.0575206	0.0575172	0.0571954	0.0569656	0.0568719	0.0565909	0.0562742	0.0558389	0.0554147	0.0545921	0.0536512	0.052975	0.0521782	0.0512872	0.0504978	0.0497145	0.048982	0.0482102	0.0474079	0.0464662	0.045578	0.0454932	0.0447636	0.0443342	0.0440697	0.0439239	0.0437687	0.0434471	0.0431225	0.0428224	0.0425163	0.0422208	0.0420386	0.0418237	0.0415906	0.0413401	0.0410318	0.0407005	0.0403505	0.0399951	

102	0.655	24	0	task-3:0.035	task-0:0.08	task-1:0.09	task-2:0.035	|	0.275409	0.19	0.19	0.189704	0.15441	0.162878	0.16816	0.164	0.155693	0.155784	0.153747	0.15379	0.153216	0.153129	0.152463	0.152249	0.151937	0.151504	0.151343	0.150936	0.150401	0.150017	0.149454	0.146658	0.141453	0.1384	0.139825	0.136681	0.128195	0.126774	0.131606	0.129566	0.123526	0.120225	0.118391	0.11762	0.116706	0.114638	0.111426	0.108667	0.10685	0.105773	0.106131	0.105094	0.104395	0.103551	0.102771	0.101869	0.102473	0.101507	0.101041	0.101144	0.100215	0.0995277	0.0986788	0.0976193	0.0964144	0.0951528	0.094503	0.0933609	0.0924993	0.0911066	0.0898617	0.0888954	0.0874494	0.0861154	0.0850189	0.0846006	0.0831501	0.0819291	0.0805009	0.0792903	0.0777102	0.0761448	0.0746557	0.0732956	0.0716641	0.0690844	0.0684082	0.0632733	0.0651382	0.062058	0.0637993	0.0635626	0.0606369	0.0592811	0.058168	0.0573501	0.0566062	0.0557237	0.0548737	0.0537527	0.0524166	0.0509726	0.049412	0.0477711	0.0463249	0.0451183	0.0436851	0.0420955	0.040575	0.039437	

143	0.905	24	1	task-3:0.03	task-0:0.08	task-1:0.14	task-2:0.025	|	0.771549	0.189993	0.189982	0.184612	0.333087	0.319306	0.154869	0.156954	0.180468	0.168362	0.156453	0.156086	0.155324	0.154776	0.154428	0.153894	0.153613	0.153333	0.153047	0.152614	0.152107	0.151629	0.150656	0.146589	0.14548	0.147145	0.146101	0.143757	0.142175	0.140682	0.140011	0.13998	0.140343	0.135081	0.131536	0.127376	0.124839	0.121803	0.118766	0.116143	0.113741	0.111948	0.110283	0.10824	0.106165	0.103585	0.100729	0.0985461	0.0949531	0.0945127	0.093593	0.0930564	0.0923075	0.090618	0.089108	0.0874185	0.0858127	0.0846571	0.0835319	0.0824577	0.081273	0.0799037	0.0785117	0.0773811	0.0761662	0.0725313	0.0699879	0.0673817	0.0651905	0.063719	0.0623648	0.0622013	0.0723697	0.0727357	0.068986	0.0922203	0.0955612	0.0905126	0.0622207	0.0611722	0.0808952	0.080927	0.0703836	0.0605187	0.0598064	0.0700154	0.0606278	0.0602252	0.059653	0.0597404	0.0599751	0.0603625	0.0599296	0.0598437	0.059815	0.0598908	0.0600719	0.0605382	0.0614631	0.061177	0.0608336	0.0616108	0.0604576	0.0598239	0.0594308	0.0889806	0.0798796	0.0614131	0.0604645	0.0709323	0.0704503	0.0595531	0.0601132	0.0599725	0.0594266	0.0675926	0.0677894	0.0599101	0.0592891	0.0589492	0.0586488	0.0584385	0.0584608	0.0592322	0.0587782	0.0575792	0.0561795	0.0549779	0.0537164	0.0523313	0.0512619	0.0500385	0.049196	0.050818	0.0490297	0.0486261	0.0482895	0.0475075	0.0465501	0.0451646	0.043134	0.0410288	0.0391349	

93	0.64	24	0	task-3:0.02	task-0:0.045	task-1:0.085	task-2:0.035	|	0.506875	0.189999	0.189996	0.188164	0.259648	0.221787	0.158823	0.158192	0.160887	0.159373	0.154301	0.153673	0.152046	0.159342	0.153102	0.164609	0.163049	0.15261	0.154315	0.154035	0.150926	0.150021	0.1492	0.149143	0.148779	0.147422	0.145973	0.144548	0.142978	0.141242	0.139154	0.137297	0.135195	0.132706	0.129781	0.126265	0.12261	0.122291	0.119332	0.116806	0.114372	0.112791	0.110677	0.107824	0.10458	0.10121	0.0979763	0.0955212	0.0965549	0.0913461	0.0947495	0.0933594	0.0890406	0.0878692	0.0866552	0.0852625	0.0837058	0.0819361	0.080336	0.078443	0.0762197	0.0736833	0.0717911	0.0693273	0.0674656	0.0665823	0.0640782	0.062697	0.0611086	0.0603788	0.0594599	0.0583576	0.0571369	0.0564798	0.0555961	0.0546049	0.053524	0.0522815	0.0512748	0.0506809	0.049846	0.0488467	0.0474734	0.0462072	0.0449599	0.0437058	0.0435019	0.0424939	0.0417045	0.0410212	0.0406485	0.0403961	0.0396721	

178	1.263	24	0	task-3:0.05	task-0:0.055	task-1:0.08	task-2:0.035	|	0.548727	0.18996	0.189823	0.175627	0.313427	0.259668	0.15866	0.17257	0.172391	0.15808	0.164995	0.164943	0.152793	0.153849	0.151912	0.146648	0.146196	0.148096	0.145756	0.144158	0.142562	0.140233	0.138085	0.13522	0.131261	0.129624	0.126417	0.125428	0.123997	0.122042	0.11987	0.118304	0.116793	0.115966	0.115656	0.113771	0.112523	0.111627	0.110916	0.110998	0.110254	0.11033	0.110578	0.109461	0.109104	0.108774	0.108649	0.107563	0.107025	0.106509	0.105946	0.105428	0.104975	0.104562	0.104171	0.102884	0.102136	0.101515	0.100571	0.0995932	0.0983638	0.0970875	0.0956066	0.0939355	0.0920907	0.0906576	0.0892607	0.0877433	0.0864652	0.0849649	0.0832109	0.0812571	0.0798223	0.078426	0.076384	0.0750584	0.0742526	0.0728939	0.071781	0.0708151	0.0700728	0.0695613	0.0689022	0.0685641	0.0683415	0.0677638	0.0675551	0.0673844	0.0668607	0.0669555	0.0662733	0.0659792	0.0657083	0.0654376	0.0651656	0.0645957	0.0641111	0.063692	0.0631817	0.0632245	0.0623764	0.062149	0.0617445	0.061788	0.0618274	0.0621072	0.0622179	0.0624429	0.0629562	0.0627919	0.0622816	0.0622789	0.061711	0.0607236	0.0600402	0.0594992	0.0599717	0.0589289	0.0580962	0.057965	0.0581028	0.0585275	0.058591	0.0590103	0.0587956	0.0585631	0.0580372	0.057499	0.0570326	0.056408	0.0560405	0.0557819	0.0557252	0.0551277	0.0547034	0.0545917	0.0541017	0.0538243	0.0535633	0.0532438	0.0528589	0.0524135	0.0518768	0.0510766	0.0503061	0.0504602	0.0496724	0.0491996	0.0488732	0.0484841	0.0481098	0.047771	0.0471811	0.0467025	0.0462956	0.0460489	0.0458129	0.0456065	0.0453148	0.0447681	0.0442553	0.0441576	0.0437798	0.043451	0.0433507	0.0431984	0.0428483	0.0425659	0.0424302	0.0422468	0.0419644	0.0417739	0.0415222	0.0412376	0.040916	0.0405543	0.040151	0.039742	

104	0.702	24	0	task-3:0.05	task-0:0.04	task-1:0.1	task-2:0.035	|	0.235208	0.189991	0.189932	0.181388	0.25364	0.184099	0.154015	0.15421	0.154466	0.163484	0.15909	0.164141	0.175269	0.158009	0.151865	0.157545	0.157673	0.153277	0.151911	0.152561	0.152239	0.151708	0.151782	0.151501	0.15123	0.150823	0.150293	0.149165	0.148102	0.146979	0.146289	0.144554	0.142272	0.139605	0.136223	0.137172	0.140055	0.137469	0.140949	0.137611	0.133092	0.132901	0.132295	0.132512	0.131855	0.131193	0.130593	0.13	0.129635	0.129357	0.128931	0.12867	0.128556	0.128149	0.128005	0.128188	0.12788	0.126846	0.125509	0.124424	0.122798	0.121188	0.119513	0.118057	0.116323	0.113735	0.111863	0.109584	0.106932	0.104115	0.101118	0.0988668	0.0973231	0.0961825	0.0935004	0.0901197	0.086746	0.0836133	0.0797092	0.0750562	0.0700597	0.0648096	0.0598575	0.0558629	0.0583812	0.0553223	0.053093	0.0510626	0.0513723	0.0550501	0.0513352	0.0480315	0.0476201	0.046894	0.0465393	0.0463671	0.045513	0.0446308	0.0441433	0.043553	0.0428156	0.0419003	0.0408956	0.0397707	

238	1.295	24	0	task-3:0.04	task-0:0.07	task-1:0.105	task-2:0.03	|	0.206493	0.189998	0.189993	0.188031	0.216637	0.219173	0.154537	0.153741	0.156391	0.152849	0.15593	0.155696	0.151727	0.152494	0.152548	0.15079	0.150983	0.15118	0.150354	0.149464	0.14865	0.147889	0.147155	0.145705	0.144235	0.143323	0.141554	0.139627	0.13797	0.136134	0.13421	0.131473	0.127766	0.12325	0.118863	0.114667	0.112862	0.109687	0.105845	0.101819	0.0972585	0.0921297	0.0867382	0.0815626	0.0776111	0.0936639	0.0794814	0.076594	0.0714249	0.067045	0.0674395	0.0641748	0.0634326	0.0627433	0.0612316	0.0594602	0.0582867	0.0572943	0.0567108	0.0560341	0.0548181	0.0544091	0.0533404	0.0523795	0.0512888	0.0502748	0.0493459	0.048634	0.0482532	0.0478829	0.0485804	0.0499213	0.0514967	0.0535644	0.0561452	0.0597442	0.0643664	0.0689825	0.0729466	0.0762297	0.0784053	0.0792448	0.0798496	0.0815746	0.0863253	0.0539382	0.0562619	0.0770257	0.0752037	0.0733473	0.0732789	0.0747143	0.0768306	0.0767115	0.0773024	0.0818212	0.0890547	0.0904331	0.093416	0.0957099	0.0986026	0.0989221	0.0983937	0.099506	0.0979068	0.0993202	0.100196	0.100493	0.101168	0.102015	0.101566	0.101432	0.101282	0.101252	0.101153	0.100473	0.100004	0.0987983	0.0969261	0.0946688	0.0932041	0.0916504	0.0908381	0.0896055	0.0887269	0.0877376	0.0873117	0.086657	0.0860568	0.0852372	0.0851971	0.084777	0.0841899	0.0836298	0.0825174	0.0816257	0.080584	0.0794093	0.0781555	0.0766435	0.0748647	0.0727803	0.0704143	0.0675282	0.0648179	0.0620869	0.0589196	0.0554502	0.0519155	0.0486009	0.0456144	0.0435442	0.0427621	0.0433954	0.0443868	0.0463147	0.0503247	0.0551031	0.0604626	0.0662223	0.0719904	0.0776735	0.0833153	0.0888228	0.0948645	0.0992638	0.101681	0.10325	0.103787	0.10289	0.102407	0.100489	0.0964896	0.0922986	0.0898034	0.088432	0.0872473	0.0868321	0.0854536	0.0844104	0.0830448	0.0819962	0.0812342	0.0813593	0.0806485	0.0799545	0.0795677	0.0785649	0.077582	0.0766418	0.0759156	0.0751637	0.0741951	0.0730318	0.0717741	0.0706569	0.0693742	0.0679927	0.0666559	0.0652572	0.0637829	0.0620618	0.0603248	0.058419	0.0563804	0.0542534	0.0520311	0.054436	0.0507505	0.0546493	0.0538251	0.0494132	0.0498793	0.0499917	0.0491559	0.0485622	0.0477647	0.0477003	0.0478185	0.0477042	0.0474373	0.0472213	0.0469901	0.0466	0.0461027	0.0456545	0.0454855	0.0452039	0.0448008	0.0443538	0.0439331	0.0435011	0.042957	0.0423363	0.0416407	0.0408698	0.0401499	0.0391593	

80	0.484	24	0	task-3:0.05	task-0:0.055	task-1:0.13	task-2:0.035	|	0.154061	0.789994	0.154523	0.189942	0.188687	0.160404	0.292215	0.16495	0.181385	0.180145	0.159664	0.190597	0.180811	0.154071	0.154529	0.154442	0.153673	0.153051	0.152846	0.152052	0.152145	0.151586	0.151004	0.150478	0.146407	0.1451	0.146883	0.146307	0.143213	0.142292	0.142797	0.141647	0.139831	0.138651	0.137568	0.136419	0.134689	0.132526	0.130178	0.127403	0.124167	0.120066	0.114456	0.107015	0.0985827	0.0893638	0.0869608	0.0805149	0.0833684	0.077948	0.0790272	0.0808242	0.0832544	0.0881242	0.0945334	0.0901925	0.089186	0.0857392	0.0819347	0.0787907	0.0777671	0.0760118	0.0751645	0.0731284	0.0712221	0.0702777	0.069602	0.0691072	0.0659688	0.0635508	0.0612027	0.0564206	0.0555395	0.0522314	0.0467167	0.0456339	0.0419511	0.0405613	0.0401006	0.0399403	

115	0.717	24	0	task-3:0.025	task-0:0.07	task-1:0.105	task-2:0.035	|	0.720847	0.189998	0.189996	0.186546	0.273401	0.198431	0.164017	0.163338	0.155168	0.152899	0.151712	0.153131	0.148672	0.147013	0.147157	0.146403	0.14705	0.146476	0.14537	0.144571	0.143879	0.143189	0.142322	0.141057	0.139724	0.13813	0.136134	0.132845	0.129252	0.125895	0.127987	0.125447	0.122832	0.122964	0.121821	0.11709	0.114234	0.115544	0.11359	0.112926	0.113108	0.116856	0.113486	0.115205	0.112678	0.112134	0.11176	0.111654	0.110686	0.1098	0.109116	0.108246	0.108204	0.107806	0.10762	0.107047	0.108733	0.107163	0.106767	0.106392	0.106582	0.106547	0.105747	0.105168	0.104688	0.10424	0.103776	0.103323	0.102808	0.102065	0.101259	0.100827	0.0998296	0.0997252	0.0991223	0.0986011	0.0983132	0.0978515	0.0972888	0.0963952	0.0955349	0.094563	0.0937583	0.0933176	0.0926546	0.0917797	0.090395	0.088967	0.0876127	0.0861915	0.0845781	0.0825369	0.0813932	0.0795533	0.077515	0.075706	0.0732791	0.0707779	0.0679808	0.0646832	0.0623803	0.0601673	0.05761	0.0550309	0.0525855	0.0506735	0.0484805	0.0461523	0.0442303	0.043372	0.0423817	0.0418796	0.0411128	0.0403118	0.0393873	

195	1.31	24	0	task-3:0.025	task-0:0.06	task-1:0.11	task-2:0.035	|	0.156393	0.189999	0.189996	0.188388	0.201366	0.181709	0.167881	0.166958	0.154973	0.157464	0.154799	0.154322	0.154492	0.153314	0.152151	0.15182	0.151563	0.151353	0.150857	0.150327	0.149808	0.149333	0.148913	0.148486	0.148443	0.148272	0.147443	0.145286	0.141951	0.142474	0.139132	0.137527	0.138217	0.135863	0.132116	0.132705	0.129338	0.127186	0.126652	0.126943	0.126526	0.126079	0.127102	0.130426	0.127909	0.127984	0.128427	0.125706	0.124607	0.123542	0.122492	0.121443	0.120853	0.120888	0.121729	0.126794	0.128073	0.130081	0.126611	0.125753	0.12395	0.122337	0.120637	0.118919	0.117093	0.119967	0.113645	0.113799	0.122359	0.120921	0.114881	0.113375	0.113422	0.114081	0.115609	0.116378	0.116843	0.117705	0.118835	0.120176	0.121679	0.123217	0.124717	0.125603	0.125741	0.125283	0.124456	0.123458	0.122174	0.121137	0.119937	0.118861	0.117385	0.115751	0.11415	0.112617	0.111491	0.110726	0.110388	0.110032	0.109276	0.109161	0.109023	0.108552	0.107873	0.107334	0.107028	0.106569	0.106348	0.106325	0.106574	0.106608	0.106994	0.106507	0.106489	0.105683	0.105137	0.104023	0.102969	0.10164	0.100349	0.0990947	0.0978454	0.0966194	0.0959496	0.0961824	0.0953297	0.09517	0.0949057	0.0947124	0.0948378	0.0945151	0.0942861	0.0941473	0.0941537	0.093973	0.0936601	0.0933726	0.0935262	0.0933243	0.0933479	0.0933344	0.0929745	0.0926862	0.0924538	0.0922539	0.0919512	0.0917939	0.0915653	0.0913155	0.0909888	0.0906015	0.0903356	0.0898328	0.0893854	0.0888324	0.088182	0.0874071	0.0864902	0.0853504	0.0841911	0.0829846	0.0810227	0.0788817	0.0763083	0.073589	0.0702045	0.066559	0.0626028	0.0596847	0.0557677	0.0521743	0.0534761	0.0508379	0.0490522	0.0487073	0.0492456	0.0492473	0.0485473	0.0477939	0.0470223	0.0467111	0.0469518	0.0466527	0.0463082	0.0459441	0.0454514	0.0449149	0.0443187	0.043604	0.0427835	0.0418401	0.0407681	0.0401625	0.0390581	

86	0.561	24	0	task-3:0.05	task-0:0.055	task-1:0.085	task-2:0.035	|	0.258406	0.189999	0.189998	0.188541	0.19313	0.201808	0.160979	0.159606	0.164633	0.158713	0.156593	0.158881	0.153769	0.154216	0.153451	0.151586	0.151309	0.15081	0.150352	0.14973	0.149067	0.148333	0.147577	0.146743	0.145735	0.144441	0.143569	0.142287	0.140153	0.137861	0.135144	0.133478	0.13119	0.120746	0.117473	0.104972	0.107971	0.117302	0.109247	0.103071	0.102438	0.100732	0.0994547	0.0993967	0.0961038	0.0924375	0.0897152	0.0867561	0.0841698	0.0817287	0.0782845	0.0756924	0.0731982	0.0701087	0.0677904	0.065835	0.0637814	0.0617077	0.0604978	0.060139	0.0592638	0.0574145	0.0547217	0.0538402	0.0530148	0.0524229	0.0523921	0.051321	0.0507271	0.0503716	0.05065	0.0496613	0.0483219	0.0482117	0.0468236	0.0466614	0.0458054	0.0450825	0.044697	0.0439373	0.0432158	0.0425774	0.0419535	0.0413297	0.0406644	0.039979	

54	0.359	24	0	task-3:0.035	task-0:0.045	task-1:0.085	task-2:0.035	|	0.154659	0.809984	0.809917	0.775459	0.176788	0.180423	0.18456	0.169569	0.17088	0.167279	0.156212	0.155981	0.150394	0.146104	0.147112	0.145984	0.146571	0.144178	0.139852	0.13776	0.13695	0.13407	0.131487	0.128266	0.125483	0.12396	0.121612	0.118181	0.114237	0.108463	0.102023	0.0958613	0.0895485	0.0880182	0.0866195	0.0827748	0.081624	0.0789784	0.0763056	0.0738898	0.0706681	0.0671081	0.0633008	0.0592769	0.0556286	0.0542886	0.0496063	0.0471889	0.045352	0.0430091	0.0414357	0.0407211	0.0405754	0.0388454	

66	0.406	24	0	task-3:0.05	task-0:0.04	task-1:0.085	task-2:0.035	|	0.155395	0.809976	0.809892	0.785163	0.183116	0.183588	0.184713	0.167239	0.216938	0.197155	0.15511	0.15406	0.151153	0.151614	0.15191	0.151515	0.148941	0.147274	0.144923	0.141963	0.139613	0.138711	0.136646	0.134977	0.133688	0.132141	0.130332	0.128345	0.123819	0.122928	0.119982	0.118599	0.117851	0.115545	0.112963	0.110189	0.107827	0.105145	0.102066	0.098876	0.094741	0.0913385	0.088442	0.0857649	0.0819987	0.0784047	0.0744585	0.0705122	0.0688262	0.0660908	0.0638404	0.0624421	0.0610437	0.0593802	0.0577969	0.0562038	0.0538214	0.0520519	0.0506495	0.0489898	0.047358	0.0456932	0.0439142	0.0419779	0.0413637	0.0390951	

93	0.577	24	0	task-3:0.045	task-0:0.055	task-1:0.065	task-2:0.035	|	0.268345	0.189998	0.189993	0.188174	0.207348	0.234095	0.153769	0.153948	0.1671	0.163243	0.152162	0.155542	0.157466	0.152226	0.148036	0.153228	0.15228	0.148275	0.148256	0.148432	0.147609	0.147756	0.14764	0.147053	0.146878	0.146791	0.146567	0.146253	0.145655	0.144949	0.143939	0.141908	0.138279	0.132653	0.133423	0.127023	0.125968	0.122956	0.117857	0.115946	0.113235	0.108721	0.106854	0.106554	0.103733	0.100914	0.0981352	0.095568	0.093355	0.0916172	0.0884808	0.0876579	0.0851026	0.0836576	0.0822486	0.0812079	0.0792624	0.0778028	0.0766211	0.0753297	0.0739924	0.0726172	0.0712591	0.0703172	0.0696368	0.0691047	0.0679396	0.0670897	0.0659048	0.0642988	0.0628121	0.0614456	0.0598717	0.058054	0.0563465	0.0550859	0.0531453	0.0513039	0.0482799	0.0563812	0.0458367	0.0535837	0.0528275	0.0434646	0.0450679	0.0442063	0.0415191	0.0431674	0.0424908	0.0405967	0.0404582	0.0401386	0.0391812	

62	0.421	24	0	task-3:0.05	task-0:0.04	task-1:0.07	task-2:0.035	|	0.157324	0.189986	0.189574	0.165776	0.399642	0.304519	0.159889	0.170281	0.173631	0.16212	0.151698	0.151299	0.153565	0.152915	0.150605	0.150828	0.151343	0.152159	0.150426	0.150148	0.149534	0.148793	0.148029	0.147169	0.146158	0.145008	0.144213	0.142924	0.140958	0.138191	0.134674	0.131787	0.129357	0.128106	0.125299	0.121707	0.119017	0.115843	0.11247	0.108538	0.104553	0.0996984	0.0947131	0.0927883	0.0882268	0.0812885	0.0768216	0.0773281	0.0726579	0.0698532	0.0681825	0.0656134	0.063151	0.0611013	0.0584425	0.0551521	0.051638	0.0481008	0.0446373	0.043513	0.0409161	0.0391858	

125	0.765	24	0	task-3:0.05	task-0:0.045	task-1:0.06	task-2:0.035	|	0.291657	0.19	0.19	0.189734	0.270391	0.228143	0.171978	0.173436	0.153866	0.277271	0.233411	0.152297	0.188228	0.188142	0.160876	0.151956	0.152728	0.152447	0.154084	0.153036	0.152544	0.154602	0.151175	0.153398	0.152363	0.150089	0.150098	0.149654	0.149173	0.148753	0.148569	0.148442	0.148441	0.148325	0.147916	0.147575	0.147242	0.146856	0.146413	0.145842	0.145228	0.144641	0.143816	0.142606	0.142165	0.140953	0.139779	0.138378	0.136715	0.134889	0.1329	0.132335	0.129521	0.129719	0.12825	0.12666	0.125385	0.124963	0.122521	0.119254	0.116722	0.115053	0.113634	0.113615	0.110995	0.108135	0.106799	0.10532	0.103657	0.1016	0.0995121	0.0974896	0.0963305	0.094396	0.0945852	0.0926021	0.0904277	0.0886222	0.0878322	0.0870883	0.0862684	0.0852527	0.0840167	0.0825149	0.0807266	0.0784149	0.0759485	0.0751321	0.0725299	0.0711605	0.0693796	0.0676984	0.0657947	0.0633645	0.0634474	0.0615594	0.0602188	0.0589066	0.0595121	0.0582341	0.0572097	0.0564727	0.0561719	0.0558195	0.0550739	0.0543453	0.0534916	0.052499	0.0513616	0.0501646	0.0487735	0.0472665	0.0459338	0.0463045	0.0447047	0.0438261	0.0429003	0.0432062	0.0421925	0.0414919	0.041356	0.041159	0.0405691	0.0400873	0.0396104	

72	0.452	24	0	task-3:0.05	task-0:0.055	task-1:0.075	task-2:0.035	|	0.265459	0.189999	0.189996	0.187346	0.273031	0.261062	0.154682	0.158033	0.159527	0.156072	0.154806	0.155195	0.152537	0.151766	0.150897	0.150264	0.150184	0.150157	0.147264	0.145793	0.142828	0.141858	0.142236	0.141496	0.140917	0.139656	0.138349	0.137394	0.136247	0.135155	0.134156	0.132658	0.130676	0.128414	0.125563	0.121665	0.116543	0.113904	0.111506	0.108905	0.108099	0.105334	0.10347	0.101584	0.0989413	0.0965544	0.0941356	0.0920131	0.0891875	0.0854999	0.0818522	0.0782938	0.0742093	0.0701419	0.0708853	0.0661451	0.0639787	0.0624529	0.0602585	0.0581216	0.0555084	0.0529729	0.0515658	0.05039	0.0493713	0.0483127	0.0471026	0.04578	0.0439193	0.0420305	0.0402631	0.0397932	

76	0.499	24	0	task-3:0.05	task-0:0.06	task-1:0.11	task-2:0.035	|	0.15522	0.189991	0.189478	0.349859	0.166638	0.159115	0.212786	0.163779	0.161079	0.15858	0.155671	0.156429	0.150629	0.150226	0.148699	0.147779	0.147132	0.146695	0.146023	0.146425	0.145855	0.144834	0.143894	0.143385	0.142443	0.140756	0.138807	0.136301	0.13302	0.131665	0.129011	0.12736	0.123606	0.113476	0.108271	0.120773	0.112762	0.104079	0.104545	0.100851	0.098871	0.0963586	0.0929519	0.0899487	0.0874372	0.0852915	0.0824092	0.0784847	0.0740435	0.071202	0.0682744	0.065343	0.0628046	0.0606325	0.0607715	0.0580509	0.0563823	0.055997	0.0542938	0.0528988	0.0519067	0.0506495	0.0494707	0.048898	0.0478267	0.0469484	0.0460684	0.0451425	0.044165	0.0430395	0.0419987	0.041295	0.0407884	0.0404411	0.0400034	0.0394536	

81	0.468	24	0	task-3:0.045	task-0:0.04	task-1:0.085	task-2:0.035	|	0.175253	0.189973	0.189768	0.174466	0.309468	0.240062	0.15483	0.169634	0.165045	0.161511	0.154545	0.163494	0.151873	0.159258	0.159237	0.153109	0.151968	0.152007	0.151457	0.151494	0.151613	0.151692	0.151336	0.151074	0.150684	0.149987	0.149008	0.147382	0.144176	0.142653	0.142924	0.141686	0.139733	0.136264	0.13229	0.129734	0.127727	0.124143	0.121259	0.119813	0.116488	0.113767	0.113193	0.111771	0.111089	0.11065	0.109784	0.10933	0.1087	0.108096	0.1078	0.106468	0.105424	0.104025	0.102181	0.100538	0.0989512	0.0972925	0.0954445	0.0931397	0.0911168	0.0892283	0.0860401	0.0830037	0.0790462	0.0745631	0.0718613	0.06946	0.0667304	0.0641723	0.0610749	0.0580045	0.0549241	0.0519251	0.0497803	0.0480383	0.0465455	0.0437721	0.0434065	0.0413791	0.0398843	

195	1.233	24	4	task-3:0.035	task-0:0.06	task-1:0.08	task-2:0.035	|	0.159856	0.809951	0.809779	0.660312	0.173505	0.172197	0.17977	0.216345	0.15435	0.1699	0.168614	0.155832	0.165138	0.164943	0.153355	0.156329	0.156029	0.152863	0.153003	0.152657	0.151449	0.151137	0.150495	0.149615	0.148826	0.148133	0.147693	0.146724	0.145947	0.145477	0.145211	0.144971	0.144592	0.144279	0.143817	0.143133	0.141492	0.140551	0.139306	0.138267	0.134897	0.132409	0.129559	0.129496	0.127426	0.124302	0.121788	0.119316	0.117915	0.117334	0.116173	0.116324	0.115172	0.113992	0.112826	0.111508	0.110056	0.108452	0.106908	0.105391	0.104439	0.103128	0.101938	0.101401	0.100937	0.100452	0.0997339	0.0989014	0.097701	0.097043	0.0960919	0.0951021	0.0940047	0.0928735	0.0918626	0.0927289	0.0913785	0.0903222	0.0900371	0.0898609	0.0895375	0.0892223	0.0887941	0.0888105	0.0883976	0.0880945	0.0877073	0.0874886	0.0870875	0.0866959	0.0862929	0.0859452	0.0855417	0.0851272	0.084716	0.084246	0.0837592	0.0831398	0.0831661	0.0825946	0.0821652	0.0817536	0.0817117	0.081317	0.0809848	0.0806391	0.0805845	0.0802939	0.0799692	0.0798179	0.0796753	0.0795026	0.0793148	0.0790352	0.078785	0.0786432	0.078434	0.0781847	0.0778737	0.0774896	0.0770295	0.0765038	0.0761445	0.0757087	0.075405	0.0751679	0.0749633	0.0749025	0.0748035	0.0745928	0.0744265	0.0742437	0.0740376	0.0739664	0.0738861	0.0736472	0.0734528	0.0732469	0.0730204	0.0729074	0.0727733	0.072493	0.0722312	0.0719952	0.0717965	0.0715387	0.0712471	0.0708859	0.0705139	0.0702359	0.0699747	0.0696167	0.0692101	0.068753	0.0681984	0.0675345	0.0668787	0.0662368	0.0654445	0.0647537	0.064194	0.0632413	0.0626258	0.0622904	0.0626754	0.0630375	0.0625349	0.0622104	0.0623518	0.0614834	0.0602319	0.059362	0.0587915	0.0583307	0.0577362	0.0573732	0.0568953	0.0561515	0.0554364	0.0548284	0.0540449	0.0532683	0.0524428	0.0511373	0.0500043	0.0491001	0.0485819	0.047768	0.0466296	0.0455084	0.0443444	0.0431854	0.0419174	0.0405346	0.0391155	

114	0.686	24	0	task-3:0.025	task-0:0.08	task-1:0.15	task-2:0.02	|	0.279181	0.189996	0.189978	0.184297	0.353665	0.315953	0.15472	0.180979	0.179812	0.162132	0.164569	0.163456	0.15448	0.154497	0.154941	0.152983	0.149778	0.149294	0.150304	0.150172	0.148494	0.148188	0.148541	0.148081	0.147203	0.146601	0.145998	0.145259	0.144344	0.143205	0.138534	0.127198	0.124353	0.125647	0.142389	0.137321	0.126371	0.118387	0.117276	0.117422	0.122186	0.121034	0.114329	0.1122	0.112101	0.112343	0.109431	0.105887	0.10397	0.102757	0.101962	0.101894	0.103155	0.104422	0.102891	0.100992	0.097573	0.0957508	0.0942487	0.0931649	0.0921313	0.0908959	0.0895345	0.0882029	0.0868515	0.0854908	0.0838413	0.0818096	0.080004	0.0773979	0.0725326	0.078244	0.0726874	0.0703129	0.0667551	0.0649521	0.0637078	0.0604667	0.0600827	0.0594077	0.0578245	0.0576004	0.0586653	0.0605925	0.0597127	0.0583676	0.0564216	0.0521619	0.0491598	0.0483044	0.0479535	0.0463892	0.0467172	0.0473385	0.0484677	0.0488569	0.0485948	0.0475537	0.0444923	0.0576823	0.0523538	0.0413702	0.0420373	0.0442908	0.0472374	0.0472229	0.0438311	0.0421274	0.0418817	0.0421441	0.0421641	0.0417865	0.0405598	0.0396029	

104	0.639	24	0	task-3:0.035	task-0:0.045	task-1:0.055	task-2:0.035	|	0.742157	0.189997	0.189988	0.181416	0.49479	0.37468	0.156966	0.174723	0.171263	0.155385	0.165528	0.162807	0.153804	0.153454	0.153782	0.152618	0.151624	0.151268	0.150587	0.149699	0.148866	0.148145	0.147731	0.147148	0.1465	0.145623	0.144755	0.143811	0.142817	0.141494	0.138474	0.13556	0.131065	0.127217	0.134475	0.124005	0.12632	0.124997	0.123279	0.120755	0.120016	0.118922	0.117535	0.116124	0.11431	0.112804	0.111726	0.111301	0.111025	0.110462	0.109135	0.108098	0.105871	0.105321	0.104886	0.104336	0.102688	0.101039	0.0997544	0.0983475	0.0965823	0.094913	0.0926946	0.0907427	0.0893523	0.0881554	0.0867606	0.0863957	0.0846422	0.0836021	0.0836626	0.0827289	0.0826218	0.0820018	0.0811779	0.0803982	0.079546	0.0785911	0.0773858	0.0759944	0.0752298	0.0738651	0.0715281	0.0692998	0.066869	0.0653622	0.0637029	0.0625123	0.0615379	0.0599204	0.0582923	0.0565283	0.0544597	0.0518054	0.0491571	0.0488383	0.0469162	0.0450027	0.0440808	0.0432125	0.0421071	0.0414806	0.0402497	0.0388771	

147	0.936	24	0	task-3:0.025	task-0:0.035	task-1:0.12	task-2:0.035	|	0.163091	0.19	0.189999	0.187979	0.347061	0.199162	0.164471	0.164928	0.154121	0.154464	0.154255	0.15346	0.153269	0.153348	0.152226	0.151468	0.150824	0.150067	0.149606	0.149157	0.148827	0.148367	0.147713	0.147072	0.146414	0.145598	0.144302	0.142303	0.139949	0.136588	0.13394	0.133407	0.134192	0.137323	0.132312	0.134041	0.137416	0.134869	0.137115	0.139601	0.138542	0.136311	0.135349	0.133784	0.132304	0.130633	0.128745	0.126681	0.124422	0.121971	0.11957	0.117203	0.114581	0.112243	0.109886	0.107881	0.10603	0.10599	0.104011	0.10269	0.10226	0.102523	0.0997084	0.0975873	0.0953562	0.0929795	0.0899725	0.0870878	0.0842172	0.0814769	0.0802364	0.0776357	0.0748565	0.0731866	0.0722045	0.0718164	0.0721538	0.073237	0.0756178	0.0766179	0.0780163	0.0795952	0.0808254	0.0825231	0.0847448	0.0868497	0.0876364	0.0882077	0.0889858	0.0903675	0.0895415	0.0898759	0.0901991	0.0903603	0.0906367	0.0911131	0.0920536	0.0937272	0.0943443	0.0930865	0.092041	0.0906143	0.0905259	0.0892772	0.0874601	0.0857065	0.0836965	0.0814945	0.0802175	0.0782395	0.0765962	0.0748048	0.0730975	0.0712905	0.0698063	0.0683229	0.0669253	0.0647866	0.0623317	0.0596013	0.0573755	0.0562281	0.0533285	0.0516354	0.0506516	0.0503628	0.0492198	0.0474871	0.046113	0.0445703	0.0429611	0.0410189	0.135157	0.123443	0.0537188	0.0535549	0.0535663	0.133117	0.121842	0.0591744	0.0469902	0.0461361	0.0445121	0.0435037	0.04322	0.0401027	0.0396343	

223	1.576	24	0	task-3:0.03	task-0:0.075	task-1:0.075	task-2:0.035	|	0.748677	0.189991	0.189971	0.184837	0.297738	0.246678	0.154493	0.154152	0.164793	0.152757	0.155809	0.151307	0.15149	0.151225	0.150049	0.149793	0.149262	0.148132	0.145931	0.142418	0.140872	0.136961	0.135488	0.133392	0.130752	0.12973	0.128198	0.126677	0.124872	0.123848	0.124181	0.124153	0.127335	0.124965	0.125862	0.125976	0.127611	0.126962	0.125093	0.124559	0.124393	0.124463	0.124659	0.125163	0.125869	0.125637	0.125559	0.125663	0.125895	0.125295	0.125153	0.125115	0.125198	0.125434	0.125627	0.125847	0.126059	0.125897	0.125868	0.125985	0.125857	0.125564	0.125362	0.125268	0.125222	0.12504	0.124987	0.124863	0.124826	0.124837	0.124832	0.12487	0.125009	0.12525	0.125111	0.125121	0.125254	0.12515	0.125146	0.124692	0.122581	0.121777	0.123002	0.122572	0.121406	0.12055	0.120194	0.120114	0.120188	0.119542	0.118834	0.118333	0.117983	0.117883	0.117272	0.116933	0.116698	0.116522	0.11601	0.115238	0.114637	0.114076	0.113516	0.113157	0.112625	0.112109	0.111574	0.110898	0.110287	0.110035	0.109569	0.108988	0.108509	0.10789	0.107217	0.106523	0.105774	0.104999	0.103829	0.102818	0.103202	0.102268	0.101565	0.100932	0.100444	0.0998175	0.0991549	0.098479	0.0973189	0.0969547	0.095559	0.0944612	0.094447	0.0936763	0.0930167	0.0918998	0.0905798	0.0901872	0.190846	0.191536	0.157258	0.106972	0.106325	0.0880958	0.172049	0.171863	0.108789	0.0888072	0.0879206	0.0814571	0.0812528	0.0814823	0.0811324	0.0800772	0.0794417	0.0792474	0.0787651	0.0778217	0.0767233	0.0754659	0.0740961	0.0730892	0.071884	0.0707062	0.0696868	0.0687423	0.0678619	0.0669996	0.0659753	0.0649135	0.0637955	0.0630041	0.0620604	0.0611059	0.0601048	0.0591048	0.0578703	0.0571703	0.0556474	0.0543443	0.0539492	0.0539053	0.0533846	0.0538407	0.0534521	0.0526614	0.052331	0.0519897	0.0518484	0.0516791	0.0514292	0.0512229	0.0508691	0.0505969	0.050271	0.049911	0.0496249	0.0491893	0.0487955	0.0485237	0.048256	0.0477867	0.0472894	0.0469266	0.0464038	0.0458854	0.0453806	0.0448636	0.0447113	0.0442299	0.0438765	0.0435693	0.043399	0.0430027	0.0426549	0.0422899	0.0418549	0.0414035	0.0411037	0.0409524	0.0405452	0.0401434	0.0398076	

57	0.374	24	0	task-3:0.025	task-0:0.045	task-1:0.095	task-2:0.035	|	0.484859	0.189998	0.189993	0.184726	0.471418	0.311904	0.154796	0.154655	0.167651	0.157907	0.159477	0.160113	0.154433	0.150297	0.14981	0.150042	0.14727	0.144645	0.143841	0.140916	0.139475	0.138604	0.137239	0.135077	0.133193	0.130739	0.128557	0.12604	0.122886	0.118903	0.115211	0.110746	0.105472	0.103477	0.0987972	0.094668	0.0910613	0.0872457	0.0834366	0.0793518	0.0755818	0.0776641	0.0721669	0.0672662	0.0642846	0.0609464	0.0592628	0.0564166	0.0530585	0.0494104	0.0473286	0.0461288	0.0442009	0.0427042	0.0416444	0.0415761	0.0397079	

130	0.858	24	0	task-3:0.035	task-0:0.05	task-1:0.105	task-2:0.035	|	0.718376	0.189998	0.189991	0.187422	0.206144	0.194994	0.155414	0.155007	0.158429	0.156366	0.153097	0.153364	0.181068	0.179183	0.150449	0.150449	0.156726	0.156376	0.151404	0.151163	0.151469	0.1513	0.150944	0.150586	0.150157	0.149479	0.148112	0.146561	0.143181	0.139732	0.138582	0.136868	0.13533	0.133357	0.131282	0.129279	0.127978	0.126366	0.124618	0.122969	0.121266	0.119437	0.117473	0.11554	0.113499	0.110974	0.108323	0.105469	0.102592	0.0994166	0.096035	0.0930601	0.0905888	0.0896528	0.0880723	0.0875364	0.0884904	0.0884194	0.0888178	0.0900911	0.0915884	0.093547	0.095619	0.097912	0.100187	0.102323	0.10421	0.105787	0.107184	0.108075	0.107675	0.107832	0.108206	0.108457	0.108747	0.109321	0.109994	0.110597	0.111149	0.111475	0.111655	0.111714	0.111373	0.110384	0.108702	0.106163	0.102313	0.0972883	0.096123	0.0965426	0.0949534	0.0917285	0.0887906	0.086886	0.0853077	0.0836945	0.0804669	0.0786412	0.0778536	0.0763941	0.074546	0.0735796	0.0726344	0.071726	0.0711152	0.070904	0.0712821	0.0720481	0.0737421	0.0755242	0.0698634	0.0713396	0.0926337	0.0812109	0.0621601	0.057032	0.05535	0.0497532	0.0542445	0.0532513	0.0498284	0.0447515	0.0430236	0.0426435	0.0428016	0.0415145	0.041419	0.0408225	0.0401679	0.0398778	

172	1.17	24	0	task-3:0.05	task-0:0.065	task-1:0.17	task-2:0.035	|	0.273473	0.189999	0.189995	0.187347	0.358273	0.307228	0.156021	0.155832	0.171977	0.154577	0.164407	0.156495	0.150907	0.150502	0.151266	0.15107	0.149749	0.149622	0.149797	0.149923	0.149692	0.14908	0.148364	0.147239	0.145617	0.143739	0.141218	0.138684	0.134426	0.129096	0.124323	0.128848	0.12075	0.127326	0.126671	0.119045	0.118169	0.117077	0.11637	0.116831	0.115861	0.114785	0.113768	0.112622	0.111374	0.11003	0.108437	0.106774	0.105102	0.103076	0.100515	0.0997027	0.0981107	0.0967999	0.0953287	0.0938338	0.091742	0.0896084	0.0871811	0.0847903	0.0822752	0.0811919	0.0782416	0.0767709	0.0749662	0.0726785	0.0707804	0.068739	0.0668106	0.0650356	0.0644981	0.0636272	0.0635437	0.0621636	0.060915	0.0604797	0.0592822	0.0580593	0.0565818	0.0552785	0.0536706	0.0520604	0.0503166	0.0484982	0.0493957	0.0472168	0.0461249	0.0466629	0.0461137	0.0462108	0.0459227	0.0454962	0.0452309	0.0453247	0.0461263	0.0466979	0.0479015	0.049818	0.0528164	0.0577683	0.0648165	0.0742196	0.0857538	0.0992875	0.0972913	0.102112	0.10693	0.111115	0.113952	0.115129	0.114691	0.112845	0.109881	0.106768	0.101924	0.10352	0.100702	0.0977483	0.0988281	0.0982622	0.0971384	0.0968532	0.0966671	0.0946759	0.0943953	0.0899227	0.0947893	0.0911598	0.0909325	0.0855678	0.0896844	0.0901845	0.0901174	0.0851094	0.0861257	0.0822582	0.0776169	0.0724064	0.0715922	0.0664794	0.0625154	0.0587572	0.0583083	0.0562561	0.0600012	0.0583993	0.0553111	0.0543546	0.0540574	0.0541745	0.0528566	0.0521618	0.0519555	0.0519144	0.0508711	0.0503339	0.0497644	0.0493847	0.0489482	0.0484836	0.0486205	0.047656	0.0472283	0.0473955	0.0467204	0.0460596	0.0454166	0.0445709	0.0437106	0.0426933	0.0414995	0.039977	

110	0.795	24	0	task-3:0.03	task-0:0.07	task-1:0.07	task-2:0.035	|	0.17985	0.19	0.19	0.189539	0.1655	0.204944	0.16505	0.160935	0.157516	0.154057	0.152279	0.15118	0.152425	0.151268	0.149302	0.148287	0.146373	0.147058	0.146896	0.14535	0.144679	0.144184	0.143872	0.143654	0.143517	0.143349	0.14343	0.14357	0.142157	0.141399	0.140556	0.139631	0.138455	0.137592	0.139869	0.137873	0.135559	0.136105	0.133773	0.131672	0.132848	0.129982	0.128348	0.128548	0.126808	0.125658	0.124896	0.124531	0.12284	0.122497	0.120951	0.119099	0.117471	0.115379	0.112973	0.111247	0.110514	0.110176	0.107723	0.10489	0.102143	0.100014	0.0969075	0.0930957	0.0891273	0.0840886	0.078129	0.0752996	0.0724202	0.0700607	0.0674321	0.0653715	0.0641915	0.062723	0.0628308	0.0613227	0.059787	0.0589969	0.0581105	0.0573856	0.0565934	0.0557336	0.0546444	0.0543476	0.053519	0.0526812	0.0520404	0.0513753	0.0507642	0.0500872	0.0492	0.0486097	0.0481871	0.0475602	0.0468276	0.0468812	0.0463463	0.0459021	0.0454468	0.0449647	0.0444525	0.0439216	0.0432315	0.0431422	0.0421361	0.041588	0.0412578	0.0407761	0.0402176	0.0395978	

95	0.624	24	0	task-3:0.02	task-0:0.055	task-1:0.085	task-2:0.035	|	0.160309	0.809993	0.809952	0.765125	0.165715	0.165808	0.207361	0.173647	0.155387	0.156726	0.146963	0.151136	0.147629	0.143966	0.144362	0.1426	0.141103	0.139792	0.139067	0.138048	0.136686	0.135086	0.133739	0.132235	0.13026	0.126941	0.12339	0.11301	0.108103	0.119984	0.115112	0.112384	0.106429	0.0996007	0.0977514	0.10394	0.100753	0.0943686	0.0906086	0.0889151	0.0876913	0.0877469	0.0859785	0.083499	0.0819689	0.0806526	0.0796425	0.0784606	0.0774919	0.0762371	0.0747031	0.0730816	0.0714773	0.0697663	0.0685129	0.0667788	0.0653352	0.0637375	0.0628285	0.0619149	0.0608362	0.0596978	0.0587688	0.0575411	0.056753	0.0560424	0.0552259	0.054267	0.053332	0.0523059	0.0514277	0.0505423	0.0497875	0.0491365	0.0483775	0.0475374	0.0466355	0.0462678	0.0454385	0.0449687	0.0444818	0.0440727	0.0434852	0.0430517	0.0425431	0.0421053	0.041767	0.0416125	0.0413389	0.041145	0.0410041	0.0407945	0.0405603	0.0402166	0.0398164	

106	0.733	24	0	task-3:0.025	task-0:0.07	task-1:0.05	task-2:0.035	|	0.183196	0.189998	0.189981	0.184947	0.260005	0.182995	0.163255	0.163356	0.154385	0.163656	0.158059	0.15402	0.153978	0.153595	0.153317	0.152929	0.152611	0.152056	0.151372	0.150521	0.149426	0.148008	0.14621	0.143921	0.141845	0.140603	0.140047	0.138855	0.13642	0.132649	0.127122	0.1237	0.122052	0.117425	0.115888	0.113532	0.112767	0.109827	0.10877	0.106478	0.103575	0.103054	0.100596	0.0983496	0.0943979	0.0911551	0.0871011	0.0836643	0.0806446	0.0788878	0.0806564	0.0769009	0.0749354	0.0713565	0.0712776	0.0714878	0.0691677	0.0682603	0.0677363	0.0674586	0.067294	0.0668884	0.0664025	0.0659471	0.0653551	0.0648241	0.0641238	0.0636157	0.0632818	0.0628971	0.0630353	0.0616388	0.0618412	0.0612474	0.0601814	0.059641	0.0594265	0.0584797	0.05804	0.0570192	0.0558118	0.0546739	0.0536017	0.0526895	0.0520742	0.0517466	0.0514629	0.0509681	0.0503847	0.0497273	0.0488131	0.0480238	0.0473641	0.0465285	0.0457015	0.0448044	0.0438807	0.0430762	0.0425441	0.0420654	0.0418005	0.0413111	0.0410146	0.0402223	0.0400086	0.0389121	

89	0.624	24	0	task-3:0.03	task-0:0.07	task-1:0.095	task-2:0.035	|	0.24397	0.189998	0.189993	0.187507	0.209252	0.174905	0.168347	0.16757	0.155416	0.159003	0.155501	0.157838	0.158939	0.15625	0.155625	0.15645	0.155383	0.155397	0.155247	0.15472	0.154485	0.154148	0.153675	0.153216	0.152704	0.15214	0.151553	0.15084	0.149907	0.148695	0.147346	0.14531	0.142746	0.140816	0.145453	0.143268	0.145983	0.154007	0.139109	0.143604	0.142637	0.131615	0.140673	0.139762	0.131515	0.130665	0.13016	0.128782	0.128327	0.127382	0.126749	0.125748	0.124239	0.122126	0.12043	0.118606	0.117215	0.115557	0.113629	0.1114	0.108922	0.107339	0.105943	0.104783	0.10298	0.100766	0.0980325	0.0955384	0.0926544	0.0895648	0.0862765	0.0836465	0.0809572	0.0795986	0.0758659	0.0746862	0.0721797	0.0693566	0.065984	0.06361	0.0609944	0.0584402	0.0551405	0.0520332	0.0489136	0.0455873	0.0421662	0.0401657	0.037518	

138	0.921	24	0	task-3:0.035	task-0:0.055	task-1:0.055	task-2:0.035	|	0.202092	0.189949	0.189674	0.178588	0.178786	0.161271	0.15999	0.164367	0.15531	0.160481	0.157201	0.152481	0.151178	0.149135	0.149263	0.141914	0.141524	0.141089	0.137995	0.138582	0.137236	0.136517	0.136614	0.135598	0.134659	0.132917	0.130354	0.128062	0.126492	0.123842	0.121912	0.120898	0.118149	0.115283	0.11364	0.111675	0.109848	0.108014	0.107238	0.106297	0.105822	0.105099	0.104452	0.103807	0.103172	0.102547	0.102053	0.103045	0.101702	0.102646	0.102168	0.100841	0.100531	0.100419	0.100063	0.099746	0.0993362	0.0989172	0.0986891	0.0984303	0.0981923	0.0978	0.0974247	0.0970073	0.0965571	0.0960126	0.0954271	0.0948457	0.0952306	0.0943532	0.0941939	0.0939624	0.0938728	0.0936394	0.0931243	0.0927518	0.0921158	0.0916083	0.091078	0.0904152	0.0896384	0.0887506	0.0875435	0.0860211	0.0853345	0.0839693	0.0829439	0.0818613	0.0815358	0.0805228	0.0795086	0.0787376	0.0770685	0.0759037	0.0758403	0.0750122	0.0743552	0.0740869	0.0734938	0.0728005	0.071969	0.0708968	0.0696059	0.0677992	0.0668732	0.0665826	0.0654797	0.0653812	0.0644292	0.0635188	0.0627855	0.0622495	0.0612979	0.0603025	0.0594525	0.0585682	0.0577204	0.0570365	0.0563728	0.0556046	0.0548735	0.0540036	0.0529309	0.0520336	0.0511003	0.0502479	0.0494961	0.0492912	0.0482769	0.0473786	0.0464392	0.0455628	0.0445292	0.0436287	0.04299	0.0420283	0.0410979	0.0399567	

101	0.717	24	0	task-3:0.03	task-0:0.065	task-1:0.075	task-2:0.035	|	0.272071	0.19	0.189996	0.18708	0.292227	0.212654	0.158561	0.157861	0.15674	0.154214	0.153474	0.158537	0.157029	0.154668	0.151302	0.146756	0.14662	0.143851	0.140339	0.134547	0.132542	0.137026	0.133997	0.128757	0.126501	0.123325	0.120952	0.117723	0.114193	0.11065	0.107494	0.105392	0.0976361	0.0959071	0.0950143	0.0941594	0.0933397	0.0931411	0.0937315	0.0903723	0.0866506	0.0829711	0.0804783	0.0798845	0.0808789	0.0782311	0.0778994	0.0792721	0.0810561	0.0820966	0.0830491	0.0836747	0.0821948	0.0813206	0.0794069	0.0779721	0.0757569	0.0732064	0.0714495	0.0702397	0.0691349	0.0680736	0.0672989	0.0666207	0.0660295	0.0656464	0.0645688	0.063039	0.0618552	0.0601889	0.0591493	0.0579492	0.0567251	0.0557046	0.057417	0.0551923	0.0542353	0.0533608	0.0531168	0.0529669	0.0520621	0.0510771	0.0500782	0.0491277	0.0481294	0.0470578	0.0459037	0.0447359	0.0436549	0.0439407	0.0426026	0.0425799	0.0420665	0.0416946	0.0419109	0.0415057	0.0410361	0.0407345	0.0404316	0.0401472	0.0398261	

88	0.593	24	0	task-3:0.03	task-0:0.055	task-1:0.08	task-2:0.03	|	0.502465	0.19	0.19	0.189801	0.158548	0.156451	0.184888	0.185567	0.170739	0.162554	0.16082	0.157827	0.157764	0.154268	0.154239	0.15487	0.154805	0.154081	0.153765	0.153652	0.153208	0.152759	0.152475	0.152075	0.151788	0.151388	0.151049	0.150822	0.150551	0.150286	0.149827	0.149358	0.148716	0.147914	0.146759	0.145222	0.142967	0.140378	0.138921	0.137751	0.134853	0.133739	0.132053	0.130784	0.129682	0.1282	0.126639	0.124975	0.123184	0.121282	0.119245	0.116983	0.114427	0.11187	0.108856	0.10529	0.101646	0.0989935	0.095844	0.0919094	0.0885873	0.0855336	0.0832845	0.0810866	0.0781952	0.0744494	0.0738102	0.0712453	0.0682356	0.0664401	0.064047	0.0641249	0.0624484	0.060453	0.0593633	0.0592292	0.0578912	0.0555048	0.0535603	0.0527078	0.0510967	0.0498684	0.0484738	0.0466765	0.0447211	0.0420658	0.0408609	0.0388143	

93	0.624	24	0	task-3:0.05	task-0:0.08	task-1:0.12	task-2:0.035	|	0.252772	0.189999	0.189997	0.187766	0.40421	0.376235	0.15737	0.162911	0.156438	0.155583	0.15326	0.157134	0.149951	0.154089	0.151093	0.151082	0.150567	0.149758	0.149795	0.149159	0.14862	0.14827	0.147848	0.147366	0.145606	0.144569	0.143222	0.140475	0.139597	0.140429	0.137511	0.13364	0.129876	0.129014	0.13118	0.129808	0.129963	0.128474	0.126181	0.124442	0.122671	0.120862	0.118958	0.116924	0.114637	0.112428	0.110275	0.108546	0.108291	0.108585	0.106549	0.105334	0.103707	0.102936	0.101824	0.100073	0.0985794	0.0970356	0.0957655	0.0944378	0.0931442	0.0922442	0.0913016	0.0914469	0.0893408	0.088319	0.0871029	0.0878011	0.0876878	0.0866886	0.0860564	0.0855969	0.0850787	0.0844649	0.084179	0.0824831	0.0813894	0.0809737	0.0795223	0.0774538	0.0758047	0.0740834	0.072484	0.070433	0.068036	0.0654	0.0624535	0.0579981	0.0510862	0.0438232	0.042787	0.041109	0.0395265	

114	0.764	24	0	task-3:0.025	task-0:0.055	task-1:0.065	task-2:0.035	|	0.782908	0.189911	0.189706	0.160366	0.698214	0.609742	0.208321	0.1648	0.16407	0.153455	0.153274	0.155008	0.155025	0.15162	0.150644	0.149105	0.14686	0.146834	0.147694	0.146742	0.144594	0.142583	0.141944	0.142295	0.142461	0.142092	0.141254	0.140165	0.138732	0.136085	0.131293	0.121276	0.109357	0.107768	0.104598	0.0998178	0.0974051	0.09173	0.0874751	0.0846959	0.086576	0.0872536	0.0837836	0.0830096	0.0831967	0.0829018	0.0831603	0.0807911	0.0806653	0.081277	0.0801755	0.0784366	0.0786121	0.079428	0.0808653	0.0795311	0.0794603	0.080155	0.081116	0.0800821	0.0796804	0.0794912	0.0794303	0.0793938	0.0794703	0.0783628	0.0776305	0.0771295	0.076531	0.0751139	0.073912	0.0728741	0.0713626	0.0694401	0.0700019	0.0689055	0.0683095	0.0673916	0.0669368	0.0664392	0.0654117	0.0644399	0.0635224	0.062944	0.0621243	0.0614362	0.0605766	0.0596303	0.0587712	0.0579476	0.0569675	0.0560932	0.0550044	0.0538125	0.0526146	0.0512493	0.0497641	0.0481874	0.0476539	0.0472885	0.0478466	0.0479568	0.046819	0.0461022	0.0454783	0.0448673	0.0442928	0.0437427	0.0430843	0.0424048	0.0417148	0.0410494	0.0402977	0.0394736	

54	0.375	24	0	task-3:0.05	task-0:0.07	task-1:0.13	task-2:0.035	|	0.508649	0.189999	0.189999	0.189201	0.166467	0.17147	0.156622	0.156629	0.160982	0.160429	0.153272	0.152706	0.149879	0.147085	0.148467	0.144891	0.145668	0.14473	0.14084	0.139687	0.136779	0.135759	0.133784	0.132177	0.130253	0.12812	0.125509	0.122933	0.121656	0.120213	0.117511	0.113586	0.11068	0.106656	0.102838	0.0985674	0.0942772	0.0890891	0.0841645	0.0799938	0.0762954	0.0711503	0.0658538	0.0606142	0.0576261	0.0539311	0.0516639	0.0486531	0.046432	0.0454925	0.0438937	0.042381	0.0411446	0.0394807	

77	0.531	24	0	task-3:0.02	task-0:0.04	task-1:0.07	task-2:0.035	|	0.732226	0.189992	0.189976	0.183841	0.333939	0.287476	0.153705	0.178768	0.176133	0.156685	0.179122	0.175052	0.153659	0.161255	0.161342	0.155759	0.154409	0.154381	0.154048	0.154148	0.153875	0.153839	0.153409	0.152638	0.15107	0.150545	0.14923	0.148392	0.145967	0.138203	0.13736	0.132942	0.129986	0.132297	0.12983	0.128396	0.12772	0.125784	0.123738	0.121139	0.118187	0.11519	0.112888	0.110106	0.107397	0.10411	0.101728	0.0995779	0.0974309	0.0948989	0.0929276	0.0913164	0.089898	0.0897119	0.0875902	0.0852861	0.0841039	0.0831631	0.0812112	0.0795393	0.0775542	0.0755576	0.0737233	0.0716973	0.069237	0.066436	0.0634057	0.0610774	0.0587885	0.055889	0.0532598	0.0515752	0.0492487	0.0464929	0.043797	0.0413273	0.0389134	

251	1.56	24	0	task-3:0.03	task-0:0.065	task-1:0.065	task-2:0.035	|	0.400442	0.19	0.19	0.18954	0.215031	0.193747	0.164422	0.159988	0.158333	0.160145	0.153661	0.156393	0.155814	0.153588	0.154196	0.153876	0.153258	0.152887	0.152583	0.15253	0.152614	0.152689	0.152591	0.15214	0.151408	0.150427	0.150098	0.150745	0.149753	0.14766	0.145784	0.145117	0.145828	0.145818	0.145094	0.144187	0.143291	0.140294	0.137761	0.135015	0.13215	0.131723	0.129314	0.128354	0.128215	0.126453	0.125727	0.124716	0.1237	0.122679	0.121142	0.120293	0.119759	0.119631	0.119121	0.11892	0.118724	0.118537	0.118514	0.118389	0.118094	0.118015	0.118066	0.118207	0.117931	0.117734	0.1176	0.117662	0.117725	0.117743	0.117635	0.117588	0.11759	0.117587	0.11744	0.117205	0.116963	0.116851	0.116694	0.116644	0.116448	0.116323	0.11626	0.116137	0.116082	0.115923	0.115727	0.115554	0.115371	0.115183	0.114971	0.114787	0.114535	0.114313	0.113924	0.113709	0.113372	0.113069	0.112856	0.112629	0.112382	0.112074	0.11181	0.111957	0.111702	0.111627	0.11155	0.111386	0.111212	0.111276	0.11112	0.111178	0.111103	0.111111	0.11114	0.110916	0.112062	0.111837	0.110983	0.110823	0.110822	0.110803	0.110788	0.110778	0.110785	0.110795	0.110834	0.110806	0.110842	0.110939	0.111075	0.111335	0.110946	0.112042	0.112034	0.111121	0.110908	0.110947	0.110789	0.110562	0.110337	0.110031	0.10945	0.109357	0.108874	0.108708	0.10873	0.108526	0.108171	0.107899	0.107666	0.107361	0.106929	0.106578	0.10711	0.10618	0.106297	0.106403	0.106271	0.106492	0.106455	0.106394	0.106266	0.106184	0.10622	0.106325	0.106282	0.106254	0.106289	0.106373	0.106259	0.106077	0.105948	0.105814	0.105667	0.105499	0.105316	0.105104	0.104807	0.10444	0.104319	0.103839	0.103436	0.103081	0.102652	0.102169	0.102215	0.101667	0.101306	0.101064	0.100986	0.100686	0.100312	0.0998362	0.0991962	0.0982816	0.0972795	0.0960016	0.0944423	0.0925878	0.0918892	0.0905047	0.0889291	0.0870448	0.0865519	0.0860217	0.085407	0.085135	0.0852035	0.083473	0.0812122	0.0802272	0.0790658	0.0775059	0.0757495	0.0737293	0.0715147	0.070133	0.0682104	0.0674551	0.0661614	0.0648445	0.0634235	0.0628544	0.0619194	0.060856	0.0596186	0.0582472	0.0575954	0.0569616	0.056487	0.0559234	0.0550798	0.0541075	0.0530609	0.0518446	0.0510296	0.0498006	0.0485045	0.0476428	0.0470339	0.0464533	0.0457028	0.0448563	0.0438707	0.0428612	0.0417042	0.0409215	0.0411214	0.0401228	0.0392407	

85	0.53	24	0	task-3:0.035	task-0:0.07	task-1:0.075	task-2:0.035	|	0.275356	0.19	0.19	0.18987	0.15459	0.205614	0.152928	0.176815	0.174181	0.155317	0.171769	0.160325	0.154735	0.153987	0.153815	0.153103	0.153084	0.152562	0.151367	0.1504	0.149468	0.148997	0.148121	0.146821	0.146168	0.145177	0.144146	0.14367	0.142997	0.142069	0.140731	0.138252	0.133607	0.131246	0.127675	0.130107	0.127803	0.12704	0.12809	0.126035	0.124155	0.12313	0.121918	0.120523	0.118868	0.116919	0.114718	0.112335	0.110933	0.109401	0.107447	0.105155	0.102923	0.099884	0.096848	0.0929487	0.0896187	0.0857265	0.082066	0.0777904	0.0732045	0.0673454	0.0611473	0.0548291	0.0498073	0.0590042	0.0484582	0.0489055	0.0472807	0.0495933	0.0496013	0.0461779	0.0459217	0.0456196	0.04619	0.0460381	0.0451879	0.044612	0.0440707	0.0434592	0.0427775	0.0420324	0.0412461	0.040269	0.0392717	

91	0.592	24	0	task-3:0.05	task-0:0.06	task-1:0.07	task-2:0.035	|	0.687816	0.189968	0.189878	0.181458	0.191739	0.211207	0.162539	0.167262	0.163279	0.153131	0.1531	0.170512	0.159886	0.151777	0.155937	0.156039	0.152349	0.151272	0.150922	0.150676	0.15065	0.150178	0.14972	0.14915	0.148483	0.147935	0.146941	0.145676	0.145456	0.145428	0.144694	0.143946	0.142335	0.141059	0.140081	0.138985	0.13766	0.136053	0.135142	0.133467	0.131964	0.131043	0.130137	0.128965	0.127762	0.126092	0.124275	0.122326	0.12046	0.118421	0.115822	0.113291	0.109011	0.105432	0.101879	0.100204	0.0972854	0.094426	0.0919535	0.0901345	0.0878792	0.084583	0.0814315	0.078776	0.0768108	0.0744045	0.071511	0.0686399	0.0652966	0.0634239	0.0590466	0.0560565	0.0530125	0.0556164	0.0479569	0.0525751	0.0516195	0.0465834	0.0463755	0.0454249	0.0452862	0.0454313	0.0444981	0.0440443	0.0435663	0.0428202	0.0421462	0.0416131	0.0411118	0.0405063	0.0398866	

124	0.827	24	0	task-3:0.05	task-0:0.065	task-1:0.13	task-2:0.035	|	0.54791	0.19	0.189998	0.189101	0.185594	0.198978	0.152573	0.179121	0.177349	0.158551	0.165182	0.163913	0.152473	0.151991	0.151854	0.151013	0.150454	0.150247	0.14897	0.146205	0.146016	0.143851	0.143644	0.144515	0.143347	0.141619	0.140928	0.139894	0.138531	0.136972	0.135058	0.133549	0.130992	0.12884	0.127694	0.12665	0.125898	0.126088	0.126423	0.127349	0.128682	0.130491	0.132577	0.134068	0.135076	0.135934	0.136431	0.136646	0.136668	0.135903	0.135512	0.134306	0.13266	0.131354	0.128997	0.127002	0.124986	0.121973	0.120511	0.118482	0.117187	0.116055	0.114666	0.11366	0.112589	0.11338	0.113873	0.115341	0.11669	0.117556	0.118542	0.120221	0.12049	0.120367	0.114955	0.112243	0.115842	0.11632	0.115141	0.110137	0.108489	0.105461	0.104091	0.103688	0.100681	0.0990087	0.10322	0.102674	0.100043	0.0959983	0.0960614	0.0943409	0.0896625	0.0850856	0.0824016	0.0815251	0.0792211	0.077904	0.0780698	0.077097	0.0766361	0.0759371	0.0753465	0.0750139	0.0748545	0.0743042	0.073764	0.0727326	0.0716406	0.0703365	0.0687119	0.0666517	0.0644603	0.0614037	0.0583193	0.0550251	0.0524695	0.0492598	0.0472139	0.0464128	0.0453164	0.0425374	0.0407728	0.0398869	

60	0.343	24	0	task-3:0.03	task-0:0.055	task-1:0.09	task-2:0.035	|	0.183549	0.19	0.19	0.18972	0.177018	0.181938	0.164449	0.160276	0.153589	0.165486	0.159252	0.15353	0.154094	0.15349	0.153037	0.152822	0.152327	0.152065	0.151707	0.151314	0.150624	0.147223	0.143194	0.142318	0.144395	0.141995	0.138379	0.137704	0.137203	0.136911	0.135788	0.134211	0.133273	0.13296	0.130503	0.129198	0.126621	0.124478	0.121582	0.119119	0.11613	0.113124	0.108787	0.104556	0.100002	0.0933211	0.086203	0.0783099	0.0720993	0.0713425	0.0658074	0.0604313	0.0565188	0.0533101	0.0510896	0.048427	0.0461011	0.0439256	0.0414428	0.0394546	

69	0.468	24	0	task-3:0.05	task-0:0.045	task-1:0.14	task-2:0.035	|	0.256781	0.19	0.189999	0.189178	0.241985	0.257895	0.155405	0.153449	0.183742	0.173281	0.153017	0.159696	0.158991	0.151781	0.153316	0.151651	0.145873	0.145716	0.146895	0.145727	0.143078	0.141333	0.139568	0.137782	0.135791	0.133187	0.130701	0.127932	0.124477	0.120362	0.11764	0.114275	0.11106	0.107001	0.102058	0.0965826	0.0914919	0.0927489	0.0864818	0.084035	0.0829828	0.0826374	0.0793442	0.0785211	0.0779344	0.0751796	0.0731214	0.0717954	0.0706296	0.0681757	0.0647784	0.0618343	0.0578396	0.0542962	0.052558	0.0522924	0.0494139	0.0519795	0.0499286	0.0465502	0.0463065	0.0456359	0.0445565	0.0434315	0.0466898	0.0428755	0.0432789	0.0419618	0.0392823	

105	0.734	24	0	task-3:0.04	task-0:0.04	task-1:0.08	task-2:0.035	|	0.158914	0.809896	0.809139	0.707779	0.155013	0.154263	0.226693	0.217483	0.157051	0.156838	0.156706	0.149841	0.155857	0.153918	0.148293	0.150095	0.150195	0.148259	0.147292	0.14681	0.146651	0.150061	0.148102	0.150189	0.147414	0.144915	0.144333	0.143873	0.141729	0.139779	0.138705	0.13754	0.136411	0.13333	0.130434	0.129995	0.126805	0.125568	0.123495	0.118354	0.115404	0.109659	0.102991	0.100097	0.0984592	0.0929638	0.092282	0.0881057	0.087445	0.0875042	0.084989	0.0825712	0.0808688	0.0797667	0.0802583	0.0789114	0.0783009	0.077074	0.0751442	0.0732122	0.0711646	0.0689559	0.0665473	0.0649197	0.063311	0.0624497	0.061537	0.0604329	0.059704	0.0583878	0.0575056	0.0569608	0.0566499	0.055528	0.0545313	0.0535483	0.0524703	0.0515925	0.0508077	0.0500687	0.0493629	0.0486511	0.0480566	0.0475785	0.0469577	0.0464455	0.045955	0.0454617	0.0451091	0.0447453	0.0442551	0.0438425	0.0434217	0.0428034	0.0423129	0.0419846	0.0416297	0.041302	0.0409304	0.0406394	0.0403786	0.0403657	0.0401669	0.04032	0.0397137	

