56	0.375	32	0	task-3:0.506	task-0:0.476	task-1:0.504	task-2:0.506	|	0.0382793	0.02	0.0199995	0.0197765	0.0299036	0.0285142	0.0156154	0.0120527	0.00898191	0.00515337	0.00171286	0.000429222	6.67029e-005	3.63521e-006	1.93975e-007	1.3329e-008	8.05936e-010	8.52297e-011	1.12214e-012	1.63371e-014	8.14655e-014	1.57772e-014	4.75598e-015	1.8312e-014	2.43866e-014	5.1514e-015	1.70297e-014	0	0	0	0	1.87899e-015	0	0	0	2.48929e-015	0	0	0	0	0	0	0	0	0	0	0	0	0	0	0	0	0	0	0	0	

56	0.375	32	0	task-3:0.134	task-0:0.498	task-1:0.468	task-2:0.494	|	0.0611463	0.0199999	0.019998	0.0179429	0.0538215	0.0462786	0.0190286	0.0155044	0.0143057	0.00982131	0.00626711	0.00302676	0.000778002	0.000129079	1.44609e-005	7.09558e-007	1.87553e-008	4.00643e-010	3.646e-012	1.11234e-014	0	0	0	0	0	0	0	0	0	0	0	0	0	0	0	2.44215e-015	0	1.23522e-013	5.75515e-011	6.02622e-007	7.01416e-007	1.66761e-006	4.22817e-007	1.07843e-008	1.70564e-010	1.87963e-012	1.78016e-014	0	0	0	0	0	0	0	0	0	

57	0.39	32	0	task-3:0.506	task-0:0.498	task-1:0.112	task-2:0.312	|	0.0177453	0.0799998	0.0799906	0.0596588	0.0177556	0.0161192	0.0141998	0.0136078	0.0103039	0.00687788	0.00387826	0.00158032	0.000692594	0.00044099	0.00019505	5.16442e-005	6.19653e-006	3.37962e-007	3.84983e-009	2.3524e-012	0	0	0	0	0	0	0	0	0	0	0	0	0	0	0	0	0	0	0	0	0	2.56442e-015	0	0	0	0	9.25542e-014	6.48252e-013	6.95062e-015	0	3.91394e-015	2.55515e-014	0	1.20509e-014	0	0	0	

54	0.375	32	0	task-3:0.506	task-0:0.304	task-1:0.504	task-2:0.494	|	0.0418408	0.02	0.02	0.0198876	0.0232375	0.0184334	0.0127497	0.0133774	0.0128294	0.0116654	0.00886094	0.00611056	0.00410831	0.00186786	0.000955899	0.000374411	7.13144e-005	7.58341e-005	1.38479e-005	4.33511e-006	3.14802e-006	2.23198e-006	1.31232e-006	1.17335e-006	5.41888e-007	1.69068e-007	3.75226e-008	2.97892e-008	7.16635e-009	3.70661e-009	7.90905e-010	1.16381e-010	4.43096e-011	1.02741e-011	1.35316e-012	1.23682e-013	2.11159e-014	2.37794e-015	0	0	0	0	0	0	0	0	0	0	0	0	0	0	0	0	

56	0.39	32	0	task-3:0.506	task-0:0.22	task-1:0.284	task-2:0.494	|	0.015543	0.0199996	0.0199916	0.0178007	0.049767	0.0310002	0.0202323	0.0157913	0.00858589	0.00293258	0.000796649	0.00016699	2.4453e-005	2.96504e-006	1.09117e-006	1.59819e-007	4.78771e-008	1.89072e-008	4.43131e-008	5.51139e-007	6.22907e-005	0.0100798	0.0125571	0.0175053	0.0181284	0.0163109	0.00820854	0.017185	0.0172955	0.00812376	0.00867599	0.00646761	0.00428999	0.00351292	0.00219218	0.00118747	0.000653611	0.000311844	0.000121551	3.47175e-005	9.94216e-006	4.21412e-006	3.26908e-006	3.77957e-007	7.83073e-008	1.52867e-008	2.73221e-009	3.93528e-010	4.0204e-011	3.02761e-012	1.26671e-013	1.1696e-014	0	0	0	0	

56	0.374	32	0	task-3:0.506	task-0:0.074	task-1:0.504	task-2:0.45	|	0.0219268	0.0199999	0.0199964	0.0179428	0.0420385	0.0293595	0.0173064	0.0143945	0.0131636	0.0120612	0.00986063	0.00452483	0.00165461	0.000372241	8.96064e-005	3.17662e-005	5.09026e-006	5.65856e-007	7.10197e-008	4.4969e-009	2.422e-010	1.07256e-011	3.10135e-013	3.93208e-015	3.47666e-013	2.15836e-015	0	0	0	1.40172e-014	1.67567e-014	1.06973e-013	1.66968e-013	6.94834e-013	7.74834e-012	9.20401e-011	1.02571e-009	1.05737e-008	9.34344e-008	5.62344e-007	1.66265e-006	3.28611e-006	2.9535e-005	4.77428e-005	0.000108224	0.000253531	0.000543989	0.000758908	0.00113385	0.00115488	0.00104127	0.000666884	0.000510583	0.000304689	0.000153143	7.59045e-005	

58	0.39	32	0	task-3:0.506	task-0:0.462	task-1:0.4	task-2:0.346	|	0.0195259	0.02	0.0199993	0.0194289	0.0410677	0.0387569	0.0298359	0.0241793	0.0156219	0.0066096	0.00244924	0.000732627	0.000154316	1.932e-005	1.42407e-006	6.15519e-008	1.40124e-009	1.50149e-011	6.36671e-014	1.99491e-014	0	0	0	0	0	0	0	2.03672e-013	0	0	5.50426e-009	2.94964e-014	1.16942e-014	2.26355e-015	0	0	0	0	0	0	0	0	0	0	0	0	0	0	0	0	0	0	0	0	0	0	0	0	

56	0.39	32	0	task-3:0.312	task-0:0.464	task-1:0.496	task-2:0.506	|	0.015206	0.02	0.0199995	0.0196827	0.0304784	0.0285433	0.0145979	0.00912123	0.00361945	0.000606527	5.98637e-005	3.10562e-006	7.26969e-008	4.18173e-007	4.69593e-008	1.54972e-009	8.50629e-010	1.74376e-010	1.89182e-011	1.23883e-012	1.7428e-013	0	0	0	0	0	0	0	0	0	0	0	0	0	0	0	0	0	0	0	0	0	0	0	0	0	0	0	0	0	0	2.01962e-015	0	0	2.35513e-015	5.17257e-015	

62	0.421	32	0	task-3:0.11	task-0:0.236	task-1:0.296	task-2:0.038	|	0.0649413	0.02	0.0199999	0.019825	0.0400211	0.0462583	0.0164555	0.0155603	0.0150714	0.0107972	0.00444147	0.00928311	0.00575132	0.00129163	0.00179861	0.00129147	0.000532839	0.000226586	0.00010864	3.68886e-005	1.01988e-005	2.02547e-006	3.27536e-007	4.5811e-008	1.99044e-009	6.57382e-011	8.11237e-013	4.00135e-015	0	0	0	0	0	0	3.039e-015	0	0	0	0	0	0	0	0	0	0	0	0	0	0	0	0	0	0	0	0	0	0	0	0	0	0	0	

54	0.358	32	0	task-3:0.506	task-0:0.214	task-1:0.496	task-2:0.876	|	0.0196962	0.0199997	0.0199569	0.0156651	0.0198171	0.0149006	0.0135182	0.0123412	0.00955186	0.00516433	0.00197685	0.00110024	0.000409183	9.82955e-005	2.08224e-005	7.68023e-006	1.39708e-006	5.00555e-007	9.75618e-008	1.4191e-008	1.94097e-009	2.54471e-010	3.46518e-012	1.07683e-013	0	0	0	4.61858e-015	0	0	0	2.55429e-015	4.3581e-015	0	0	4.44962e-015	4.80813e-015	9.54536e-015	2.06963e-014	2.29578e-014	2.37032e-014	3.56477e-014	5.53944e-014	6.1162e-014	1.38545e-014	4.80639e-015	3.89582e-015	3.20492e-015	2.1992e-015	4.14575e-015	0	2.94125e-015	3.31251e-015	0	

56	0.374	32	0	task-3:0.27	task-0:0.44	task-1:0.28	task-2:0.494	|	0.0546737	0.0199999	0.0199986	0.0198537	0.0470688	0.0399562	0.0299297	0.0250411	0.0211809	0.0168212	0.0132909	0.00872125	0.00379814	0.00301628	0.00174265	0.00118025	0.000655349	0.000240243	6.67217e-005	9.44632e-006	3.87352e-007	3.05662e-009	5.71574e-012	1.49385e-014	0	0	0	0	0	0	0	0	0	0	0	0	0	0	0	0	0	0	0	0	0	0	0	0	0	0	0	0	0	0	0	0	

56	0.374	32	0	task-3:0.494	task-0:0.498	task-1:0.504	task-2:0.046	|	0.0344234	0.02	0.0199994	0.0191628	0.0591327	0.0449843	0.0197404	0.0162374	0.0157215	0.0131526	0.0102189	0.00667854	0.00350787	0.00150074	0.00052703	0.000132642	4.61569e-005	7.51834e-006	7.51262e-007	7.26351e-008	1.81714e-008	5.40785e-009	7.05616e-009	9.94839e-009	1.39013e-009	1.99574e-010	4.37833e-011	6.06555e-012	2.85518e-013	4.11624e-014	2.1353e-014	5.10241e-015	7.81958e-014	0	2.59932e-014	4.82905e-015	2.80107e-013	3.61757e-013	4.44888e-013	2.07511e-012	2.54116e-011	2.98445e-010	1.22621e-009	7.79611e-010	9.21477e-010	5.84298e-011	1.26692e-010	2.67413e-013	4.03646e-013	1.1597e-012	7.17949e-013	1.54479e-012	1.33536e-012	5.42842e-013	1.48184e-013	1.75791e-014	

55	0.375	32	0	task-3:0.506	task-0:0.568	task-1:0.214	task-2:0.494	|	0.07721	0.02	0.02	0.0199207	0.031034	0.0219667	0.0123025	0.00827382	0.0051132	0.00316437	0.00174657	0.00113156	0.000470712	8.02594e-005	4.54572e-005	6.03838e-006	1.53902e-007	7.88791e-008	7.05707e-010	1.5639e-012	3.37079e-014	0	0	0	1.90325e-015	0	0	0	0	0	0	0	0	0	0	0	0	3.05504e-015	0	0	0	0	0	0	0	0	0	0	0	0	0	0	0	0	0	

57	0.39	32	0	task-3:0.098	task-0:0.41	task-1:0.504	task-2:0.486	|	0.0151964	0.079999	0.0799571	0.0594594	0.0174691	0.0160481	0.0129982	0.00857688	0.00309205	0.000834587	0.000432816	0.000210347	7.33055e-005	9.4536e-005	0.000646216	5.1644e-005	2.04594e-005	2.67444e-006	2.21307e-008	1.38964e-010	6.05323e-011	6.00658e-013	3.71432e-013	3.33458e-015	1.07126e-014	4.12867e-015	0	0	0	0	3.01106e-015	0	1.93345e-015	0	0	4.56806e-015	2.42621e-015	0	0	0	0	3.65573e-015	0	0	8.26243e-015	0	0	0	0	2.05368e-015	0	0	0	0	2.63308e-015	1.83926e-014	1.82013e-014	

56	0.39	32	0	task-3:0.478	task-0:0.466	task-1:0.496	task-2:0.012	|	0.0323517	0.02	0.0199998	0.0198525	0.0186066	0.0196122	0.0123401	0.00745741	0.00343944	0.00130289	0.000344509	5.81344e-005	2.25153e-005	1.71226e-005	2.68972e-006	2.4837e-008	6.16204e-010	9.11721e-013	1.66362e-014	0	0	0	0	0	5.3412e-015	0	5.36189e-014	1.85489e-012	2.16266e-009	1.76637e-006	0.000318602	0.000294246	0.000399425	0.00122473	0.000705646	0.000229168	0.000209859	0.000119426	4.99354e-005	2.34889e-005	1.09867e-005	2.76718e-006	3.91875e-007	4.1229e-008	3.75207e-009	2.33509e-009	2.71989e-010	5.57555e-011	9.57688e-012	1.21096e-012	1.09997e-013	6.93218e-015	9.60027e-015	0	0	0	

62	0.422	32	0	task-3:0.13	task-0:0.248	task-1:0.226	task-2:0.124	|	0.0280053	0.0199999	0.019997	0.0183926	0.0501281	0.0399859	0.0168289	0.0178369	0.0177196	0.0142819	0.00878585	0.00728436	0.00621531	0.00517266	0.00489249	0.00377476	0.00244672	0.00133924	0.000642756	0.00026712	8.61345e-005	2.0187e-005	3.51618e-006	4.33607e-007	2.18596e-008	1.30254e-009	1.7762e-011	4.39176e-012	6.76903e-014	4.40529e-015	0	0	0	0	0	0	0	0	0	0	0	0	0	0	0	0	0	3.70574e-015	5.83374e-014	0	0	0	0	0	0	0	0	0	0	0	0	0	

55	0.375	32	0	task-3:0.494	task-0:0.51	task-1:0.504	task-2:0.494	|	0.0177267	0.0199999	0.0199982	0.0192187	0.0172604	0.0184497	0.0145817	0.013024	0.0117675	0.00876802	0.00491095	0.00183534	0.000248419	0.000169388	6.60157e-005	5.16363e-006	3.00056e-006	4.73881e-007	3.06171e-008	7.33767e-010	0.00302799	1.51739e-007	4.78099e-011	1.6623e-010	8.01992e-012	2.56824e-012	9.96254e-011	0.00128733	0.0199997	0.02	0.02	0.02	0.02	0.0199998	0.0199972	0.0199403	0.0177233	0.000522387	0.00152631	0.000299252	4.37443e-006	3.72343e-006	2.81349e-007	1.38247e-008	5.64651e-010	2.20572e-011	3.11791e-012	2.70242e-013	1.22394e-014	8.98696e-013	3.60822e-012	7.8002e-013	1.39665e-013	1.45019e-013	1.11868e-013	

58	0.39	32	0	task-3:0.2	task-0:0.498	task-1:0.504	task-2:0.294	|	0.074094	0.0199999	0.0199984	0.0186454	0.0352726	0.0414182	0.0314104	0.0267714	0.0203059	0.0150948	0.0151259	0.0155218	0.0136277	0.00804566	0.00305782	0.00046528	8.15735e-005	1.59126e-005	1.08727e-005	4.76215e-006	3.80703e-007	9.47581e-008	4.57227e-008	9.40303e-009	4.10379e-009	2.66043e-010	1.67584e-011	2.03178e-012	7.34149e-014	2.80743e-015	0	0	0	6.17904e-015	7.93648e-015	1.51532e-014	8.20731e-015	5.59882e-015	8.43324e-015	2.20521e-014	1.1634e-013	1.19758e-012	2.04348e-011	4.60395e-010	1.00265e-008	1.50181e-007	1.1183e-006	3.43489e-006	5.05011e-006	4.12338e-006	2.03544e-006	6.97383e-007	2.00445e-007	6.41376e-008	2.93556e-008	1.73194e-008	7.93431e-009	3.16357e-009	

56	0.375	32	0	task-3:0.494	task-0:0.498	task-1:0.504	task-2:0.494	|	0.0568106	0.02	0.0199998	0.0196999	0.0383374	0.0308844	0.0182346	0.0139932	0.0106339	0.00850755	0.00466893	0.00173641	0.000475501	0.000288517	7.5394e-005	1.5671e-005	4.20406e-007	7.93188e-009	7.5142e-011	1.80521e-013	0	0	0	0	4.06341e-015	4.6338e-014	3.82879e-014	1.17493e-012	2.87253e-009	1.50069e-006	0.00126114	0.0100086	0.0145815	0.0146968	0.012785	0.00951249	0.00551241	0.00247528	0.00144161	0.00067153	0.000267853	0.000103641	3.50012e-005	1.02614e-005	4.26034e-006	1.4306e-006	4.5175e-007	1.12743e-007	1.78953e-008	2.06765e-009	2.06826e-010	3.18833e-011	6.43729e-012	9.91862e-013	6.02727e-013	3.42043e-013	

56	0.375	32	0	task-3:0.228	task-0:0.498	task-1:0.504	task-2:0.506	|	0.0428412	0.0199999	0.0199997	0.019492	0.0574339	0.0392587	0.0110607	0.0116528	0.00784074	0.00288679	0.000697726	0.000570226	0.000158145	7.9912e-005	4.68841e-005	7.4931e-006	1.23365e-006	2.4648e-007	5.4535e-008	1.2124e-008	5.96152e-009	3.1461e-010	6.79557e-011	4.97359e-012	3.03916e-013	1.25755e-014	0	0	0	1.12949e-014	9.02822e-015	1.62356e-014	2.01794e-015	1.9124e-015	0	0	0	4.13474e-015	2.53985e-015	1.91487e-015	0	0	0	0	0	0	0	0	0	0	0	0	0	0	0	0	

54	0.359	32	0	task-3:0.196	task-0:0.498	task-1:0.504	task-2:0.512	|	0.0255964	0.02	0.02	0.0199368	0.0166585	0.0160045	0.0125387	0.00714292	0.00294644	0.00136525	0.000433953	3.32604e-005	4.68196e-006	4.78176e-007	3.06524e-008	7.41904e-010	1.14103e-007	4.73012e-011	2.15998e-011	9.81746e-012	1.31015e-012	1.3804e-013	1.07297e-014	0	0	6.43936e-015	0	8.21897e-015	2.36171e-015	4.19894e-015	3.83534e-015	1.70475e-014	1.3148e-012	4.13456e-006	0.0191177	0.0197581	0.0194599	0.0185662	0.0162873	0.011832	0.00631609	0.00246308	0.000757543	0.00024321	5.8643e-005	1.00298e-005	1.22366e-006	1.08199e-007	8.98921e-009	3.80676e-010	8.63098e-012	8.80545e-014	0	0	

56	0.39	32	0	task-3:0.506	task-0:0.514	task-1:0.496	task-2:0.494	|	0.0196635	0.0199986	0.0199683	0.0176983	0.0370504	0.0319922	0.0207842	0.0135475	0.00651001	0.00193487	0.000407409	6.1845e-005	4.51922e-006	3.3348e-007	4.71843e-008	3.82112e-009	6.41918e-010	1.87468e-011	1.14923e-012	1.15441e-014	1.40921e-014	0	0	0	0	0	0	0	0	0	0	0	0	0	0	0	0	0	0	0	0	0	0	0	0	0	0	3.58499e-015	0	4.965e-015	8.88208e-015	7.38352e-015	0	0	0	0	

54	0.374	32	0	task-3:0.494	task-0:0.498	task-1:0.504	task-2:0.506	|	0.0194806	0.02	0.0199999	0.0199097	0.0212896	0.0203931	0.0161841	0.0154609	0.0135865	0.00939349	0.0040186	0.00216636	0.00140095	0.000683762	0.000247511	3.01732e-006	6.03339e-007	1.38739e-006	3.91729e-009	1.47105e-011	3.95453e-013	0	3.2187e-015	1.07151e-013	4.29721e-015	0	2.9036e-011	2.62864e-007	2.886e-010	0	0	0	1.27989e-013	1.4049e-013	6.3625e-013	1.75505e-011	6.80811e-010	2.81323e-008	2.23013e-007	1.50773e-007	4.8938e-009	8.96473e-011	1.92711e-011	2.32555e-013	0	0	2.14003e-015	9.14354e-014	2.7818e-014	0	0	0	0	0	

52	0.359	32	0	task-3:0.494	task-0:0.128	task-1:0.504	task-2:0.506	|	0.0134405	0.0780545	0.0156347	0.0197113	0.013824	0.011129	0.0102075	0.00881889	0.00731262	0.00627889	0.00543142	0.00377765	0.00236055	0.00139916	0.000310518	3.27213e-005	1.08483e-005	1.85012e-006	5.15225e-008	2.65677e-010	5.71778e-014	0	0	0	0	0	0	0	0	0	0	0	3.3738e-015	0	0	0	0	0	0	0	0	0	0	0	0	0	0	0	0	0	0	0	

58	0.39	32	0	task-3:0.036	task-0:0.07	task-1:0.136	task-2:0.03	|	0.0181641	0.0799997	0.0799946	0.075942	0.0220911	0.0177687	0.0132566	0.0125096	0.0115358	0.00628733	0.00166246	0.000275666	0.00226047	0.000141492	1.61881e-006	5.3891e-007	1.53906e-007	5.20598e-008	1.25344e-008	2.85054e-009	7.28202e-011	3.96315e-012	1.21717e-013	0	0	0	0	0	0	0	0	0	0	0	0	1.92861e-015	1.81218e-014	1.69475e-014	0	0	0	0	0	0	0	0	0	0	0	0	0	0	0	0	0	0	0	0	

56	0.375	32	0	task-3:0.072	task-0:0.502	task-1:0.504	task-2:0.088	|	0.0157924	0.0199996	0.0199941	0.00560981	0.0703345	0.0711898	0.0335299	0.00311105	0.0135083	0.00447267	0.000415773	0.000399741	0.000179457	9.80058e-005	3.5731e-005	1.18072e-005	4.91774e-006	1.6189e-006	5.28763e-007	1.16459e-007	2.07543e-008	4.31535e-009	5.26526e-010	1.03497e-010	3.8612e-011	1.14382e-011	7.17213e-012	7.70252e-012	4.54662e-012	2.21513e-012	1.16815e-012	7.53675e-013	4.21028e-013	2.24034e-013	4.66297e-013	3.86395e-012	6.98616e-014	9.42657e-014	1.27629e-013	8.58483e-014	6.27252e-014	2.426e-009	1.03066e-012	0.02	0.02	7.39618e-008	3.5672e-015	0.00033385	0	0	0	0	0	0	0	0	

55	0.375	32	0	task-3:0.506	task-0:0.336	task-1:0.496	task-2:0.494	|	0.0179705	0.02	0.0199999	0.0189295	0.0422655	0.0160681	0.00955417	0.00965651	0.00428774	0.00178488	0.00116676	0.000293545	0.000119748	4.47072e-005	1.20181e-005	2.12074e-006	1.81733e-007	9.55391e-009	4.188e-010	6.69489e-012	2.77148e-014	5.14667e-014	0	0	0	0	0	0	0	0	0	0	0	0	0	0	0	0	0	0	0	0	0	0	0	0	0	0	0	0	0	0	0	0	0	

53	0.374	32	0	task-3:0.506	task-0:0.53	task-1:0.496	task-2:0.494	|	0.0179158	0.0799994	0.0799498	0.0225645	0.0199798	0.0199418	0.0189259	0.0213139	0.022533	0.00966661	0.0109718	0.00853572	0.0066079	0.00334141	0.00107041	0.000370727	0.000218728	5.00565e-005	1.1772e-005	4.04916e-006	9.33203e-007	1.6105e-007	8.17778e-008	1.65969e-007	5.46896e-007	1.21559e-006	5.61648e-006	2.10847e-005	4.76694e-005	3.20316e-005	1.96447e-005	7.94079e-006	2.08643e-006	3.58063e-007	4.06447e-008	2.92694e-009	3.02025e-010	9.20411e-012	1.65232e-013	0	0	0	0	0	3.20407e-015	5.37947e-013	3.09605e-013	3.30587e-015	4.48946e-014	6.06403e-014	7.84268e-015	0	0	

55	0.375	32	0	task-3:0.506	task-0:0.44	task-1:0.504	task-2:0.506	|	0.0593824	0.02	0.02	0.01986	0.0297572	0.0241942	0.014646	0.0141511	0.0126936	0.0106993	0.00895827	0.0077031	0.006286	0.00130937	0.000211217	3.1914e-005	7.9162e-006	1.53176e-006	2.59284e-007	2.44346e-008	7.24161e-010	1.94379e-011	1.6961e-013	6.56408e-014	0	0	2.45186e-015	8.34321e-015	9.75726e-015	0	0	0	2.49904e-015	0	0	0	0	0	2.93921e-015	1.96616e-015	1.93514e-015	0	0	0	0	0	0	0	0	0	2.29362e-015	3.8211e-015	3.06731e-015	2.16546e-015	2.12699e-015	

59	0.39	32	0	task-3:0.03	task-0:0.454	task-1:0.27	task-2:0.506	|	0.0178049	0.0799979	0.0799359	0.0551622	0.017661	0.0157888	0.0128662	0.00999479	0.00617895	0.00523898	0.00417723	0.00391993	0.00303665	0.00113806	0.00124193	0.000580807	0.00026774	0.00017201	8.4281e-005	3.0924e-005	8.99358e-006	2.93443e-006	4.77913e-007	4.0198e-008	2.03349e-009	2.39101e-010	1.01853e-011	3.14147e-013	0	0	2.96154e-015	0	0	0	0	0	0	3.09116e-015	0	0	0	0	0	0	2.14996e-015	0	0	0	0	0	0	0	0	0	0	0	0	1.89949e-015	0	

55	0.374	32	0	task-3:0.494	task-0:0.07	task-1:0.496	task-2:0.506	|	0.0172995	0.0799845	0.0790267	0.0135382	0.0150133	0.00919293	0.0133235	0.00278319	0.00593187	0.00295673	0.000763323	0.000576806	0.000200245	0.000152632	9.06577e-005	3.3691e-005	9.71895e-006	2.01086e-006	3.67639e-007	4.7526e-008	3.85959e-009	1.83934e-010	4.52644e-012	6.08055e-014	2.02239e-014	5.13567e-014	4.8971e-015	4.72518e-015	0	0	0	0	0	1.93393e-015	0	0	0	0	0	0	0	0	0	0	0	0	2.08273e-015	0	0	0	2.19582e-015	0	0	2.22357e-015	6.20238e-015	

56	0.39	32	0	task-3:0.494	task-0:0.222	task-1:0.35	task-2:0.462	|	0.0518049	0.0199999	0.0199975	0.0175907	0.0553096	0.0460831	0.0198743	0.0114038	0.0107965	0.00708658	0.00317073	0.00174357	0.000906196	0.000157342	2.56017e-005	4.59961e-006	4.16145e-007	9.55742e-009	7.10084e-011	3.79777e-013	0	0	0	0	0	0	0	0	0	0	0	0	0	0	0	0	0	0	0	0	2.29277e-015	0	0	0	0	0	0	0	0	0	0	0	0	0	0	0	

62	0.421	32	0	task-3:0.136	task-0:0.428	task-1:0.174	task-2:0.32	|	0.0301852	0.02	0.02	0.0199476	0.0239216	0.0262696	0.0147905	0.0121323	0.0111846	0.00969831	0.00649814	0.00298932	0.00114036	0.000266057	1.14985e-005	2.42216e-007	2.90857e-009	5.39993e-011	1.82035e-012	3.84986e-014	0	0	0	0	0	1.34865e-013	0	0	3.05938e-013	1.10471e-014	0	0	0	0	0	0	0	0	0	0	0	0	0	0	0	0	0	0	0	0	0	0	0	0	0	0	0	0	0	0	0	0	

144	0.952	32	0	task-3:0.016	task-0:0.05	task-1:0.084	task-2:0.018	|	0.0182421	0.0709107	0.0188884	0.0178619	0.0144436	0.00785237	0.00213142	0.00132151	0.00320703	0.00226825	0.000936911	0.00381226	0.00248478	0.000476475	0.000269651	0.000163087	6.66826e-005	2.25913e-005	5.95622e-006	1.64839e-006	7.7256e-007	1.42159e-007	1.92598e-008	2.01174e-009	3.75044e-010	1.67943e-011	1.10786e-012	7.06196e-014	2.90829e-015	1.16436e-013	7.4203e-015	4.02609e-014	1.19999e-013	3.29336e-013	3.04747e-012	6.64944e-011	2.05912e-009	7.05438e-008	1.74772e-006	2.03704e-005	7.28005e-005	5.94926e-005	2.45232e-006	9.11146e-006	3.79015e-006	6.06467e-006	1.34083e-005	8.09898e-006	3.41307e-006	1.01366e-006	2.04032e-007	2.64364e-008	2.04164e-009	8.643e-011	1.97015e-012	2.07001e-014	0	1.21019e-014	1.66684e-014	1.97545e-014	0	0	0	0	0	0	0	0	0	2.16426e-015	0	0	0	0	0	0	0	0	0	0	0	0	0	0	0	0	0	0	0	0	2.29797e-015	0	3.62345e-015	5.41354e-015	1.27842e-012	1.07489e-013	2.60428e-015	6.43652e-015	1.99708e-015	0	2.12007e-015	0	2.03937e-015	3.0391e-015	5.59858e-015	8.52051e-015	1.58291e-014	2.76922e-014	4.2616e-014	2.62549e-014	3.01471e-014	4.64095e-014	9.11599e-014	2.08971e-013	1.72632e-013	1.45669e-013	1.67415e-013	2.23366e-013	3.46077e-013	6.34595e-013	1.48113e-012	4.72193e-012	2.46002e-010	1.98082e-011	9.8334e-014	1.0909e-014	4.43464e-015	0	0	2.6182e-015	4.50394e-015	8.25656e-015	3.86311e-015	6.24728e-015	1.19191e-014	1.47387e-014	2.69108e-014	4.53487e-014	8.81063e-014	3.04271e-014	2.55826e-014	2.92747e-014	3.90141e-014	4.98058e-014	

57	0.39	32	0	task-3:0.494	task-0:0.498	task-1:0.504	task-2:0.098	|	0.0184313	0.0799981	0.0799654	0.0712961	0.0185865	0.0168345	0.0138013	0.0124863	0.0102025	0.00667411	0.0038177	0.00233783	0.00139592	0.000737222	0.000311989	0.000106139	2.80638e-005	5.25253e-006	5.84404e-007	3.137e-008	4.3594e-009	1.31691e-009	4.90388e-010	1.41691e-010	6.05294e-010	2.11911e-009	1.58468e-009	2.25292e-009	7.36032e-009	2.73153e-009	1.92462e-009	8.0087e-010	2.91966e-010	8.78101e-011	2.08233e-011	4.33831e-012	1.00459e-010	9.12941e-011	1.17139e-011	4.9138e-012	4.57648e-012	2.45093e-012	1.16322e-012	4.79838e-013	1.62618e-013	4.48604e-014	9.56525e-015	5.52569e-015	0	0	0	0	0	0	0	0	2.83056e-014	

59	0.405	32	0	task-3:0.31	task-0:0.16	task-1:0.392	task-2:0.478	|	0.0172612	0.0199988	0.0197928	0.0687697	0.0754582	0.0316598	0.0168416	0.0160705	0.007841	0.0103433	0.00453778	0.00570301	0.00479374	0.00220588	0.00155039	0.000948693	0.000449816	0.000227369	8.89011e-005	2.88379e-005	7.30964e-006	1.19639e-006	1.12786e-007	7.035e-009	4.38142e-010	6.54695e-011	2.85835e-012	1.36523e-013	4.82736e-015	1.28034e-012	2.19856e-012	8.75754e-013	3.17853e-013	2.26745e-013	6.72159e-014	2.19837e-014	7.09071e-015	0	2.33217e-015	7.57784e-015	7.45297e-015	2.46443e-015	0	0	0	2.12923e-015	0	0	0	0	0	0	0	0	0	0	0	0	0	

54	0.359	32	0	task-3:0.494	task-0:0.888	task-1:0.496	task-2:0.504	|	0.0186287	0.02	0.02	0.0198143	0.0318986	0.0242625	0.0120573	0.00828813	0.0033586	0.000772582	0.000168977	3.76266e-005	5.58722e-006	8.27203e-007	6.0336e-008	2.52199e-009	2.18383e-011	4.8464e-012	1.00749e-014	0	0	0	0	0	0	0	0	0	0	0	0	0	0	0	0	0	0	0	0	0	2.15585e-009	0	0	0	0	0	0	0	0	0	0	0	0	0	

63	0.421	32	0	task-3:0.178	task-0:0.498	task-1:0.154	task-2:0.184	|	0.0193537	0.0799984	0.0799658	0.0570995	0.019064	0.018314	0.0177427	0.0171916	0.0157073	0.0146019	0.0143438	0.0135804	0.0121758	0.0103718	0.0084352	0.00596453	0.0028997	3.30912e-005	4.86874e-011	3.3494e-009	3.58552e-010	5.30592e-013	0	0	2.02172e-015	0	0	0	0	0	0	0	0	0	0	0	0	0	0	0	0	0	0	0	0	0	0	0	0	0	0	0	0	0	0	0	0	0	0	0	0	0	0	

59	0.406	32	0	task-3:0.046	task-0:0.398	task-1:0.496	task-2:0.346	|	0.0310794	0.02	0.0199998	0.0194114	0.0440251	0.0379991	0.0125083	0.0125606	0.00963182	0.00735582	0.00473469	0.00288863	0.00117443	0.000616073	0.000101931	1.21918e-005	1.05114e-006	4.58662e-008	1.05632e-009	7.76233e-012	1.04878e-013	3.63945e-014	4.62954e-014	0	9.74804e-015	0	4.46913e-015	1.05975e-013	2.60984e-013	4.63563e-014	4.7733e-015	1.53146e-014	8.7507e-015	2.22965e-015	4.07284e-015	3.60614e-015	1.93042e-015	2.58821e-015	2.33295e-015	0	1.92862e-015	2.11531e-015	1.87487e-015	2.00553e-015	2.1298e-015	2.07256e-015	1.95736e-015	0	0.02	0.02	0	0	0.02	0.0199984	9.51451e-014	7.1388e-015	8.09748e-015	8.07463e-015	4.99218e-015	

54	0.358	32	0	task-3:0.148	task-0:0.498	task-1:0.308	task-2:0.278	|	0.0475298	0.02	0.0199999	0.0199787	0.0246644	0.0290594	0.0187042	0.010291	0.00458094	0.00185912	0.000671724	0.00018565	2.9945e-005	3.23292e-006	9.8192e-007	9.09076e-008	9.45619e-009	1.78434e-009	7.2675e-011	6.79545e-013	5.27022e-013	3.53903e-014	2.27517e-014	1.32804e-014	2.21636e-014	3.3844e-014	9.03547e-015	1.96814e-015	0	0	0	0	0	0	2.04381e-015	0	0	0	6.06204e-015	3.27688e-015	0	2.94125e-014	1.0295e-013	9.59107e-013	2.22745e-011	7.3348e-010	1.17586e-008	2.98434e-008	7.16674e-009	2.03093e-010	4.46548e-013	0	1.96612e-015	4.96667e-014	

56	0.374	32	0	task-3:0.486	task-0:0.498	task-1:0.39	task-2:0.396	|	0.0139274	0.08	0.0799985	0.0780087	0.0258311	0.0160894	0.0102085	0.00399326	0.00101402	0.000277833	3.59502e-005	1.90087e-006	4.70288e-008	1.34322e-009	1.19999e-011	2.14191e-014	9.83174e-013	6.3893e-014	0	4.69748e-015	0	1.36987e-014	3.71709e-015	2.72796e-014	4.05247e-014	1.73989e-014	3.58914e-015	0	0	0	1.92511e-015	2.86638e-015	2.11832e-015	8.14153e-014	4.95638e-012	3.4639e-009	2.71862e-006	0.000139921	0.000448563	0.000375183	0.000188251	7.67109e-005	2.71085e-005	8.1534e-006	1.78956e-006	3.28706e-007	5.98226e-008	4.53597e-008	2.76599e-008	1.398e-008	1.00844e-008	7.91861e-009	3.69531e-009	1.48662e-009	6.2321e-010	2.08263e-010	

54	0.375	32	0	task-3:0.494	task-0:0.484	task-1:0.504	task-2:0.494	|	0.0138794	0.0199998	0.0199866	0.0138809	0.013421	0.0129853	0.0115493	0.00898426	0.00500718	0.00170707	0.000371145	7.86809e-005	1.2653e-005	1.32883e-006	8.69887e-008	3.3069e-009	8.77696e-011	1.04144e-011	1.17568e-012	1.32018e-013	2.75296e-014	1.94957e-014	0	0	0	0	0	0	0	0	0	0	0	0	0	0	0	0	0	0	0	0	0	0	0	0	0	0	0	0	0	0	0	0	

55	0.374	32	0	task-3:0.494	task-0:0.498	task-1:0.504	task-2:0.506	|	0.0156827	0.0197158	0.00551087	0.0694618	0.0396983	0.0130441	0.0153718	0.0163073	0.0164542	0.0165311	0.0160342	0.014553	0.0122904	0.00921224	0.00573557	0.00258748	0.00067067	6.41052e-005	1.5989e-006	8.54777e-009	6.60997e-011	5.68091e-014	0	0	0	0	0	0	0	0	0	0	0	0	7.32357e-015	3.94896e-015	5.15773e-015	4.03059e-014	6.71729e-014	2.94565e-014	1.87837e-014	1.5584e-014	7.30961e-015	2.85737e-015	5.94342e-015	2.43457e-014	2.16523e-013	8.49534e-014	2.15834e-013	8.31922e-013	1.21425e-012	3.26443e-012	3.08227e-012	4.79358e-012	3.12958e-012	

64	0.437	32	0	task-3:0.062	task-0:0.372	task-1:0.504	task-2:0.016	|	0.0211913	0.02	0.0199999	0.0198037	0.0315719	0.0293747	0.0158739	0.0147875	0.0148202	0.0145923	0.014333	0.0136179	0.0146087	0.00931698	0.00761677	0.00463193	0.00116767	0.00044504	0.000184179	3.54413e-005	4.8447e-006	1.27804e-006	1.32645e-007	6.46709e-009	5.72331e-010	1.89852e-011	3.5545e-013	4.42069e-014	0	0	0	0	0	0	2.56574e-015	2.097e-014	1.35956e-014	2.53119e-015	7.74252e-015	2.96783e-015	4.60775e-015	2.64909e-015	0	0	0	0	0	0	0	0	0	0	0	0	0	0	0	0	0	0	0	0	0	0	

56	0.39	32	0	task-3:0.496	task-0:0.494	task-1:0.504	task-2:0.506	|	0.0215613	0.02	0.0199999	0.0198355	0.0305102	0.0255893	0.012552	0.00858755	0.00904267	0.00705175	0.00261182	0.00214377	0.00127914	0.000390354	0.00011466	5.40594e-005	9.43599e-006	1.35525e-006	2.20792e-007	2.63745e-008	2.07687e-009	1.0781e-010	3.95791e-012	5.14873e-014	0	0	0	0	0	0	0	2.74485e-015	2.20793e-014	2.96604e-014	5.18707e-015	0	0	0	0	3.29677e-015	1.117e-014	9.20556e-015	2.60552e-015	0	0	0	2.78793e-015	0	0	0	0	2.07434e-015	0	0	0	0	

64	0.437	32	0	task-3:0.206	task-0:0.354	task-1:0.172	task-2:0.07	|	0.0413237	0.02	0.0199997	0.0195204	0.0328235	0.0327713	0.0222698	0.0196845	0.0151545	0.0134637	0.0131368	0.0114049	0.00939308	0.00735936	0.00491328	0.0026131	0.00083104	0.00011601	2.60943e-005	1.51392e-006	1.13996e-007	2.55559e-009	4.88795e-011	6.11485e-013	0	0	0	0	3.05324e-015	2.94522e-013	3.24248e-013	1.72564e-014	9.82159e-015	1.68626e-014	2.30453e-015	2.44877e-015	2.7476e-015	2.91074e-015	1.92933e-015	2.05824e-015	2.32734e-015	4.62628e-015	4.81964e-015	2.03654e-015	4.12885e-015	2.54702e-015	1.89777e-015	0	0	0	0	0	0	0	0	0	0	1.89221e-015	0	2.09019e-015	2.08992e-015	2.09155e-015	0	1.88334e-015	

60	0.405	32	0	task-3:0.094	task-0:0.41	task-1:0.15	task-2:0.126	|	0.0178776	0.0799996	0.0799959	0.0768418	0.0269434	0.0192463	0.0176275	0.0141048	0.00955166	0.0041449	0.00148131	0.000660975	7.84776e-005	1.1107e-006	2.81341e-008	2.18858e-009	5.95524e-010	2.47252e-012	1.17947e-014	8.43182e-015	0	0	0	0	0	2.01317e-015	3.15506e-014	3.11298e-014	1.95981e-014	1.66327e-014	5.05761e-015	3.51915e-015	8.70151e-015	1.36024e-014	2.85762e-014	9.20162e-014	3.13596e-013	9.00247e-013	2.0245e-012	3.10019e-012	2.35279e-012	1.13852e-012	3.62391e-013	1.64758e-013	1.25575e-013	6.50805e-014	3.239e-014	1.48441e-014	5.68965e-015	2.53983e-015	9.9938e-015	9.85885e-015	6.63536e-015	4.72848e-015	2.19902e-015	1.94557e-015	2.58073e-015	2.81166e-015	4.38781e-015	2.79005e-015	

57	0.39	32	0	task-3:0.44	task-0:0.29	task-1:0.496	task-2:0.506	|	0.0183207	0.0181081	0.0281645	0.0151565	0.00388499	0.0524547	0.0570481	0.0171871	0.00105431	0.00100235	0.00100302	0.000612743	0.00024373	0.000171766	6.1376e-005	2.3842e-005	9.39555e-006	4.06363e-006	1.18426e-006	2.77156e-007	1.59049e-007	4.2285e-008	6.95852e-009	8.13492e-010	4.90083e-011	3.69143e-012	4.85851e-014	1.86031e-014	0	0	0	0	0	0	0	0	0	0	0	0	0	0	0	0	0	0	0	0	0	0	0	0	0	0	0	0	0	

56	0.374	32	0	task-3:0.506	task-0:0.196	task-1:0.21	task-2:0.064	|	0.0142371	0.0799993	0.0799884	0.06316	0.0142972	0.0124578	0.0151877	0.0117739	0.00913968	0.00528125	0.00288117	0.00158581	0.000843924	0.000237686	1.10404e-005	5.81477e-008	4.21029e-009	4.12184e-011	6.77852e-013	5.57621e-015	0	2.27364e-015	5.21531e-014	8.32026e-014	1.02134e-012	7.26518e-014	3.07148e-013	8.60434e-012	7.65012e-012	2.48847e-011	2.3028e-010	3.36679e-009	3.47322e-008	2.71614e-007	1.75025e-006	7.49206e-006	1.86111e-005	2.51982e-005	1.8393e-005	6.89372e-006	1.28668e-006	1.25504e-007	2.9373e-008	1.24978e-008	8.39025e-009	3.49349e-009	8.15584e-010	1.41182e-010	1.72884e-011	1.44335e-012	8.09787e-014	0	2.08223e-015	5.27853e-014	6.71811e-014	9.21454e-015	

54	0.359	32	0	task-3:0.494	task-0:0.498	task-1:0.504	task-2:0.506	|	0.0174581	0.0799999	0.0799977	0.0768936	0.0200374	0.0189801	0.0180028	0.0155722	0.0124634	0.00900186	0.00602298	0.0032482	0.00113354	0.000406931	0.000180532	0.00015043	0.000114997	3.18734e-005	1.93768e-005	9.73564e-006	1.87704e-006	5.9193e-007	1.40088e-007	1.25948e-008	1.38896e-009	2.03846e-010	2.14256e-012	2.94767e-014	0	0	0	0	0	0	0	0	0	0	0	0	0	0	0	0	0	0	0	0	0	0	0	0	0	0	

70	0.468	32	0	task-3:0.044	task-0:0.308	task-1:0.19	task-2:0.044	|	0.0162216	0.0799999	0.0799996	0.0760471	0.0177136	0.0163771	0.0151481	0.0218333	0.00892311	0.0130935	0.0128197	0.00872875	0.00456178	0.0056384	0.00406447	0.0024681	0.00207796	0.00138564	0.000837554	0.00045889	0.000227163	9.47728e-005	3.18454e-005	8.33066e-006	1.92564e-006	3.61528e-007	5.00823e-008	4.16202e-009	2.18778e-010	8.28236e-012	1.50148e-013	4.51089e-015	0	0	2.10113e-015	0	0	0	0	0	0	0	0	0	0	0	0	0	0	0	0	0	0	0	0	0	0	0	0	0	0	0	0	0	0	0	0	0	0	0	

61	0.406	32	0	task-3:0.126	task-0:0.318	task-1:0.182	task-2:0.378	|	0.0751885	0.02	0.0199998	0.0197445	0.0594621	0.0559239	0.0202664	0.0183973	0.0181823	0.0148211	0.00936021	0.0071525	0.00393162	0.00263795	0.00111252	0.00027332	4.20369e-005	6.15676e-006	3.20795e-007	5.45983e-008	8.05722e-009	1.81753e-010	4.82057e-011	4.40874e-012	2.6269e-013	9.66238e-015	0	9.0779e-015	3.69345e-015	1.51609e-013	9.59857e-014	8.02596e-015	1.30689e-014	9.7668e-015	6.03571e-015	4.4968e-015	3.4337e-015	7.29115e-015	9.52309e-015	9.7975e-015	0	0	0	0	0	0	0	0	0	3.09599e-015	0	0	0	4.30141e-015	0	3.2063e-015	2.06807e-015	6.93742e-015	8.24436e-015	6.75495e-015	1.02929e-014	

80	0.531	32	0	task-3:0.046	task-0:0.274	task-1:0.078	task-2:0.046	|	0.0337962	0.02	0.0199997	0.0196339	0.0343527	0.0325386	0.0188859	0.0152855	0.016538	0.0159243	0.0136626	0.00983916	0.00581317	0.0025822	0.00262765	0.000838195	0.00033123	0.00026078	0.000139792	4.59983e-005	1.16358e-005	5.67527e-006	3.05793e-006	1.40906e-006	8.44532e-008	5.65717e-009	2.02852e-010	3.3398e-012	2.53685e-014	0	0	0	0	0	0	0	0	0	0	0	0	0	0	0	0	0	0	0	0	0	0	0	0	0	0	0	0	0	0	0	0	0	0	0	0	0	0	0	0	0	0	0	0	0	0	0	0	0	0	0	

56	0.375	32	0	task-3:0.282	task-0:0.498	task-1:0.504	task-2:0.186	|	0.0365833	0.02	0.0199999	0.0198192	0.0566063	0.048226	0.023676	0.0178251	0.0155589	0.0102733	0.00390458	0.00151966	0.000351542	5.52705e-005	8.23217e-006	1.51527e-006	4.54881e-007	1.59069e-008	2.26074e-009	1.66416e-010	3.11725e-011	5.75559e-012	1.10355e-012	3.33924e-013	3.18863e-013	4.56837e-014	2.75424e-014	3.32534e-014	6.55409e-014	1.18742e-012	9.36453e-013	2.28024e-012	1.86075e-012	7.35284e-013	2.10618e-013	4.20242e-014	1.06882e-011	6.86741e-012	2.99556e-013	8.88385e-012	3.95877e-009	3.16065e-012	3.85045e-013	3.57379e-013	1.4806e-013	6.35824e-014	2.88604e-014	1.57394e-014	1.10635e-014	1.37277e-014	4.14765e-014	1.31871e-012	1.42721e-010	9.00498e-009	2.32929e-007	1.93012e-006	

69	0.468	32	0	task-3:0.058	task-0:0.366	task-1:0.166	task-2:0.04	|	0.0162794	0.0199974	0.0199383	0.0337207	0.0365933	0.0182693	0.018308	0.0147649	0.00652436	0.00661978	0.00486722	0.0044471	0.00212712	0.00101935	0.000481655	0.000223088	9.49483e-005	3.41823e-005	8.16928e-006	1.35611e-006	1.75799e-007	1.74857e-008	1.33272e-009	6.17152e-011	9.30902e-013	6.59455e-015	0	0	0	0	0	0	0	0	0	0	0	0	0	0	0	0	0	0	0	0	0	0	0	0	0	0	0	0	0	0	0	0	0	0	0	0	0	0	0	0	0	0.0198821	0.00899998	

56	0.374	32	0	task-3:0.506	task-0:0.498	task-1:0.382	task-2:0.494	|	0.066656	0.0199972	0.0199709	0.017136	0.0535963	0.044261	0.0212477	0.0166968	0.0161824	0.0151595	0.0130905	0.010411	0.00771231	0.0053171	0.00335046	0.00149779	0.00289579	0.000145507	5.36985e-005	1.59457e-006	2.96002e-007	1.33215e-007	4.29124e-007	2.09611e-008	1.23797e-010	2.66771e-009	1.24509e-010	1.48664e-011	5.33687e-012	2.98465e-012	3.36818e-012	1.81212e-013	6.03221e-014	5.12431e-015	2.01786e-015	0	5.10054e-014	3.21577e-013	5.52231e-012	3.08552e-010	5.66125e-009	1.21485e-009	3.76726e-010	7.10883e-011	1.32928e-011	5.4815e-012	1.01648e-012	0.00119897	1.4871e-005	3.0651e-014	4.74153e-014	1.97121e-014	0.00020534	2.0088e-005	8.61776e-014	7.98022e-015	

56	0.375	32	0	task-3:0.144	task-0:0.498	task-1:0.496	task-2:0.506	|	0.0211	0.02	0.0199998	0.0195769	0.054859	0.0415633	0.0196466	0.0166575	0.0152018	0.0126176	0.0102945	0.00609299	0.00298327	0.00156953	0.000253978	8.50995e-006	3.52795e-007	8.07299e-008	2.33273e-009	3.376e-012	0	4.99776e-015	0	0	0	0	0	0	0	0	0	0	0	0	5.5085e-015	0	0	0	7.65839e-015	0	5.24676e-015	2.99769e-013	3.1519e-013	3.11536e-014	2.63722e-014	2.06902e-014	8.98387e-015	4.73926e-015	1.90389e-015	8.87918e-015	1.14864e-014	9.29409e-015	5.68358e-015	5.4619e-015	4.06604e-015	5.50256e-015	

60	0.406	32	0	task-3:0.084	task-0:0.332	task-1:0.268	task-2:0.1	|	0.0223209	0.02	0.0199998	0.019741	0.0283803	0.0289359	0.0138638	0.0146035	0.00968792	0.0057869	0.00576791	0.00322549	0.0024546	0.00181167	0.000737124	0.000249952	7.55511e-005	1.76482e-005	3.24462e-006	4.15788e-007	3.4739e-008	1.86039e-009	4.87284e-011	5.34813e-013	7.10608e-015	0	0	0	0	0	0	0	0	0	0	0	0	0	0	0	0	0	0	0	0	2.03652e-015	1.25214e-014	0	0	0	0	0	0	0	0	0	0	0	0	0	

56	0.375	32	0	task-3:0.506	task-0:0.214	task-1:0.496	task-2:0.494	|	0.0577616	0.02	0.0199998	0.0197258	0.0358102	0.0337643	0.0235243	0.0198188	0.0148144	0.0106203	0.00803758	0.00457324	0.00209514	0.000707262	0.000232371	7.60306e-005	1.97482e-005	3.85437e-006	5.90661e-007	5.68555e-008	2.72574e-009	7.01572e-011	9.77939e-013	4.7963e-015	1.94679e-014	0	0	0	0	0	0	0	0	0	0	0	0	0	0	0	0	0	0	0	0	0	0	0	0	0	0	0	0	0	0	0	

57	0.39	32	0	task-3:0.106	task-0:0.498	task-1:0.114	task-2:0.592	|	0.0164299	0.0799999	0.0799988	0.0775398	0.0144225	0.0168392	0.0142871	0.014076	0.0136477	0.0119572	0.00780279	0.00336835	0.00144277	0.000438946	8.5613e-005	3.07003e-005	2.12815e-006	1.5046e-007	7.04657e-007	1.0128e-008	4.48929e-010	5.65104e-009	6.64251e-010	1.03174e-011	1.78262e-011	2.42896e-012	2.05409e-014	0	0	0	0	0	0	0	0	0	0	1.99214e-015	0	0	0	0	0	0	0	0	0	0	0	0	2.38954e-015	0	0	0	0	0	0	

