8	0	0	0	task-3:0.116	task-0:0.448	task-1:0.09	task-2:0.042	|	0.0180891	0.0164827	0.01304	0.0104091	0.00943683	0.00786886	0.00582115	0.00323384	0.000748234	

9	0	0	0	task-3:0.056	task-0:0.456	task-1:0.13	task-2:0.068	|	0.046882	0.0431574	0.0323635	0.0182862	0.0166641	0.0153272	0.0134558	0.0109168	0.00569066	0.000694667	

7	0	0	0	task-3:0.06	task-0:0.38	task-1:0.234	task-2:0.076	|	0.0184371	0.0177717	0.0161695	0.0141103	0.0119126	0.00811269	0.00320736	0.000727001	

6	0.016	0	0	task-3:0.078	task-0:0.404	task-1:0.186	task-2:0.08	|	0.016167	0.015774	0.0147694	0.0131944	0.0107909	0.00666326	0.00209444	

9	0	0	0	task-3:0.06	task-0:0.46	task-1:0.154	task-2:0.07	|	0.0437775	0.0398138	0.0288801	0.016642	0.0155968	0.0141343	0.0121146	0.00931384	0.00409916	0.000488903	

8	0	0	0	task-3:0.08	task-0:0.462	task-1:0.126	task-2:0.058	|	0.0312905	0.0271805	0.017613	0.0109221	0.0102525	0.00900013	0.00694226	0.00416019	0.00126304	

6	0.015	0	0	task-3:0.114	task-0:0.428	task-1:0.154	task-2:0.068	|	0.0143053	0.0137608	0.0124718	0.0108936	0.00908351	0.00606814	0.0024769	

8	0	0	0	task-3:0.062	task-0:0.43	task-1:0.168	task-2:0.08	|	0.0249284	0.0222447	0.0163842	0.0120959	0.010998	0.00917383	0.00661265	0.00331114	0.000567842	

6	0	0	0	task-3:0.076	task-0:0.422	task-1:0.15	task-2:0.09	|	0.0167404	0.0164262	0.0155908	0.0141271	0.011723	0.00728889	0.00208173	

8	0	0	0	task-3:0.072	task-0:0.442	task-1:0.176	task-2:0.06	|	0.0297664	0.0264141	0.018793	0.0130421	0.0120474	0.0102966	0.00755468	0.00397367	0.000711521	

7	0	0	0	task-3:0.026	task-0:0.406	task-1:0.154	task-2:0.116	|	0.0186926	0.0183955	0.0176018	0.0161937	0.0139546	0.00948203	0.00290938	0.000754973	

8	0.015	0	0	task-3:0.05	task-0:0.484	task-1:0.284	task-2:0.054	|	0.0265412	0.0241244	0.0186864	0.0141953	0.0132056	0.0115216	0.0089539	0.00538389	0.00120613	

8	0	0	0	task-3:0.136	task-0:0.432	task-1:0.096	task-2:0.074	|	0.0242661	0.0215823	0.0157582	0.0115765	0.0104799	0.00866841	0.00616844	0.00302431	0.000579885	

8	0	0	0	task-3:0.056	task-0:0.452	task-1:0.156	task-2:0.074	|	0.0299451	0.0261162	0.0173194	0.0111896	0.0104455	0.00918615	0.00735025	0.00502773	0.0018566	

8	0	0	0	task-3:0.08	task-0:0.454	task-1:0.164	task-2:0.08	|	0.0254899	0.0237934	0.019892	0.0160386	0.0146655	0.0122008	0.00790165	0.00250929	0.000619961	

8	0	0	0	task-3:0.046	task-0:0.376	task-1:0.228	task-2:0.068	|	0.0282434	0.0264926	0.0223547	0.0179281	0.0166649	0.0145207	0.0106573	0.00406499	0.00046159	

6	0	0	0	task-3:0.108	task-0:0.396	task-1:0.078	task-2:0.07	|	0.0159193	0.0155049	0.0144557	0.0128566	0.0104554	0.0064492	0.00212876	

8	0	0	0	task-3:0.07	task-0:0.448	task-1:0.206	task-2:0.072	|	0.0346422	0.0314298	0.0235894	0.0162719	0.0153982	0.0138783	0.0114322	0.00752658	0.00188408	

7	0	0	0	task-3:0.066	task-0:0.402	task-1:0.118	task-2:0.076	|	0.0147073	0.0139264	0.0121692	0.0104078	0.00896088	0.00659143	0.00356814	0.000999187	

8	0.015	0	0	task-3:0.186	task-0:0.448	task-1:0.058	task-2:0.074	|	0.0338032	0.0299674	0.0208117	0.0135836	0.0127486	0.0112055	0.00862484	0.00491239	0.00109226	

8	0	0	0	task-3:0.15	task-0:0.444	task-1:0.176	task-2:0.058	|	0.0264666	0.023786	0.0178307	0.0132574	0.012176	0.0103725	0.0077784	0.00420188	0.000769112	

7	0	0	0	task-3:0.084	task-0:0.394	task-1:0.118	task-2:0.1	|	0.01526	0.0145282	0.0128525	0.0110556	0.00947311	0.00677515	0.003221	0.000827983	

7	0	0	0	task-3:0.084	task-0:0.434	task-1:0.152	task-2:0.084	|	0.0262337	0.0247994	0.0214215	0.0176878	0.0162655	0.0137406	0.00904313	0.00241047	

7	0	0	0	task-3:0.144	task-0:0.45	task-1:0.144	task-2:0.078	|	0.0152027	0.0141286	0.011794	0.00982466	0.00874775	0.00706465	0.00497632	0.00240878	

7	0	0	0	task-3:0.096	task-0:0.418	task-1:0.15	task-2:0.072	|	0.021626	0.0204987	0.017881	0.0150249	0.0133219	0.0101592	0.00499659	0.00111737	

6	0	0	0	task-3:0.112	task-0:0.42	task-1:0.232	task-2:0.072	|	0.0122935	0.011857	0.0108156	0.00950609	0.00785591	0.00520137	0.00220458	

7	0	0	0	task-3:0.082	task-0:0.422	task-1:0.314	task-2:0.116	|	0.0173213	0.0171871	0.0167867	0.0158564	0.0137677	0.00928528	0.00323257	0.00112737	

8	0.016	0	0	task-3:0.078	task-0:0.444	task-1:0.15	task-2:0.15	|	0.0240333	0.021988	0.0174095	0.0136263	0.012487	0.0108168	0.00887759	0.00581721	0.00173028	

6	0	0	0	task-3:0.072	task-0:0.398	task-1:0.064	task-2:0.066	|	0.0138637	0.0135337	0.0126848	0.0113263	0.00917217	0.00556593	0.00171908	

7	0	0	0	task-3:0.08	task-0:0.428	task-1:0.148	task-2:0.042	|	0.0190017	0.0185324	0.0173438	0.0155358	0.0131803	0.00879974	0.00287571	0.000706758	

8	0.016	0	0	task-3:0.062	task-0:0.45	task-1:0.124	task-2:0.088	|	0.0352451	0.0317965	0.0233685	0.0157381	0.0148684	0.013316	0.0107642	0.00675924	0.00156447	

8	0	0	0	task-3:0.072	task-0:0.416	task-1:0.182	task-2:0.09	|	0.0369114	0.0326768	0.0219483	0.0130159	0.0122523	0.0107425	0.00804426	0.00406622	0.00101718	

9	0.015	0	0	task-3:0.074	task-0:0.468	task-1:0.372	task-2:0.054	|	0.0433135	0.0395759	0.029295	0.0174095	0.016295	0.014905	0.0132682	0.0110143	0.0062629	0.000975341	

8	0	0	0	task-3:0.05	task-0:0.436	task-1:0.424	task-2:0.05	|	0.0439737	0.0395853	0.0272925	0.0144325	0.0134189	0.0116533	0.00882684	0.00491334	0.000951163	

7	0	0	0	task-3:0.082	task-0:0.39	task-1:0.272	task-2:0.056	|	0.0202383	0.0191298	0.0165952	0.0139735	0.0122096	0.00918752	0.00486404	0.00109051	

8	0.016	0	0	task-3:0.044	task-0:0.448	task-1:0.088	task-2:0.072	|	0.0196004	0.0180213	0.0145844	0.0117981	0.0106821	0.00883415	0.00626974	0.00303521	0.000572785	

8	0	0	0	task-3:0.07	task-0:0.45	task-1:0.12	task-2:0.12	|	0.0278902	0.0243904	0.0165736	0.0111295	0.0102915	0.00883066	0.00663473	0.00391518	0.00102757	

8	0	0	0	task-3:0.04	task-0:0.426	task-1:0.148	task-2:0.074	|	0.0234329	0.0218184	0.0181536	0.0147212	0.0132535	0.0108524	0.00738427	0.00266149	0.000550134	

8	0	0	0	task-3:0.158	task-0:0.438	task-1:0.112	task-2:0.052	|	0.0300376	0.0263275	0.017858	0.0118406	0.0109803	0.00951331	0.00732667	0.00452139	0.00125563	

7	0	0	0	task-3:0.052	task-0:0.382	task-1:0.172	task-2:0.168	|	0.0199017	0.0192949	0.0178029	0.0157433	0.013581	0.00957532	0.00368785	0.000696508	

7	0.016	0	0	task-3:0.08	task-0:0.43	task-1:0.176	task-2:0.058	|	0.0255273	0.0242265	0.0211582	0.0176792	0.0162046	0.0135263	0.00842869	0.0019503	

6	0	0	0	task-3:0.07	task-0:0.372	task-1:0.316	task-2:0.096	|	0.015657	0.015407	0.0147193	0.013403	0.0109814	0.00662325	0.00190555	

8	0	0	0	task-3:0.078	task-0:0.44	task-1:0.084	task-2:0.056	|	0.0345545	0.0310461	0.0225769	0.0152097	0.0143216	0.0127294	0.0101138	0.00613318	0.00135587	

8	0.016	0	0	task-3:0.056	task-0:0.454	task-1:0.174	task-2:0.064	|	0.0227618	0.0206072	0.0159171	0.0123309	0.0112894	0.0095729	0.00718978	0.00400601	0.000840304	

7	0	0	0	task-3:0.058	task-0:0.432	task-1:0.13	task-2:0.05	|	0.0175368	0.0173043	0.0166599	0.015402	0.0130935	0.00850468	0.00256716	0.000825953	

8	0	0	0	task-3:0.078	task-0:0.458	task-1:0.078	task-2:0.05	|	0.0305359	0.0275834	0.0207492	0.014999	0.0140197	0.0123202	0.00961578	0.00566234	0.00113116	

8	0	0	0	task-3:0.08	task-0:0.472	task-1:0.086	task-2:0.052	|	0.0370184	0.032395	0.0207202	0.011679	0.0109573	0.00943852	0.00663456	0.0028828	0.00118095	

8	0	0	0	task-3:0.07	task-0:0.454	task-1:0.158	task-2:0.07	|	0.0438739	0.0395374	0.0275101	0.0149217	0.0139565	0.0123133	0.00968834	0.00593816	0.00144275	

8	0.016	0	0	task-3:0.076	task-0:0.422	task-1:0.152	task-2:0.05	|	0.0204713	0.0188879	0.0154221	0.0125459	0.0113155	0.00937594	0.00683814	0.00333703	0.000543924	

7	0	0	0	task-3:0.122	task-0:0.38	task-1:0.108	task-2:0.148	|	0.019079	0.0181415	0.0159772	0.0136156	0.011741	0.00852027	0.00408622	0.000867117	

9	0	0	0	task-3:0.056	task-0:0.454	task-1:0.062	task-2:0.094	|	0.0461025	0.042227	0.03116	0.0175297	0.0161544	0.0146869	0.0126618	0.00988141	0.00452201	0.000495912	

8	0	0	0	task-3:0.062	task-0:0.384	task-1:0.156	task-2:0.046	|	0.0354154	0.0308359	0.0194497	0.0110796	0.0103293	0.00874402	0.00592032	0.00277047	0.00101519	

9	0	0	0	task-3:0.048	task-0:0.47	task-1:0.08	task-2:0.132	|	0.047729	0.04413	0.0335778	0.019124	0.0172412	0.0160555	0.0144026	0.0122543	0.00763577	0.00135148	

8	0.016	0	0	task-3:0.078	task-0:0.416	task-1:0.136	task-2:0.07	|	0.0465242	0.0420916	0.0291188	0.0143617	0.0131155	0.0110496	0.00775659	0.00358276	0.000634754	

6	0	0	0	task-3:0.08	task-0:0.368	task-1:0.108	task-2:0.108	|	0.013004	0.0128391	0.0123517	0.011254	0.00902183	0.00534027	0.00206433	

6	0	0	0	task-3:0.072	task-0:0.376	task-1:0.154	task-2:0.21	|	0.0139742	0.0137519	0.0131326	0.0119088	0.00961434	0.00568294	0.0017863	

8	0.016	0	0	task-3:0.046	task-0:0.446	task-1:0.224	task-2:0.066	|	0.0394849	0.0349086	0.0229957	0.0127835	0.0120436	0.0106111	0.00812611	0.00449958	0.00113468	

8	0	0	0	task-3:0.07	task-0:0.45	task-1:0.168	task-2:0.076	|	0.0345585	0.0312321	0.0231558	0.0158433	0.0149575	0.013393	0.0108455	0.00684558	0.00157342	

7	0	0	0	task-3:0.146	task-0:0.402	task-1:0.114	task-2:0.072	|	0.0153953	0.0147621	0.0132781	0.0115279	0.00967887	0.00657896	0.00278093	0.000778308	

7	0	0	0	task-3:0.08	task-0:0.434	task-1:0.098	task-2:0.136	|	0.0335444	0.0289885	0.0179334	0.0102122	0.00949038	0.00799242	0.00538381	0.00247528	

