71	0.474	16	0	task-3:0.028	task-0:0.038	task-1:0.056	task-2:0.082	|	0.0717123	0.138039	0.134979	0.0859568	0.0516682	0.0467279	0.0523733	0.0522315	0.0414582	0.0395943	0.0349018	0.0268654	0.0197175	0.0142972	0.0119874	0.0117657	0.0105053	0.00941963	0.00896982	0.00728279	0.00596535	0.00490629	0.00375632	0.00277364	0.00196892	0.00181666	0.00178226	0.000886391	0.00102694	0.000589531	0.000420229	0.000404504	0.000299096	0.000190695	0.000112476	6.70339e-005	4.10008e-005	2.39005e-005	1.34138e-005	7.14038e-006	3.49693e-006	1.54824e-006	6.30694e-007	2.31348e-007	7.22982e-008	1.84005e-008	2.82189e-009	6.55997e-010	2.1852e-010	7.27927e-011	3.99616e-011	1.92587e-011	1.53429e-011	5.01133e-012	1.83402e-012	1.14721e-012	7.40469e-013	3.16098e-013	1.57017e-013	8.10903e-014	3.02597e-014	1.60124e-014	9.9754e-015	6.74793e-015	3.68194e-015	2.27813e-015	0	2.99018e-015	5.43816e-015	3.46619e-015	4.38431e-015	

84	0.878	16	0	task-3:0.052	task-0:0.05	task-1:0.16	task-2:0.238	|	0.0682446	0.0799791	0.0799186	0.0769282	0.0496507	0.0930312	0.0905158	0.0764192	0.0643621	0.0552378	0.0534223	0.0526396	0.0514575	0.0505254	0.0480542	0.0440205	0.0374292	0.0266606	0.0178325	0.00997386	0.00499423	0.0035131	0.00267512	0.00270868	0.00135097	0.00145806	0.000895321	0.00070355	0.00107764	0.00127686	0.000327738	0.000337726	0.000263491	0.000196976	0.000163514	0.000120556	9.98363e-005	6.96997e-005	4.71102e-005	2.95049e-005	1.4091e-005	9.28777e-006	4.37131e-006	1.67639e-006	6.4045e-007	2.31476e-007	1.27718e-007	4.59291e-008	1.86841e-008	7.1424e-009	2.57783e-009	8.40642e-010	2.37986e-010	4.32432e-011	3.93004e-012	3.23838e-013	9.9924e-014	1.11563e-014	8.89899e-015	1.91081e-015	0	0	0	0	0	0	0	0	0	0	0	0	0	0	0	0	0	0	0	0	0	0	0	0	

81	0.861	16	0	task-3:0.098	task-0:0.098	task-1:0.162	task-2:0.27	|	0.0712251	0.0798711	0.0790897	0.0703569	0.0511189	0.0489537	0.0447243	0.02956	0.019489	0.0170202	0.0169569	0.0171274	0.0171373	0.0170598	0.0169718	0.0168689	0.0166918	0.0166806	0.0167219	0.016632	0.0165129	0.0164191	0.0163389	0.0161973	0.0159139	0.0156448	0.0153176	0.0149077	0.0143954	0.0137606	0.00199439	0.0024606	0.00147776	0.0205439	0.0397569	0.0386455	0.0358638	0.0275396	0.00902916	0.000553421	1.06469e-005	4.55426e-007	4.367e-008	6.15894e-009	8.7976e-010	4.33488e-011	7.53428e-013	6.4978e-015	0	0	0	0	0	0.02	4.45715e-010	1.0671e-011	1.11683e-008	0.00612201	4.35935e-006	8.85061e-005	8.31963e-005	2.40352e-006	3.16919e-008	3.75632e-010	0.0195711	0.0122004	1.08323e-005	2.86181e-009	2.49044e-012	1.33939e-013	0	0	0.02	0.02	0	0	0	0.02	0.02	0	0	

85	0.865	16	0	task-3:0.018	task-0:0.018	task-1:0.238	task-2:0.27	|	0.0588502	0.0785581	0.0744743	0.054758	0.064992	0.0649898	0.0566738	0.0527232	0.0507977	0.0473107	0.0433454	0.0383455	0.0329006	0.0278427	0.023326	0.0202575	0.0185098	0.0176956	0.0174396	0.0176261	0.0173972	0.0171738	0.0170569	0.0169548	0.0167665	0.0164906	0.0161665	0.0155952	0.0146676	0.013271	0.0112816	0.00869108	0.00669199	0.00560675	0.00734184	0.00685898	0.00532923	0.00537607	0.00540034	0.00495156	0.00436464	0.00385416	0.00323389	0.00267493	0.00216205	0.00169086	0.00116075	0.000965118	0.000788728	0.000618115	0.000464073	0.000332481	0.000235304	0.000158644	9.72117e-005	2.31288e-005	4.38202e-006	4.43186e-007	2.90677e-008	1.13519e-009	9.05921e-011	3.80624e-009	4.34467e-010	7.3731e-012	3.26997e-012	1.69813e-012	4.86188e-013	1.24134e-013	2.6886e-014	4.87233e-015	3.25829e-015	1.88387e-013	1.19047e-014	1.02177e-006	0	0	0	0	0	0	0	0	0	0	2.47875e-015	

82	0.856	16	0	task-3:0.022	task-0:0.054	task-1:0.062	task-2:0.204	|	0.0565671	0.07994	0.0795235	0.0678217	0.044494	0.0412942	0.0371849	0.0333422	0.0271817	0.0215843	0.0186659	0.0176242	0.0167436	0.0157775	0.0138895	0.0117588	0.0107769	0.00861822	0.00769873	0.00834569	0.00736166	0.00650824	0.00664786	0.0072183	0.00849652	0.00911446	0.00950774	0.00989071	0.0101543	0.0100694	0.00972078	0.00939795	0.00874931	0.00803293	0.00713345	0.0062126	0.00550767	0.00492513	0.00449531	0.00396055	0.0032972	0.00267995	0.00216777	0.00175817	0.00161442	0.00126473	0.000855612	0.000785792	0.000706577	0.000616216	0.000516532	0.000410585	0.000363736	0.000293462	0.000273389	0.000231485	0.000194226	0.000162311	0.00013656	0.00011547	9.31194e-005	9.45299e-005	6.72926e-005	5.50673e-005	4.82155e-005	3.98665e-005	3.66541e-005	3.00716e-005	2.56953e-005	2.16745e-005	1.84381e-005	1.47946e-005	1.40647e-005	1.11206e-005	9.311e-006	7.54915e-006	6.13048e-006	4.98779e-006	3.856e-006	3.47663e-006	2.74168e-006	2.27642e-006	

90	0.881	16	0	task-3:0.064	task-0:0.094	task-1:0.142	task-2:0.04	|	0.0573719	0.079596	0.0757264	0.053467	0.0543927	0.052256	0.0425216	0.0362002	0.0289234	0.0216989	0.01751	0.0164743	0.0163416	0.0160318	0.015429	0.015124	0.0150688	0.0148259	0.0132322	0.0103174	0.00427355	0.00295029	0.0196546	0.0185022	0.0174383	0.0355502	0.0338186	0.030345	0.00707874	0.0242619	0.0240359	0.0032346	0.00231725	0.0018851	0.00134459	0.000897916	0.000473485	0.000230023	8.58576e-005	2.64328e-005	6.72622e-006	1.31472e-006	2.26427e-007	4.36143e-008	0.02	0.0347258	0.0203005	0.02	0.02	0.0199659	3.16035e-007	0.0200044	0.0200001	0.0199993	0.0190989	1.67212e-006	7.82845e-008	0.000536262	0.000172146	3.13e-005	4.74733e-006	4.63599e-007	2.70844e-008	9.68218e-010	2.91522e-011	1.8918e-012	1.45937e-013	7.26968e-015	0	6.77971e-015	3.78594e-005	0.02	0.0225007	0.0200157	0.0240832	0.0200036	0.0400002	0.02	0.0199951	4.08198e-005	3.5956e-013	1.24747e-013	8.45734e-013	2.63722e-008	3.91796e-009	3.8589e-010	2.39552e-011	9.76283e-013	2.01307e-014	4.07571e-015	

90	0.945	16	0	task-3:0.064	task-0:0.094	task-1:0.142	task-2:0.04	|	0.0573719	0.079596	0.0757264	0.053467	0.0543927	0.052256	0.0425216	0.0362002	0.0289234	0.0216989	0.01751	0.0164743	0.0163416	0.0160318	0.015429	0.015124	0.0150688	0.0148259	0.0132322	0.0103174	0.00427355	0.00295029	0.0196546	0.0185022	0.0174383	0.0355502	0.0338186	0.030345	0.00707874	0.0242619	0.0240359	0.0032346	0.00231725	0.0018851	0.00134459	0.000897916	0.000473485	0.000230023	8.58576e-005	2.64328e-005	6.72622e-006	1.31472e-006	2.26427e-007	4.36143e-008	0.02	0.0347258	0.0203005	0.02	0.02	0.0199659	3.16035e-007	0.0200044	0.0200001	0.0199993	0.0190989	1.67212e-006	7.82845e-008	0.000536262	0.000172146	3.13e-005	4.74733e-006	4.63599e-007	2.70844e-008	9.68218e-010	2.91522e-011	1.8918e-012	1.45937e-013	7.26968e-015	0	6.77971e-015	3.78594e-005	0.02	0.0225007	0.0200157	0.0240832	0.0200036	0.0400002	0.02	0.0199951	4.08198e-005	3.5956e-013	1.24747e-013	8.45734e-013	2.63722e-008	3.91796e-009	3.8589e-010	2.39552e-011	9.76283e-013	2.01307e-014	4.07571e-015	

84	0.865	16	0	task-3:0.004	task-0:0.014	task-1:0.186	task-2:0.04	|	0.0884159	0.0799717	0.0799346	0.076052	0.058854	0.0595968	0.0529676	0.0505752	0.0394738	0.0321329	0.0313858	0.0307152	0.030113	0.0273126	0.0260165	0.0250283	0.0226405	0.0204754	0.0188918	0.0177196	0.0166138	0.0157553	0.0148116	0.0119912	0.010968	0.0111398	0.00960027	0.0086852	0.00743568	0.00621796	0.00458746	0.0034643	0.0030379	0.00219036	0.00171831	0.00133111	0.0010758	0.000997218	0.000903954	0.00108273	0.00136008	0.00208407	0.00332503	0.00290763	0.00292893	0.00367303	0.00318179	0.00316777	0.00332623	0.00348816	0.00371189	0.00393218	0.00352203	0.0034255	0.00304659	0.00277892	0.00239725	0.00209721	0.00183548	0.0014873	0.0013957	0.00113023	0.00101361	0.00090097	0.000778958	0.000665196	0.000653655	0.000564849	0.000522212	0.000440547	0.000387053	0.000352876	0.000324977	0.000309463	0.000279846	0.000256654	0.000222811	0.000216351	0.000201664	0.000182106	0.000166761	0.00015025	0.000132464	0.00011596	

136	1.354	16	0	task-3:0.044	task-0:0.016	task-1:0.144	task-2:0.078	|	0.132339	0.0785104	0.0758257	0.0569422	0.076037	0.0663552	0.045244	0.037205	0.0258121	0.0220523	0.0209799	0.0190034	0.0169206	0.0152794	0.0140081	0.0131883	0.0128863	0.0123897	0.0116706	0.0132144	0.0133136	0.0114925	0.0104542	0.0101694	0.00119959	0.000928935	0.0169296	0.0106547	0.000494656	1.45994e-007	0.0162576	0.0189556	0.0125169	0.000897967	0.000389164	0.000418376	4.30611e-005	2.09143e-005	0.0199927	0.0198489	0.00260917	1.87844e-006	4.8773e-011	3.3132e-009	1.52152e-007	2.12367e-010	1.48132e-012	2.29761e-012	4.10071e-013	1.12114e-011	3.26614e-011	3.13819e-012	1.08924e-012	1.35562e-012	1.50733e-012	5.75562e-013	1.90335e-013	1.07897e-013	6.96553e-014	4.3057e-014	2.46416e-014	7.68314e-015	2.14589e-015	0	0	0	2.37704e-015	0	0	0	0	0	0	0	0	1.96438e-015	0	0	5.83525e-015	4.68736e-015	4.48982e-015	1.29117e-014	2.43303e-013	2.69585e-010	1.58725e-006	2.54564e-005	1.86986e-005	4.22436e-006	4.86938e-007	6.32529e-008	1.65385e-007	4.42174e-008	3.89611e-009	2.68453e-009	1.03911e-009	1.66575e-009	8.4559e-010	4.79509e-010	2.92958e-010	1.11346e-010	6.38503e-011	4.2238e-011	2.04691e-011	7.85593e-012	2.84943e-012	1.66686e-012	5.74017e-013	1.58942e-013	3.87636e-014	9.39796e-015	0	7.72354e-015	0	1.88503e-015	5.68374e-011	3.54805e-008	5.15125e-011	0	2.87999e-015	0.04	0.04	1.33919e-011	1.51244e-013	1.34895e-013	0	1.26835e-012	0	0	0	0	0	0	0	0	0	0	

106	1.067	16	0	task-3:0.016	task-0:0.012	task-1:0.08	task-2:0.034	|	0.0471165	0.0799609	0.0798568	0.0763776	0.0520998	0.067199	0.0547661	0.0496096	0.0519426	0.0507972	0.0457478	0.0414314	0.0390068	0.0329541	0.0326401	0.0306831	0.0254829	0.021449	0.0175874	0.0144213	0.0112778	0.00831558	0.00669891	0.00535579	0.00438097	0.00366559	0.00293445	0.0023866	0.00196847	0.00215567	0.0017039	0.00187094	0.00218532	0.00195735	0.0019671	0.00210185	0.00232549	0.00251191	0.00261564	0.002874	0.00279864	0.00273862	0.00278605	0.00264861	0.00258917	0.00247067	0.00242298	0.00221616	0.00203629	0.00185153	0.00164782	0.00137458	0.00113355	0.000901152	0.000679763	0.000848032	0.000600456	0.000515593	0.000464153	0.000486264	0.000502814	0.000459031	0.000412317	0.000362538	0.000294517	0.000256154	0.000224458	0.000188793	0.000153295	0.000119266	8.69805e-005	5.94827e-005	3.73895e-005	2.0871e-005	9.5116e-006	3.92397e-006	2.20793e-006	5.23095e-007	1.63726e-007	3.31501e-008	4.90902e-009	4.87178e-010	3.01423e-011	1.06799e-012	1.93959e-014	0	0	0	4.32579e-015	1.57106e-009	1.16791e-009	8.45041e-013	1.4514e-014	9.08391e-014	6.98215e-013	7.2286e-011	1.66377e-006	0.0332615	3.08355e-007	0.0200003	0.02	1.15731e-009	9.64586e-012	7.8497e-014	4.31983e-014	2.09125e-012	

122	1.24	16	0	task-3:0.006	task-0:0.004	task-1:0.208	task-2:0.074	|	0.0598039	0.079948	0.0794913	0.0689301	0.0507203	0.0484491	0.050719	0.0495433	0.050485	0.0472367	0.0431521	0.0358638	0.0239678	0.0204362	0.0193789	0.0184155	0.0174676	0.0164001	0.0151852	0.0135209	0.0116596	0.0096587	0.00786776	0.00727806	0.0210695	0.0266012	0.0233007	0.03201	0.0381278	0.0390487	0.0465851	0.04053	0.0327845	0.0254881	0.0178458	0.0122512	0.00933104	0.00777435	0.00579757	0.00418377	0.0104974	0.0122315	0.0136093	0.0140745	0.0124615	0.015508	0.0146517	0.00849221	0.0149086	0.0136947	0.00757943	0.00775346	0.00752548	0.00724796	0.00644824	0.00664844	0.00605052	0.00519817	0.00499111	0.00497977	0.00476394	0.000843412	0.000482295	0.00417226	0.00425198	0.00432673	0.00425936	0.00411393	0.00394458	0.00365569	0.0033853	0.00301716	2.50224e-006	6.98552e-007	4.20229e-008	6.5797e-009	8.97185e-010	8.89101e-011	5.58647e-012	2.01575e-013	0	0	0	0	0	0	0	0	0	0	0	0	3.06976e-015	0	0	3.04337e-012	4.02837e-008	5.85189e-010	3.12329e-015	0	0.02	0.02	0.0199981	0.0146796	2.22737e-009	0	0	0	0	0	0	2.49762e-015	0	0	0	0	0	0	0	0	0	0	

69	0.488	16	0	task-3:0.046	task-0:0.082	task-1:0.126	task-2:0.096	|	0.0928784	0.0799502	0.0798986	0.0728637	0.0638815	0.0795952	0.0586151	0.0392728	0.0443713	0.032471	0.0245766	0.0231827	0.0175203	0.01281	0.00912544	0.00617038	0.00433483	0.00294287	0.00180893	0.0012269	0.000739683	0.000421525	0.000223817	0.000112336	4.92597e-005	1.72443e-005	5.64786e-006	1.67357e-006	5.963e-007	6.12864e-007	1.25561e-007	5.99423e-007	1.02871e-006	3.78678e-007	1.37526e-007	1.66765e-007	2.27757e-007	3.62875e-007	5.67995e-007	7.43658e-007	7.80725e-007	1.003e-006	6.9679e-007	6.27129e-007	5.12917e-007	5.8407e-007	4.71984e-007	3.48124e-007	2.85643e-007	2.32569e-007	1.85102e-007	1.17639e-007	8.59552e-008	6.69868e-008	5.452e-008	4.38076e-008	3.59351e-008	3.02732e-008	2.57299e-008	2.07175e-008	1.78056e-008	1.52631e-008	1.31532e-008	1.08626e-008	6.40836e-009	3.46507e-009	2.58426e-009	1.91818e-009	1.47771e-009	

122	0.462	16	0	task-3:0.05	task-0:0.028	task-1:0.216	task-2:0.078	|	0.0979271	0.0799332	0.0797888	0.0736994	0.0589219	0.0522972	0.0484873	0.0487284	0.0482698	0.0473003	0.045892	0.0447169	0.0419508	0.0386391	0.0340842	0.0294322	0.0245989	0.0108001	0.00688329	0.00413725	0.00610221	0.0108614	0.0141952	0.0175535	0.0173746	0.0170381	0.0167303	0.0162058	0.0154716	0.0145027	0.0132909	0.0122036	0.0111214	0.0105998	0.0116675	0.0150499	0.017418	0.0179036	0.0170394	0.0157806	0.0145474	0.0128909	0.0111717	0.0105619	0.00776993	0.00858856	0.00787582	0.00714066	0.0069397	0.00648371	0.00602854	0.00559701	0.00515767	0.00471808	0.0041075	0.0035444	0.0030055	0.00252191	0.0228711	0.00232946	0.00259163	0.00259374	0.0021152	0.00263709	0.0225883	0.01008	0.0624329	0.0620837	0.00190017	0.00189657	0.00192839	0.00191551	0.0018877	0.00185306	0.001806	0.00176265	0.00171157	0.00165902	0.00164251	0.00162734	0.0016171	0.00152824	0.00146332	0.00139682	0.00133268	0.00130993	0.00127708	0.00125254	0.0011621	0.00110218	0.00105361	0.00101425	0.000966731	0.00091455	0.00085772	0.000846672	0.000776976	0.000732295	0.000674269	0.000629155	0.000592391	0.000565661	0.000518269	0.000511699	0.00051182	0.000479206	0.000454734	0.000432599	0.000414591	0.000398207	0.000387753	0.000382617	0.000349812	0.000328321	0.000309566	0.000303313	0.00029697	0.00027805	0.000264451	0.000252473	0.000243409	0.000234241	

73	0.243	16	0	task-3:0.142	task-0:0.182	task-1:0.282	task-2:0.048	|	0.0535077	0.1393	0.13602	0.0938285	0.0519394	0.0516182	0.0511283	0.0500871	0.0491181	0.0479557	0.0466665	0.0453875	0.0440275	0.0428627	0.0421305	0.0411108	0.0400474	0.0385255	0.0339724	0.0285198	0.021411	0.0150151	0.00989576	0.0062377	0.00496992	0.00177279	0.000459802	0.000163515	0.000221142	0.000101234	6.42443e-005	5.20417e-005	3.30169e-005	1.89582e-005	1.02837e-005	5.09883e-006	2.24876e-006	9.16242e-007	0.00818675	0.0192276	0.0197621	0.0197855	0.0196994	0.0258814	0.0415601	0.0580689	0.063521	0.0461832	0.0274715	0.0453091	0.0448486	0.0278196	0.0199427	0.0197336	0.0184285	0.0179821	0.0179715	0.0178059	0.0177726	0.0177471	0.0177484	0.0177067	0.0176833	0.0176613	0.0176407	0.0176163	0.0175924	0.0175712	0.0175519	0.0175354	0.0175224	0.0175132	0.0175068	

73	0.244	16	0	task-3:0.142	task-0:0.182	task-1:0.282	task-2:0.048	|	0.0535077	0.1393	0.13602	0.0938285	0.0519394	0.0516182	0.0511283	0.0500871	0.0491181	0.0479557	0.0466665	0.0453875	0.0440275	0.0428627	0.0421305	0.0411108	0.0400474	0.0385255	0.0339724	0.0285198	0.021411	0.0150151	0.00989576	0.0062377	0.00496992	0.00177279	0.000459802	0.000163515	0.000221142	0.000101234	6.42443e-005	5.20417e-005	3.30169e-005	1.89582e-005	1.02837e-005	5.09883e-006	2.24876e-006	9.16242e-007	0.00818675	0.0192276	0.0197621	0.0197855	0.0196994	0.0258814	0.0415601	0.0580689	0.063521	0.0461832	0.0274715	0.0453091	0.0448486	0.0278196	0.0199427	0.0197336	0.0184285	0.0179821	0.0179715	0.0178059	0.0177726	0.0177471	0.0177484	0.0177067	0.0176833	0.0176613	0.0176407	0.0176163	0.0175924	0.0175712	0.0175519	0.0175354	0.0175224	0.0175132	0.0175068	

73	0.246	16	0	task-3:0.142	task-0:0.182	task-1:0.282	task-2:0.048	|	0.0535077	0.1393	0.13602	0.0938285	0.0519394	0.0516182	0.0511283	0.0500871	0.0491181	0.0479557	0.0466665	0.0453875	0.0440275	0.0428627	0.0421305	0.0411108	0.0400474	0.0385255	0.0339724	0.0285198	0.021411	0.0150151	0.00989576	0.0062377	0.00496992	0.00177279	0.000459802	0.000163515	0.000221142	0.000101234	6.42443e-005	5.20417e-005	3.30169e-005	1.89582e-005	1.02837e-005	5.09883e-006	2.24876e-006	9.16242e-007	0.00818675	0.0192276	0.0197621	0.0197855	0.0196994	0.0258814	0.0415601	0.0580689	0.063521	0.0461832	0.0274715	0.0453091	0.0448486	0.0278196	0.0199427	0.0197336	0.0184285	0.0179821	0.0179715	0.0178059	0.0177726	0.0177471	0.0177484	0.0177067	0.0176833	0.0176613	0.0176407	0.0176163	0.0175924	0.0175712	0.0175519	0.0175354	0.0175224	0.0175132	0.0175068	

93	0.314	16	0	task-3:0.018	task-0:0.016	task-1:0.122	task-2:0.04	|	0.0758292	0.0799754	0.0799221	0.0733337	0.0628745	0.0629383	0.0550515	0.0527892	0.0512425	0.0467978	0.0406097	0.03127	0.0176856	0.00796538	0.00397251	0.0145155	0.00222358	0.00554941	0.00372482	0.0021416	0.0019285	0.00158667	0.00140033	0.00134293	0.00147393	0.00133957	0.00112428	0.0010402	0.000994434	0.000917739	0.000858404	0.000847629	0.000810775	0.000717903	0.000594253	0.000590465	0.000339234	0.00024813	0.000205625	0.000166955	0.000143188	0.000114224	9.21777e-005	4.66235e-005	1.84043e-005	8.74906e-006	3.79247e-006	1.28789e-006	4.1831e-007	9.74493e-008	1.94978e-008	3.14013e-009	4.29682e-010	5.83623e-011	9.97197e-012	1.39113e-011	1.0688e-005	5.34537e-010	5.54339e-012	7.20523e-012	1.08921e-009	3.81983e-007	2.49144e-011	3.7573e-011	2.99622e-011	9.0208e-012	1.95524e-011	3.88416e-009	4.91043e-008	1.03767e-006	6.49904e-009	5.93368e-010	6.04347e-012	2.17574e-013	5.44782e-013	3.2065e-012	2.40762e-010	1.53637e-007	0.000475974	1.77874e-009	3.24524e-012	4.09902e-014	6.06347e-010	2.40659e-007	0.000185766	4.49065e-011	1.54383e-014	4.31545e-015	9.17944e-015	3.03423e-015	7.38188e-015	7.72965e-015	6.73907e-015	

82	0.275	16	0	task-3:0.046	task-0:0.046	task-1:0.092	task-2:0.124	|	0.0634111	0.0799916	0.0799671	0.0776786	0.0570312	0.0557805	0.0487702	0.0465076	0.0415689	0.0378741	0.0338239	0.0247501	0.0189555	0.0146859	0.0120671	0.00809525	0.00675222	0.00584936	0.00519595	0.00376803	0.00303123	0.00202467	0.00108079	0.000629126	0.000425477	0.00039235	0.000270852	0.000129485	0.000114788	0.000104893	6.98718e-005	5.26419e-005	4.49269e-005	2.82539e-005	1.72224e-005	8.97196e-005	2.10764e-005	2.15258e-006	1.51952e-006	6.03646e-007	3.17826e-007	6.7792e-007	2.74599e-007	1.29751e-007	9.9823e-008	7.25222e-008	5.59548e-008	4.43174e-008	2.69388e-008	1.75668e-008	1.17209e-008	2.8002e-009	8.94986e-010	2.76014e-010	8.18734e-011	2.38628e-011	6.4768e-012	4.29712e-013	3.74608e-014	5.85379e-015	2.11821e-014	6.1909e-015	0	2.51124e-015	5.31154e-015	7.60382e-015	9.76732e-015	1.25464e-014	2.556e-014	1.89139e-015	2.06421e-015	0	1.42062e-010	2.21281e-013	2.58563e-015	2.52568e-015	4.45558e-015	2.07807e-012	2.07505e-012	4.48732e-015	2.02691e-015	1.96448e-015	

63	0.213	16	0	task-3:0.058	task-0:0.058	task-1:0.114	task-2:0.134	|	0.0584699	0.0799959	0.0799888	0.0789819	0.0634083	0.0651283	0.048034	0.0323301	0.0235508	0.0199665	0.0190874	0.017309	0.0168002	0.0195274	0.016882	0.0149663	0.0145893	0.0138428	0.0124516	0.0108451	0.00909084	0.00732191	0.00567411	0.00452121	0.00404258	0.00386129	0.00402757	0.00426503	0.00432557	0.00372907	0.00278559	0.00205334	0.00160909	0.00157648	0.00128673	0.00107362	0.000996685	0.000915842	0.000894687	0.000796317	0.000631854	0.000541769	0.000472262	0.000412007	0.000310409	0.000281605	0.000245501	0.00019854	0.000176974	0.000150899	0.000132072	0.000104533	8.38094e-005	6.44743e-005	4.25933e-005	3.1779e-005	2.16969e-005	1.35441e-005	7.98059e-006	4.27165e-006	3.64431e-006	2.39489e-006	1.564e-006	

63	0.392	16	0	task-3:0.062	task-0:0.052	task-1:0.212	task-2:0.12	|	0.0494886	0.0562032	0.132703	0.0971633	0.0593035	0.0552821	0.0483178	0.0411622	0.0307065	0.0231751	0.019504	0.0174356	0.0157442	0.0120747	0.00513207	0.00825793	0.00381741	0.00290651	0.00565295	0.00415897	0.00109997	0.000649493	0.000850366	0.000692212	0.000705071	0.00186956	0.00102819	0.00144241	0.00211229	0.00274329	0.00192044	0.00140203	0.00073425	0.000314041	0.000118767	3.77758e-005	2.66008e-005	3.64366e-006	8.77485e-007	2.4974e-007	8.93686e-008	1.8787e-008	8.80468e-009	2.40253e-009	3.00752e-009	1.60497e-009	3.88092e-010	1.55312e-011	1.06152e-012	5.18597e-013	2.00939e-013	2.47678e-014	0.0199984	0.0199265	0.0263816	1.06366e-005	1.18646e-005	4.27269e-011	5.06018e-014	4.22067e-014	0	0.02	0.02	

77	0.259	16	0	task-3:0.04	task-0:0.018	task-1:0.138	task-2:0.12	|	0.0683833	0.0799459	0.0797426	0.0699002	0.0659985	0.0535104	0.0482254	0.047653	0.0466583	0.0448987	0.0418307	0.0379372	0.033299	0.0264921	0.0182656	0.0135179	0.0085539	0.00403357	0.00222529	0.000723472	0.000405563	0.0014343	0.00682127	0.00494701	0.00268088	0.00233513	0.00277024	0.00208746	0.000920821	0.000314729	0.000127575	5.69883e-005	3.94884e-005	3.36003e-005	3.20242e-005	2.96206e-005	2.25126e-005	1.26469e-005	5.93837e-006	2.36308e-006	7.62144e-007	2.27017e-007	5.28173e-008	1.38681e-008	5.7486e-009	9.48382e-010	1.90094e-010	3.28508e-011	3.87508e-012	0.02	0.0197497	0.02	0.02	0.0218432	0.0186949	0.0159757	0.000659911	1.54773e-007	3.94808e-012	9.91433e-015	1.50214e-014	5.1609e-015	8.00611e-015	2.81561e-015	0	0	2.29961e-015	0.02	0.0119049	0.010326	0.00345698	0.00325554	5.36734e-009	5.50367e-009	1.36352e-006	1.33578e-006	7.05591e-011	

63	0.209	16	0	task-3:0.062	task-0:0.052	task-1:0.212	task-2:0.12	|	0.0494886	0.0562032	0.132703	0.0971633	0.0593035	0.0552821	0.0483178	0.0411622	0.0307065	0.0231751	0.019504	0.0174356	0.0157442	0.0120747	0.00513207	0.00825793	0.00381741	0.00290651	0.00565295	0.00415897	0.00109997	0.000649493	0.000850366	0.000692212	0.000705071	0.00186956	0.00102819	0.00144241	0.00211229	0.00274329	0.00192044	0.00140203	0.00073425	0.000314041	0.000118767	3.77758e-005	2.66008e-005	3.64366e-006	8.77485e-007	2.4974e-007	8.93686e-008	1.8787e-008	8.80468e-009	2.40253e-009	3.00752e-009	1.60497e-009	3.88092e-010	1.55312e-011	1.06152e-012	5.18597e-013	2.00939e-013	2.47678e-014	0.0199984	0.0199265	0.0263816	1.06366e-005	1.18646e-005	4.27269e-011	5.06018e-014	4.22067e-014	0	0.02	0.02	

139	0.466	16	0	task-3:0.02	task-0:0.044	task-1:0.248	task-2:0.032	|	0.104599	0.0799857	0.0799196	0.0725352	0.0674262	0.066593	0.0588986	0.0548766	0.0553407	0.0540188	0.0529521	0.0519615	0.0501448	0.048015	0.0453372	0.0421769	0.0372227	0.0325438	0.0324177	0.0285171	0.0284043	0.0274645	0.0242971	0.0216201	0.0201703	0.0196339	0.018278	0.0163815	0.0149095	0.0134394	0.0120045	0.0107215	0.00904033	0.00805638	0.00684456	0.00564453	0.0040261	0.00308628	0.00379634	0.00204443	0.00167475	0.00154447	0.00124826	0.000981426	0.00073043	0.000514745	0.000348803	0.000214295	0.000127767	9.38956e-005	5.60386e-005	3.93268e-005	2.61944e-005	2.56363e-005	1.32784e-005	9.61048e-006	6.8011e-006	4.56419e-006	3.71655e-006	5.87154e-006	6.6944e-006	6.42902e-006	6.74015e-006	3.31291e-006	3.35432e-006	2.70535e-006	4.21833e-006	8.42789e-006	2.91251e-006	2.23805e-006	1.81622e-006	1.52079e-006	1.29507e-006	1.19167e-006	1.32286e-006	5.26184e-007	4.15802e-007	3.08293e-007	2.13251e-007	1.86519e-007	9.60212e-008	6.34173e-008	5.95621e-008	1.3259e-007	2.77075e-007	6.5954e-007	2.43974e-006	3.79129e-007	6.89951e-008	7.32418e-008	4.92365e-008	4.34121e-008	7.29216e-008	1.30497e-007	2.18873e-007	4.28274e-007	1.24646e-007	4.99345e-008	4.79078e-008	3.72083e-008	3.02002e-008	2.3311e-008	1.63763e-008	1.04715e-008	6.21823e-009	3.78559e-009	3.46675e-009	6.8543e-009	8.35542e-009	2.64885e-009	2.13057e-009	2.07692e-009	2.36004e-009	2.69904e-009	3.36617e-009	1.70422e-009	1.54125e-009	1.52998e-009	1.71381e-009	2.28198e-009	3.48832e-009	1.79843e-009	1.64348e-009	1.66809e-009	1.89698e-009	2.4474e-009	3.77205e-009	7.32127e-009	3.37353e-009	3.06256e-009	3.05074e-009	3.36234e-009	4.16026e-009	5.90858e-009	9.91506e-009	2.01977e-008	6.03865e-009	5.3232e-009	5.16561e-009	

83	0.278	16	0	task-3:0.118	task-0:0.178	task-1:0.178	task-2:0.088	|	0.0541389	0.138793	0.13081	0.0488054	0.0596014	0.0539088	0.0433022	0.0403829	0.037629	0.0312429	0.0252661	0.0221476	0.019087	0.0164538	0.016935	0.018505	0.0194201	0.0210914	0.0217515	0.0251109	0.0292235	0.0337941	0.0378133	0.041272	0.0428237	0.0411064	0.038385	0.0349153	0.0309018	0.0273271	0.024225	0.0216517	0.0195255	0.0177336	0.0161856	0.0159341	0.0155832	0.0150684	0.0138732	0.0126906	0.0111916	0.00907871	0.00653806	0.00399958	0.00232545	0.00166499	0.0013575	0.00109177	0.000840769	0.000617789	0.000427861	0.000274924	0.000160959	8.41502e-005	3.83878e-005	1.76054e-005	0.0097761	0.0192225	0.0196104	0.0195816	0.0193859	0.019044	0.0184577	0.017664	0.0182885	0.0182885	0.0175201	0.0177437	0.0177437	0.0175432	0.0175485	0.0175485	0.0175	0.0175	0.0175107	0.0175107	0.0175023	0.0175003	0.0175003	0.0175002	0.0175002	0.0175	0.0175	

71	0.24	16	0	task-3:0.036	task-0:0.064	task-1:0.048	task-2:0.116	|	0.0551822	0.139352	0.138611	0.0880096	0.0562901	0.0575532	0.0519524	0.0499834	0.0425797	0.0337687	0.0287441	0.022907	0.0171896	0.0139614	0.0124627	0.00917827	0.00434318	0.00276299	0.00321305	0.0018697	0.00128197	0.000996863	0.0010747	0.00193014	0.0015513	0.000815227	0.000561652	0.000449769	0.000327583	0.000245401	0.000197221	0.000191784	0.00015796	0.000117743	9.37243e-005	7.61114e-005	6.43008e-005	5.72141e-005	6.27786e-005	3.10034e-005	2.1862e-005	1.48994e-005	9.92035e-006	6.41047e-006	2.54067e-006	1.13123e-006	4.5787e-007	1.60583e-007	4.85687e-008	1.29898e-008	3.35282e-009	2.60979e-009	8.8451e-010	5.0881e-010	2.392e-010	1.19904e-010	6.72898e-011	1.1683e-011	2.57038e-012	5.67245e-013	1.60821e-013	3.2971e-014	4.65376e-015	6.58145e-013	0	0	0	0	0	2.12915e-015	0	

91	0.307	16	0	task-3:0.012	task-0:0.02	task-1:0.184	task-2:0.046	|	0.0585211	0.139788	0.138005	0.0863724	0.0637338	0.065169	0.0601786	0.0543728	0.0500136	0.0366141	0.0245432	0.0180686	0.0158409	0.0132189	0.0106668	0.008611	0.00646296	0.00466007	0.00384835	0.00294419	0.00219464	0.00139139	0.00248648	0.00123595	0.00207869	0.00190558	0.00125453	0.0014682	0.00106748	0.00100523	0.00101301	0.000984133	0.000931651	0.000816032	0.000713119	0.000612785	0.000514682	0.000417833	0.000330564	0.000197675	0.000108794	7.93638e-005	6.45853e-005	8.85215e-005	1.34026e-005	7.3924e-006	3.86508e-006	1.83849e-006	7.72788e-007	2.78228e-007	8.63899e-008	5.28017e-008	0.0126221	0.0116134	0.0109811	0.0120609	0.0128943	0.0113937	0.00685693	0.00175444	0.00014732	7.33013e-005	7.32173e-005	4.96779e-005	6.47696e-005	4.52403e-005	3.6216e-005	3.90509e-005	3.35169e-005	2.98067e-005	2.86531e-005	2.71273e-005	2.64462e-005	2.23447e-005	1.93951e-005	1.65166e-005	1.37885e-005	1.12385e-005	9.00531e-006	6.92978e-006	5.07018e-006	3.51394e-006	2.28291e-006	1.93771e-006	1.3534e-006	9.76126e-007	6.60127e-007	4.19326e-007	2.46234e-007	1.30528e-007	5.85593e-008	

64	0.218	16	0	task-3:0.086	task-0:0.06	task-1:0.15	task-2:0.062	|	0.0623162	0.139226	0.136219	0.088103	0.0522105	0.0525056	0.050368	0.0507209	0.0478111	0.0401863	0.0303255	0.0210525	0.0146729	0.0108034	0.00720916	0.00434054	0.00422996	0.00225712	0.00252769	0.00200216	0.00202372	0.00123025	0.000737833	0.00086029	0.000612638	0.00032591	0.000205701	0.000128257	7.12474e-005	3.648e-005	1.58619e-005	6.58992e-006	2.60008e-006	7.53807e-007	1.6095e-007	2.10917e-008	2.10255e-009	1.71971e-010	1.24453e-011	5.65955e-013	1.51543e-014	0	0	0	0	0	0	0	0	0	0	0	0	0	0	0	0	0	0	0	0	0	0	0	

65	0.22	16	0	task-3:0.014	task-0:0.04	task-1:0.15	task-2:0.074	|	0.063629	0.139368	0.136348	0.0731464	0.0502971	0.0490223	0.0442675	0.0383977	0.0303827	0.0244068	0.0193506	0.0193258	0.018215	0.0140114	0.0107074	0.00698055	0.0077656	0.00531298	0.00432698	0.00416086	0.00265326	0.0020457	0.00200102	0.00168253	0.0011784	0.000934916	0.000690639	0.000481978	0.000314283	0.000196397	0.000116599	7.23587e-005	5.57579e-005	2.00449e-005	9.56247e-006	5.98999e-006	3.29821e-005	0.00036294	5.63398e-005	5.83547e-005	7.88588e-005	0.000158433	0.000466323	0.00171931	0.00543666	0.00107736	0.0012023	0.00387156	0.00981668	0.0154343	0.0207534	0.0278881	0.0258198	0.0329945	0.0430857	0.0610353	0.067085	0.0684039	0.067565	0.0646224	0.0611588	0.0572673	0.0532486	0.0496564	0.0472115	

140	0.475	16	0	task-3:0.012	task-0:0.058	task-1:0.066	task-2:0.032	|	0.0577869	0.0799121	0.0790121	0.0681133	0.0804916	0.0729103	0.0563618	0.0399359	0.0257176	0.0198406	0.0181853	0.0168554	0.0157788	0.0144151	0.0129652	0.0118843	0.0117393	0.0113434	0.0128036	0.0105211	0.00763878	0.00538758	0.00420813	0.00250247	0.0016977	0.00129284	0.00177169	0.000735359	0.000224258	0.000195437	9.56602e-005	4.77146e-005	2.76319e-005	1.20875e-005	4.07632e-006	1.41625e-006	4.16803e-007	9.3355e-008	1.48209e-008	6.60769e-009	1.1893e-008	8.00153e-010	5.02642e-010	9.81235e-010	1.06891e-009	1.15399e-010	4.65814e-011	8.63963e-012	2.13013e-012	5.48456e-013	1.58215e-013	8.62579e-014	7.49995e-014	8.25537e-014	9.67799e-014	1.56168e-013	2.0656e-013	3.15919e-014	8.65228e-015	4.21359e-015	8.15599e-015	4.01604e-015	2.15232e-015	2.14956e-015	2.74027e-015	2.77871e-015	2.54812e-015	5.76045e-015	7.3814e-015	1.00399e-014	1.01586e-014	1.04741e-014	1.09995e-014	1.16152e-014	1.24168e-014	1.16911e-014	9.52761e-015	7.02823e-015	6.34715e-015	7.80963e-015	7.07607e-015	6.2244e-015	3.33217e-015	3.21665e-015	2.969e-015	2.73341e-015	1.94987e-015	0	2.11055e-015	2.30173e-015	2.60307e-015	1.91025e-015	0	2.52926e-015	0	1.99787e-015	0	0	1.94986e-015	1.89579e-015	2.0258e-015	2.19085e-015	2.03293e-015	1.95173e-015	2.32463e-015	2.67377e-015	2.94245e-015	3.22849e-015	3.46437e-015	3.01317e-015	2.9006e-015	2.62549e-015	1.96508e-015	0	0	0	0	2.15558e-015	2.15455e-015	1.99659e-015	1.92935e-015	1.87958e-015	0	1.93605e-015	0	1.88572e-015	0	1.92952e-015	1.92183e-015	1.89119e-015	1.90898e-015	2.01755e-015	2.13665e-015	2.28844e-015	3.89633e-015	3.81373e-015	1.96181e-015	1.91308e-015	2.03088e-015	2.14126e-015	

70	0.463	16	0	task-3:0.028	task-0:0.048	task-1:0.154	task-2:0.164	|	0.0514677	0.138892	0.134744	0.0710649	0.057541	0.0548544	0.0513601	0.0517453	0.0510222	0.0485202	0.0449445	0.0386044	0.0295954	0.0205895	0.013468	0.00939075	0.00569204	0.00879587	0.0022623	0.00169786	0.00124675	0.000667892	0.000351971	0.000230452	0.000148631	6.85781e-005	1.76963e-005	0.0399951	0.0399319	2.00479e-007	1.2794e-008	2.26348e-007	3.8191e-009	1.12651e-007	7.66408e-010	1.06883e-009	2.25352e-009	9.30871e-008	4.83417e-008	8.29206e-009	5.82715e-009	2.30863e-009	4.08368e-009	4.14146e-009	4.68612e-007	1.37488e-006	0.000159263	3.38336e-005	2.67784e-006	8.29533e-010	8.71025e-010	3.46592e-010	1.18013e-010	1.32899e-008	7.83322e-009	2.90699e-006	0.000798772	0.00359492	0.00216864	0.000505342	4.59556e-005	2.96481e-006	3.4548e-007	3.78553e-007	1.8252e-007	6.51357e-008	4.1107e-008	1.93682e-008	7.53809e-009	2.49573e-009	

133	0.89	16	0	task-3:0.03	task-0:0.064	task-1:0.112	task-2:0.056	|	0.0679176	0.079943	0.0796942	0.0703252	0.0566492	0.0454079	0.0380537	0.0317113	0.031202	0.0293148	0.0257321	0.0233323	0.0227283	0.0161855	0.00733901	0.00431889	0.0025233	0.00347471	0.00623007	0.00883764	0.0108636	0.00992442	0.00726466	0.00416194	0.00175314	0.000885836	0.000573414	0.000148945	5.08832e-005	1.27202e-005	3.4833e-006	3.3077e-007	3.90276e-008	1.51003e-009	9.15934e-011	1.10402e-011	8.53409e-013	3.18872e-014	5.24959e-013	0.00910454	8.69588e-005	8.96706e-007	2.09732e-008	3.7483e-008	1.35892e-008	1.35501e-008	2.40836e-008	9.75198e-009	3.92701e-009	6.07351e-009	8.63885e-009	1.17745e-008	3.96114e-009	9.8626e-010	8.70945e-010	4.89821e-010	3.37587e-010	3.9048e-010	2.62846e-010	1.43176e-010	8.39491e-011	4.9255e-011	2.72123e-011	1.56036e-011	8.77151e-012	4.79378e-012	2.7275e-012	1.19715e-012	6.21076e-013	3.04709e-013	1.42182e-013	6.19282e-014	2.54523e-014	8.62394e-015	1.9939e-015	0	0	0	0	0	0	0	0	0	0	0	0	0	0	0	0	0	0	0	0	0	0	0	0	0	0	0	0	0	0	0	0	0	0	0	0	0	0	0	0	0	0	0	0	0	0	0	0	0	0	0	0	0	0	0	0	0	0	

92	0.356	16	0	task-3:0.056	task-0:0.07	task-1:0.114	task-2:0.022	|	0.0544699	0.139905	0.139588	0.107522	0.0502179	0.0476641	0.0566211	0.055114	0.0478668	0.046097	0.0449042	0.042605	0.0410082	0.0401195	0.0394424	0.0375321	0.0354685	0.0336296	0.0322202	0.0304996	0.0287175	0.0268209	0.0246984	0.0219563	0.0157259	0.00601644	0.0159717	0.0169514	0.0193948	0.0195427	0.0195708	0.0193805	0.0186088	0.0176562	0.016459	0.0151321	0.0131427	0.0108594	0.00752098	0.00499117	0.00291407	0.00169525	0.00140784	0.000773006	0.000451972	0.000279262	0.000187234	0.000217154	6.97142e-005	4.83724e-005	3.95855e-005	1.44776e-005	7.33906e-006	4.09691e-006	1.91595e-006	8.44448e-007	3.54908e-007	8.35783e-008	3.60968e-008	1.73478e-008	8.08675e-009	3.37712e-009	1.26718e-009	2.93e-010	1.22921e-010	5.92497e-011	2.72092e-011	1.13983e-011	4.0845e-012	9.53802e-013	4.65351e-013	1.85273e-013	7.80512e-014	2.8093e-014	1.44629e-014	7.45162e-015	6.85665e-015	3.30916e-015	1.96674e-015	0	0	0	0	0	0	0	0	0	0	0	0	0	

61	0.207	16	0	task-3:0.028	task-0:0.006	task-1:0.194	task-2:0.26	|	0.059538	0.0799811	0.0799103	0.0750979	0.0469717	0.0514421	0.0376445	0.0187591	0.0146464	0.0143417	0.0115974	0.0115442	0.00947996	0.010253	0.0106026	0.00920364	0.0075176	0.00582259	0.00424739	0.00316402	0.00233754	0.00187431	0.00149634	0.00119142	0.00105083	0.000675668	0.000451163	0.000323653	0.000227157	0.000149741	0.000108942	7.05656e-005	4.89004e-005	3.56725e-005	2.60477e-005	2.04273e-005	1.48346e-005	1.13442e-005	8.8136e-006	7.48251e-006	9.78498e-006	6.08816e-006	7.46851e-006	4.38043e-006	5.66224e-006	4.36394e-006	2.89471e-006	4.07608e-006	3.35909e-006	2.50803e-006	2.49346e-006	2.45318e-006	2.02016e-006	1.97296e-006	2.0374e-006	2.05999e-006	1.45135e-006	1.24522e-006	1.04726e-006	8.36266e-007	7.62087e-007	

75	0.252	16	0	task-3:0.194	task-0:0.208	task-1:0.502	task-2:0.056	|	0.0544412	0.0798723	0.0787447	0.0587324	0.052436	0.0455036	0.0337465	0.0255094	0.0196126	0.0181996	0.0186271	0.0197568	0.0221107	0.0248163	0.0271007	0.0285366	0.0289435	0.0319175	0.03501	0.0346772	0.0328615	0.0312099	0.0304574	0.0285336	0.026449	0.0250332	0.0230711	0.0239182	0.0221836	0.0211911	0.0203448	0.019618	0.019062	0.0186988	0.0185851	0.0184752	0.0184221	0.01831	0.0181446	0.0178623	0.0173794	0.0165876	0.0152918	0.0132468	0.0103957	0.00740337	0.00466044	0.00317574	0.00257643	0.00232869	0.0026641	0.0133541	0.0161928	0.0163822	0.0148367	0.00304277	0.00215327	0.00214013	0.00212446	0.0021058	0.0020836	0.00205926	0.00206229	0.00225095	0.0097155	0.0143881	0.00196735	0.00196735	0.00195653	0.00194361	0.00192821	0.00190989	0.00188811	0.00186229	0.00183173	

84	0.243	16	0	task-3:0.064	task-0:0.036	task-1:0.188	task-2:0.102	|	0.0667864	0.0796942	0.0776813	0.0546136	0.0506995	0.0540407	0.0446603	0.0347069	0.0271824	0.0242609	0.0269658	0.0274806	0.0265414	0.0236298	0.0163412	0.0123141	0.00672369	0.0137736	0.00625348	4.33009e-005	0.013294	0.0114465	0.0139836	0.00949318	0.00265619	0.00136933	0.00458351	0.00276114	0.00102732	0.000122796	0.000120723	0.000916958	0.000360621	4.30539e-005	4.33632e-005	1.20568e-005	3.76683e-006	5.85074e-007	4.97329e-008	2.40659e-009	1.41271e-010	2.30168e-010	7.89738e-012	3.36945e-012	5.72677e-013	5.22735e-014	3.40627e-014	1.16624e-014	0	0	3.46465e-015	0	2.37397e-015	6.34407e-015	3.87014e-015	0	0	0	0	0	0	0	0	1.98882e-015	0	0	0	0	2.08048e-015	3.26371e-015	6.13155e-015	2.57299e-011	2.57206e-011	2.01935e-014	7.04514e-014	6.31742e-013	1.88263e-011	2.11712e-009	5.2234e-007	7.32135e-005	0.00148764	0.00488142	0.00693993	0.00753997	

84	0.266	16	0	task-3:0.064	task-0:0.036	task-1:0.188	task-2:0.102	|	0.0667864	0.0796942	0.0776813	0.0546136	0.0506995	0.0540407	0.0446603	0.0347069	0.0271824	0.0242609	0.0269658	0.0274806	0.0265414	0.0236298	0.0163412	0.0123141	0.00672369	0.0137736	0.00625348	4.33009e-005	0.013294	0.0114465	0.0139836	0.00949318	0.00265619	0.00136933	0.00458351	0.00276114	0.00102732	0.000122796	0.000120723	0.000916958	0.000360621	4.30539e-005	4.33632e-005	1.20568e-005	3.76683e-006	5.85074e-007	4.97329e-008	2.40659e-009	1.41271e-010	2.30168e-010	7.89738e-012	3.36945e-012	5.72677e-013	5.22735e-014	3.40627e-014	1.16624e-014	0	0	3.46465e-015	0	2.37397e-015	6.34407e-015	3.87014e-015	0	0	0	0	0	0	0	0	1.98882e-015	0	0	0	0	2.08048e-015	3.26371e-015	6.13155e-015	2.57299e-011	2.57206e-011	2.01935e-014	7.04514e-014	6.31742e-013	1.88263e-011	2.11712e-009	5.2234e-007	7.32135e-005	0.00148764	0.00488142	0.00693993	0.00753997	

71	0.238	16	0	task-3:0.024	task-0:0.086	task-1:0.11	task-2:0.094	|	0.0566172	0.13962	0.138984	0.0998529	0.0583158	0.05397	0.0581506	0.0579387	0.0491799	0.0494874	0.0489464	0.0437379	0.0371212	0.0293291	0.0208453	0.0153602	0.0124176	0.00936308	0.00956886	0.00659874	0.0061551	0.00539998	0.00440512	0.00483283	0.00386435	0.00316499	0.00276909	0.0023839	0.00200468	0.00166358	0.00133505	0.00103256	0.000763031	0.000564322	0.000381134	0.00020347	0.000109188	4.68264e-005	1.60281e-005	4.81843e-006	1.2107e-006	2.7452e-007	4.94181e-007	5.59969e-008	2.66808e-008	1.55434e-008	1.02636e-008	9.0347e-009	3.50229e-009	1.72273e-009	8.33825e-010	7.27915e-010	2.89911e-010	1.99787e-010	1.4257e-010	1.09751e-010	8.01455e-011	8.05472e-011	5.43851e-011	5.25755e-011	5.78343e-011	5.43369e-011	3.79859e-011	1.74673e-011	1.40001e-011	1.17755e-011	8.45864e-012	7.35345e-012	6.97302e-012	6.52077e-012	5.96531e-012	

75	0.199	16	0	task-3:0.02	task-0:0.118	task-1:0.152	task-2:0.07	|	0.0818798	0.0799745	0.0799069	0.072109	0.0855503	0.0811997	0.0459161	0.0475532	0.0379318	0.0321862	0.0290169	0.0222959	0.0175543	0.0136471	0.00905373	0.00643544	0.00360784	0.00224857	0.00155977	0.00178233	0.00240424	0.00309269	0.00417559	0.00541149	0.00434697	0.00460463	0.00447347	0.0047495	0.00388854	0.0030293	0.00256174	0.00212761	0.00162966	0.00108807	0.000644407	0.000334067	0.000172257	8.98585e-005	3.43305e-005	1.03544e-005	9.84128e-005	0.00350327	0.0103298	0.0121734	0.0104731	0.00628798	0.00279981	0.00115914	0.000495592	0.00041458	0.000209474	7.54086e-005	3.0938e-005	1.08605e-005	6.374e-006	2.77012e-006	1.0839e-006	3.74322e-007	1.09858e-007	2.61768e-008	5.02441e-009	7.37201e-010	8.12257e-011	6.75906e-012	3.77418e-013	5.21736e-014	2.60209e-015	1.11819e-013	0	0	0	0	0	0	0	

85	0.256	16	0	task-3:0.104	task-0:0.154	task-1:0.128	task-2:0.092	|	0.0497984	0.0799888	0.0799491	0.0768014	0.0495004	0.0812573	0.0555175	0.0449447	0.0460474	0.0439839	0.0395123	0.0360511	0.0325101	0.0275006	0.0203139	0.013181	0.00709212	0.00430827	0.00209261	0.00104636	0.00080761	0.000551031	0.000317105	0.000171488	9.65867e-005	8.11756e-005	0.000132393	0.000366037	0.0016114	0.00473278	0.00787764	0.00217704	0.00385418	0.00385272	0.00234125	0.00155008	0.00181317	0.00169553	0.00147558	0.0018708	0.00197523	0.00164792	0.00139808	0.0013401	0.00128591	0.001247	0.00121335	0.00118717	0.00116594	0.00112129	0.00108372	0.00104202	0.00099159	0.000933501	0.000875098	0.000841268	0.000797762	0.00076504	0.000724399	0.000678657	0.000627962	0.000572882	0.000514565	0.000454898	0.000428162	0.000393643	0.000362266	0.000332517	0.000339046	0.000313067	0.000296929	0.000277802	0.000259432	0.000242239	0.000239827	0.000233668	0.000219304	0.000208867	0.000199128	0.00018989	0.000181342	0.000172696	0.000171773	0.000181587	0.000188593	

62	0.202	16	0	task-3:0.044	task-0:0.022	task-1:0.19	task-2:0.188	|	0.110467	0.0799061	0.0795549	0.070672	0.0579887	0.0497243	0.0338558	0.0199943	0.016114	0.0164476	0.0160485	0.0136772	0.00884635	0.0038421	0.00249455	0.00204919	0.00195443	0.000690399	0.000239332	6.28403e-005	1.49376e-005	7.81944e-006	4.22222e-006	4.49599e-006	4.73838e-006	3.59564e-006	1.15442e-006	9.39403e-008	2.35373e-009	1.52289e-010	2.71839e-011	4.75955e-012	7.76159e-013	3.74243e-007	0.00527742	2.56425e-012	2.85195e-012	4.08433e-010	7.21598e-014	0.000641344	3.04308e-011	3.79418e-011	8.78462e-011	2.75584e-011	6.47248e-011	3.23591e-013	6.00518e-013	5.32389e-013	2.25186e-013	1.95057e-013	1.232e-014	7.60432e-015	8.32098e-015	1.35649e-013	2.16781e-013	1.3392e-013	9.86787e-014	5.37577e-014	1.07513e-012	3.06095e-013	1.12965e-013	6.87705e-014	

63	0.175	16	0	task-3:0.022	task-0:0.018	task-1:0.056	task-2:0.07	|	0.0670336	0.0799726	0.0796411	0.0621247	0.0474132	0.0506918	0.0297727	0.0186573	0.0139253	0.0117547	0.00973176	0.00712998	0.00453258	0.00303796	0.00249071	0.00143239	0.00103193	0.000712734	0.000554556	0.000448778	0.000598166	0.000247994	0.000135583	0.000194988	9.5897e-005	0.000114871	0.00018033	0.000149903	0.000104993	8.78725e-005	7.71016e-005	6.51428e-005	5.41429e-005	4.42708e-005	3.57387e-005	1.99101e-005	1.32679e-005	1.01503e-005	6.65956e-006	6.57926e-006	3.033e-006	1.95122e-006	1.21012e-006	3.68498e-007	8.09487e-008	1.40911e-008	2.38133e-009	3.24401e-010	8.22839e-011	1.85494e-011	3.30502e-012	6.63509e-013	1.33506e-013	3.37822e-014	1.33977e-014	2.12734e-015	3.60226e-015	3.48241e-015	1.29275e-014	5.7645e-014	1.57555e-013	4.83015e-013	1.25741e-013	

73	0.217	16	0	task-3:0.236	task-0:0.28	task-1:0.072	task-2:0.424	|	0.0772929	0.0798836	0.07948	0.0662174	0.0518013	0.0536254	0.0481209	0.0459957	0.0400096	0.0309275	0.02479	0.0259933	0.0260805	0.0267053	0.0292635	0.0309242	0.0298107	0.0305569	0.0314354	0.0302293	0.0282172	0.0219735	0.0165998	0.0116877	0.00784518	0.00507555	0.00317596	0.00194518	0.00115153	0.000631948	0.000319219	0.000141742	5.33068e-005	1.63489e-005	3.92472e-006	7.03403e-007	8.89961e-008	1.86333e-007	0.039996	0.0387255	0.0179518	0.0179528	0.0195476	0.0195476	0.0337154	0.0336339	0.0332611	0.0284017	0.0166389	0.014239	0.0152891	0.0354488	0.0354525	0.0361287	0.0363828	0.0564784	0.0566102	0.0767934	0.077052	0.0774214	0.0779551	0.0787342	0.0798805	0.0765427	0.0759952	0.0763023	0.075981	0.0760252	0.0761827	0.0723901	0.0772186	0.0782395	0.0787875	

71	0.182	16	0	task-3:0.022	task-0:0.054	task-1:0.126	task-2:0.044	|	0.0551555	0.139962	0.139532	0.0986572	0.0630553	0.0596274	0.0584118	0.0545983	0.0490079	0.0454589	0.0427593	0.036055	0.0289277	0.0222342	0.0168556	0.0139847	0.0134216	0.0139941	0.0154994	0.0148161	0.0142564	0.0133689	0.0120263	0.0107305	0.0094392	0.00813508	0.00691574	0.00577623	0.00513929	0.00447387	0.00406948	0.00358489	0.00286453	0.00241424	0.00180189	0.001284	0.000809324	0.000489628	0.000251049	0.000106589	3.94292e-005	1.16271e-005	2.72945e-006	7.45161e-007	2.47385e-007	7.68916e-008	1.77446e-008	3.27771e-009	5.09868e-010	5.8438e-011	6.18223e-012	7.11356e-012	5.97376e-013	5.50053e-013	2.72751e-013	1.25645e-013	1.36239e-013	5.28713e-014	2.00024e-014	1.10565e-014	4.97448e-015	0	0	2.23559e-015	3.58231e-015	3.09527e-015	1.94173e-015	2.39104e-015	0	1.98216e-015	1.95575e-015	

82	0.27	16	0	task-3:0.106	task-0:0.174	task-1:0.218	task-2:0.314	|	0.060684	0.0799466	0.0794533	0.0560137	0.0879375	0.0810242	0.0550562	0.0427068	0.0414035	0.0343321	0.0275105	0.0249615	0.0201207	0.0170838	0.0168985	0.0201566	0.0216171	0.0215004	0.0229754	0.0299233	0.0398335	0.0514919	0.0510699	0.0493423	0.0464996	0.0422803	0.0362863	0.0303187	0.0235472	0.0179843	0.0156963	0.0149708	0.0147115	0.0145585	0.0143302	0.0130386	0.0147896	0.0164294	0.0167337	0.0167428	0.0166575	0.016242	0.0152241	0.0110928	0.00279003	0.00275343	0.00260413	0.00243483	0.00224512	0.00203558	0.00180821	0.00156676	0.00131707	0.0010671	0.000826601	0.00060624	0.000416021	0.000263348	0.000151185	7.71411e-005	3.41591e-005	1.27633e-005	3.89263e-006	9.3162e-007	1.66921e-007	2.11589e-008	1.77247e-009	9.03792e-011	2.54088e-012	3.49675e-014	0	0	0	0	0	0	0	0	0	0	0	0	

82	0.27	16	0	task-3:0.106	task-0:0.174	task-1:0.218	task-2:0.314	|	0.060684	0.0799466	0.0794533	0.0560137	0.0879375	0.0810242	0.0550562	0.0427068	0.0414035	0.0343321	0.0275105	0.0249615	0.0201207	0.0170838	0.0168985	0.0201566	0.0216171	0.0215004	0.0229754	0.0299233	0.0398335	0.0514919	0.0510699	0.0493423	0.0464996	0.0422803	0.0362863	0.0303187	0.0235472	0.0179843	0.0156963	0.0149708	0.0147115	0.0145585	0.0143302	0.0130386	0.0147896	0.0164294	0.0167337	0.0167428	0.0166575	0.016242	0.0152241	0.0110928	0.00279003	0.00275343	0.00260413	0.00243483	0.00224512	0.00203558	0.00180821	0.00156676	0.00131707	0.0010671	0.000826601	0.00060624	0.000416021	0.000263348	0.000151185	7.71411e-005	3.41591e-005	1.27633e-005	3.89263e-006	9.3162e-007	1.66921e-007	2.11589e-008	1.77247e-009	9.03792e-011	2.54088e-012	3.49675e-014	0	0	0	0	0	0	0	0	0	0	0	0	

65	0.174	16	0	task-3:0.112	task-0:0.156	task-1:0.126	task-2:0.308	|	0.0832126	0.0799529	0.0797955	0.0745597	0.056466	0.0492064	0.0412713	0.0335462	0.0241786	0.0185802	0.0156597	0.0147105	0.0132556	0.00988389	0.00729533	0.0059045	0.00465662	0.00318815	0.00214312	0.00142468	0.00100566	0.000810985	0.000860107	0.000923263	0.00128261	0.00210526	0.00400825	0.00361132	0.00264038	0.00236742	0.00189935	0.00145713	0.00107403	0.000773215	0.000743647	0.000615047	0.000543067	0.000509817	0.000520665	0.000490454	0.000435006	0.000382639	0.000329941	0.000281407	0.000262855	0.000237051	0.000209031	0.0001806	0.000157367	0.000136976	0.000115483	9.69988e-005	7.78036e-005	6.45349e-005	5.29153e-005	4.00487e-005	2.88272e-005	1.9483e-005	1.39143e-005	1.11948e-005	7.97031e-006	5.9926e-006	4.39152e-006	3.17211e-006	2.04902e-006	

66	0.166	16	0	task-3:0.082	task-0:0.094	task-1:0.226	task-2:0.09	|	0.0547349	0.138445	0.129232	0.0597189	0.0579942	0.0566421	0.0498331	0.0468582	0.0424354	0.0341948	0.0256666	0.0185176	0.0151708	0.0147985	0.0154338	0.0155573	0.0218026	0.0154142	0.0129124	0.00818662	0.00463301	0.00419382	0.00381911	0.00289365	0.00187394	0.000812405	0.000408809	0.000178071	0.00102983	0.00559688	0.0041628	0.00348642	0.0028954	0.00245945	0.00222607	0.00203944	0.0021116	0.00130957	0.00109906	0.00103176	0.000563145	0.000443179	0.000461831	0.000114524	1.02566e-005	1.79196e-006	2.37238e-007	2.50299e-008	7.92829e-009	9.92362e-009	4.1374e-009	8.76074e-010	1.69542e-010	3.32014e-011	8.72716e-012	3.32237e-012	7.41074e-013	7.37472e-014	4.09599e-015	0	0	0	0	0	0	0	

68	0.187	16	0	task-3:0.058	task-0:0.044	task-1:0.208	task-2:0.086	|	0.0555643	0.139452	0.137588	0.0912197	0.0460306	0.0474615	0.0446954	0.045259	0.043883	0.042376	0.0419884	0.0401541	0.0365052	0.0328365	0.0278987	0.0225203	0.0166686	0.014115	0.0156099	0.0112107	0.0101297	0.00963291	0.008698	0.00806061	0.00588546	0.00285341	0.00223321	0.00216124	0.00188033	0.00143955	0.000892407	0.000350838	0.000282495	0.000371609	0.000193948	4.26464e-005	2.49053e-005	2.40096e-005	5.837e-006	0.00010066	0.00675867	0.01229	0.00611442	0.000720629	0.000154188	4.55714e-005	5.26532e-006	2.66656e-007	1.08027e-008	3.74607e-010	1.5684e-011	3.71828e-012	4.09671e-013	1.49537e-014	4.08052e-010	1.80947e-013	1.63988e-014	1.6959e-014	3.03979e-015	5.68033e-012	5.54669e-013	6.79212e-015	6.54612e-015	1.02586e-014	1.05036e-014	2.86606e-015	7.21757e-015	1.04484e-014	

68	0.141	16	0	task-3:0.106	task-0:0.134	task-1:0.316	task-2:0.198	|	0.0516415	0.126621	0.106931	0.0768395	0.070855	0.0672588	0.057695	0.0502298	0.0456614	0.0375517	0.0286545	0.0220568	0.0187561	0.017361	0.017187	0.0172497	0.0172726	0.0172167	0.0172163	0.0171848	0.0170953	0.0169998	0.0168749	0.0166967	0.0173332	0.0169296	0.0167474	0.0166	0.0169983	0.0166555	0.0343283	0.0368144	0.0370978	0.0374004	0.0373017	0.0374082	0.0376031	0.0578258	0.0185131	0.0185703	0.0185631	0.0183641	0.0181315	0.0180055	0.0179666	0.0177051	0.0175744	0.0175345	0.0175446	0.0175585	0.0175679	0.0175881	0.0175227	0.0175118	0.0175206	0.0175257	0.0175351	0.0175478	0.017568	0.0176059	0.0176839	0.0178723	0.0184621	0.0210362	0.0299334	0.0176968	0.0176804	0.0176064	

68	0.198	16	0	task-3:0.058	task-0:0.044	task-1:0.208	task-2:0.086	|	0.0555643	0.139452	0.137588	0.0912197	0.0460306	0.0474615	0.0446954	0.045259	0.043883	0.042376	0.0419884	0.0401541	0.0365052	0.0328365	0.0278987	0.0225203	0.0166686	0.014115	0.0156099	0.0112107	0.0101297	0.00963291	0.008698	0.00806061	0.00588546	0.00285341	0.00223321	0.00216124	0.00188033	0.00143955	0.000892407	0.000350838	0.000282495	0.000371609	0.000193948	4.26464e-005	2.49053e-005	2.40096e-005	5.837e-006	0.00010066	0.00675867	0.01229	0.00611442	0.000720629	0.000154188	4.55714e-005	5.26532e-006	2.66656e-007	1.08027e-008	3.74607e-010	1.5684e-011	3.71828e-012	4.09671e-013	1.49537e-014	4.08052e-010	1.80947e-013	1.63988e-014	1.6959e-014	3.03979e-015	5.68033e-012	5.54669e-013	6.79212e-015	6.54612e-015	1.02586e-014	1.05036e-014	2.86606e-015	7.21757e-015	1.04484e-014	

66	0.165	16	0	task-3:0.234	task-0:0.314	task-1:0.21	task-2:0.254	|	0.0533399	0.0799761	0.0798637	0.0692895	0.0780954	0.0736972	0.0592378	0.0548983	0.0538263	0.0528862	0.0517255	0.0502432	0.0482346	0.0441706	0.0367416	0.0281007	0.0202403	0.0156747	0.0123424	0.00958094	0.0071978	0.00510289	0.00331451	0.00195971	0.0010051	0.000496768	0.000211933	7.04461e-005	1.8183e-005	3.5183e-006	4.84027e-007	4.44125e-008	2.51467e-009	7.99502e-011	1.34095e-012	0	0	0	0	0	0	0	0	0	0	0	0	0.0106819	7.58349e-010	7.58336e-010	5.60611e-012	7.00048e-015	0	0	0	0	0	0	0	0	0	0	0	0	0	0	

104	0.302	16	0	task-3:0.034	task-0:0.08	task-1:0.058	task-2:0.028	|	0.072346	0.138294	0.133478	0.0830279	0.0500861	0.057778	0.0560819	0.0508764	0.0477946	0.05015	0.0487344	0.0411905	0.0330977	0.0199936	0.0141795	0.00255835	0.00139235	0.000994261	0.000860235	0.00102041	0.00418532	0.00743557	0.00439284	0.00348587	0.0020349	0.00125746	0.00106705	0.000648	0.000446477	0.00030125	0.00015196	6.19411e-005	2.17035e-005	6.63629e-006	1.78448e-006	4.6206e-007	1.51938e-007	6.14822e-008	0.0185396	8.0231e-008	1.45284e-007	1.4779e-006	3.2558e-006	5.81615e-006	3.10461e-005	0.000131179	0.000207665	0.000372485	0.000294208	0.000117715	4.84353e-005	1.84734e-005	5.57138e-006	1.49305e-006	3.27916e-007	4.98668e-008	5.40055e-009	6.03249e-010	5.54188e-011	6.15733e-012	4.56217e-013	1.11505e-013	1.5469e-014	2.06273e-015	0	0	0	0	0	0	0	0	0	0	0	0	0	0	0	0	0	0	0	0	0	0	0	0	0	0	0	0	0	0	0	0	0	0	0	0	0	0	0	0	

65	0.208	16	0	task-3:0.224	task-0:0.272	task-1:0.25	task-2:0.234	|	0.05202	0.138224	0.133982	0.0711296	0.0575533	0.05582	0.0505268	0.0506998	0.0500981	0.0477008	0.0440376	0.038128	0.0274145	0.0166204	0.0108081	0.00902431	0.00855885	0.00805259	0.00801982	0.00799908	0.00758554	0.00735369	0.00702648	0.00524006	0.00411778	0.00301338	0.00217132	0.00160031	0.00129102	0.00113469	0.00103312	0.000939683	0.000882124	0.0141615	0.0163869	0.0161474	0.0154936	0.0138199	0.0090586	0.014748	0.0171412	0.0173687	0.017419	0.0175069	0.0175294	0.0175031	0.0174985	0.0175001	0.0175007	0.0175011	0.0175	0.0175015	0.0175015	0.0175004	0.0175	0.0175	0.0175001	0.0175001	0.0175	0.0175	0.0175	0.0175	0.0175	0.0175	0.0175	

133	0.314	16	0	task-3:0.048	task-0:0.032	task-1:0.222	task-2:0.176	|	0.0666246	0.139791	0.139353	0.112662	0.0544876	0.0550252	0.054349	0.0526675	0.0509569	0.0503552	0.0503794	0.0499473	0.0486094	0.0445968	0.036136	0.0308439	0.0255252	0.0247177	0.0264935	0.0229831	0.0209116	0.0182777	0.00851539	0.00758782	0.00575739	0.00972187	0.0145256	0.0166057	0.0168149	0.0169178	0.0168872	0.0170291	0.0170565	0.0170469	0.017005	0.0169273	0.0168716	0.0168066	0.0167464	0.0166679	0.0165846	0.0164862	0.0163664	0.0162366	0.0160869	0.0159018	0.0156729	0.0189232	0.0194239	0.0188109	0.0180783	0.0207254	0.0227953	0.0206031	0.00901051	0.00756745	0.00651806	0.00596594	0.00551719	0.00498479	0.00438766	0.00373439	0.00319752	0.00269353	0.00224179	0.00182157	0.00142899	0.00107084	0.000755687	0.000475139	9.93475e-005	5.07095e-005	2.23055e-005	0.0200183	2.2784e-005	1.4294e-005	7.58224e-006	3.45187e-006	1.45156e-006	6.36115e-007	0.0159414	0.00590733	0.00405951	1.18938e-006	8.9433e-007	4.91817e-007	2.73303e-007	2.03071e-007	1.75845e-007	1.30197e-007	8.58605e-008	5.46122e-008	3.28382e-008	1.89719e-008	9.55511e-009	4.12532e-009	1.52298e-009	4.64478e-010	1.13873e-010	2.15589e-011	3.003e-012	2.57089e-013	2.14714e-014	1.1889e-014	0	0	0	0	0	0	0	0	0	0	0	0	0	0	0	0	0	0	0	0	0	0	0	0	0	0	0	0	0	

92	0.223	16	0	task-3:0.074	task-0:0.03	task-1:0.102	task-2:0.038	|	0.0699925	0.138891	0.135691	0.0879919	0.0596246	0.0594086	0.0558107	0.0549965	0.0522656	0.0470654	0.0405087	0.0339206	0.0275996	0.0212703	0.0173123	0.0149273	0.0137998	0.0118207	0.0120076	0.00902272	0.00845022	0.0077561	0.00639546	0.00630374	0.00598085	0.0052281	0.00501338	0.00504181	0.00436898	0.00381525	0.00361851	0.00271835	0.00254244	0.00221505	0.00195394	0.00171711	0.00150009	0.00145664	0.00139731	0.00123965	0.00114018	0.00109978	0.00107334	0.0010246	0.000963704	0.000911575	0.000812557	0.00075913	0.000687387	0.000650976	0.000593773	0.000547668	0.000529246	0.000506282	0.000492088	0.000439348	0.000402486	0.000374719	0.000356007	0.000339129	0.000328206	0.000290877	0.000267282	0.000249088	0.000235533	0.000225341	0.000208523	0.000195156	0.000183229	0.000173305	0.000163623	0.000155413	0.00014129	0.000131651	0.000123978	0.000116205	0.000110119	0.000105982	9.57598e-005	8.90726e-005	8.42653e-005	7.83948e-005	7.38444e-005	7.09673e-005	6.36449e-005	5.91171e-005	5.56272e-005	5.13916e-005	4.84061e-005	4.63875e-005	4.12321e-005	3.81268e-005	

63	0.133	16	0	task-3:0.058	task-0:0.056	task-1:0.16	task-2:0.272	|	0.0635243	0.0799763	0.0798966	0.075609	0.0536978	0.0562836	0.0469036	0.045051	0.0372034	0.026304	0.0200696	0.0125612	0.00662963	0.00381644	0.000412093	0.00187587	0.00024134	0.00172089	0.00125018	0.000172642	0.000334066	0.000497076	0.000295052	0.000604622	0.000502313	0.000259582	0.000242304	0.000225404	0.000211283	0.000224052	0.000183654	0.00014958	0.000157389	0.000146469	0.000137799	0.000131294	0.000112734	9.73122e-005	8.4559e-005	7.08917e-005	5.69404e-005	4.35545e-005	3.26566e-005	2.26333e-005	1.46602e-005	1.12083e-005	6.257e-006	3.51174e-006	2.06107e-006	1.42276e-006	7.22462e-007	4.1507e-007	2.7371e-007	1.35767e-007	6.084e-008	2.25585e-008	7.22167e-009	2.62474e-009	1.82426e-009	5.59596e-010	2.95413e-010	1.10426e-010	3.36131e-011	

70	0.212	16	0	task-3:0.124	task-0:0.072	task-1:0.358	task-2:0.082	|	0.0538192	0.139858	0.139624	0.124084	0.0505988	0.0650807	0.0615809	0.0487943	0.0544167	0.0544979	0.0456572	0.0417604	0.0406377	0.0355232	0.0285303	0.0232079	0.0243394	0.0208799	0.0188648	0.0181247	0.018941	0.0174618	0.0115529	0.00293875	0.00239199	0.00221294	0.00198281	0.00171156	0.00146314	0.00125275	0.00101695	0.000759166	0.000601945	0.000367972	0.000216312	0.000106701	0.0200465	2.23644e-005	8.40085e-006	2.60032e-006	7.13031e-007	0.0200001	0.0111382	0.0107109	0.0192226	0.019215	0.00343268	0.0199553	0.0197954	0.00195785	0.0059811	0.00596627	0.00100576	0.00335988	0.00342734	0.000988466	0.00122216	0.00120455	0.000727445	0.00104624	0.00105672	0.000767111	0.000736467	0.000733488	0.000706547	0.000705355	0.000702072	0.000701114	0.000690692	0.00068119	

98	0.277	16	0	task-3:0.034	task-0:0.126	task-1:0.154	task-2:0.036	|	0.0612082	0.139712	0.139272	0.105141	0.0498869	0.05104	0.0480999	0.0453548	0.0380249	0.0354649	0.0345215	0.0290412	0.0249513	0.0216865	0.0186861	0.0170855	0.0165267	0.0165747	0.0166294	0.0163914	0.0159956	0.0154081	0.0143998	0.0119355	0.00299546	0.00299913	0.0014006	0.000958473	0.000451574	0.000300542	0.000195619	0.000120889	6.74225e-005	3.41555e-005	1.63896e-005	1.56354e-005	1.95955e-006	6.98247e-007	1.31185e-007	0.0199999	0.02	0.02	0.0200001	0.0200002	0.0199934	0.019723	0.0117183	0.0152735	0.0156719	0.0150719	0.000269545	8.99281e-005	2.52857e-005	4.06655e-005	1.00352e-006	0.0062604	2.66403e-006	6.17754e-011	2.27772e-015	0	0	0	0	0	0	0	0	0	0	0	0	0	0	0	0	0	0	0	0	0	0	0	0	0	0	0	0	0	0	0.00533936	0.02	0.0182796	0.02	0.02	0.0174366	1.04157e-011	0.0185698	0.000612974	

77	0.185	16	0	task-3:0.022	task-0:0.09	task-1:0.058	task-2:0.03	|	0.0541292	0.139486	0.134973	0.0718235	0.0528427	0.0577727	0.0555533	0.0519941	0.0487641	0.0417244	0.0324555	0.023693	0.0115665	0.00796202	0.000641553	0.000221436	0.000278178	1.35229e-005	3.43832e-006	5.29367e-006	3.89311e-006	2.35462e-006	2.64955e-006	1.17332e-006	8.22774e-007	2.95721e-007	1.25559e-007	8.10461e-008	3.43599e-008	2.07541e-008	1.14699e-008	5.17049e-009	4.1305e-009	5.11962e-009	5.07355e-009	1.04958e-009	3.74569e-010	1.21574e-010	1.59925e-010	7.0605e-011	3.01729e-011	2.62315e-011	1.4723e-011	7.59162e-012	3.8537e-012	1.60583e-012	5.89532e-013	1.79403e-013	4.32508e-014	7.58091e-015	0	0	0	0	0	0	0	0	0	0	0	0	0	0	0	0	0	0	0	0	0	0	0	0	0	0	0	

74	0.182	16	0	task-3:0.016	task-0:0.03	task-1:0.2	task-2:0.044	|	0.0556892	0.0798576	0.0793738	0.0618426	0.0777099	0.0659303	0.0544534	0.0544761	0.0547863	0.0537566	0.0525108	0.0506166	0.0489544	0.0465736	0.0426368	0.0396117	0.0352715	0.0368377	0.0316289	0.0260449	0.0220967	0.0184878	0.0143942	0.00976227	0.00739483	0.0053731	0.00503363	0.00358468	0.00248956	0.00278679	0.00200167	0.00171008	0.00199294	0.00186506	0.00165601	0.00165309	0.0016578	0.00155433	0.00147522	0.00142442	0.0013313	0.00120455	0.00108376	0.000950649	0.000881173	0.000853656	0.000714588	0.000627826	0.00054022	0.000457809	0.000392018	0.000354865	0.000317571	0.000283268	0.000262379	0.000224529	0.000201828	0.000187981	0.000155785	0.000134385	0.000114678	0.000101802	8.59834e-005	7.74858e-005	6.70158e-005	5.87496e-005	5.08186e-005	4.29257e-005	3.76177e-005	3.24152e-005	3.06713e-005	2.6409e-005	2.34323e-005	2.12626e-005	

