50	0.024	0	0	task-3:0.008	task-0:0.15	task-1:0.072	task-2:0.028	|	0.0416541	0.040901	0.0387269	0.0341924	0.0283957	0.0233695	0.0160888	0.0129767	0.0330756	0.0110467	0.0104434	0.0100069	0.00985785	0.00955406	0.00912911	0.00854236	0.00762456	0.00649336	0.0082835	0.00640396	0.00629404	0.0062336	0.0061149	0.00593897	0.00577479	0.00542983	0.00509679	0.00483082	0.00443428	0.00445205	0.0040764	0.00403014	0.00403928	0.0039994	0.0039033	0.00374517	0.0035623	0.00353519	0.00350903	0.00347286	0.00340142	0.00327183	0.00306746	0.00301326	0.00287503	0.00280509	0.00276124	0.00271616	0.00264638	0.00251208	0.00228407	

39	0.083	0	0	task-3:0.008	task-0:0.134	task-1:0.074	task-2:0.03	|	0.084466	0.0718413	0.04814	0.0421302	0.0392264	0.035669	0.0273775	0.0163486	0.0184243	0.0120868	0.011491	0.0104957	0.00980559	0.0101884	0.00886305	0.0082628	0.00802662	0.00765277	0.00725624	0.00696612	0.00640869	0.00575824	0.00569727	0.0056549	0.00561118	0.00551692	0.00534021	0.00500583	0.00445806	0.00375235	0.00747305	0.00380516	0.00357225	0.00355185	0.00353206	0.00340022	0.00328294	0.00312185	0.00283421	0.00237189	

47	0.087	0	0	task-3:0.01	task-0:0.148	task-1:0.064	task-2:0.032	|	0.0537465	0.0463413	0.0382592	0.0354488	0.0299411	0.0215208	0.0145543	0.0202515	0.0162442	0.0280531	0.014917	0.0140843	0.0129794	0.0127203	0.0122153	0.0112358	0.0109179	0.0104166	0.0094144	0.00786193	0.00661189	0.00718562	0.006972	0.00552077	0.00520733	0.00514973	0.00503282	0.00491351	0.00481865	0.00460013	0.00427344	0.00415095	0.00397443	0.00386259	0.00368985	0.00342106	0.00341305	0.0033691	0.00328596	0.0031871	0.003152	0.00312089	0.00312353	0.00310474	0.00305787	0.00295916	0.00277323	0.00246002	

54	0.069	0	0	task-3:0.006	task-0:0.146	task-1:0.062	task-2:0.03	|	0.0450222	0.0439261	0.0412056	0.0376438	0.0335809	0.0317251	0.0297785	0.0253246	0.0189395	0.0166976	0.0361742	0.0150554	0.0143202	0.0135771	0.013319	0.0127973	0.0119833	0.0108751	0.00940583	0.00728255	0.00745429	0.0065356	0.00644323	0.0063345	0.00615349	0.00601611	0.00587509	0.00561709	0.00537016	0.00511917	0.00495844	0.00479005	0.00446711	0.00433193	0.00413699	0.00386655	0.00390862	0.00377379	0.00366988	0.00364244	0.00359475	0.00353666	0.00350739	0.00344762	0.00333557	0.00318905	0.00313339	0.00313269	0.00313221	0.00309803	0.00301112	0.00284522	0.00257418	0.00282903	0.0024273	

41	0.045	0	0	task-3:0.01	task-0:0.166	task-1:0.062	task-2:0.03	|	0.0605321	0.0526504	0.0433106	0.0397909	0.0329284	0.0223234	0.0177391	0.021101	0.0161758	0.0169657	0.0135406	0.012891	0.0122377	0.0119886	0.0116061	0.0111747	0.010697	0.00976213	0.00824779	0.00718949	0.00715712	0.0069195	0.00646822	0.00571458	0.00512537	0.00511866	0.00467188	0.00462763	0.00453738	0.00436461	0.00405935	0.00358429	0.00446791	0.00382928	0.00302033	0.00292137	0.00289822	0.00285139	0.0027601	0.00268766	0.00258312	0.00241544	

39	0.021	0	0	task-3:0.008	task-0:0.134	task-1:0.074	task-2:0.03	|	0.084466	0.0718413	0.04814	0.0421302	0.0392264	0.035669	0.0273775	0.0163486	0.0184243	0.0120868	0.011491	0.0104957	0.00980559	0.0101884	0.00886305	0.0082628	0.00802662	0.00765277	0.00725624	0.00696612	0.00640869	0.00575824	0.00569727	0.0056549	0.00561118	0.00551692	0.00534021	0.00500583	0.00445806	0.00375235	0.00747305	0.00380516	0.00357225	0.00355185	0.00353206	0.00340022	0.00328294	0.00312185	0.00283421	0.00237189	

40	0.056	0	0	task-3:0.046	task-0:0.15	task-1:0.08	task-2:0.032	|	0.0553346	0.0480654	0.039845	0.0363664	0.0296792	0.0197197	0.0164443	0.0194933	0.0144324	0.0157794	0.0119972	0.0114412	0.0108912	0.0106973	0.0103726	0.00999603	0.00948414	0.00852687	0.00737262	0.00804292	0.00724808	0.0071937	0.00707314	0.00685031	0.00660406	0.00633083	0.00588299	0.00558026	0.00506758	0.00431332	0.00518934	0.00873156	0.00406484	0.00340643	0.00331073	0.00325891	0.00315522	0.00296335	0.00288881	0.0025958	0.00241387	

45	0.057	0	0	task-3:0.006	task-0:0.14	task-1:0.078	task-2:0.096	|	0.0721271	0.0616409	0.0466194	0.0426668	0.0361502	0.0277702	0.0189761	0.0159982	0.0233976	0.0133847	0.0126233	0.0120687	0.0118533	0.0114283	0.0108138	0.00995853	0.00859816	0.00697515	0.0104743	0.00689451	0.00687462	0.00681841	0.00669964	0.00650311	0.00623621	0.00593613	0.00547304	0.00530657	0.00507687	0.00464336	0.00466307	0.00426409	0.00418585	0.00411713	0.00398269	0.00370257	0.00336696	0.00337721	0.00317449	0.00312786	0.0030938	0.00304451	0.00294599	0.00274246	0.00251603	0.00215485	

40	0.054	0	0	task-3:0.012	task-0:0.15	task-1:0.074	task-2:0.036	|	0.0823067	0.0687676	0.0448495	0.0399834	0.0362939	0.0319457	0.0234803	0.0157987	0.0114912	0.0179914	0.0129737	0.0284989	0.011632	0.0109148	0.0100855	0.00984045	0.00933076	0.00835614	0.00745127	0.0078907	0.0059936	0.00532231	0.00493066	0.0048025	0.00462935	0.00452182	0.00438831	0.00419537	0.00410099	0.00395884	0.00370096	0.00327595	0.00392397	0.00318625	0.00291814	0.00287645	0.00280168	0.00272239	0.00265335	0.00252374	0.0022863	

41	0.021	0	0	task-3:0.008	task-0:0.15	task-1:0.074	task-2:0.032	|	0.0578011	0.0535335	0.0473296	0.0430142	0.0373042	0.0292241	0.0208411	0.0193216	0.0152915	0.0147269	0.0140049	0.0128003	0.0116587	0.0117444	0.00975903	0.00871171	0.00796802	0.00760696	0.00721552	0.00691784	0.00642143	0.00586043	0.00636931	0.0057716	0.00572548	0.0056263	0.00542807	0.00506497	0.00459383	0.00412109	0.00508178	0.00398525	0.00382625	0.00372033	0.00367194	0.0036156	0.00357292	0.00346829	0.00328589	0.00310323	0.00278135	0.00242511	

38	0.05	0	0	task-3:0.026	task-0:0.166	task-1:0.064	task-2:0.032	|	0.0474119	0.0460087	0.042573	0.0390781	0.0353168	0.0326263	0.0285283	0.0217897	0.0156935	0.0210235	0.0157844	0.0133875	0.0122891	0.012061	0.0117485	0.0110904	0.00982279	0.00764507	0.00483891	0.0104009	0.00486193	0.00455121	0.0044736	0.00432086	0.00397394	0.00371159	0.00341022	0.00348207	0.00327444	0.00318014	0.00311183	0.00303619	0.00292189	0.00275043	0.00268865	0.0025633	0.00254792	0.00252856	0.0024928	

38	0.051	0	0	task-3:0.026	task-0:0.166	task-1:0.064	task-2:0.032	|	0.0474119	0.0460087	0.042573	0.0390781	0.0353168	0.0326263	0.0285283	0.0217897	0.0156935	0.0210235	0.0157844	0.0133875	0.0122891	0.012061	0.0117485	0.0110904	0.00982279	0.00764507	0.00483891	0.0104009	0.00486193	0.00455121	0.0044736	0.00432086	0.00397394	0.00371159	0.00341022	0.00348207	0.00327444	0.00318014	0.00311183	0.00303619	0.00292189	0.00275043	0.00268865	0.0025633	0.00254792	0.00252856	0.0024928	

47	0.055	0	0	task-3:0.002	task-0:0.144	task-1:0.076	task-2:0.03	|	0.0844989	0.0723166	0.0496311	0.0438859	0.0411902	0.0382298	0.0308345	0.0200689	0.0193842	0.0147943	0.0141901	0.0138051	0.0131533	0.0126509	0.0119712	0.0110084	0.00991855	0.00849268	0.00944784	0.00821457	0.00806848	0.00781697	0.00754604	0.0072663	0.00693362	0.00638112	0.00604822	0.00551621	0.00523985	0.00583839	0.00476599	0.00466434	0.00448744	0.00437874	0.00431393	0.00421561	0.00404585	0.00381166	0.00372449	0.00365303	0.0035648	0.00347464	0.00334052	0.00310455	0.00274043	0.00305562	0.00370121	0.00233894	

34	0.017	0	0	task-3:0.046	task-0:0.144	task-1:0.07	task-2:0.028	|	0.0694165	0.0597869	0.0465165	0.0426829	0.0360324	0.0271586	0.018063	0.0132737	0.0118396	0.0275625	0.0106318	0.0100244	0.00932619	0.00885785	0.00813065	0.00748102	0.00673193	0.00562769	0.00534874	0.00552923	0.00503738	0.00498827	0.00488536	0.00468342	0.00439566	0.00402564	0.00345504	0.00311269	0.0115679	0.00271804	0.00263868	0.00258984	0.00257286	0.00254243	0.00249776	

39	0.051	0	0	task-3:0.066	task-0:0.178	task-1:0.064	task-2:0.034	|	0.0813828	0.0708587	0.0522206	0.0468081	0.0422784	0.0360956	0.0253548	0.0198515	0.0196719	0.0165001	0.0160624	0.0153096	0.0145753	0.0141013	0.0130552	0.0109992	0.00787718	0.0123922	0.00689656	0.00675255	0.00665354	0.00643447	0.00595706	0.00526005	0.00606015	0.00499605	0.00496472	0.00485177	0.0046261	0.00421671	0.00370338	0.00772855	0.00334768	0.00323665	0.0031486	0.00303539	0.00285341	0.00263438	0.00250548	0.00249185	

37	0.05	0	0	task-3:0.008	task-0:0.15	task-1:0.08	task-2:0.028	|	0.0555313	0.0547152	0.0522894	0.0467415	0.0357167	0.0204563	0.0224035	0.0142474	0.0134673	0.0128941	0.0125846	0.0119439	0.0107382	0.00879091	0.00922641	0.00784686	0.00722509	0.00694891	0.00668295	0.0063968	0.00605353	0.00589571	0.00577085	0.00556376	0.00512708	0.00490136	0.00451339	0.00389258	0.0040659	0.0133537	0.00326351	0.00307652	0.00296096	0.00292229	0.00284697	0.00274339	0.00259066	0.00237653	

34	0.017	0	0	task-3:0.046	task-0:0.144	task-1:0.07	task-2:0.028	|	0.0694165	0.0597869	0.0465165	0.0426829	0.0360324	0.0271586	0.018063	0.0132737	0.0118396	0.0275625	0.0106318	0.0100244	0.00932619	0.00885785	0.00813065	0.00748102	0.00673193	0.00562769	0.00534874	0.00552923	0.00503738	0.00498827	0.00488536	0.00468342	0.00439566	0.00402564	0.00345504	0.00311269	0.0115679	0.00271804	0.00263868	0.00258984	0.00257286	0.00254243	0.00249776	

48	0.081	0	0	task-3:0	task-0:0.166	task-1:0.072	task-2:0.032	|	0.0653584	0.0581013	0.0480801	0.0436295	0.0361687	0.0264914	0.0194825	0.0173501	0.0161732	0.0141282	0.0129656	0.0127677	0.0124941	0.0123437	0.0119912	0.0112051	0.0098258	0.00887516	0.00807427	0.00793092	0.00774423	0.00737705	0.0067111	0.00564973	0.005361	0.00701472	0.00447167	0.00435962	0.00420638	0.00413622	0.00414887	0.00412536	0.00405927	0.00392466	0.00373335	0.00363967	0.00349954	0.00325491	0.00331105	0.00301359	0.00297888	0.00299908	0.00298778	0.00295582	0.00288702	0.00276293	0.00260022	0.00252196	0.00242426	

43	0.053	0	0	task-3:0.006	task-0:0.178	task-1:0.076	task-2:0.164	|	0.0624819	0.0545084	0.0444509	0.0409766	0.0344833	0.0250383	0.0154842	0.0151846	0.0187359	0.0133322	0.0125871	0.0118706	0.0115421	0.0109042	0.00994009	0.00885241	0.00730851	0.00595364	0.00707918	0.00608244	0.00556457	0.00552282	0.00543837	0.00531342	0.0052416	0.00507301	0.00480797	0.00457327	0.0041744	0.00443763	0.00387114	0.00383189	0.00376796	0.0035979	0.00330741	0.00330762	0.00301887	0.00295651	0.00292361	0.00285686	0.00271832	0.00253793	0.00259747	0.00247682	

43	0.021	0	0	task-3:0.012	task-0:0.166	task-1:0.066	task-2:0.024	|	0.0509417	0.0481851	0.0437949	0.0397322	0.0354741	0.0287613	0.0200985	0.020372	0.0175473	0.016051	0.0155931	0.0154054	0.0151747	0.0145664	0.0132979	0.0110384	0.0104618	0.00883885	0.00852373	0.00792971	0.00681608	0.00519424	0.00827399	0.00479931	0.00475443	0.0046164	0.00435201	0.00393801	0.00428859	0.00380679	0.00374224	0.003613	0.00339749	0.00332065	0.00313162	0.00306175	0.00294642	0.00282609	0.00317058	0.00273283	0.00270627	0.0026558	0.00257302	0.0024213	

39	0.02	0	0	task-3:0.066	task-0:0.178	task-1:0.064	task-2:0.034	|	0.0813828	0.0708587	0.0522206	0.0468081	0.0422784	0.0360956	0.0253548	0.0198515	0.0196719	0.0165001	0.0160624	0.0153096	0.0145753	0.0141013	0.0130552	0.0109992	0.00787718	0.0123922	0.00689656	0.00675255	0.00665354	0.00643447	0.00595706	0.00526005	0.00606015	0.00499605	0.00496472	0.00485177	0.0046261	0.00421671	0.00370338	0.00772855	0.00334768	0.00323665	0.0031486	0.00303539	0.00285341	0.00263438	0.00250548	0.00249185	

43	0.053	0	0	task-3:0.008	task-0:0.164	task-1:0.062	task-2:0.028	|	0.0433062	0.0424048	0.0399412	0.035591	0.0310977	0.029651	0.0265847	0.0206557	0.0142098	0.0160322	0.0140007	0.0123833	0.0110843	0.0102463	0.010105	0.00981008	0.00925631	0.00816572	0.00654104	0.00634655	0.00614614	0.00550973	0.00547848	0.0054503	0.00539248	0.00529328	0.00536278	0.0050945	0.00488787	0.00456584	0.00409304	0.00409141	0.00421615	0.00355857	0.00346659	0.00341932	0.00332668	0.00324583	0.00308562	0.00298328	0.00275398	0.0026453	0.00256276	0.00246208	

51	0.057	0	0	task-3:0.008	task-0:0.176	task-1:0.058	task-2:0.032	|	0.0709799	0.060167	0.0452384	0.0414216	0.0347486	0.0258374	0.0170404	0.0184987	0.0195589	0.0147564	0.0133845	0.0116795	0.0110312	0.0105835	0.0103349	0.00994168	0.00937433	0.00871924	0.00772132	0.0064032	0.00653102	0.00598062	0.00590727	0.0058692	0.00578327	0.00561741	0.0053409	0.00486974	0.0045832	0.00442966	0.00427205	0.00422747	0.00414385	0.00406335	0.00400527	0.00386649	0.00365129	0.00351422	0.00334608	0.00334197	0.00327782	0.00319084	0.00310006	0.00307117	0.00305572	0.00306476	0.00303522	0.00297158	0.00286266	0.00275405	0.00256958	0.00230768	

39	0.051	0	0	task-3:0.066	task-0:0.178	task-1:0.064	task-2:0.034	|	0.0813828	0.0708587	0.0522206	0.0468081	0.0422784	0.0360956	0.0253548	0.0198515	0.0196719	0.0165001	0.0160624	0.0153096	0.0145753	0.0141013	0.0130552	0.0109992	0.00787718	0.0123922	0.00689656	0.00675255	0.00665354	0.00643447	0.00595706	0.00526005	0.00606015	0.00499605	0.00496472	0.00485177	0.0046261	0.00421671	0.00370338	0.00772855	0.00334768	0.00323665	0.0031486	0.00303539	0.00285341	0.00263438	0.00250548	0.00249185	

33	0.016	0	0	task-3:0.01	task-0:0.092	task-1:0.06	task-2:0.032	|	0.0993386	0.0868635	0.0515267	0.0441258	0.0381124	0.0341317	0.0313512	0.0292411	0.0251534	0.0190073	0.0134813	0.0189476	0.0152193	0.0336013	0.0143455	0.0137431	0.0127933	0.0124891	0.0118928	0.0111088	0.00964143	0.00715113	0.0047071	0.0200009	0.00936367	0.0390687	0.00554282	0.00370276	0.00268986	0.00268839	0.00266313	0.00261007	0.00250416	0.00230314	

43	0.053	0	0	task-3:0.006	task-0:0.178	task-1:0.076	task-2:0.164	|	0.0624819	0.0545084	0.0444509	0.0409766	0.0344833	0.0250383	0.0154842	0.0151846	0.0187359	0.0133322	0.0125871	0.0118706	0.0115421	0.0109042	0.00994009	0.00885241	0.00730851	0.00595364	0.00707918	0.00608244	0.00556457	0.00552282	0.00543837	0.00531342	0.0052416	0.00507301	0.00480797	0.00457327	0.0041744	0.00443763	0.00387114	0.00383189	0.00376796	0.0035979	0.00330741	0.00330762	0.00301887	0.00295651	0.00292361	0.00285686	0.00271832	0.00253793	0.00259747	0.00247682	

48	0.059	0	0	task-3:0	task-0:0.166	task-1:0.072	task-2:0.032	|	0.0653584	0.0581013	0.0480801	0.0436295	0.0361687	0.0264914	0.0194825	0.0173501	0.0161732	0.0141282	0.0129656	0.0127677	0.0124941	0.0123437	0.0119912	0.0112051	0.0098258	0.00887516	0.00807427	0.00793092	0.00774423	0.00737705	0.0067111	0.00564973	0.005361	0.00701472	0.00447167	0.00435962	0.00420638	0.00413622	0.00414887	0.00412536	0.00405927	0.00392466	0.00373335	0.00363967	0.00349954	0.00325491	0.00331105	0.00301359	0.00297888	0.00299908	0.00298778	0.00295582	0.00288702	0.00276293	0.00260022	0.00252196	0.00242426	

48	0.056	0	0	task-3:0	task-0:0.166	task-1:0.072	task-2:0.032	|	0.0653584	0.0581013	0.0480801	0.0436295	0.0361687	0.0264914	0.0194825	0.0173501	0.0161732	0.0141282	0.0129656	0.0127677	0.0124941	0.0123437	0.0119912	0.0112051	0.0098258	0.00887516	0.00807427	0.00793092	0.00774423	0.00737705	0.0067111	0.00564973	0.005361	0.00701472	0.00447167	0.00435962	0.00420638	0.00413622	0.00414887	0.00412536	0.00405927	0.00392466	0.00373335	0.00363967	0.00349954	0.00325491	0.00331105	0.00301359	0.00297888	0.00299908	0.00298778	0.00295582	0.00288702	0.00276293	0.00260022	0.00252196	0.00242426	

44	0.022	0	0	task-3:0.006	task-0:0.174	task-1:0.08	task-2:0.03	|	0.0444766	0.043365	0.0405006	0.0364906	0.0321594	0.0303483	0.0272236	0.0211115	0.0143632	0.0159454	0.0172286	0.0127143	0.0112286	0.0101954	0.0100542	0.00975847	0.00918045	0.00796496	0.00616551	0.00676244	0.0057843	0.00565874	0.00544356	0.00530608	0.00526885	0.00520413	0.00514702	0.00508046	0.00494635	0.00462003	0.00439878	0.00401726	0.00373656	0.00563778	0.0034496	0.00340073	0.00333241	0.00327746	0.00320593	0.00300884	0.00272836	0.00258895	0.0025005	0.002594	0.00236054	

48	0.055	0	0	task-3:0	task-0:0.166	task-1:0.072	task-2:0.032	|	0.0653584	0.0581013	0.0480801	0.0436295	0.0361687	0.0264914	0.0194825	0.0173501	0.0161732	0.0141282	0.0129656	0.0127677	0.0124941	0.0123437	0.0119912	0.0112051	0.0098258	0.00887516	0.00807427	0.00793092	0.00774423	0.00737705	0.0067111	0.00564973	0.005361	0.00701472	0.00447167	0.00435962	0.00420638	0.00413622	0.00414887	0.00412536	0.00405927	0.00392466	0.00373335	0.00363967	0.00349954	0.00325491	0.00331105	0.00301359	0.00297888	0.00299908	0.00298778	0.00295582	0.00288702	0.00276293	0.00260022	0.00252196	0.00242426	

44	0.054	0	0	task-3:0.098	task-0:0.162	task-1:0.07	task-2:0.032	|	0.0513277	0.0473783	0.0420313	0.0381594	0.0327229	0.0254794	0.0193864	0.013878	0.0184669	0.0147635	0.0236272	0.0136619	0.0131142	0.0123987	0.0119451	0.0113811	0.0105478	0.00906179	0.00826528	0.00721422	0.00655829	0.00615097	0.00562904	0.00532997	0.00515925	0.00493977	0.00463104	0.00459698	0.00449438	0.0043979	0.00421607	0.00389097	0.0033668	0.00458199	0.00338021	0.00330096	0.00322515	0.00310068	0.00300918	0.00286482	0.00266382	0.00262013	0.00258471	0.00252505	0.00246185	

43	0.054	0	0	task-3:0.006	task-0:0.178	task-1:0.076	task-2:0.164	|	0.0624819	0.0545084	0.0444509	0.0409766	0.0344833	0.0250383	0.0154842	0.0151846	0.0187359	0.0133322	0.0125871	0.0118706	0.0115421	0.0109042	0.00994009	0.00885241	0.00730851	0.00595364	0.00707918	0.00608244	0.00556457	0.00552282	0.00543837	0.00531342	0.0052416	0.00507301	0.00480797	0.00457327	0.0041744	0.00443763	0.00387114	0.00383189	0.00376796	0.0035979	0.00330741	0.00330762	0.00301887	0.00295651	0.00292361	0.00285686	0.00271832	0.00253793	0.00259747	0.00247682	

43	0.021	0	0	task-3:0.01	task-0:0.16	task-1:0.058	task-2:0.026	|	0.0488488	0.0478617	0.0451104	0.0402951	0.0353957	0.0330519	0.0280858	0.0198323	0.0147136	0.0307382	0.0130159	0.0126149	0.0121832	0.0117753	0.0113696	0.0108018	0.00967652	0.00803727	0.00946279	0.00744503	0.00735811	0.00728107	0.00711989	0.00685935	0.00637925	0.00575139	0.00497437	0.00506529	0.0073321	0.0042116	0.00377543	0.00374611	0.00370318	0.00361539	0.00342265	0.00318908	0.00304448	0.00341004	0.00296812	0.00293602	0.00288833	0.00279599	0.00264774	0.0024433	

44	0.023	0	0	task-3:0.012	task-0:0.166	task-1:0.062	task-2:0.03	|	0.0392112	0.03798	0.0353833	0.0317579	0.0288179	0.0238291	0.0168997	0.0164664	0.0128705	0.0122575	0.0112559	0.00997145	0.0104588	0.00957622	0.00895721	0.00867739	0.00829017	0.00761756	0.00663939	0.00580626	0.00648906	0.00546393	0.00521294	0.005049	0.00493193	0.00481825	0.00455101	0.00438946	0.0042321	0.00400065	0.00369975	0.00367907	0.00358101	0.00345639	0.00341501	0.00333857	0.00321397	0.00299916	0.0028627	0.00272837	0.00269692	0.00266946	0.0026164	0.00252042	0.00236369	

38	0.051	0	0	task-3:0.01	task-0:0.124	task-1:0.062	task-2:0.03	|	0.0939552	0.081628	0.0524893	0.0438825	0.0403562	0.0321604	0.0202413	0.021447	0.0166277	0.0146173	0.0139106	0.0135855	0.0130284	0.0118554	0.0100207	0.0105094	0.00909949	0.00863124	0.00807411	0.00777325	0.00765345	0.00747813	0.00709411	0.00642834	0.00576891	0.00531714	0.00533689	0.00470061	0.00459798	0.00459037	0.00453752	0.00441361	0.00416552	0.00372752	0.00304988	0.00459266	0.00727318	0.00266542	0.00243103	

35	0.051	0	0	task-3:0	task-0:0.15	task-1:0.08	task-2:0.044	|	0.0449173	0.0441689	0.0419891	0.0372451	0.0286561	0.0176574	0.0124836	0.0109127	0.0242781	0.00947102	0.00866156	0.00799464	0.00772774	0.00725225	0.00673784	0.00623107	0.00557929	0.00553372	0.0054053	0.005344	0.00522151	0.00501532	0.00493577	0.00480479	0.0046632	0.0044367	0.00409178	0.00405691	0.00398699	0.00384463	0.00357913	0.00320682	0.00266212	0.0057886	0.00260018	0.0024831	

48	0.023	0	0	task-3:0.018	task-0:0.16	task-1:0.06	task-2:0.028	|	0.0587992	0.0580683	0.0558094	0.0503458	0.0398112	0.0368685	0.0324013	0.0254428	0.0240958	0.0226827	0.0212506	0.020338	0.0182589	0.0148999	0.0124822	0.018398	0.0113082	0.0109476	0.010556	0.0101162	0.00956529	0.00884817	0.00771779	0.00750573	0.00700424	0.00680788	0.00669253	0.0064751	0.00612822	0.00556775	0.00548972	0.00549534	0.0054166	0.0052358	0.00489097	0.00438073	0.00449693	0.0039414	0.00383707	0.003799	0.00372702	0.00350841	0.0033285	0.00304301	0.00280951	0.00280306	0.00271275	0.00252715	0.00247869	

33	0.017	0	0	task-3:0.034	task-0:0.132	task-1:0.082	task-2:0.034	|	0.0855377	0.0721917	0.0461805	0.040968	0.0382203	0.0344281	0.0267439	0.0180343	0.0188751	0.0219185	0.0161703	0.0145923	0.0131821	0.0129887	0.0127085	0.0120903	0.0108525	0.00937012	0.00739755	0.00519693	0.0094615	0.0049724	0.00493164	0.00485621	0.00472991	0.00462077	0.00442436	0.00408458	0.00355403	0.00278498	0.00385425	0.0108132	0.00251658	0.00197512	

45	0.054	0	0	task-3:0.044	task-0:0.176	task-1:0.066	task-2:0.026	|	0.0776404	0.0655017	0.0462804	0.041939	0.0362585	0.0293573	0.0213906	0.0215796	0.0188184	0.0160461	0.0154164	0.0144504	0.0127797	0.0104037	0.0114349	0.0122525	0.00774329	0.00658268	0.00654577	0.00644865	0.00631597	0.00594408	0.00530434	0.00475484	0.00453136	0.00445799	0.00421232	0.00412083	0.00410018	0.00406098	0.00400172	0.00393091	0.00372234	0.00351343	0.00333471	0.00314338	0.0031478	0.00308804	0.00301371	0.00292396	0.0028935	0.00285641	0.00281161	0.00269417	0.00250941	0.00247811	

30	0.014	0	0	task-3:0.006	task-0:0.156	task-1:0.072	task-2:0.048	|	0.0707087	0.0631599	0.0515287	0.0463904	0.0396181	0.0303871	0.0212683	0.0207829	0.0176888	0.0151523	0.0145924	0.0136603	0.0119939	0.00943679	0.00623366	0.0120612	0.0048585	0.00525154	0.00440327	0.00414617	0.00401288	0.00376892	0.00348708	0.00312545	0.00304232	0.00290439	0.0027937	0.00276094	0.00271047	0.00263204	0.00247933	

46	0.023	0	0	task-3:0.012	task-0:0.172	task-1:0.076	task-2:0.034	|	0.0514037	0.050336	0.0476398	0.0431456	0.0377356	0.0290552	0.0193506	0.0213899	0.0186262	0.0183004	0.0164933	0.0161903	0.0154903	0.0145348	0.0142612	0.0138376	0.0131224	0.0120649	0.0101597	0.0082516	0.00870988	0.00830957	0.00667522	0.00628489	0.00621181	0.00606548	0.00580271	0.00536688	0.00475182	0.00493189	0.00457652	0.00440961	0.00426951	0.00419257	0.00415075	0.00402222	0.00383753	0.0037517	0.00364642	0.00341598	0.0033254	0.00321379	0.00301224	0.00282237	0.00256777	0.00289857	0.00249151	

48	0.056	0	0	task-3:0.006	task-0:0.176	task-1:0.07	task-2:0.026	|	0.072809	0.0650802	0.0530034	0.0482608	0.0418824	0.0333451	0.0238779	0.0245976	0.0207302	0.0175834	0.0169416	0.0165874	0.0163596	0.0157214	0.0144191	0.0122379	0.0110254	0.0131197	0.00925975	0.00848128	0.00787808	0.00760521	0.00726702	0.0070858	0.00681481	0.00631912	0.00578335	0.00618765	0.00571569	0.00567938	0.00559737	0.00543005	0.00511681	0.00458795	0.00395367	0.00536106	0.00404164	0.00342285	0.00333913	0.00332136	0.00328561	0.00321978	0.00311417	0.0028977	0.00291754	0.00280056	0.00264736	0.00250137	0.00242191	

38	0.051	0	0	task-3:0.01	task-0:0.124	task-1:0.062	task-2:0.03	|	0.0939552	0.081628	0.0524893	0.0438825	0.0403562	0.0321604	0.0202413	0.021447	0.0166277	0.0146173	0.0139106	0.0135855	0.0130284	0.0118554	0.0100207	0.0105094	0.00909949	0.00863124	0.00807411	0.00777325	0.00765345	0.00747813	0.00709411	0.00642834	0.00576891	0.00531714	0.00533689	0.00470061	0.00459798	0.00459037	0.00453752	0.00441361	0.00416552	0.00372752	0.00304988	0.00459266	0.00727318	0.00266542	0.00243103	

35	0.017	0	0	task-3:0	task-0:0.15	task-1:0.08	task-2:0.044	|	0.0449173	0.0441689	0.0419891	0.0372451	0.0286561	0.0176574	0.0124836	0.0109127	0.0242781	0.00947102	0.00866156	0.00799464	0.00772774	0.00725225	0.00673784	0.00623107	0.00557929	0.00553372	0.0054053	0.005344	0.00522151	0.00501532	0.00493577	0.00480479	0.0046632	0.0044367	0.00409178	0.00405691	0.00398699	0.00384463	0.00357913	0.00320682	0.00266212	0.0057886	0.00260018	0.0024831	

42	0.053	0	0	task-3:0.008	task-0:0.12	task-1:0.07	task-2:0.022	|	0.0793068	0.0682159	0.049803	0.0447859	0.0395185	0.0326422	0.0227781	0.0219364	0.0204792	0.0184706	0.016898	0.0152731	0.0135565	0.012123	0.0126041	0.0114573	0.0107384	0.0106136	0.0103904	0.00995994	0.00928011	0.00833297	0.00691879	0.00631168	0.00925909	0.00570586	0.00555446	0.00535935	0.00501984	0.00482492	0.00451487	0.00447427	0.00446668	0.00444545	0.00440588	0.00435113	0.00431022	0.00417778	0.00396064	0.00381415	0.00356394	0.00313891	0.00248339	

46	0.056	0	0	task-3:0.012	task-0:0.172	task-1:0.076	task-2:0.034	|	0.0514037	0.050336	0.0476398	0.0431456	0.0377356	0.0290552	0.0193506	0.0213899	0.0186262	0.0183004	0.0164933	0.0161903	0.0154903	0.0145348	0.0142612	0.0138376	0.0131224	0.0120649	0.0101597	0.0082516	0.00870988	0.00830957	0.00667522	0.00628489	0.00621181	0.00606548	0.00580271	0.00536688	0.00475182	0.00493189	0.00457652	0.00440961	0.00426951	0.00419257	0.00415075	0.00402222	0.00383753	0.0037517	0.00364642	0.00341598	0.0033254	0.00321379	0.00301224	0.00282237	0.00256777	0.00289857	0.00249151	

48	0.057	0	0	task-3:0.012	task-0:0.142	task-1:0.06	task-2:0.03	|	0.0464742	0.0456687	0.0433355	0.0384629	0.0319651	0.0257852	0.0172173	0.0128058	0.0372616	0.0115648	0.0110821	0.0106937	0.010349	0.00993361	0.00968809	0.00929739	0.00850687	0.00737749	0.00770866	0.00739807	0.006842	0.00673368	0.00651826	0.00614969	0.00563885	0.00514294	0.00515311	0.00493263	0.00476806	0.00475051	0.00471603	0.00467335	0.00465838	0.004554	0.00435303	0.00407277	0.00402746	0.00391288	0.00381068	0.00361888	0.00329607	0.00364401	0.00306978	0.00302962	0.00302543	0.00299124	0.00291693	0.00276887	0.00249701	

46	0.054	0	0	task-3:0.012	task-0:0.172	task-1:0.076	task-2:0.034	|	0.0514037	0.050336	0.0476398	0.0431456	0.0377356	0.0290552	0.0193506	0.0213899	0.0186262	0.0183004	0.0164933	0.0161903	0.0154903	0.0145348	0.0142612	0.0138376	0.0131224	0.0120649	0.0101597	0.0082516	0.00870988	0.00830957	0.00667522	0.00628489	0.00621181	0.00606548	0.00580271	0.00536688	0.00475182	0.00493189	0.00457652	0.00440961	0.00426951	0.00419257	0.00415075	0.00402222	0.00383753	0.0037517	0.00364642	0.00341598	0.0033254	0.00321379	0.00301224	0.00282237	0.00256777	0.00289857	0.00249151	

38	0.019	0	0	task-3:0.008	task-0:0.17	task-1:0.034	task-2:0.034	|	0.0527142	0.0515106	0.0482528	0.0439749	0.0393638	0.0359279	0.0288842	0.0187174	0.0156309	0.032654	0.0129078	0.0119192	0.0111734	0.0110504	0.010721	0.010134	0.00927861	0.00826645	0.00712583	0.00813369	0.00699779	0.00696917	0.00690026	0.00678214	0.00667871	0.0064663	0.00606296	0.00536367	0.00429978	0.00381709	0.0113765	0.00327667	0.00289501	0.00285878	0.00286091	0.00283803	0.00278578	0.00268293	0.00249599	

49	0.056	0	0	task-3:0.008	task-0:0.13	task-1:0.068	task-2:0.032	|	0.0820742	0.0720116	0.0534215	0.0476149	0.0437128	0.0383269	0.0280738	0.0185895	0.0153846	0.0180979	0.0155338	0.0209593	0.0147277	0.0143084	0.0137187	0.0131054	0.0120412	0.010603	0.00838376	0.00661399	0.00624938	0.00590441	0.00580478	0.00567287	0.00547193	0.00522819	0.00574373	0.00505133	0.00498571	0.00494519	0.00487404	0.00476367	0.00456471	0.00425073	0.00381864	0.00410339	0.00355564	0.00352913	0.00351683	0.00344137	0.00330236	0.00313803	0.00284659	0.0036081	0.00266892	0.00267763	0.0026741	0.0026503	0.00259853	0.00249841	

45	0.054	0	0	task-3:0.008	task-0:0.15	task-1:0.07	task-2:0.03	|	0.0528935	0.0519054	0.0493146	0.0445393	0.0374438	0.0280824	0.021589	0.0183101	0.0180517	0.0160905	0.0148225	0.0146944	0.0143971	0.0139618	0.0134739	0.0125372	0.0107915	0.00912209	0.0107954	0.0109549	0.00827399	0.00823719	0.00818758	0.00806433	0.00784155	0.00756224	0.00731557	0.00679293	0.00604211	0.00585399	0.0053533	0.0052951	0.00524291	0.00518718	0.00498895	0.00465021	0.00447005	0.00410786	0.00399139	0.00397465	0.00394787	0.0038794	0.00373197	0.00344616	0.00294917	0.00221331	

34	0.049	0	0	task-3:0	task-0:0.146	task-1:0.072	task-2:0.032	|	0.0427052	0.0407778	0.0376256	0.034407	0.0311213	0.0259507	0.0190638	0.0179047	0.0166775	0.0150075	0.014476	0.0139401	0.0135797	0.0130549	0.0124468	0.0118916	0.0107788	0.00879036	0.00731759	0.00875996	0.00690155	0.00652817	0.00641231	0.00628117	0.00605262	0.00573557	0.00524677	0.00516954	0.00513468	0.00501527	0.0047641	0.00430292	0.00367718	0.00272113	0.00179032	

42	0.021	0	0	task-3:0	task-0:0.176	task-1:0.08	task-2:0.028	|	0.057098	0.0488348	0.039174	0.0364017	0.0310284	0.0227178	0.0172848	0.0206754	0.0167925	0.0197062	0.014976	0.0143931	0.0137059	0.0134161	0.0128374	0.0117067	0.009759	0.00725605	0.00946025	0.00643383	0.00620586	0.00615306	0.00606887	0.00584561	0.00543678	0.00480547	0.00539214	0.00445044	0.00437399	0.00433751	0.00425346	0.00408277	0.00376818	0.00357229	0.00445009	0.00310255	0.00296761	0.00284638	0.00274971	0.00266019	0.00259568	0.00253052	0.00244024	

44	0.054	0	0	task-3:0.006	task-0:0.166	task-1:0.066	task-2:0.03	|	0.0675726	0.0582476	0.0458441	0.0418099	0.0345961	0.0248247	0.0168822	0.0233726	0.0145705	0.0134484	0.0130819	0.0129747	0.0127064	0.012294	0.0117712	0.0107351	0.00913315	0.00943905	0.00881626	0.0085728	0.0081692	0.00785054	0.00765943	0.00753944	0.0073605	0.00698398	0.00632598	0.00543829	0.00540448	0.0167598	0.00456831	0.00432867	0.00415009	0.00408474	0.00395828	0.00373519	0.00339032	0.00299745	0.00303219	0.00283218	0.00280449	0.00276987	0.00270655	0.00258433	0.00236189	

43	0.053	0	0	task-3:0.006	task-0:0.166	task-1:0.062	task-2:0.028	|	0.0801884	0.0665385	0.0436082	0.0391333	0.034678	0.0293969	0.0210008	0.0182789	0.0148617	0.0142721	0.013237	0.0117618	0.010302	0.0113876	0.00967273	0.00893461	0.00877402	0.00844195	0.00782435	0.00680073	0.0057387	0.00689221	0.0053515	0.00514878	0.004978	0.00488099	0.00482758	0.00466284	0.00442235	0.00431122	0.00416666	0.00387264	0.00371177	0.00347517	0.00327466	0.00304474	0.00310354	0.0029496	0.00286431	0.00280663	0.00274786	0.00266363	0.00251728	0.00243856	

43	0.053	0	0	task-3:0.006	task-0:0.166	task-1:0.062	task-2:0.028	|	0.0801884	0.0665385	0.0436082	0.0391333	0.034678	0.0293969	0.0210008	0.0182789	0.0148617	0.0142721	0.013237	0.0117618	0.010302	0.0113876	0.00967273	0.00893461	0.00877402	0.00844195	0.00782435	0.00680073	0.0057387	0.00689221	0.0053515	0.00514878	0.004978	0.00488099	0.00482758	0.00466284	0.00442235	0.00431122	0.00416666	0.00387264	0.00371177	0.00347517	0.00327466	0.00304474	0.00310354	0.0029496	0.00286431	0.00280663	0.00274786	0.00266363	0.00251728	0.00243856	

42	0.021	0	0	task-3:0	task-0:0.176	task-1:0.08	task-2:0.028	|	0.057098	0.0488348	0.039174	0.0364017	0.0310284	0.0227178	0.0172848	0.0206754	0.0167925	0.0197062	0.014976	0.0143931	0.0137059	0.0134161	0.0128374	0.0117067	0.009759	0.00725605	0.00946025	0.00643383	0.00620586	0.00615306	0.00606887	0.00584561	0.00543678	0.00480547	0.00539214	0.00445044	0.00437399	0.00433751	0.00425346	0.00408277	0.00376818	0.00357229	0.00445009	0.00310255	0.00296761	0.00284638	0.00274971	0.00266019	0.00259568	0.00253052	0.00244024	

42	0.076	0	0	task-3:0	task-0:0.176	task-1:0.08	task-2:0.028	|	0.057098	0.0488348	0.039174	0.0364017	0.0310284	0.0227178	0.0172848	0.0206754	0.0167925	0.0197062	0.014976	0.0143931	0.0137059	0.0134161	0.0128374	0.0117067	0.009759	0.00725605	0.00946025	0.00643383	0.00620586	0.00615306	0.00606887	0.00584561	0.00543678	0.00480547	0.00539214	0.00445044	0.00437399	0.00433751	0.00425346	0.00408277	0.00376818	0.00357229	0.00445009	0.00310255	0.00296761	0.00284638	0.00274971	0.00266019	0.00259568	0.00253052	0.00244024	

38	0.051	0	0	task-3:0.006	task-0:0.108	task-1:0.068	task-2:0.012	|	0.0470888	0.0407932	0.0342777	0.0316954	0.026774	0.0194576	0.0154604	0.0185993	0.0145648	0.0148039	0.0126103	0.0122194	0.0117355	0.0114829	0.0110667	0.0105231	0.00976955	0.00844119	0.00711419	0.0131889	0.00704818	0.0070382	0.00699897	0.00689567	0.0066817	0.00629973	0.00568753	0.00490518	0.00386958	0.00473978	0.0129392	0.00458246	0.0116167	0.00295931	0.00267835	0.00256329	0.00254094	0.0025235	0.00248887	

46	0.054	0	0	task-3:0.002	task-0:0.178	task-1:0.078	task-2:0.138	|	0.0428737	0.0420014	0.0397594	0.0359211	0.0311225	0.0241825	0.0173808	0.0143901	0.0201705	0.0120786	0.0115725	0.0111983	0.0109923	0.0106491	0.0102516	0.00967275	0.00861617	0.00739322	0.0103292	0.00726463	0.00723027	0.00715349	0.00703793	0.00682407	0.00642541	0.00577944	0.00492	0.00579325	0.00440416	0.00432138	0.00429637	0.00421504	0.00404224	0.00372025	0.00328728	0.00387487	0.00324089	0.00316625	0.00306988	0.00303234	0.00300257	0.00295354	0.00289748	0.0027663	0.00268973	0.00256283	0.00239266	

