32	0.001	0	0	task-0:0.216	|	0.210352	0.168168	0.153899	0.124098	0.111582	0.114963	0.0848704	0.0799571	0.0710416	0.0547889	0.0634848	0.0562211	0.0373447	0.0360206	0.0330199	0.0299538	0.0276996	0.026189	0.0255133	0.0237927	0.0219562	0.0185362	0.0132111	0.00690029	0.0463237	0.0535941	0.00492531	0.00320453	0.00284422	0.00274284	0.002625	0.00252567	0.00240378	

55	0.003	0	0	task-0:0.242	|	0.240255	0.20727	0.172129	0.132169	0.123915	0.100149	0.0924744	0.0844829	0.0802836	0.0687415	0.060058	0.0637582	0.0535675	0.0512555	0.0473718	0.0431463	0.0406714	0.0397296	0.0373015	0.0355766	0.0323192	0.0284298	0.0289258	0.0254932	0.0241414	0.0226773	0.0198842	0.0169727	0.0210402	0.0152725	0.0149374	0.0141893	0.0127404	0.0102558	0.0110669	0.0146513	0.007424	0.00699893	0.00686656	0.00667557	0.00637368	0.00593616	0.0051517	0.00410658	0.0108195	0.00405655	0.00352028	0.00337893	0.00333413	0.00323914	0.00306456	0.00277284	0.00336658	0.00269421	0.00257493	0.00243634	

50	0.003	0	0	task-0:0.23	|	0.280838	0.214852	0.187242	0.160796	0.155764	0.138905	0.11359	0.0821051	0.103148	0.0930677	0.0535832	0.049952	0.0424697	0.0307299	0.0475973	0.0275504	0.0226929	0.022138	0.0210165	0.0201859	0.0185389	0.0156902	0.0121607	0.0250583	0.0107798	0.010342	0.00979356	0.00930973	0.00882786	0.00792947	0.00659966	0.00729744	0.010503	0.00486715	0.00466602	0.00448071	0.00441035	0.00432618	0.00428661	0.00411989	0.00385237	0.00367439	0.0034083	0.00307809	0.00310189	0.0029361	0.0028065	0.00277226	0.00270022	0.00255875	0.00230036	

34	0.002	0	0	task-0:0.198	|	0.262739	0.238388	0.200431	0.168343	0.151108	0.141048	0.123383	0.112996	0.111232	0.0996072	0.0983524	0.0926439	0.0853766	0.0765682	0.0712083	0.0690924	0.0636487	0.0597699	0.0581803	0.0533271	0.0500277	0.0432737	0.0320037	0.0170341	0.0113693	0.237284	0.00600854	0.00574628	0.00559313	0.00533418	0.00508968	0.00476921	0.00418395	0.00338263	0.00234976	

45	0.002	0	0	task-0:0.192	|	0.298721	0.23781	0.226916	0.189193	0.141793	0.135961	0.1124	0.104621	0.0904889	0.0742368	0.0773736	0.0619986	0.0567021	0.0559308	0.0533196	0.0510218	0.0466857	0.0403909	0.0311392	0.0407608	0.0369891	0.0226352	0.0215324	0.02083	0.0195144	0.0174917	0.0142198	0.0106572	0.06637	0.00971359	0.00950472	0.00903112	0.00817655	0.00781299	0.00715615	0.00695032	0.00655716	0.00623552	0.00592292	0.00559381	0.00540997	0.00528799	0.00500072	0.00442999	0.00347569	0.00238765	

44	0.003	0	0	task-0:0.21	|	0.252968	0.227323	0.179718	0.112275	0.143091	0.127958	0.0622262	0.0583489	0.0502742	0.0495063	0.0420534	0.0394365	0.0383836	0.0358678	0.0335757	0.0310814	0.0288969	0.0274816	0.0250267	0.0228146	0.0220448	0.0209116	0.0199333	0.0193413	0.0182395	0.0165275	0.0134308	0.0101259	0.0367597	0.00909311	0.00892947	0.00865628	0.00829119	0.00797688	0.00735842	0.00646581	0.0058784	0.00675348	0.00516085	0.00505793	0.00484021	0.00441638	0.00366403	0.00251301	0.00177534	

49	0.002	0	0	task-0:0.234	|	0.358063	0.224408	0.238873	0.16224	0.145553	0.11023	0.108655	0.119502	0.0693424	0.0656991	0.0575491	0.0426931	0.042198	0.0908064	0.0257959	0.0249184	0.0230528	0.0208174	0.0193521	0.0183753	0.0177903	0.0168929	0.0161909	0.0154446	0.014265	0.0132495	0.0116326	0.00892063	0.00925279	0.0257434	0.00620769	0.00579825	0.00554809	0.00549163	0.00539827	0.00534115	0.00519257	0.00488945	0.00452009	0.00418725	0.00384896	0.00375343	0.00366225	0.00346824	0.00311611	0.00289401	0.00282241	0.00258892	0.00255059	0.00247685	

53	0.062	0	0	task-0:0.24	|	0.200187	0.182676	0.154528	0.13348	0.117208	0.10957	0.0961108	0.0846884	0.0781699	0.071191	0.0681806	0.0603404	0.0535312	0.0530479	0.0485462	0.0466887	0.043781	0.0400882	0.0375335	0.0349629	0.0302136	0.0304129	0.0262294	0.0245663	0.0240547	0.022767	0.0210377	0.0202227	0.0194886	0.0184675	0.017906	0.0166803	0.0143786	0.0106757	0.0104594	0.0381454	0.00667649	0.00612501	0.00597569	0.0058079	0.00548234	0.00492917	0.00417883	0.00564998	0.00404792	0.0039216	0.0037263	0.0036199	0.00345238	0.00315982	0.00272349	0.00272345	0.00871061	0.00223179	

50	0.003	0	0	task-0:0.23	|	0.280838	0.214852	0.187242	0.160796	0.155764	0.138905	0.11359	0.0821051	0.103148	0.0930677	0.0535832	0.049952	0.0424697	0.0307299	0.0475973	0.0275504	0.0226929	0.022138	0.0210165	0.0201859	0.0185389	0.0156902	0.0121607	0.0250583	0.0107798	0.010342	0.00979356	0.00930973	0.00882786	0.00792947	0.00659966	0.00729744	0.010503	0.00486715	0.00466602	0.00448071	0.00441035	0.00432618	0.00428661	0.00411989	0.00385237	0.00367439	0.0034083	0.00307809	0.00310189	0.0029361	0.0028065	0.00277226	0.00270022	0.00255875	0.00230036	

34	0.001	0	0	task-0:0.198	|	0.262739	0.238388	0.200431	0.168343	0.151108	0.141048	0.123383	0.112996	0.111232	0.0996072	0.0983524	0.0926439	0.0853766	0.0765682	0.0712083	0.0690924	0.0636487	0.0597699	0.0581803	0.0533271	0.0500277	0.0432737	0.0320037	0.0170341	0.0113693	0.237284	0.00600854	0.00574628	0.00559313	0.00533418	0.00508968	0.00476921	0.00418395	0.00338263	0.00234976	

45	0.003	0	0	task-0:0.192	|	0.298721	0.23781	0.226916	0.189193	0.141793	0.135961	0.1124	0.104621	0.0904889	0.0742368	0.0773736	0.0619986	0.0567021	0.0559308	0.0533196	0.0510218	0.0466857	0.0403909	0.0311392	0.0407608	0.0369891	0.0226352	0.0215324	0.02083	0.0195144	0.0174917	0.0142198	0.0106572	0.06637	0.00971359	0.00950472	0.00903112	0.00817655	0.00781299	0.00715615	0.00695032	0.00655716	0.00623552	0.00592292	0.00559381	0.00540997	0.00528799	0.00500072	0.00442999	0.00347569	0.00238765	

44	0.002	0	0	task-0:0.21	|	0.252968	0.227323	0.179718	0.112275	0.143091	0.127958	0.0622262	0.0583489	0.0502742	0.0495063	0.0420534	0.0394365	0.0383836	0.0358678	0.0335757	0.0310814	0.0288969	0.0274816	0.0250267	0.0228146	0.0220448	0.0209116	0.0199333	0.0193413	0.0182395	0.0165275	0.0134308	0.0101259	0.0367597	0.00909311	0.00892947	0.00865628	0.00829119	0.00797688	0.00735842	0.00646581	0.0058784	0.00675348	0.00516085	0.00505793	0.00484021	0.00441638	0.00366403	0.00251301	0.00177534	

50	0.002	0	0	task-0:0.23	|	0.280838	0.214852	0.187242	0.160796	0.155764	0.138905	0.11359	0.0821051	0.103148	0.0930677	0.0535832	0.049952	0.0424697	0.0307299	0.0475973	0.0275504	0.0226929	0.022138	0.0210165	0.0201859	0.0185389	0.0156902	0.0121607	0.0250583	0.0107798	0.010342	0.00979356	0.00930973	0.00882786	0.00792947	0.00659966	0.00729744	0.010503	0.00486715	0.00466602	0.00448071	0.00441035	0.00432618	0.00428661	0.00411989	0.00385237	0.00367439	0.0034083	0.00307809	0.00310189	0.0029361	0.0028065	0.00277226	0.00270022	0.00255875	0.00230036	

34	0.001	0	0	task-0:0.198	|	0.262739	0.238388	0.200431	0.168343	0.151108	0.141048	0.123383	0.112996	0.111232	0.0996072	0.0983524	0.0926439	0.0853766	0.0765682	0.0712083	0.0690924	0.0636487	0.0597699	0.0581803	0.0533271	0.0500277	0.0432737	0.0320037	0.0170341	0.0113693	0.237284	0.00600854	0.00574628	0.00559313	0.00533418	0.00508968	0.00476921	0.00418395	0.00338263	0.00234976	

27	0.002	0	0	task-0:0.228	|	0.291837	0.208293	0.199849	0.171993	0.145987	0.124471	0.118195	0.104946	0.0958063	0.0879374	0.0773796	0.0566285	0.0317506	0.0550518	0.145028	0.0210938	0.0166623	0.0151448	0.0145785	0.0133928	0.0112071	0.00782099	0.00397384	0.0101933	0.106062	0.00370197	0.0025177	0.00154093	

61	0.003	0	0	task-0:0.226	|	0.344692	0.246072	0.235259	0.182464	0.16593	0.139925	0.126409	0.110637	0.104101	0.0943215	0.0909845	0.0813499	0.0737172	0.0662746	0.0613527	0.0580708	0.0555204	0.0515893	0.0496882	0.0442497	0.0357626	0.0242255	0.064132	0.0258548	0.0175089	0.016998	0.0165467	0.0160753	0.0154687	0.0142819	0.0131777	0.0120325	0.0115861	0.0113387	0.0108366	0.0105599	0.0102486	0.010133	0.00986503	0.00938256	0.0090677	0.00844782	0.00782937	0.00728056	0.007206	0.00706721	0.00686455	0.00658654	0.00600834	0.00506183	0.00574905	0.00486734	0.00472504	0.00450385	0.00439937	0.00425151	0.00400843	0.00361403	0.00297309	0.0037337	0.00286436	0.002398	

39	0.002	0	0	task-0:0.24	|	0.284334	0.257382	0.198296	0.127549	0.203346	0.117438	0.12788	0.105499	0.103809	0.0973342	0.09349	0.0844088	0.0806707	0.0717594	0.0567615	0.043018	0.110051	0.0375718	0.0355024	0.0333318	0.0320236	0.0294215	0.0242846	0.0166155	0.00806633	0.0922108	0.0232393	0.0053863	0.00421937	0.00411984	0.0040459	0.00390352	0.00366954	0.00329933	0.00299146	0.00338239	0.00271176	0.00267705	0.00260317	0.00245744	

53	0.003	0	0	task-0:0.218	|	0.361058	0.239963	0.247293	0.170208	0.151747	0.111425	0.0868713	0.19605	0.0635921	0.0610037	0.0567908	0.055285	0.0524493	0.049824	0.0446429	0.0360619	0.0363706	0.0408214	0.0257858	0.0249786	0.0231254	0.0205713	0.0176542	0.0203943	0.0165851	0.0156884	0.0154279	0.0151282	0.0146684	0.0141412	0.013058	0.0116158	0.0092215	0.0065134	0.0376431	0.00585919	0.00573086	0.00559168	0.00542994	0.00525614	0.00497312	0.00464585	0.00443344	0.00409773	0.00406898	0.00400929	0.00388267	0.00364649	0.00326384	0.00278268	0.00430116	0.00270665	0.00261714	0.00248263	

44	0.002	0	0	task-0:0.25	|	0.309396	0.261024	0.217993	0.168111	0.146509	0.1447	0.135018	0.11426	0.0889975	0.102803	0.0807123	0.0737211	0.0713755	0.0676032	0.0622196	0.0539738	0.0550311	0.0494004	0.0458652	0.0443224	0.0412197	0.0370313	0.0291485	0.0179525	0.0317216	0.100779	0.00945114	0.00836231	0.00791594	0.00779989	0.00753481	0.00701661	0.00613201	0.00490178	0.00793662	0.00462815	0.00399267	0.00392803	0.0037766	0.00353416	0.00335179	0.00307351	0.00264656	0.0027947	0.00241385	

53	0.003	0	0	task-0:0.228	|	0.197955	0.169308	0.15196	0.117101	0.102759	0.131813	0.0756115	0.0708648	0.0643527	0.0517842	0.0546852	0.0520274	0.0373035	0.0360254	0.0327363	0.0271321	0.0277562	0.0276713	0.0202879	0.0197083	0.0183344	0.0160799	0.0129781	0.017559	0.0121276	0.0106376	0.0104289	0.0102246	0.00994511	0.00965882	0.00899811	0.00792708	0.00829709	0.00712603	0.00691318	0.00650294	0.00578085	0.00548939	0.00511032	0.00494393	0.00483133	0.0047089	0.00440396	0.00421698	0.00399392	0.00366025	0.00334838	0.00335016	0.00310777	0.00298648	0.00294027	0.00284537	0.00266635	0.00236074	

50	0.003	0	0	task-0:0.23	|	0.280838	0.214852	0.187242	0.160796	0.155764	0.138905	0.11359	0.0821051	0.103148	0.0930677	0.0535832	0.049952	0.0424697	0.0307299	0.0475973	0.0275504	0.0226929	0.022138	0.0210165	0.0201859	0.0185389	0.0156902	0.0121607	0.0250583	0.0107798	0.010342	0.00979356	0.00930973	0.00882786	0.00792947	0.00659966	0.00729744	0.010503	0.00486715	0.00466602	0.00448071	0.00441035	0.00432618	0.00428661	0.00411989	0.00385237	0.00367439	0.0034083	0.00307809	0.00310189	0.0029361	0.0028065	0.00277226	0.00270022	0.00255875	0.00230036	

39	0.002	0	0	task-0:0.24	|	0.284334	0.257382	0.198296	0.127549	0.203346	0.117438	0.12788	0.105499	0.103809	0.0973342	0.09349	0.0844088	0.0806707	0.0717594	0.0567615	0.043018	0.110051	0.0375718	0.0355024	0.0333318	0.0320236	0.0294215	0.0242846	0.0166155	0.00806633	0.0922108	0.0232393	0.0053863	0.00421937	0.00411984	0.0040459	0.00390352	0.00366954	0.00329933	0.00299146	0.00338239	0.00271176	0.00267705	0.00260317	0.00245744	

32	0.001	0	0	task-0:0.242	|	0.280107	0.214313	0.207489	0.179549	0.146291	0.136064	0.115504	0.10945	0.0935145	0.0812	0.0808413	0.0673327	0.0629097	0.0562194	0.0430619	0.0287617	0.118588	0.0262919	0.025729	0.0246953	0.0231083	0.0198749	0.0149495	0.00838037	0.0153088	0.102398	0.00380307	0.00314707	0.00294161	0.00286632	0.00278097	0.00262434	0.00238295	

51	0.003	0	0	task-0:0.232	|	0.305743	0.238251	0.22969	0.195389	0.156787	0.140659	0.12013	0.11321	0.0997796	0.0918442	0.0890339	0.0813516	0.0762877	0.0663514	0.0543274	0.0597829	0.0496107	0.0457458	0.0452204	0.0433892	0.0411489	0.038034	0.0359901	0.0323514	0.0298793	0.0290965	0.0266352	0.0255104	0.0245852	0.0230711	0.0210287	0.0192812	0.0172968	0.0163198	0.0151566	0.0147653	0.0143701	0.0139227	0.0128703	0.0113294	0.00990479	0.0122125	0.00890978	0.0087401	0.0083693	0.00764176	0.00635459	0.00440445	0.00786486	0.018593	0.00274232	0.00247423	

57	0.003	0	0	task-0:0.226	|	0.284154	0.222717	0.214239	0.181174	0.136625	0.132561	0.108255	0.103023	0.0923462	0.0802724	0.0688907	0.0619097	0.0557553	0.0546972	0.0510733	0.0442375	0.036833	0.0436249	0.0341805	0.0319328	0.0315288	0.030455	0.0292792	0.0274428	0.0262471	0.0246629	0.0231778	0.020261	0.0182947	0.0200871	0.0160505	0.0156179	0.0146833	0.0128871	0.0101524	0.0141445	0.00905447	0.00823226	0.00812744	0.00778846	0.00714263	0.00649369	0.0056615	0.00633346	0.00546466	0.00525091	0.00505857	0.00502119	0.00493613	0.0047958	0.00459881	0.00420263	0.00396586	0.00357995	0.00292919	0.00315884	0.00461925	0.00219984	

35	0.002	0	0	task-0:0.226	|	0.227554	0.19947	0.16594	0.118211	0.119864	0.0957644	0.0759441	0.0722474	0.0666986	0.0602031	0.048586	0.0599315	0.0441932	0.041122	0.0409352	0.0396417	0.0380153	0.0356578	0.0322796	0.0311796	0.0294138	0.0277537	0.0264279	0.0237008	0.0211157	0.0214372	0.0189342	0.0183869	0.017336	0.0156095	0.0130104	0.00897922	0.00428992	0.00309213	0.14945	0.00173787	

52	0.002	0	0	task-0:0.198	|	0.288366	0.20992	0.19086	0.166411	0.149878	0.130457	0.123235	0.100334	0.0812396	0.11841	0.0706344	0.0670896	0.0641701	0.0584013	0.054205	0.0479559	0.0364012	0.0244029	0.121134	0.0209906	0.0203231	0.0198576	0.0189898	0.0183666	0.0177318	0.0172518	0.0164109	0.0147067	0.012829	0.0138195	0.0115175	0.0111514	0.0107351	0.0100789	0.0091434	0.00865569	0.00856411	0.00786435	0.0075865	0.00736871	0.00692143	0.00610461	0.00555145	0.005872	0.00488293	0.00479229	0.00460711	0.00426123	0.00365608	0.00271522	0.00254821	0.0193233	0.001614	

39	0.002	0	0	task-0:0.222	|	0.292823	0.263178	0.198427	0.128276	0.202566	0.115353	0.138072	0.100236	0.0971609	0.0902314	0.0884398	0.080128	0.0795022	0.0756395	0.0724299	0.0661834	0.0632012	0.0563137	0.0442406	0.0387106	0.079906	0.0302409	0.0281758	0.027382	0.0259963	0.0238181	0.0202141	0.0180029	0.0209159	0.0158611	0.0154614	0.014565	0.0128091	0.00982422	0.00575776	0.00736309	0.159091	0.00371106	0.0028277	0.00213349	

49	0.003	0	0	task-0:0.232	|	0.318779	0.269059	0.215195	0.178944	0.164505	0.14042	0.130261	0.111928	0.10174	0.0915531	0.0901518	0.0843428	0.0736165	0.0665454	0.0648642	0.0567534	0.0536267	0.05089	0.0490641	0.0450086	0.0409752	0.0333867	0.0229186	0.0537685	0.019701	0.0188613	0.0169307	0.0138211	0.0163821	0.0128383	0.0108684	0.0106427	0.0100651	0.00909563	0.00898625	0.00815311	0.00790372	0.00738709	0.0064204	0.00483339	0.00386629	0.0347441	0.00312835	0.00292148	0.00275893	0.00274684	0.00271614	0.00266087	0.00258764	0.0024442	

38	0.002	0	0	task-0:0.228	|	0.341672	0.282142	0.239684	0.182558	0.153265	0.132129	0.117548	0.106245	0.0993485	0.0924072	0.0825703	0.0674849	0.0470616	0.0993349	0.0423869	0.0351563	0.0345914	0.0331807	0.0311546	0.0286954	0.0268587	0.0242252	0.019365	0.0136272	0.0568123	0.0123993	0.0122105	0.0117817	0.011144	0.0105203	0.00926499	0.0071162	0.00439595	0.023988	0.0117859	0.00347886	0.00263326	0.00253493	0.00248511	

49	0.003	0	0	task-0:0.234	|	0.250505	0.20385	0.180493	0.153652	0.136088	0.124198	0.115371	0.102736	0.0974497	0.0878495	0.0816767	0.078506	0.073901	0.0698364	0.0669821	0.0608748	0.0540537	0.0446157	0.0510169	0.0379391	0.0357568	0.0314021	0.0291629	0.0285321	0.0249953	0.0241699	0.0224302	0.019892	0.0193877	0.0184743	0.0175381	0.016857	0.0160399	0.0153902	0.0139319	0.0112653	0.00766672	0.0072913	0.13901	0.00474749	0.00408957	0.00356757	0.00344341	0.0032861	0.00315324	0.00308297	0.00304321	0.00291328	0.00266069	0.0022664	

50	0.003	0	0	task-0:0.23	|	0.280838	0.214852	0.187242	0.160796	0.155764	0.138905	0.11359	0.0821051	0.103148	0.0930677	0.0535832	0.049952	0.0424697	0.0307299	0.0475973	0.0275504	0.0226929	0.022138	0.0210165	0.0201859	0.0185389	0.0156902	0.0121607	0.0250583	0.0107798	0.010342	0.00979356	0.00930973	0.00882786	0.00792947	0.00659966	0.00729744	0.010503	0.00486715	0.00466602	0.00448071	0.00441035	0.00432618	0.00428661	0.00411989	0.00385237	0.00367439	0.0034083	0.00307809	0.00310189	0.0029361	0.0028065	0.00277226	0.00270022	0.00255875	0.00230036	

34	0.002	0	0	task-0:0.198	|	0.262739	0.238388	0.200431	0.168343	0.151108	0.141048	0.123383	0.112996	0.111232	0.0996072	0.0983524	0.0926439	0.0853766	0.0765682	0.0712083	0.0690924	0.0636487	0.0597699	0.0581803	0.0533271	0.0500277	0.0432737	0.0320037	0.0170341	0.0113693	0.237284	0.00600854	0.00574628	0.00559313	0.00533418	0.00508968	0.00476921	0.00418395	0.00338263	0.00234976	

45	0.002	0	0	task-0:0.192	|	0.298721	0.23781	0.226916	0.189193	0.141793	0.135961	0.1124	0.104621	0.0904889	0.0742368	0.0773736	0.0619986	0.0567021	0.0559308	0.0533196	0.0510218	0.0466857	0.0403909	0.0311392	0.0407608	0.0369891	0.0226352	0.0215324	0.02083	0.0195144	0.0174917	0.0142198	0.0106572	0.06637	0.00971359	0.00950472	0.00903112	0.00817655	0.00781299	0.00715615	0.00695032	0.00655716	0.00623552	0.00592292	0.00559381	0.00540997	0.00528799	0.00500072	0.00442999	0.00347569	0.00238765	

44	0.002	0	0	task-0:0.21	|	0.252968	0.227323	0.179718	0.112275	0.143091	0.127958	0.0622262	0.0583489	0.0502742	0.0495063	0.0420534	0.0394365	0.0383836	0.0358678	0.0335757	0.0310814	0.0288969	0.0274816	0.0250267	0.0228146	0.0220448	0.0209116	0.0199333	0.0193413	0.0182395	0.0165275	0.0134308	0.0101259	0.0367597	0.00909311	0.00892947	0.00865628	0.00829119	0.00797688	0.00735842	0.00646581	0.0058784	0.00675348	0.00516085	0.00505793	0.00484021	0.00441638	0.00366403	0.00251301	0.00177534	

49	0.003	0	0	task-0:0.234	|	0.358063	0.224408	0.238873	0.16224	0.145553	0.11023	0.108655	0.119502	0.0693424	0.0656991	0.0575491	0.0426931	0.042198	0.0908064	0.0257959	0.0249184	0.0230528	0.0208174	0.0193521	0.0183753	0.0177903	0.0168929	0.0161909	0.0154446	0.014265	0.0132495	0.0116326	0.00892063	0.00925279	0.0257434	0.00620769	0.00579825	0.00554809	0.00549163	0.00539827	0.00534115	0.00519257	0.00488945	0.00452009	0.00418725	0.00384896	0.00375343	0.00366225	0.00346824	0.00311611	0.00289401	0.00282241	0.00258892	0.00255059	0.00247685	

53	0.101	0	0	task-0:0.24	|	0.200187	0.182676	0.154528	0.13348	0.117208	0.10957	0.0961108	0.0846884	0.0781699	0.071191	0.0681806	0.0603404	0.0535312	0.0530479	0.0485462	0.0466887	0.043781	0.0400882	0.0375335	0.0349629	0.0302136	0.0304129	0.0262294	0.0245663	0.0240547	0.022767	0.0210377	0.0202227	0.0194886	0.0184675	0.017906	0.0166803	0.0143786	0.0106757	0.0104594	0.0381454	0.00667649	0.00612501	0.00597569	0.0058079	0.00548234	0.00492917	0.00417883	0.00564998	0.00404792	0.0039216	0.0037263	0.0036199	0.00345238	0.00315982	0.00272349	0.00272345	0.00871061	0.00223179	

49	0.003	0	0	task-0:0.234	|	0.252368	0.199439	0.193329	0.166966	0.128929	0.122293	0.119689	0.0966083	0.0885277	0.072421	0.0753811	0.0650699	0.0596249	0.0566456	0.0512297	0.0445432	0.0344239	0.0258602	0.0750907	0.0225291	0.0209656	0.0204367	0.0197029	0.0185972	0.0167915	0.0158297	0.0148115	0.0143962	0.0138514	0.0128613	0.0113967	0.010291	0.0110369	0.0092491	0.00904495	0.00862493	0.00785564	0.00677185	0.00763382	0.00641342	0.0061818	0.00585659	0.0056589	0.00543021	0.00502824	0.00486306	0.00456882	0.00406713	0.00320622	0.00202805	

39	0.003	0	0	task-0:0.24	|	0.284334	0.257382	0.198296	0.127549	0.203346	0.117438	0.12788	0.105499	0.103809	0.0973342	0.09349	0.0844088	0.0806707	0.0717594	0.0567615	0.043018	0.110051	0.0375718	0.0355024	0.0333318	0.0320236	0.0294215	0.0242846	0.0166155	0.00806633	0.0922108	0.0232393	0.0053863	0.00421937	0.00411984	0.0040459	0.00390352	0.00366954	0.00329933	0.00299146	0.00338239	0.00271176	0.00267705	0.00260317	0.00245744	

53	0.003	0	0	task-0:0.218	|	0.361058	0.239963	0.247293	0.170208	0.151747	0.111425	0.0868713	0.19605	0.0635921	0.0610037	0.0567908	0.055285	0.0524493	0.049824	0.0446429	0.0360619	0.0363706	0.0408214	0.0257858	0.0249786	0.0231254	0.0205713	0.0176542	0.0203943	0.0165851	0.0156884	0.0154279	0.0151282	0.0146684	0.0141412	0.013058	0.0116158	0.0092215	0.0065134	0.0376431	0.00585919	0.00573086	0.00559168	0.00542994	0.00525614	0.00497312	0.00464585	0.00443344	0.00409773	0.00406898	0.00400929	0.00388267	0.00364649	0.00326384	0.00278268	0.00430116	0.00270665	0.00261714	0.00248263	

44	0.002	0	0	task-0:0.25	|	0.309396	0.261024	0.217993	0.168111	0.146509	0.1447	0.135018	0.11426	0.0889975	0.102803	0.0807123	0.0737211	0.0713755	0.0676032	0.0622196	0.0539738	0.0550311	0.0494004	0.0458652	0.0443224	0.0412197	0.0370313	0.0291485	0.0179525	0.0317216	0.100779	0.00945114	0.00836231	0.00791594	0.00779989	0.00753481	0.00701661	0.00613201	0.00490178	0.00793662	0.00462815	0.00399267	0.00392803	0.0037766	0.00353416	0.00335179	0.00307351	0.00264656	0.0027947	0.00241385	

50	0.002	0	0	task-0:0.212	|	0.247148	0.208312	0.177338	0.142954	0.130841	0.113179	0.105089	0.0960745	0.093013	0.0825755	0.0747807	0.0671284	0.0624796	0.0597512	0.0574166	0.0544275	0.0520189	0.0473728	0.039646	0.0439825	0.0340137	0.0314916	0.0309641	0.0291232	0.0271582	0.025432	0.0237899	0.023268	0.0223141	0.0214673	0.0201308	0.0191035	0.0174868	0.0153211	0.0128539	0.0172683	0.0119087	0.0117612	0.0114015	0.0107078	0.00954716	0.00889864	0.0089675	0.00784428	0.00753228	0.00730196	0.00683224	0.00595621	0.00450885	0.00257519	0.00106448	

39	0.002	0	0	task-0:0.224	|	0.286788	0.221252	0.21274	0.180292	0.13941	0.137706	0.113081	0.105886	0.0914762	0.0758912	0.0597693	0.0798523	0.0521572	0.0479806	0.0473394	0.0454711	0.0426743	0.0389601	0.0366295	0.0346585	0.0316425	0.0309733	0.0289793	0.0273769	0.0262678	0.0239923	0.0199862	0.0195168	0.0229465	0.0148859	0.0140974	0.0137206	0.0128971	0.0113131	0.00865886	0.0050811	0.0150385	0.0487016	0.00279307	0.00232606	

29	0.002	0	0	task-0:0.22	|	0.236654	0.204853	0.169261	0.116236	0.124587	0.0868941	0.0766333	0.074376	0.0695307	0.0634577	0.0513779	0.0417715	0.0834539	0.0354803	0.0343433	0.0318952	0.0275136	0.0206838	0.011659	0.0182672	0.161762	0.0043189	0.00396693	0.003816	0.00376535	0.00365778	0.00345046	0.00309267	0.00254767	0.00196569	

55	0.003	0	0	task-0:0.242	|	0.234806	0.20539	0.169598	0.118137	0.131175	0.0884868	0.0782302	0.07618	0.071318	0.0651968	0.0548692	0.0534835	0.0478822	0.0432968	0.041802	0.0385324	0.0331155	0.035495	0.0288822	0.0273823	0.0246242	0.023888	0.0215266	0.0207732	0.019341	0.0171483	0.0150841	0.0168253	0.013844	0.0135745	0.0130148	0.012054	0.010884	0.0106116	0.010379	0.00995618	0.00962824	0.00940295	0.00916514	0.00881676	0.00808224	0.00691721	0.00647035	0.00816116	0.00535867	0.00523136	0.00498868	0.00469221	0.00423308	0.0034695	0.00407943	0.00352619	0.00277473	0.00270825	0.00257392	0.00236316	

55	0.004	0	0	task-0:0.242	|	0.234806	0.20539	0.169598	0.118137	0.131175	0.0884868	0.0782302	0.07618	0.071318	0.0651968	0.0548692	0.0534835	0.0478822	0.0432968	0.041802	0.0385324	0.0331155	0.035495	0.0288822	0.0273823	0.0246242	0.023888	0.0215266	0.0207732	0.019341	0.0171483	0.0150841	0.0168253	0.013844	0.0135745	0.0130148	0.012054	0.010884	0.0106116	0.010379	0.00995618	0.00962824	0.00940295	0.00916514	0.00881676	0.00808224	0.00691721	0.00647035	0.00816116	0.00535867	0.00523136	0.00498868	0.00469221	0.00423308	0.0034695	0.00407943	0.00352619	0.00277473	0.00270825	0.00257392	0.00236316	

31	0.002	0	0	task-0:0.198	|	0.304622	0.273524	0.196886	0.158968	0.126157	0.10771	0.102807	0.0923638	0.0868882	0.0740062	0.0523164	0.0286129	0.0581256	0.0781094	0.0201307	0.0181469	0.0171226	0.0161325	0.0144916	0.0127137	0.0107228	0.0115728	0.00970727	0.00939175	0.00872511	0.00769431	0.00594561	0.00353126	0.00949317	0.0388414	0.00348558	0.0024624	

58	0.003	0	0	task-0:0.244	|	0.302193	0.211319	0.20256	0.174059	0.151023	0.1229	0.122259	0.106896	0.0963133	0.0905832	0.0875631	0.0791521	0.0781476	0.0740216	0.071268	0.0651106	0.0625454	0.0571918	0.0501252	0.0380906	0.0455221	0.0582	0.0257816	0.0248069	0.0238052	0.0226115	0.0211373	0.0184531	0.0144047	0.0174576	0.0182043	0.0106223	0.0102476	0.00985584	0.00961484	0.00940388	0.00913432	0.00852054	0.00760823	0.00747261	0.00672075	0.00644211	0.00634658	0.00615769	0.00572936	0.00494126	0.00412174	0.00715421	0.00374336	0.003697	0.00361058	0.00345006	0.00317339	0.00298069	0.00299381	0.00271889	0.0026845	0.0026104	0.00246369	

40	0.002	0	0	task-0:0.238	|	0.251949	0.225498	0.182099	0.157494	0.132584	0.122239	0.104602	0.0915536	0.0886891	0.080983	0.0766001	0.0703118	0.0619578	0.0592981	0.0557896	0.0521393	0.0496416	0.0477782	0.0442037	0.0419123	0.0369761	0.0282381	0.0161786	0.0162243	0.184372	0.00780283	0.00566319	0.00550591	0.00520318	0.00466414	0.00419731	0.00439017	0.00379695	0.00362896	0.00350347	0.00331486	0.00299183	0.00251194	0.00372863	0.00409787	0.00212116	

35	0.001	0	0	task-0:0.242	|	0.226111	0.188017	0.165831	0.13201	0.125967	0.105435	0.0968081	0.0884321	0.0800588	0.0690118	0.0498841	0.049786	0.114397	0.0278044	0.0267844	0.0245142	0.0201417	0.0133243	0.00611437	0.151011	0.00616065	0.00492501	0.00471632	0.00467531	0.00458371	0.00439899	0.00408202	0.00362966	0.0036125	0.00884703	0.00321692	0.00307739	0.00296787	0.00280964	0.00266372	0.00248267	

59	0.003	0	0	task-0:0.242	|	0.282472	0.242547	0.191258	0.156217	0.1283	0.122597	0.103603	0.0905891	0.0930621	0.0751641	0.0709508	0.0645767	0.0522959	0.0417647	0.074886	0.0354915	0.0340777	0.0317272	0.0289747	0.0273398	0.0270481	0.0253252	0.023072	0.022539	0.0215117	0.0202816	0.0197032	0.0186266	0.0169413	0.0158547	0.0150007	0.0144089	0.0138964	0.0134343	0.0131351	0.0126029	0.0115091	0.0101737	0.00891702	0.0110723	0.00816329	0.00779517	0.00752232	0.0072275	0.00686694	0.00633768	0.00611246	0.00573524	0.00519326	0.00519804	0.00460453	0.00447751	0.00434492	0.00404906	0.00388099	0.00364159	0.0032305	0.00260704	0.00405298	0.00234946	

55	0.003	0	0	task-0:0.242	|	0.234806	0.20539	0.169598	0.118137	0.131175	0.0884868	0.0782302	0.07618	0.071318	0.0651968	0.0548692	0.0534835	0.0478822	0.0432968	0.041802	0.0385324	0.0331155	0.035495	0.0288822	0.0273823	0.0246242	0.023888	0.0215266	0.0207732	0.019341	0.0171483	0.0150841	0.0168253	0.013844	0.0135745	0.0130148	0.012054	0.010884	0.0106116	0.010379	0.00995618	0.00962824	0.00940295	0.00916514	0.00881676	0.00808224	0.00691721	0.00647035	0.00816116	0.00535867	0.00523136	0.00498868	0.00469221	0.00423308	0.0034695	0.00407943	0.00352619	0.00277473	0.00270825	0.00257392	0.00236316	

31	0.002	0	0	task-0:0.198	|	0.304622	0.273524	0.196886	0.158968	0.126157	0.10771	0.102807	0.0923638	0.0868882	0.0740062	0.0523164	0.0286129	0.0581256	0.0781094	0.0201307	0.0181469	0.0171226	0.0161325	0.0144916	0.0127137	0.0107228	0.0115728	0.00970727	0.00939175	0.00872511	0.00769431	0.00594561	0.00353126	0.00949317	0.0388414	0.00348558	0.0024624	

55	0.003	0	0	task-0:0.242	|	0.234806	0.20539	0.169598	0.118137	0.131175	0.0884868	0.0782302	0.07618	0.071318	0.0651968	0.0548692	0.0534835	0.0478822	0.0432968	0.041802	0.0385324	0.0331155	0.035495	0.0288822	0.0273823	0.0246242	0.023888	0.0215266	0.0207732	0.019341	0.0171483	0.0150841	0.0168253	0.013844	0.0135745	0.0130148	0.012054	0.010884	0.0106116	0.010379	0.00995618	0.00962824	0.00940295	0.00916514	0.00881676	0.00808224	0.00691721	0.00647035	0.00816116	0.00535867	0.00523136	0.00498868	0.00469221	0.00423308	0.0034695	0.00407943	0.00352619	0.00277473	0.00270825	0.00257392	0.00236316	

31	0.002	0	0	task-0:0.198	|	0.304622	0.273524	0.196886	0.158968	0.126157	0.10771	0.102807	0.0923638	0.0868882	0.0740062	0.0523164	0.0286129	0.0581256	0.0781094	0.0201307	0.0181469	0.0171226	0.0161325	0.0144916	0.0127137	0.0107228	0.0115728	0.00970727	0.00939175	0.00872511	0.00769431	0.00594561	0.00353126	0.00949317	0.0388414	0.00348558	0.0024624	

44	0.003	0	0	task-0:0.232	|	0.316586	0.267537	0.218777	0.16672	0.141022	0.138194	0.12736	0.108588	0.0984646	0.0913442	0.078517	0.0743221	0.0695147	0.0671508	0.0604033	0.053931	0.046768	0.0494885	0.0417356	0.0391135	0.0369932	0.0327483	0.0258332	0.0160214	0.0181226	0.142775	0.00765406	0.00701489	0.0067632	0.00667344	0.00652774	0.00640759	0.00610253	0.00576748	0.00558308	0.00556808	0.00540814	0.00510323	0.00481003	0.00435864	0.00359896	0.00301013	0.00813777	0.00257793	0.00246107	

58	0.003	0	0	task-0:0.226	|	0.30391	0.233678	0.220803	0.181453	0.139412	0.128368	0.106294	0.0994715	0.0945571	0.0870577	0.0838156	0.0736788	0.0645038	0.0568528	0.0555501	0.0504623	0.0472298	0.0451143	0.0438735	0.0409303	0.0393644	0.0370451	0.034977	0.0303923	0.0246567	0.0322946	0.022153	0.0200172	0.0197442	0.0192539	0.0186065	0.0178228	0.0160746	0.0133494	0.00978105	0.027244	0.00895911	0.00837025	0.00830178	0.00823193	0.00807027	0.00779979	0.0074538	0.00686607	0.00647665	0.00594487	0.00556413	0.00512352	0.00497196	0.00493889	0.00480277	0.00450333	0.00401976	0.00410908	0.00363827	0.00354715	0.00337298	0.00303657	0.00244687	

53	0.003	0	0	task-0:0.234	|	0.304259	0.272849	0.201813	0.150813	0.148868	0.116761	0.107389	0.0985346	0.0936004	0.0822566	0.0686584	0.0715549	0.0601949	0.0525034	0.0506503	0.0478459	0.0446959	0.0389989	0.0317048	0.0303142	0.0418715	0.0226577	0.0211723	0.0208506	0.0199769	0.0182218	0.0153397	0.0141806	0.0221681	0.0119204	0.0113985	0.0111506	0.0106976	0.00989536	0.00869347	0.00707913	0.00784064	0.0276606	0.00564989	0.00526703	0.00493862	0.0048349	0.00466749	0.00435772	0.0038868	0.00433697	0.00379266	0.00366009	0.00353506	0.00347225	0.00335138	0.00313685	0.00275992	0.00218248	

46	0.002	0	0	task-0:0.226	|	0.33479	0.267409	0.258451	0.195324	0.17669	0.148031	0.135818	0.118996	0.112084	0.10067	0.0939038	0.0870464	0.0826098	0.0701566	0.0516079	0.0269872	0.0685288	0.142857	0.0115741	0.0105446	0.0100999	0.00987477	0.00942868	0.00869814	0.00788877	0.00787917	0.00750285	0.00715972	0.00697154	0.00671972	0.00634262	0.00578253	0.00553107	0.00524853	0.00481911	0.00468154	0.00437422	0.00427754	0.00418461	0.00400316	0.00368965	0.00318522	0.00320722	0.00303504	0.00260947	0.00255716	0.00244916	

48	0.002	0	0	task-0:0.25	|	0.296434	0.253983	0.212581	0.159863	0.150411	0.1259	0.116445	0.0984637	0.0780605	0.0891901	0.0640813	0.0593634	0.056837	0.0532062	0.0526484	0.0488084	0.0470022	0.0441843	0.0416502	0.036005	0.0302247	0.040664	0.0274511	0.0267241	0.025245	0.0227617	0.01814	0.0113401	0.0150348	0.111213	0.0063958	0.00546618	0.00503976	0.00502815	0.00499469	0.00492309	0.00482638	0.00472948	0.00446368	0.00411975	0.0040321	0.00381344	0.00367443	0.00362656	0.0035325	0.00337905	0.00313413	0.00271547	0.002162	

