58	0.054	4	0	task-3:0.478	task-0:0.396	task-1:0.466	task-2:0.43	|	0.0716144	0.0629033	0.0565709	0.0552964	0.0534214	0.0489276	0.0471011	0.0456602	0.0456026	0.0439824	0.0415201	0.0395897	0.0385569	0.0375598	0.0377581	0.0368978	0.0358559	0.0349829	0.0341825	0.0334382	0.0328215	0.0323236	0.0321875	0.032144	0.0318266	0.0317491	0.0316677	0.031615	0.0316453	0.0315683	0.0316652	0.0315341	0.0315381	0.0314827	0.0314898	0.0315129	0.0318581	0.0316727	0.0315421	0.0315819	0.0317914	0.0331778	0.0305118	0.0298615	0.0302887	0.0309216	0.0313931	0.031606	0.031571	0.0313835	0.0314201	0.031461	0.0314354	0.0313701	0.0312916	0.0313114	0.0313934	0.0314583	

67	0.064	4	0	task-3:0.534	task-0:0.484	task-1:0.69	task-2:0.56	|	0.0649465	0.0923308	0.0868108	0.0560887	0.0682896	0.0665748	0.0572544	0.0551169	0.0551695	0.0545648	0.054848	0.0594375	0.0575779	0.0571287	0.0566178	0.0563145	0.0577763	0.0574084	0.056314	0.0560373	0.0558791	0.0556253	0.0552515	0.0547369	0.0540537	0.0532093	0.05233	0.0511952	0.0501332	0.0487381	0.0471719	0.0452078	0.0428789	0.0401794	0.037609	0.0351436	0.0365964	0.0333786	0.0369629	0.0369361	0.0333512	0.03299	0.0328324	0.0326116	0.0327375	0.0323223	0.0320995	0.0319692	0.0317527	0.0315029	0.0313089	0.0313077	0.0313765	0.030913	0.0307572	0.0306038	0.0304762	0.0303393	0.0301985	0.0301648	0.0299025	0.029759	0.0296708	0.0296784	0.029369	0.0292598	0.0292083	

67	0.081	4	0	task-3:0.534	task-0:0.484	task-1:0.69	task-2:0.56	|	0.0649465	0.0923308	0.0868108	0.0560887	0.0682896	0.0665748	0.0572544	0.0551169	0.0551695	0.0545648	0.054848	0.0594375	0.0575779	0.0571287	0.0566178	0.0563145	0.0577763	0.0574084	0.056314	0.0560373	0.0558791	0.0556253	0.0552515	0.0547369	0.0540537	0.0532093	0.05233	0.0511952	0.0501332	0.0487381	0.0471719	0.0452078	0.0428789	0.0401794	0.037609	0.0351436	0.0365964	0.0333786	0.0369629	0.0369361	0.0333512	0.03299	0.0328324	0.0326116	0.0327375	0.0323223	0.0320995	0.0319692	0.0317527	0.0315029	0.0313089	0.0313077	0.0313765	0.030913	0.0307572	0.0306038	0.0304762	0.0303393	0.0301985	0.0301648	0.0299025	0.029759	0.0296708	0.0296784	0.029369	0.0292598	0.0292083	

65	0.085	4	0	task-3:0.478	task-0:0.426	task-1:0.466	task-2:0.476	|	0.0567137	0.0731551	0.0627302	0.0551486	0.0567338	0.0564893	0.0535683	0.0502804	0.0489551	0.050769	0.0492498	0.0460339	0.0452684	0.0444826	0.0439236	0.0439144	0.0433065	0.0424212	0.0418303	0.0414662	0.0413685	0.0416012	0.0421757	0.0430788	0.042345	0.0426008	0.043211	0.0933007	0.0956871	0.0876856	0.0487268	0.0488165	0.0497377	0.0754316	0.0522263	0.050622	0.0488022	0.0484941	0.0484095	0.0483334	0.048248	0.0481708	0.0493586	0.0514109	0.0492112	0.0523439	0.0661793	0.0665139	0.0608329	0.0537255	0.0528096	0.0518273	0.0518018	0.0517726	0.0528077	0.0537612	0.0544495	0.0547815	0.0549942	0.0548991	0.0545911	0.0541713	0.0531215	0.0513979	0.0473535	

69	0.072	4	0	task-3:0.386	task-0:0.364	task-1:0.424	task-2:0.438	|	0.0588858	0.0727116	0.0648717	0.054211	0.0541708	0.0558697	0.0555627	0.054491	0.0538791	0.0542057	0.0543313	0.0540196	0.0536985	0.0534001	0.053048	0.052685	0.0482463	0.0481423	0.0502075	0.0521563	0.0502385	0.0495045	0.0515605	0.0482787	0.0472957	0.0464627	0.0441921	0.0417986	0.0409374	0.0408654	0.0402133	0.038823	0.0370822	0.0360382	0.035277	0.034632	0.0341676	0.0341099	0.0340063	0.0337532	0.0334737	0.0333169	0.0330511	0.0327277	0.0323271	0.0318427	0.0313042	0.0308293	0.0305397	0.0307338	0.031655	0.0309749	0.0315972	0.050917	0.0514125	0.0321029	0.0319676	0.0314305	0.050781	0.0502356	0.0503588	0.0623202	0.0616607	0.0613726	0.0607763	0.0948849	0.0764916	0.0642717	0.0485381	

79	0.073	4	0	task-3:0.526	task-0:0.386	task-1:0.454	task-2:0.516	|	0.0669982	0.080734	0.0792295	0.0580412	0.0563856	0.0534125	0.0529251	0.052851	0.052055	0.0514651	0.0507843	0.0501636	0.0496921	0.048521	0.0472416	0.0459659	0.0449208	0.0440643	0.0434643	0.0431796	0.0432621	0.0436654	0.0433029	0.04355	0.0439706	0.0444001	0.0448271	0.113394	0.112527	0.053095	0.0468262	0.0481663	0.0498213	0.0614017	0.0611169	0.0520919	0.0497014	0.0492212	0.049227	0.0500338	0.049301	0.0481224	0.047602	0.0472083	0.046586	0.0456159	0.0447057	0.0441005	0.0430798	0.0416435	0.0399476	0.0386084	0.03751	0.0363209	0.035195	0.0343293	0.033502	0.0325293	0.0319377	0.0313423	0.030811	0.0304522	0.030296	0.0302055	0.030112	0.0300339	0.0300561	0.0298908	0.0298357	0.0298149	0.0296995	0.0296118	0.0294739	0.0293289	0.0292319	0.0294145	0.0295863	0.0298763	0.0299516	

87	0.114	4	0	task-3:0.586	task-0:0.45	task-1:0.464	task-2:0.45	|	0.0567966	0.0818635	0.0779765	0.0613266	0.0557394	0.0544217	0.0544937	0.0545927	0.0544991	0.0545128	0.0545671	0.054577	0.0545466	0.0545573	0.0545577	0.0545461	0.0545501	0.0545502	0.0545458	0.0545471	0.0545471	0.0545456	0.0545461	0.0545459	0.0545427	0.0544762	0.123895	0.123907	0.0617276	0.0545028	0.0545028	0.0543999	0.0759853	0.0757982	0.0549775	0.0549512	0.0577356	0.0574487	0.0555274	0.0553927	0.0556915	0.056079	0.0555936	0.0551266	0.0546224	0.0539811	0.0529693	0.052285	0.0520849	0.0517064	0.051246	0.050843	0.0505032	0.0502465	0.0501163	0.050179	0.0505051	0.0486178	0.047462	0.0462874	0.0471403	0.0478704	0.0490265	0.0464635	0.0452633	0.0469205	0.0478176	0.045942	0.0468483	0.0472919	0.0460892	0.0461251	0.0465008	0.0455928	0.0459033	0.045877	0.0458433	0.0458625	0.0449479	0.0451166	0.0445327	0.0445031	0.0446542	0.0443951	0.0441908	0.0440979	0.0437944	

79	0.093	4	0	task-3:0.526	task-0:0.386	task-1:0.454	task-2:0.516	|	0.0669982	0.080734	0.0792295	0.0580412	0.0563856	0.0534125	0.0529251	0.052851	0.052055	0.0514651	0.0507843	0.0501636	0.0496921	0.048521	0.0472416	0.0459659	0.0449208	0.0440643	0.0434643	0.0431796	0.0432621	0.0436654	0.0433029	0.04355	0.0439706	0.0444001	0.0448271	0.113394	0.112527	0.053095	0.0468262	0.0481663	0.0498213	0.0614017	0.0611169	0.0520919	0.0497014	0.0492212	0.049227	0.0500338	0.049301	0.0481224	0.047602	0.0472083	0.046586	0.0456159	0.0447057	0.0441005	0.0430798	0.0416435	0.0399476	0.0386084	0.03751	0.0363209	0.035195	0.0343293	0.033502	0.0325293	0.0319377	0.0313423	0.030811	0.0304522	0.030296	0.0302055	0.030112	0.0300339	0.0300561	0.0298908	0.0298357	0.0298149	0.0296995	0.0296118	0.0294739	0.0293289	0.0292319	0.0294145	0.0295863	0.0298763	0.0299516	

69	0.064	4	0	task-3:0.386	task-0:0.364	task-1:0.424	task-2:0.438	|	0.0588858	0.0727116	0.0648717	0.054211	0.0541708	0.0558697	0.0555627	0.054491	0.0538791	0.0542057	0.0543313	0.0540196	0.0536985	0.0534001	0.053048	0.052685	0.0482463	0.0481423	0.0502075	0.0521563	0.0502385	0.0495045	0.0515605	0.0482787	0.0472957	0.0464627	0.0441921	0.0417986	0.0409374	0.0408654	0.0402133	0.038823	0.0370822	0.0360382	0.035277	0.034632	0.0341676	0.0341099	0.0340063	0.0337532	0.0334737	0.0333169	0.0330511	0.0327277	0.0323271	0.0318427	0.0313042	0.0308293	0.0305397	0.0307338	0.031655	0.0309749	0.0315972	0.050917	0.0514125	0.0321029	0.0319676	0.0314305	0.050781	0.0502356	0.0503588	0.0623202	0.0616607	0.0613726	0.0607763	0.0948849	0.0764916	0.0642717	0.0485381	

79	0.085	4	0	task-3:0.478	task-0:0.474	task-1:0.466	task-2:0.476	|	0.0605298	0.100323	0.0983394	0.0763211	0.0567816	0.0575547	0.0559911	0.0552555	0.0551798	0.0545583	0.0549739	0.0549767	0.0546123	0.0545803	0.0545702	0.0544893	0.0543586	0.0543773	0.0543988	0.054366	0.0543593	0.0543538	0.0543651	0.0544222	0.0544606	0.0544922	0.0545157	0.0545312	0.0545398	0.0545441	0.0545455	0.0545455	0.0545455	0.0545455	0.0545455	0.0545455	0.0545455	0.0545455	0.0545455	0.0545455	0.0545455	0.0545455	0.0545455	0.0545455	0.0545455	0.0545455	0.0545455	0.0545455	0.0545455	0.0545455	0.0545455	0.0545455	0.0545455	0.0545455	0.0545455	0.0545455	0.0545455	0.0545455	0.0545455	0.0545455	0.0545455	0.0545455	0.0545455	0.0545455	0.0545455	0.0545455	0.0545455	0.0545455	0.0545455	0.0545455	0.0545455	0.0545455	0.0545455	0.0545455	0.0545455	0.0545455	0.0545455	0.0545455	0.0545455	

154	0.175	4	0	task-3:0.03	task-0:0.116	task-1:0.204	task-2:0.084	|	0.0572096	0.0805771	0.0727247	0.0551263	0.0563057	0.0554859	0.0546565	0.0541974	0.0536564	0.0537647	0.0582547	0.0577621	0.0595341	0.0580791	0.0557987	0.0550325	0.0542542	0.0532943	0.0523358	0.0521075	0.0519577	0.050733	0.0505108	0.0500261	0.0499073	0.0494135	0.0489975	0.0490831	0.0500775	0.0515842	0.0505728	0.050474	0.0499999	0.0498977	0.0499007	0.0497914	0.0495832	0.04933	0.0489976	0.0487528	0.0482568	0.0476706	0.0465926	0.0461442	0.045285	0.0442858	0.0423345	0.0417124	0.040726	0.0390523	0.0387708	0.0377325	0.0361155	0.0345971	0.0332047	0.0310452	0.0307931	0.029749	0.028436	0.0267364	0.0268122	0.0254656	0.025336	0.0245843	0.0232331	0.0217528	0.0213096	0.0203459	0.0190773	0.0182536	0.0177733	0.0170916	0.0163416	0.0155449	0.0147373	0.0136623	0.0125974	0.0124297	0.0118454	0.0112833	0.0102283	0.0100611	0.00968226	0.00926512	0.0086107	0.00858961	0.00833961	0.0078735	0.00740232	0.00730305	0.00703252	0.0066939	0.0063697	0.00604596	0.00568188	0.00534028	0.00470587	0.00458461	0.00413347	0.00396052	0.00389858	0.00366162	0.00401193	0.00399717	0.00372087	0.00363364	0.00357873	0.0035523	0.00353375	0.00350157	0.00345667	0.0033674	0.00330522	0.00326572	0.00322162	0.00316909	0.00310164	0.00303093	0.00295129	0.00286263	0.00276569	0.00269895	0.00264438	0.00258189	0.00251082	0.00243081	0.00233642	0.00231978	0.00224824	0.00218651	0.00212024	0.00205074	0.00202599	0.0019822	0.00194117	0.00189748	0.00184132	0.00181038	0.00178435	0.001754	0.00172164	0.00169506	0.00168426	0.00164754	0.00161809	0.00158588	0.00155164	0.00151683	0.00149065	0.00147007	0.00144579	0.00141945	0.00139175	0.00135895	

57	0.059	4	0	task-3:0.468	task-0:0.386	task-1:0.52	task-2:0.518	|	0.072537	0.0835174	0.0763089	0.0580374	0.0662937	0.0637586	0.0532085	0.0493028	0.0461023	0.0440114	0.0467961	0.0458729	0.0440425	0.0412272	0.0393288	0.038408	0.0375435	0.0369621	0.0360485	0.0361044	0.036074	0.0356764	0.0354001	0.0351682	0.0347287	0.0343873	0.0340267	0.0336928	0.0333684	0.0333549	0.0330718	0.0329662	0.0329775	0.033082	0.0329841	0.032973	0.0328517	0.0326424	0.0324127	0.0321462	0.0318823	0.0316327	0.0315421	0.031795	0.0315346	0.0318268	0.0317321	0.0319226	0.0318613	0.03215	0.0325259	0.0320641	0.0323823	0.0329338	0.0326003	0.0328205	0.0325832	

57	0.061	4	0	task-3:0.468	task-0:0.386	task-1:0.52	task-2:0.518	|	0.072537	0.0835174	0.0763089	0.0580374	0.0662937	0.0637586	0.0532085	0.0493028	0.0461023	0.0440114	0.0467961	0.0458729	0.0440425	0.0412272	0.0393288	0.038408	0.0375435	0.0369621	0.0360485	0.0361044	0.036074	0.0356764	0.0354001	0.0351682	0.0347287	0.0343873	0.0340267	0.0336928	0.0333684	0.0333549	0.0330718	0.0329662	0.0329775	0.033082	0.0329841	0.032973	0.0328517	0.0326424	0.0324127	0.0321462	0.0318823	0.0316327	0.0315421	0.031795	0.0315346	0.0318268	0.0317321	0.0319226	0.0318613	0.03215	0.0325259	0.0320641	0.0323823	0.0329338	0.0326003	0.0328205	0.0325832	

57	0.054	4	0	task-3:0.468	task-0:0.386	task-1:0.52	task-2:0.518	|	0.072537	0.0835174	0.0763089	0.0580374	0.0662937	0.0637586	0.0532085	0.0493028	0.0461023	0.0440114	0.0467961	0.0458729	0.0440425	0.0412272	0.0393288	0.038408	0.0375435	0.0369621	0.0360485	0.0361044	0.036074	0.0356764	0.0354001	0.0351682	0.0347287	0.0343873	0.0340267	0.0336928	0.0333684	0.0333549	0.0330718	0.0329662	0.0329775	0.033082	0.0329841	0.032973	0.0328517	0.0326424	0.0324127	0.0321462	0.0318823	0.0316327	0.0315421	0.031795	0.0315346	0.0318268	0.0317321	0.0319226	0.0318613	0.03215	0.0325259	0.0320641	0.0323823	0.0329338	0.0326003	0.0328205	0.0325832	

79	0.083	4	0	task-3:0.478	task-0:0.474	task-1:0.466	task-2:0.476	|	0.0605298	0.100323	0.0983394	0.0763211	0.0567816	0.0575547	0.0559911	0.0552555	0.0551798	0.0545583	0.0549739	0.0549767	0.0546123	0.0545803	0.0545702	0.0544893	0.0543586	0.0543773	0.0543988	0.054366	0.0543593	0.0543538	0.0543651	0.0544222	0.0544606	0.0544922	0.0545157	0.0545312	0.0545398	0.0545441	0.0545455	0.0545455	0.0545455	0.0545455	0.0545455	0.0545455	0.0545455	0.0545455	0.0545455	0.0545455	0.0545455	0.0545455	0.0545455	0.0545455	0.0545455	0.0545455	0.0545455	0.0545455	0.0545455	0.0545455	0.0545455	0.0545455	0.0545455	0.0545455	0.0545455	0.0545455	0.0545455	0.0545455	0.0545455	0.0545455	0.0545455	0.0545455	0.0545455	0.0545455	0.0545455	0.0545455	0.0545455	0.0545455	0.0545455	0.0545455	0.0545455	0.0545455	0.0545455	0.0545455	0.0545455	0.0545455	0.0545455	0.0545455	0.0545455	

79	0.099	4	0	task-3:0.526	task-0:0.386	task-1:0.454	task-2:0.516	|	0.0669982	0.080734	0.0792295	0.0580412	0.0563856	0.0534125	0.0529251	0.052851	0.052055	0.0514651	0.0507843	0.0501636	0.0496921	0.048521	0.0472416	0.0459659	0.0449208	0.0440643	0.0434643	0.0431796	0.0432621	0.0436654	0.0433029	0.04355	0.0439706	0.0444001	0.0448271	0.113394	0.112527	0.053095	0.0468262	0.0481663	0.0498213	0.0614017	0.0611169	0.0520919	0.0497014	0.0492212	0.049227	0.0500338	0.049301	0.0481224	0.047602	0.0472083	0.046586	0.0456159	0.0447057	0.0441005	0.0430798	0.0416435	0.0399476	0.0386084	0.03751	0.0363209	0.035195	0.0343293	0.033502	0.0325293	0.0319377	0.0313423	0.030811	0.0304522	0.030296	0.0302055	0.030112	0.0300339	0.0300561	0.0298908	0.0298357	0.0298149	0.0296995	0.0296118	0.0294739	0.0293289	0.0292319	0.0294145	0.0295863	0.0298763	0.0299516	

206	0.21	4	0	task-3:0.09	task-0:0.074	task-1:0.042	task-2:0.176	|	0.0548394	0.0962514	0.095667	0.073737	0.0562317	0.0562324	0.056461	0.0564609	0.0541425	0.0551117	0.0548844	0.0542991	0.0542895	0.0539448	0.0537984	0.053683	0.0533495	0.0529413	0.0525411	0.0521079	0.0517116	0.0514268	0.0511156	0.0507033	0.0502038	0.0497148	0.0491274	0.0485969	0.0481045	0.0475128	0.0468054	0.046046	0.0452381	0.0445101	0.0437121	0.0426623	0.0413819	0.039983	0.0386331	0.0368197	0.0348285	0.0333286	0.0310437	0.0287701	0.024883	0.0226047	0.0207521	0.0188307	0.0168865	0.0165536	0.0155996	0.0160715	0.0156341	0.0147964	0.0144046	0.0140947	0.0135318	0.0130664	0.0129424	0.0130836	0.0123198	0.0119538	0.0106177	0.0104567	0.0098343	0.00952799	0.00908543	0.00848879	0.00781583	0.0071254	0.0063951	0.0056704	0.00504741	0.00420116	0.00379339	0.0048007	0.00390316	0.00476158	0.00395206	0.00284536	0.00253212	0.00240467	0.0022401	0.00206414	0.00202447	0.00194304	0.0018408	0.00177016	0.00170598	0.00163595	0.00155163	0.00138271	0.00126493	0.00130381	0.00110917	0.00101118	0.000935892	0.000862775	0.000824789	0.000773563	0.000700032	0.000621561	0.000550675	0.000476305	0.00041895	0.000362634	0.000305874	0.000247019	0.00018982	0.000287413	0.000158091	0.000172159	0.000175029	0.000139634	0.000214658	0.00016406	0.000129781	0.000137827	0.000132716	0.000128306	0.000126469	0.000125712	0.00012403	0.000125909	0.000111976	0.000105116	9.53753e-005	0.000102436	0.000110573	9.40544e-005	9.11582e-005	8.98509e-005	8.9014e-005	9.13337e-005	9.59404e-005	8.524e-005	9.16325e-005	9.54575e-005	8.35506e-005	8.10171e-005	8.13874e-005	7.86695e-005	7.43314e-005	8.19576e-005	9.41658e-005	0.000109727	0.00010121	0.000103066	8.59776e-005	9.81476e-005	8.38926e-005	8.18256e-005	8.40333e-005	8.39889e-005	8.48645e-005	8.42968e-005	8.84942e-005	8.57264e-005	8.56533e-005	8.30473e-005	8.20128e-005	7.95713e-005	7.67974e-005	7.42671e-005	7.13363e-005	6.81555e-005	6.47328e-005	6.11141e-005	5.73958e-005	5.20966e-005	6.17209e-005	5.14477e-005	4.85442e-005	4.98255e-005	4.66786e-005	4.49198e-005	4.33343e-005	4.24574e-005	5.39245e-005	5.43489e-005	4.7486e-005	4.50096e-005	4.48923e-005	4.43928e-005	4.49746e-005	4.42391e-005	4.25725e-005	4.12648e-005	3.9952e-005	3.84356e-005	3.66677e-005	3.46706e-005	3.20831e-005	2.93674e-005	2.66126e-005	2.34667e-005	2.26519e-005	2.11446e-005	1.9768e-005	1.70004e-005	1.46519e-005	1.42676e-005	1.3869e-005	1.35426e-005	1.16775e-005	1.09131e-005	

69	0.067	4	0	task-3:0.394	task-0:0.35	task-1:0.412	task-2:0.504	|	0.0537774	0.0732187	0.0631861	0.0552102	0.0550932	0.0552436	0.0552488	0.0546367	0.0552291	0.0551684	0.0546509	0.0541348	0.053216	0.0506608	0.0504558	0.0908698	0.0844993	0.0511615	0.050153	0.0515232	0.0487314	0.0462761	0.0427389	0.0395339	0.0385311	0.0376145	0.0365107	0.0345097	0.0323209	0.0299524	0.0288113	0.0285234	0.0287047	0.0285906	0.0284664	0.0285331	0.0284902	0.0285299	0.0285929	0.0286846	0.0288097	0.0289793	0.0291631	0.0293797	0.0293247	0.029365	0.0292612	0.0292001	0.0291434	0.0290882	0.0290659	0.0290268	0.0289921	0.0290421	0.0291183	0.0292174	0.0293348	0.029471	0.0298062	0.0296286	0.0296506	0.0297433	0.0297407	0.0295614	0.0295119	0.0293267	0.0291578	0.0289905	0.0288178	

68	0.062	4	0	task-3:0.432	task-0:0.4	task-1:0.45	task-2:0.392	|	0.0670965	0.087864	0.0829981	0.0572493	0.064018	0.0631597	0.0580665	0.0544865	0.053458	0.0511542	0.0503129	0.0492948	0.0483649	0.0476764	0.0475026	0.0471894	0.0469779	0.0469228	0.0470246	0.0472669	0.0475987	0.0483487	0.0491351	0.0498189	0.0501639	0.0501697	0.0502133	0.0494551	0.0490829	0.0488606	0.0483039	0.0477222	0.0472292	0.04678	0.0464279	0.0460979	0.0457449	0.0454453	0.0449185	0.0442138	0.0434953	0.0427769	0.041804	0.0407801	0.0396529	0.0385057	0.0378209	0.0370743	0.0365434	0.0362215	0.0355622	0.0350163	0.0344466	0.0340789	0.0337184	0.0335981	0.0335339	0.0331413	0.0326886	0.0323156	0.0320055	0.0317339	0.0315757	0.0314673	0.0314177	0.0314787	0.0313152	0.0312952	

206	0.194	4	0	task-3:0.09	task-0:0.074	task-1:0.042	task-2:0.176	|	0.0548394	0.0962514	0.095667	0.073737	0.0562317	0.0562324	0.056461	0.0564609	0.0541425	0.0551117	0.0548844	0.0542991	0.0542895	0.0539448	0.0537984	0.053683	0.0533495	0.0529413	0.0525411	0.0521079	0.0517116	0.0514268	0.0511156	0.0507033	0.0502038	0.0497148	0.0491274	0.0485969	0.0481045	0.0475128	0.0468054	0.046046	0.0452381	0.0445101	0.0437121	0.0426623	0.0413819	0.039983	0.0386331	0.0368197	0.0348285	0.0333286	0.0310437	0.0287701	0.024883	0.0226047	0.0207521	0.0188307	0.0168865	0.0165536	0.0155996	0.0160715	0.0156341	0.0147964	0.0144046	0.0140947	0.0135318	0.0130664	0.0129424	0.0130836	0.0123198	0.0119538	0.0106177	0.0104567	0.0098343	0.00952799	0.00908543	0.00848879	0.00781583	0.0071254	0.0063951	0.0056704	0.00504741	0.00420116	0.00379339	0.0048007	0.00390316	0.00476158	0.00395206	0.00284536	0.00253212	0.00240467	0.0022401	0.00206414	0.00202447	0.00194304	0.0018408	0.00177016	0.00170598	0.00163595	0.00155163	0.00138271	0.00126493	0.00130381	0.00110917	0.00101118	0.000935892	0.000862775	0.000824789	0.000773563	0.000700032	0.000621561	0.000550675	0.000476305	0.00041895	0.000362634	0.000305874	0.000247019	0.00018982	0.000287413	0.000158091	0.000172159	0.000175029	0.000139634	0.000214658	0.00016406	0.000129781	0.000137827	0.000132716	0.000128306	0.000126469	0.000125712	0.00012403	0.000125909	0.000111976	0.000105116	9.53753e-005	0.000102436	0.000110573	9.40544e-005	9.11582e-005	8.98509e-005	8.9014e-005	9.13337e-005	9.59404e-005	8.524e-005	9.16325e-005	9.54575e-005	8.35506e-005	8.10171e-005	8.13874e-005	7.86695e-005	7.43314e-005	8.19576e-005	9.41658e-005	0.000109727	0.00010121	0.000103066	8.59776e-005	9.81476e-005	8.38926e-005	8.18256e-005	8.40333e-005	8.39889e-005	8.48645e-005	8.42968e-005	8.84942e-005	8.57264e-005	8.56533e-005	8.30473e-005	8.20128e-005	7.95713e-005	7.67974e-005	7.42671e-005	7.13363e-005	6.81555e-005	6.47328e-005	6.11141e-005	5.73958e-005	5.20966e-005	6.17209e-005	5.14477e-005	4.85442e-005	4.98255e-005	4.66786e-005	4.49198e-005	4.33343e-005	4.24574e-005	5.39245e-005	5.43489e-005	4.7486e-005	4.50096e-005	4.48923e-005	4.43928e-005	4.49746e-005	4.42391e-005	4.25725e-005	4.12648e-005	3.9952e-005	3.84356e-005	3.66677e-005	3.46706e-005	3.20831e-005	2.93674e-005	2.66126e-005	2.34667e-005	2.26519e-005	2.11446e-005	1.9768e-005	1.70004e-005	1.46519e-005	1.42676e-005	1.3869e-005	1.35426e-005	1.16775e-005	1.09131e-005	

69	0.065	4	0	task-3:0.394	task-0:0.35	task-1:0.412	task-2:0.504	|	0.0537774	0.0732187	0.0631861	0.0552102	0.0550932	0.0552436	0.0552488	0.0546367	0.0552291	0.0551684	0.0546509	0.0541348	0.053216	0.0506608	0.0504558	0.0908698	0.0844993	0.0511615	0.050153	0.0515232	0.0487314	0.0462761	0.0427389	0.0395339	0.0385311	0.0376145	0.0365107	0.0345097	0.0323209	0.0299524	0.0288113	0.0285234	0.0287047	0.0285906	0.0284664	0.0285331	0.0284902	0.0285299	0.0285929	0.0286846	0.0288097	0.0289793	0.0291631	0.0293797	0.0293247	0.029365	0.0292612	0.0292001	0.0291434	0.0290882	0.0290659	0.0290268	0.0289921	0.0290421	0.0291183	0.0292174	0.0293348	0.029471	0.0298062	0.0296286	0.0296506	0.0297433	0.0297407	0.0295614	0.0295119	0.0293267	0.0291578	0.0289905	0.0288178	

68	0.061	4	0	task-3:0.432	task-0:0.4	task-1:0.45	task-2:0.392	|	0.0670965	0.087864	0.0829981	0.0572493	0.064018	0.0631597	0.0580665	0.0544865	0.053458	0.0511542	0.0503129	0.0492948	0.0483649	0.0476764	0.0475026	0.0471894	0.0469779	0.0469228	0.0470246	0.0472669	0.0475987	0.0483487	0.0491351	0.0498189	0.0501639	0.0501697	0.0502133	0.0494551	0.0490829	0.0488606	0.0483039	0.0477222	0.0472292	0.04678	0.0464279	0.0460979	0.0457449	0.0454453	0.0449185	0.0442138	0.0434953	0.0427769	0.041804	0.0407801	0.0396529	0.0385057	0.0378209	0.0370743	0.0365434	0.0362215	0.0355622	0.0350163	0.0344466	0.0340789	0.0337184	0.0335981	0.0335339	0.0331413	0.0326886	0.0323156	0.0320055	0.0317339	0.0315757	0.0314673	0.0314177	0.0314787	0.0313152	0.0312952	

68	0.07	4	0	task-3:0.432	task-0:0.4	task-1:0.45	task-2:0.392	|	0.0670965	0.087864	0.0829981	0.0572493	0.064018	0.0631597	0.0580665	0.0544865	0.053458	0.0511542	0.0503129	0.0492948	0.0483649	0.0476764	0.0475026	0.0471894	0.0469779	0.0469228	0.0470246	0.0472669	0.0475987	0.0483487	0.0491351	0.0498189	0.0501639	0.0501697	0.0502133	0.0494551	0.0490829	0.0488606	0.0483039	0.0477222	0.0472292	0.04678	0.0464279	0.0460979	0.0457449	0.0454453	0.0449185	0.0442138	0.0434953	0.0427769	0.041804	0.0407801	0.0396529	0.0385057	0.0378209	0.0370743	0.0365434	0.0362215	0.0355622	0.0350163	0.0344466	0.0340789	0.0337184	0.0335981	0.0335339	0.0331413	0.0326886	0.0323156	0.0320055	0.0317339	0.0315757	0.0314673	0.0314177	0.0314787	0.0313152	0.0312952	

66	0.072	4	0	task-3:0.472	task-0:0.472	task-1:0.466	task-2:0.534	|	0.0557586	0.0779143	0.0732885	0.0567065	0.0603279	0.0603263	0.054863	0.0575597	0.0573874	0.0548591	0.0550053	0.0549318	0.0544473	0.0546541	0.0546759	0.054719	0.0546507	0.0544361	0.0540519	0.0532102	0.0527012	0.05156	0.0500863	0.0490575	0.0475489	0.0458317	0.0441324	0.0427604	0.0412202	0.0397561	0.0385186	0.0362256	0.0357993	0.0347497	0.0344181	0.0347627	0.0338226	0.0337108	0.0339341	0.0338947	0.0339473	0.0335584	0.0332991	0.0330782	0.0331427	0.0328356	0.0326643	0.032475	0.0322691	0.0320493	0.031799	0.0317606	0.0313233	0.03127	0.0313317	0.0313012	0.0312133	0.0314287	0.0311327	0.0314501	0.0314501	0.0311222	0.031073	0.0311021	0.0310539	0.0310533	

66	0.059	4	0	task-3:0.472	task-0:0.472	task-1:0.466	task-2:0.534	|	0.0557586	0.0779143	0.0732885	0.0567065	0.0603279	0.0603263	0.054863	0.0575597	0.0573874	0.0548591	0.0550053	0.0549318	0.0544473	0.0546541	0.0546759	0.054719	0.0546507	0.0544361	0.0540519	0.0532102	0.0527012	0.05156	0.0500863	0.0490575	0.0475489	0.0458317	0.0441324	0.0427604	0.0412202	0.0397561	0.0385186	0.0362256	0.0357993	0.0347497	0.0344181	0.0347627	0.0338226	0.0337108	0.0339341	0.0338947	0.0339473	0.0335584	0.0332991	0.0330782	0.0331427	0.0328356	0.0326643	0.032475	0.0322691	0.0320493	0.031799	0.0317606	0.0313233	0.03127	0.0313317	0.0313012	0.0312133	0.0314287	0.0311327	0.0314501	0.0314501	0.0311222	0.031073	0.0311021	0.0310539	0.0310533	

66	0.06	4	0	task-3:0.472	task-0:0.472	task-1:0.466	task-2:0.534	|	0.0557586	0.0779143	0.0732885	0.0567065	0.0603279	0.0603263	0.054863	0.0575597	0.0573874	0.0548591	0.0550053	0.0549318	0.0544473	0.0546541	0.0546759	0.054719	0.0546507	0.0544361	0.0540519	0.0532102	0.0527012	0.05156	0.0500863	0.0490575	0.0475489	0.0458317	0.0441324	0.0427604	0.0412202	0.0397561	0.0385186	0.0362256	0.0357993	0.0347497	0.0344181	0.0347627	0.0338226	0.0337108	0.0339341	0.0338947	0.0339473	0.0335584	0.0332991	0.0330782	0.0331427	0.0328356	0.0326643	0.032475	0.0322691	0.0320493	0.031799	0.0317606	0.0313233	0.03127	0.0313317	0.0313012	0.0312133	0.0314287	0.0311327	0.0314501	0.0314501	0.0311222	0.031073	0.0311021	0.0310539	0.0310533	

81	0.073	4	0	task-3:0.464	task-0:0.358	task-1:0.464	task-2:0.452	|	0.0572803	0.0664708	0.0565388	0.0554597	0.0555475	0.0547275	0.0545406	0.0539714	0.053149	0.0523	0.0517747	0.0516049	0.050696	0.049402	0.04787	0.0462404	0.0452253	0.0446894	0.0441289	0.0442221	0.0446438	0.0452686	0.0459975	0.0467315	0.0473495	0.0478189	0.0803181	0.120404	0.119405	0.0503795	0.0518795	0.0576473	0.0575866	0.0545551	0.0547352	0.0546991	0.0530615	0.0484712	0.0474396	0.0470985	0.0415971	0.0334822	0.0307719	0.0305736	0.0294331	0.0301009	0.0299036	0.0303381	0.0306268	0.0305938	0.030891	0.0311928	0.0315602	0.0319748	0.0323785	0.0320759	0.0321182	0.0323057	0.0322791	0.0319323	0.0316323	0.0314605	0.0314147	0.0311777	0.0317896	0.0317651	0.0312963	0.0311516	0.0310883	0.0310381	0.0309515	0.0308451	0.0307406	0.0306271	0.0305693	0.0305497	0.0303989	0.0301574	0.0299743	0.0298278	0.0296525	

81	0.085	4	0	task-3:0.464	task-0:0.358	task-1:0.464	task-2:0.452	|	0.0572803	0.0664708	0.0565388	0.0554597	0.0555475	0.0547275	0.0545406	0.0539714	0.053149	0.0523	0.0517747	0.0516049	0.050696	0.049402	0.04787	0.0462404	0.0452253	0.0446894	0.0441289	0.0442221	0.0446438	0.0452686	0.0459975	0.0467315	0.0473495	0.0478189	0.0803181	0.120404	0.119405	0.0503795	0.0518795	0.0576473	0.0575866	0.0545551	0.0547352	0.0546991	0.0530615	0.0484712	0.0474396	0.0470985	0.0415971	0.0334822	0.0307719	0.0305736	0.0294331	0.0301009	0.0299036	0.0303381	0.0306268	0.0305938	0.030891	0.0311928	0.0315602	0.0319748	0.0323785	0.0320759	0.0321182	0.0323057	0.0322791	0.0319323	0.0316323	0.0314605	0.0314147	0.0311777	0.0317896	0.0317651	0.0312963	0.0311516	0.0310883	0.0310381	0.0309515	0.0308451	0.0307406	0.0306271	0.0305693	0.0305497	0.0303989	0.0301574	0.0299743	0.0298278	0.0296525	

81	0.086	4	0	task-3:0.464	task-0:0.358	task-1:0.464	task-2:0.452	|	0.0572803	0.0664708	0.0565388	0.0554597	0.0555475	0.0547275	0.0545406	0.0539714	0.053149	0.0523	0.0517747	0.0516049	0.050696	0.049402	0.04787	0.0462404	0.0452253	0.0446894	0.0441289	0.0442221	0.0446438	0.0452686	0.0459975	0.0467315	0.0473495	0.0478189	0.0803181	0.120404	0.119405	0.0503795	0.0518795	0.0576473	0.0575866	0.0545551	0.0547352	0.0546991	0.0530615	0.0484712	0.0474396	0.0470985	0.0415971	0.0334822	0.0307719	0.0305736	0.0294331	0.0301009	0.0299036	0.0303381	0.0306268	0.0305938	0.030891	0.0311928	0.0315602	0.0319748	0.0323785	0.0320759	0.0321182	0.0323057	0.0322791	0.0319323	0.0316323	0.0314605	0.0314147	0.0311777	0.0317896	0.0317651	0.0312963	0.0311516	0.0310883	0.0310381	0.0309515	0.0308451	0.0307406	0.0306271	0.0305693	0.0305497	0.0303989	0.0301574	0.0299743	0.0298278	0.0296525	

66	0.065	4	0	task-3:0.39	task-0:0.41	task-1:0.462	task-2:0.46	|	0.0612029	0.063905	0.0563747	0.0591114	0.0568403	0.0545756	0.0547102	0.0546533	0.0551147	0.0547331	0.0540717	0.0536634	0.0535526	0.0529444	0.051925	0.0502829	0.0477386	0.0465694	0.0445119	0.043978	0.0436143	0.0392613	0.0330424	0.0315588	0.0317628	0.0308034	0.0310664	0.0309303	0.0305334	0.0304974	0.0305458	0.0305717	0.0305421	0.0306853	0.0306296	0.0306475	0.0306028	0.0306159	0.0306441	0.0306565	0.0306454	0.0306218	0.0306108	0.0306273	0.0306976	0.0307651	0.0308492	0.0313664	0.0325448	0.0326727	0.0341041	0.0329193	0.0329321	0.0323396	0.031114	0.0298116	0.0281132	0.0276574	0.026245	0.0312073	0.0262385	0.0242069	0.0225004	0.0232557	0.0207389	0.0247986	

74	0.069	4	0	task-3:0.448	task-0:0.42	task-1:0.466	task-2:0.47	|	0.0685571	0.0709352	0.0675924	0.053956	0.0647411	0.0659963	0.0604521	0.0559594	0.0552773	0.0551777	0.0548171	0.0547232	0.0545485	0.0545066	0.0544853	0.0544344	0.0543547	0.0543468	0.0543737	0.0544053	0.106312	0.105523	0.0544698	0.0544572	0.0576001	0.0566188	0.054596	0.0543942	0.0537179	0.0506781	0.0489671	0.0496304	0.0483862	0.047176	0.0460248	0.0449339	0.0448307	0.0453929	0.0457577	0.0444843	0.0426278	0.0417142	0.0411144	0.0405335	0.040007	0.0391903	0.0383116	0.0377833	0.0370857	0.0365649	0.0360123	0.0340935	0.034209	0.0345414	0.0348	0.0337277	0.0331684	0.0332758	0.0335338	0.0339236	0.0330627	0.0327567	0.0324849	0.0322268	0.0319896	0.0317706	0.0315714	0.0323253	0.0314155	0.0314571	0.0314014	0.0313964	0.0314632	0.030769	

64	0.059	4	0	task-3:0.478	task-0:0.458	task-1:0.466	task-2:0.448	|	0.055353	0.0911808	0.0804124	0.0583273	0.0602629	0.0603349	0.055756	0.0545929	0.0539189	0.0540782	0.0539742	0.0536388	0.0532296	0.052924	0.0522973	0.0527799	0.054521	0.0478852	0.0455721	0.0486941	0.0459001	0.034954	0.0343713	0.0320307	0.0342855	0.0334419	0.0302794	0.0288637	0.0288225	0.0284028	0.0280942	0.0279916	0.0282582	0.028782	0.0285886	0.0286021	0.028343	0.028242	0.0281546	0.0281585	0.0283015	0.0280715	0.0280277	0.0280056	0.0279428	0.0279445	0.0279177	0.0343062	0.0321528	0.0282503	0.0282863	0.0281946	0.0280656	0.0271374	0.0263717	0.0275415	0.0277907	0.0277473	0.0274297	0.0267374	0.026326	0.0258081	0.0251183	0.0241035	

64	0.06	4	0	task-3:0.478	task-0:0.458	task-1:0.466	task-2:0.448	|	0.055353	0.0911808	0.0804124	0.0583273	0.0602629	0.0603349	0.055756	0.0545929	0.0539189	0.0540782	0.0539742	0.0536388	0.0532296	0.052924	0.0522973	0.0527799	0.054521	0.0478852	0.0455721	0.0486941	0.0459001	0.034954	0.0343713	0.0320307	0.0342855	0.0334419	0.0302794	0.0288637	0.0288225	0.0284028	0.0280942	0.0279916	0.0282582	0.028782	0.0285886	0.0286021	0.028343	0.028242	0.0281546	0.0281585	0.0283015	0.0280715	0.0280277	0.0280056	0.0279428	0.0279445	0.0279177	0.0343062	0.0321528	0.0282503	0.0282863	0.0281946	0.0280656	0.0271374	0.0263717	0.0275415	0.0277907	0.0277473	0.0274297	0.0267374	0.026326	0.0258081	0.0251183	0.0241035	

81	0.078	4	0	task-3:0.464	task-0:0.358	task-1:0.464	task-2:0.452	|	0.0572803	0.0664708	0.0565388	0.0554597	0.0555475	0.0547275	0.0545406	0.0539714	0.053149	0.0523	0.0517747	0.0516049	0.050696	0.049402	0.04787	0.0462404	0.0452253	0.0446894	0.0441289	0.0442221	0.0446438	0.0452686	0.0459975	0.0467315	0.0473495	0.0478189	0.0803181	0.120404	0.119405	0.0503795	0.0518795	0.0576473	0.0575866	0.0545551	0.0547352	0.0546991	0.0530615	0.0484712	0.0474396	0.0470985	0.0415971	0.0334822	0.0307719	0.0305736	0.0294331	0.0301009	0.0299036	0.0303381	0.0306268	0.0305938	0.030891	0.0311928	0.0315602	0.0319748	0.0323785	0.0320759	0.0321182	0.0323057	0.0322791	0.0319323	0.0316323	0.0314605	0.0314147	0.0311777	0.0317896	0.0317651	0.0312963	0.0311516	0.0310883	0.0310381	0.0309515	0.0308451	0.0307406	0.0306271	0.0305693	0.0305497	0.0303989	0.0301574	0.0299743	0.0298278	0.0296525	

64	0.062	4	0	task-3:0.478	task-0:0.458	task-1:0.466	task-2:0.448	|	0.055353	0.0911808	0.0804124	0.0583273	0.0602629	0.0603349	0.055756	0.0545929	0.0539189	0.0540782	0.0539742	0.0536388	0.0532296	0.052924	0.0522973	0.0527799	0.054521	0.0478852	0.0455721	0.0486941	0.0459001	0.034954	0.0343713	0.0320307	0.0342855	0.0334419	0.0302794	0.0288637	0.0288225	0.0284028	0.0280942	0.0279916	0.0282582	0.028782	0.0285886	0.0286021	0.028343	0.028242	0.0281546	0.0281585	0.0283015	0.0280715	0.0280277	0.0280056	0.0279428	0.0279445	0.0279177	0.0343062	0.0321528	0.0282503	0.0282863	0.0281946	0.0280656	0.0271374	0.0263717	0.0275415	0.0277907	0.0277473	0.0274297	0.0267374	0.026326	0.0258081	0.0251183	0.0241035	

64	0.057	4	0	task-3:0.478	task-0:0.458	task-1:0.466	task-2:0.448	|	0.055353	0.0911808	0.0804124	0.0583273	0.0602629	0.0603349	0.055756	0.0545929	0.0539189	0.0540782	0.0539742	0.0536388	0.0532296	0.052924	0.0522973	0.0527799	0.054521	0.0478852	0.0455721	0.0486941	0.0459001	0.034954	0.0343713	0.0320307	0.0342855	0.0334419	0.0302794	0.0288637	0.0288225	0.0284028	0.0280942	0.0279916	0.0282582	0.028782	0.0285886	0.0286021	0.028343	0.028242	0.0281546	0.0281585	0.0283015	0.0280715	0.0280277	0.0280056	0.0279428	0.0279445	0.0279177	0.0343062	0.0321528	0.0282503	0.0282863	0.0281946	0.0280656	0.0271374	0.0263717	0.0275415	0.0277907	0.0277473	0.0274297	0.0267374	0.026326	0.0258081	0.0251183	0.0241035	

81	0.072	4	0	task-3:0.464	task-0:0.358	task-1:0.464	task-2:0.452	|	0.0572803	0.0664708	0.0565388	0.0554597	0.0555475	0.0547275	0.0545406	0.0539714	0.053149	0.0523	0.0517747	0.0516049	0.050696	0.049402	0.04787	0.0462404	0.0452253	0.0446894	0.0441289	0.0442221	0.0446438	0.0452686	0.0459975	0.0467315	0.0473495	0.0478189	0.0803181	0.120404	0.119405	0.0503795	0.0518795	0.0576473	0.0575866	0.0545551	0.0547352	0.0546991	0.0530615	0.0484712	0.0474396	0.0470985	0.0415971	0.0334822	0.0307719	0.0305736	0.0294331	0.0301009	0.0299036	0.0303381	0.0306268	0.0305938	0.030891	0.0311928	0.0315602	0.0319748	0.0323785	0.0320759	0.0321182	0.0323057	0.0322791	0.0319323	0.0316323	0.0314605	0.0314147	0.0311777	0.0317896	0.0317651	0.0312963	0.0311516	0.0310883	0.0310381	0.0309515	0.0308451	0.0307406	0.0306271	0.0305693	0.0305497	0.0303989	0.0301574	0.0299743	0.0298278	0.0296525	

81	0.073	4	0	task-3:0.464	task-0:0.358	task-1:0.464	task-2:0.452	|	0.0572803	0.0664708	0.0565388	0.0554597	0.0555475	0.0547275	0.0545406	0.0539714	0.053149	0.0523	0.0517747	0.0516049	0.050696	0.049402	0.04787	0.0462404	0.0452253	0.0446894	0.0441289	0.0442221	0.0446438	0.0452686	0.0459975	0.0467315	0.0473495	0.0478189	0.0803181	0.120404	0.119405	0.0503795	0.0518795	0.0576473	0.0575866	0.0545551	0.0547352	0.0546991	0.0530615	0.0484712	0.0474396	0.0470985	0.0415971	0.0334822	0.0307719	0.0305736	0.0294331	0.0301009	0.0299036	0.0303381	0.0306268	0.0305938	0.030891	0.0311928	0.0315602	0.0319748	0.0323785	0.0320759	0.0321182	0.0323057	0.0322791	0.0319323	0.0316323	0.0314605	0.0314147	0.0311777	0.0317896	0.0317651	0.0312963	0.0311516	0.0310883	0.0310381	0.0309515	0.0308451	0.0307406	0.0306271	0.0305693	0.0305497	0.0303989	0.0301574	0.0299743	0.0298278	0.0296525	

81	0.076	4	0	task-3:0.464	task-0:0.358	task-1:0.464	task-2:0.452	|	0.0572803	0.0664708	0.0565388	0.0554597	0.0555475	0.0547275	0.0545406	0.0539714	0.053149	0.0523	0.0517747	0.0516049	0.050696	0.049402	0.04787	0.0462404	0.0452253	0.0446894	0.0441289	0.0442221	0.0446438	0.0452686	0.0459975	0.0467315	0.0473495	0.0478189	0.0803181	0.120404	0.119405	0.0503795	0.0518795	0.0576473	0.0575866	0.0545551	0.0547352	0.0546991	0.0530615	0.0484712	0.0474396	0.0470985	0.0415971	0.0334822	0.0307719	0.0305736	0.0294331	0.0301009	0.0299036	0.0303381	0.0306268	0.0305938	0.030891	0.0311928	0.0315602	0.0319748	0.0323785	0.0320759	0.0321182	0.0323057	0.0322791	0.0319323	0.0316323	0.0314605	0.0314147	0.0311777	0.0317896	0.0317651	0.0312963	0.0311516	0.0310883	0.0310381	0.0309515	0.0308451	0.0307406	0.0306271	0.0305693	0.0305497	0.0303989	0.0301574	0.0299743	0.0298278	0.0296525	

64	0.06	4	0	task-3:0.478	task-0:0.458	task-1:0.466	task-2:0.448	|	0.055353	0.0911808	0.0804124	0.0583273	0.0602629	0.0603349	0.055756	0.0545929	0.0539189	0.0540782	0.0539742	0.0536388	0.0532296	0.052924	0.0522973	0.0527799	0.054521	0.0478852	0.0455721	0.0486941	0.0459001	0.034954	0.0343713	0.0320307	0.0342855	0.0334419	0.0302794	0.0288637	0.0288225	0.0284028	0.0280942	0.0279916	0.0282582	0.028782	0.0285886	0.0286021	0.028343	0.028242	0.0281546	0.0281585	0.0283015	0.0280715	0.0280277	0.0280056	0.0279428	0.0279445	0.0279177	0.0343062	0.0321528	0.0282503	0.0282863	0.0281946	0.0280656	0.0271374	0.0263717	0.0275415	0.0277907	0.0277473	0.0274297	0.0267374	0.026326	0.0258081	0.0251183	0.0241035	

61	0.057	4	0	task-3:0.456	task-0:0.476	task-1:0.466	task-2:0.476	|	0.0531008	0.0899303	0.0814116	0.0586443	0.0569437	0.0569406	0.0521835	0.0529708	0.0512999	0.052422	0.0529075	0.0513705	0.0506008	0.0504893	0.0501827	0.0499208	0.0495871	0.0492021	0.0487508	0.0482352	0.0479164	0.0476192	0.0489034	0.0481075	0.0468717	0.0464444	0.0457198	0.0448883	0.0440301	0.0431842	0.0424041	0.0417432	0.0408972	0.0403513	0.0396411	0.0386824	0.0381865	0.0374328	0.0366088	0.0357372	0.0356347	0.0340609	0.0340368	0.0343532	0.0344166	0.0334137	0.0334349	0.0339852	0.0334324	0.0332713	0.0332834	0.0331825	0.0332724	0.0332985	0.0333121	0.0333546	0.0330583	0.0329585	0.0328779	0.0326936	0.0326171	

61	0.057	4	0	task-3:0.456	task-0:0.476	task-1:0.466	task-2:0.476	|	0.0531008	0.0899303	0.0814116	0.0586443	0.0569437	0.0569406	0.0521835	0.0529708	0.0512999	0.052422	0.0529075	0.0513705	0.0506008	0.0504893	0.0501827	0.0499208	0.0495871	0.0492021	0.0487508	0.0482352	0.0479164	0.0476192	0.0489034	0.0481075	0.0468717	0.0464444	0.0457198	0.0448883	0.0440301	0.0431842	0.0424041	0.0417432	0.0408972	0.0403513	0.0396411	0.0386824	0.0381865	0.0374328	0.0366088	0.0357372	0.0356347	0.0340609	0.0340368	0.0343532	0.0344166	0.0334137	0.0334349	0.0339852	0.0334324	0.0332713	0.0332834	0.0331825	0.0332724	0.0332985	0.0333121	0.0333546	0.0330583	0.0329585	0.0328779	0.0326936	0.0326171	

61	0.056	4	0	task-3:0.456	task-0:0.476	task-1:0.466	task-2:0.476	|	0.0531008	0.0899303	0.0814116	0.0586443	0.0569437	0.0569406	0.0521835	0.0529708	0.0512999	0.052422	0.0529075	0.0513705	0.0506008	0.0504893	0.0501827	0.0499208	0.0495871	0.0492021	0.0487508	0.0482352	0.0479164	0.0476192	0.0489034	0.0481075	0.0468717	0.0464444	0.0457198	0.0448883	0.0440301	0.0431842	0.0424041	0.0417432	0.0408972	0.0403513	0.0396411	0.0386824	0.0381865	0.0374328	0.0366088	0.0357372	0.0356347	0.0340609	0.0340368	0.0343532	0.0344166	0.0334137	0.0334349	0.0339852	0.0334324	0.0332713	0.0332834	0.0331825	0.0332724	0.0332985	0.0333121	0.0333546	0.0330583	0.0329585	0.0328779	0.0326936	0.0326171	

59	0.052	4	0	task-3:0.478	task-0:0.404	task-1:0.466	task-2:0.476	|	0.0553844	0.0835877	0.0654578	0.057984	0.0575133	0.0548969	0.0541862	0.054173	0.0538599	0.0531734	0.0514245	0.0492529	0.046356	0.0454126	0.041493	0.0390104	0.0363943	0.0339834	0.0318388	0.0303022	0.030204	0.0304419	0.0303415	0.0301882	0.0297701	0.0294143	0.0292688	0.0293073	0.0296864	0.0294739	0.0296559	0.0296495	0.0294497	0.0294781	0.0295395	0.0295559	0.0295942	0.0296665	0.0298096	0.0297251	0.029583	0.0294811	0.0293804	0.0294146	0.0293698	0.0293703	0.0293617	0.0293814	0.0293613	0.0293309	0.0293164	0.0293103	0.0293289	0.0293386	0.0293483	0.0293675	0.0292906	0.0293212	0.0292831	

59	0.053	4	0	task-3:0.478	task-0:0.404	task-1:0.466	task-2:0.476	|	0.0553844	0.0835877	0.0654578	0.057984	0.0575133	0.0548969	0.0541862	0.054173	0.0538599	0.0531734	0.0514245	0.0492529	0.046356	0.0454126	0.041493	0.0390104	0.0363943	0.0339834	0.0318388	0.0303022	0.030204	0.0304419	0.0303415	0.0301882	0.0297701	0.0294143	0.0292688	0.0293073	0.0296864	0.0294739	0.0296559	0.0296495	0.0294497	0.0294781	0.0295395	0.0295559	0.0295942	0.0296665	0.0298096	0.0297251	0.029583	0.0294811	0.0293804	0.0294146	0.0293698	0.0293703	0.0293617	0.0293814	0.0293613	0.0293309	0.0293164	0.0293103	0.0293289	0.0293386	0.0293483	0.0293675	0.0292906	0.0293212	0.0292831	

59	0.052	4	0	task-3:0.478	task-0:0.404	task-1:0.466	task-2:0.476	|	0.0553844	0.0835877	0.0654578	0.057984	0.0575133	0.0548969	0.0541862	0.054173	0.0538599	0.0531734	0.0514245	0.0492529	0.046356	0.0454126	0.041493	0.0390104	0.0363943	0.0339834	0.0318388	0.0303022	0.030204	0.0304419	0.0303415	0.0301882	0.0297701	0.0294143	0.0292688	0.0293073	0.0296864	0.0294739	0.0296559	0.0296495	0.0294497	0.0294781	0.0295395	0.0295559	0.0295942	0.0296665	0.0298096	0.0297251	0.029583	0.0294811	0.0293804	0.0294146	0.0293698	0.0293703	0.0293617	0.0293814	0.0293613	0.0293309	0.0293164	0.0293103	0.0293289	0.0293386	0.0293483	0.0293675	0.0292906	0.0293212	0.0292831	

59	0.053	4	0	task-3:0.478	task-0:0.404	task-1:0.466	task-2:0.476	|	0.0553844	0.0835877	0.0654578	0.057984	0.0575133	0.0548969	0.0541862	0.054173	0.0538599	0.0531734	0.0514245	0.0492529	0.046356	0.0454126	0.041493	0.0390104	0.0363943	0.0339834	0.0318388	0.0303022	0.030204	0.0304419	0.0303415	0.0301882	0.0297701	0.0294143	0.0292688	0.0293073	0.0296864	0.0294739	0.0296559	0.0296495	0.0294497	0.0294781	0.0295395	0.0295559	0.0295942	0.0296665	0.0298096	0.0297251	0.029583	0.0294811	0.0293804	0.0294146	0.0293698	0.0293703	0.0293617	0.0293814	0.0293613	0.0293309	0.0293164	0.0293103	0.0293289	0.0293386	0.0293483	0.0293675	0.0292906	0.0293212	0.0292831	

59	0.054	4	0	task-3:0.478	task-0:0.404	task-1:0.466	task-2:0.476	|	0.0553844	0.0835877	0.0654578	0.057984	0.0575133	0.0548969	0.0541862	0.054173	0.0538599	0.0531734	0.0514245	0.0492529	0.046356	0.0454126	0.041493	0.0390104	0.0363943	0.0339834	0.0318388	0.0303022	0.030204	0.0304419	0.0303415	0.0301882	0.0297701	0.0294143	0.0292688	0.0293073	0.0296864	0.0294739	0.0296559	0.0296495	0.0294497	0.0294781	0.0295395	0.0295559	0.0295942	0.0296665	0.0298096	0.0297251	0.029583	0.0294811	0.0293804	0.0294146	0.0293698	0.0293703	0.0293617	0.0293814	0.0293613	0.0293309	0.0293164	0.0293103	0.0293289	0.0293386	0.0293483	0.0293675	0.0292906	0.0293212	0.0292831	

59	0.053	4	0	task-3:0.478	task-0:0.404	task-1:0.466	task-2:0.476	|	0.0553844	0.0835877	0.0654578	0.057984	0.0575133	0.0548969	0.0541862	0.054173	0.0538599	0.0531734	0.0514245	0.0492529	0.046356	0.0454126	0.041493	0.0390104	0.0363943	0.0339834	0.0318388	0.0303022	0.030204	0.0304419	0.0303415	0.0301882	0.0297701	0.0294143	0.0292688	0.0293073	0.0296864	0.0294739	0.0296559	0.0296495	0.0294497	0.0294781	0.0295395	0.0295559	0.0295942	0.0296665	0.0298096	0.0297251	0.029583	0.0294811	0.0293804	0.0294146	0.0293698	0.0293703	0.0293617	0.0293814	0.0293613	0.0293309	0.0293164	0.0293103	0.0293289	0.0293386	0.0293483	0.0293675	0.0292906	0.0293212	0.0292831	

59	0.056	4	0	task-3:0.478	task-0:0.404	task-1:0.466	task-2:0.476	|	0.0553844	0.0835877	0.0654578	0.057984	0.0575133	0.0548969	0.0541862	0.054173	0.0538599	0.0531734	0.0514245	0.0492529	0.046356	0.0454126	0.041493	0.0390104	0.0363943	0.0339834	0.0318388	0.0303022	0.030204	0.0304419	0.0303415	0.0301882	0.0297701	0.0294143	0.0292688	0.0293073	0.0296864	0.0294739	0.0296559	0.0296495	0.0294497	0.0294781	0.0295395	0.0295559	0.0295942	0.0296665	0.0298096	0.0297251	0.029583	0.0294811	0.0293804	0.0294146	0.0293698	0.0293703	0.0293617	0.0293814	0.0293613	0.0293309	0.0293164	0.0293103	0.0293289	0.0293386	0.0293483	0.0293675	0.0292906	0.0293212	0.0292831	

59	0.054	4	0	task-3:0.478	task-0:0.404	task-1:0.466	task-2:0.476	|	0.0553844	0.0835877	0.0654578	0.057984	0.0575133	0.0548969	0.0541862	0.054173	0.0538599	0.0531734	0.0514245	0.0492529	0.046356	0.0454126	0.041493	0.0390104	0.0363943	0.0339834	0.0318388	0.0303022	0.030204	0.0304419	0.0303415	0.0301882	0.0297701	0.0294143	0.0292688	0.0293073	0.0296864	0.0294739	0.0296559	0.0296495	0.0294497	0.0294781	0.0295395	0.0295559	0.0295942	0.0296665	0.0298096	0.0297251	0.029583	0.0294811	0.0293804	0.0294146	0.0293698	0.0293703	0.0293617	0.0293814	0.0293613	0.0293309	0.0293164	0.0293103	0.0293289	0.0293386	0.0293483	0.0293675	0.0292906	0.0293212	0.0292831	

74	0.068	4	0	task-3:0.412	task-0:0.372	task-1:0.418	task-2:0.422	|	0.100126	0.0560141	0.0553754	0.0540718	0.0540512	0.0516007	0.051104	0.0506591	0.0495196	0.0488835	0.0484313	0.0476044	0.0471832	0.0471681	0.047159	0.0469383	0.0465317	0.0463296	0.046282	0.0463166	0.0463793	0.049557	0.0512898	0.0478318	0.0491024	0.0475933	0.0467187	0.0464773	0.04637	0.0452346	0.0433403	0.0426355	0.042556	0.0426119	0.0419269	0.0409399	0.0360942	0.0363485	0.0357222	0.0310134	0.0308165	0.0311344	0.0309346	0.0323287	0.0343627	0.0343213	0.0343795	0.0348652	0.0349508	0.0349513	0.034804	0.0346	0.034332	0.0346726	0.0348382	0.0350668	0.0353329	0.0354898	0.0356026	0.0357704	0.0361083	0.0372782	0.0374112	0.0372348	0.0370943	0.0382185	0.0375359	0.0359457	0.0357892	0.0352561	0.0341222	0.0335889	0.0326826	0.0313937	

74	0.065	4	0	task-3:0.412	task-0:0.372	task-1:0.418	task-2:0.422	|	0.100126	0.0560141	0.0553754	0.0540718	0.0540512	0.0516007	0.051104	0.0506591	0.0495196	0.0488835	0.0484313	0.0476044	0.0471832	0.0471681	0.047159	0.0469383	0.0465317	0.0463296	0.046282	0.0463166	0.0463793	0.049557	0.0512898	0.0478318	0.0491024	0.0475933	0.0467187	0.0464773	0.04637	0.0452346	0.0433403	0.0426355	0.042556	0.0426119	0.0419269	0.0409399	0.0360942	0.0363485	0.0357222	0.0310134	0.0308165	0.0311344	0.0309346	0.0323287	0.0343627	0.0343213	0.0343795	0.0348652	0.0349508	0.0349513	0.034804	0.0346	0.034332	0.0346726	0.0348382	0.0350668	0.0353329	0.0354898	0.0356026	0.0357704	0.0361083	0.0372782	0.0374112	0.0372348	0.0370943	0.0382185	0.0375359	0.0359457	0.0357892	0.0352561	0.0341222	0.0335889	0.0326826	0.0313937	

59	0.052	4	0	task-3:0.478	task-0:0.404	task-1:0.466	task-2:0.476	|	0.0553844	0.0835877	0.0654578	0.057984	0.0575133	0.0548969	0.0541862	0.054173	0.0538599	0.0531734	0.0514245	0.0492529	0.046356	0.0454126	0.041493	0.0390104	0.0363943	0.0339834	0.0318388	0.0303022	0.030204	0.0304419	0.0303415	0.0301882	0.0297701	0.0294143	0.0292688	0.0293073	0.0296864	0.0294739	0.0296559	0.0296495	0.0294497	0.0294781	0.0295395	0.0295559	0.0295942	0.0296665	0.0298096	0.0297251	0.029583	0.0294811	0.0293804	0.0294146	0.0293698	0.0293703	0.0293617	0.0293814	0.0293613	0.0293309	0.0293164	0.0293103	0.0293289	0.0293386	0.0293483	0.0293675	0.0292906	0.0293212	0.0292831	

61	0.055	4	0	task-3:0.456	task-0:0.476	task-1:0.466	task-2:0.476	|	0.0531008	0.0899303	0.0814116	0.0586443	0.0569437	0.0569406	0.0521835	0.0529708	0.0512999	0.052422	0.0529075	0.0513705	0.0506008	0.0504893	0.0501827	0.0499208	0.0495871	0.0492021	0.0487508	0.0482352	0.0479164	0.0476192	0.0489034	0.0481075	0.0468717	0.0464444	0.0457198	0.0448883	0.0440301	0.0431842	0.0424041	0.0417432	0.0408972	0.0403513	0.0396411	0.0386824	0.0381865	0.0374328	0.0366088	0.0357372	0.0356347	0.0340609	0.0340368	0.0343532	0.0344166	0.0334137	0.0334349	0.0339852	0.0334324	0.0332713	0.0332834	0.0331825	0.0332724	0.0332985	0.0333121	0.0333546	0.0330583	0.0329585	0.0328779	0.0326936	0.0326171	

61	0.055	4	0	task-3:0.456	task-0:0.476	task-1:0.466	task-2:0.476	|	0.0531008	0.0899303	0.0814116	0.0586443	0.0569437	0.0569406	0.0521835	0.0529708	0.0512999	0.052422	0.0529075	0.0513705	0.0506008	0.0504893	0.0501827	0.0499208	0.0495871	0.0492021	0.0487508	0.0482352	0.0479164	0.0476192	0.0489034	0.0481075	0.0468717	0.0464444	0.0457198	0.0448883	0.0440301	0.0431842	0.0424041	0.0417432	0.0408972	0.0403513	0.0396411	0.0386824	0.0381865	0.0374328	0.0366088	0.0357372	0.0356347	0.0340609	0.0340368	0.0343532	0.0344166	0.0334137	0.0334349	0.0339852	0.0334324	0.0332713	0.0332834	0.0331825	0.0332724	0.0332985	0.0333121	0.0333546	0.0330583	0.0329585	0.0328779	0.0326936	0.0326171	

61	0.053	4	0	task-3:0.456	task-0:0.476	task-1:0.466	task-2:0.476	|	0.0531008	0.0899303	0.0814116	0.0586443	0.0569437	0.0569406	0.0521835	0.0529708	0.0512999	0.052422	0.0529075	0.0513705	0.0506008	0.0504893	0.0501827	0.0499208	0.0495871	0.0492021	0.0487508	0.0482352	0.0479164	0.0476192	0.0489034	0.0481075	0.0468717	0.0464444	0.0457198	0.0448883	0.0440301	0.0431842	0.0424041	0.0417432	0.0408972	0.0403513	0.0396411	0.0386824	0.0381865	0.0374328	0.0366088	0.0357372	0.0356347	0.0340609	0.0340368	0.0343532	0.0344166	0.0334137	0.0334349	0.0339852	0.0334324	0.0332713	0.0332834	0.0331825	0.0332724	0.0332985	0.0333121	0.0333546	0.0330583	0.0329585	0.0328779	0.0326936	0.0326171	

161	0.141	4	0	task-3:0.422	task-0:0.402	task-1:0.552	task-2:0.474	|	0.0642985	0.081521	0.076422	0.0577539	0.0582907	0.0582952	0.0552495	0.0559201	0.0554942	0.0551978	0.0550514	0.0547466	0.0544534	0.0540348	0.0536985	0.0533721	0.0530163	0.0525819	0.0520292	0.0515653	0.0512513	0.0512832	0.0516789	0.0523118	0.0529655	0.0536034	0.0540808	0.0543457	0.0544807	0.0545415	0.0545557	0.0545439	0.0545307	0.0545271	0.0545475	0.0545539	0.0545475	0.0545451	0.0545454	0.0545462	0.0545462	0.0545456	0.0545455	0.0545455	0.0545452	0.0545413	0.0544495	0.0520276	0.12	0.119841	0.052948	0.0529455	0.071826	0.0717219	0.0498512	0.0532554	0.053244	0.0518964	0.0493504	0.0492879	0.0505026	0.0504253	0.0496146	0.0494932	0.0497159	0.0500104	0.0502078	0.049929	0.0498006	0.0496685	0.049539	0.0494214	0.0493277	0.0492731	0.0492751	0.0493297	0.0494426	0.0496122	0.0498069	0.0500077	0.0502077	0.0504136	0.0506526	0.05097	0.0514102	0.0519861	0.0526796	0.0533791	0.0539412	0.0521493	0.0533796	0.0538355	0.053383	0.0530493	0.052569	0.0508077	0.0490028	0.0483897	0.0484281	0.0483109	0.042876	0.0767032	0.063142	0.0463282	0.0463282	0.0442804	0.0442804	0.0442447	0.045727	0.0467752	0.0475714	0.0479568	0.0480764	0.0480796	0.0482688	0.050693	0.0534972	0.0545557	0.0547018	0.0546075	0.0545455	0.0546427	0.0546427	0.0545687	0.0545469	0.0545469	0.0545487	0.0545487	0.0545455	0.0545477	0.0545477	0.0545458	0.0545457	0.0545457	0.0545455	0.0545455	0.0545455	0.0545455	0.0545455	0.0545455	0.0545455	0.0545455	0.0545455	0.0545455	0.0545455	0.0545455	0.0545455	0.0545455	0.0545455	0.0545455	0.0545455	0.0545455	0.0545455	0.0545455	0.0545455	0.0545455	0.0545455	0.0545455	0.0545455	0.0545455	0.0545455	

81	0.076	4	0	task-3:0.414	task-0:0.398	task-1:0.462	task-2:0.414	|	0.0982939	0.0593684	0.0557715	0.064304	0.0625746	0.0567008	0.0547065	0.0561615	0.0555098	0.0543258	0.0545097	0.0545662	0.0542528	0.0540696	0.0535279	0.052461	0.0520183	0.052104	0.0517984	0.0512308	0.0506226	0.0499954	0.0493584	0.0487768	0.0483144	0.0480189	0.0478945	0.0482544	0.0484898	0.0487212	0.0484345	0.0464891	0.0984685	0.0952355	0.0434116	0.0477307	0.0476545	0.0456046	0.0432535	0.0432043	0.0438838	0.0456137	0.0465268	0.047202	0.0467455	0.0470759	0.0474205	0.0478839	0.0484099	0.0490372	0.0498269	0.0507464	0.0517458	0.0527318	0.0535553	0.0531664	0.0519074	0.0517696	0.0522669	0.0525907	0.0530176	0.0533622	0.0536626	0.0539353	0.054159	0.0543235	0.0544301	0.0544941	0.0545264	0.0545398	0.0545455	0.0545455	0.0545455	0.0545455	0.0545455	0.0545455	0.0545455	0.0545455	0.0545455	0.0545455	0.0545455	

66	0.061	4	0	task-3:0.538	task-0:0.366	task-1:0.466	task-2:0.514	|	0.0608925	0.0636852	0.0566271	0.0570285	0.0568252	0.0548381	0.0545585	0.0545487	0.0543256	0.0542166	0.0540143	0.05364	0.0533635	0.0532654	0.0530757	0.0529187	0.0482759	0.0411973	0.0415206	0.0503001	0.0498095	0.0436113	0.035693	0.0347917	0.0362465	0.0415816	0.0410193	0.037682	0.033268	0.0326886	0.0337163	0.0332633	0.0320737	0.0313591	0.030553	0.0296369	0.0287385	0.028123	0.0275028	0.0271546	0.0274319	0.0281025	0.028009	0.0280466	0.0281578	0.0277781	0.0275212	0.0275582	0.0278152	0.0277349	0.0276329	0.0276033	0.0276661	0.0276765	0.0276608	0.0276268	0.0275566	0.0276342	0.0275394	0.0275709	0.0275717	0.0274674	0.027442	0.0274384	0.0275042	0.0274506	

