54	0.031	8	task-0:0.49	|	0.406662	0.393932	0.391381	0.326778	0.284403	0.283657	0.241701	0.232817	0.222126	0.209567	0.195601	0.185684	0.17526	0.167368	0.160591	0.152686	0.141878	0.122578	0.129044	0.119174	0.11694	0.114652	0.113528	0.111973	0.109252	0.11717	0.6	0.59773	0.197967	0.301095	0.241599	0.118372	0.119571	0.105551	0.103766	0.10379	0.310655	0.227021	0.0957397	0.0813952	0.153155	0.101651	0.177342	0.17428	0.10216	0.123799	0.123636	0.0749664	0.0716498	0.0656139	0.0613874	0.0496326	0.0413056	0.0392364	
54	0.032	8	task-0:0.49	|	0.267687	0.39627	0.390901	0.298258	0.276647	0.276607	0.232788	0.230707	0.205622	0.181953	0.163179	0.146567	0.137582	0.12307	0.119433	0.115863	0.111225	0.128022	0.127386	0.113611	0.110423	0.109217	0.109896	0.10962	0.108976	0.108691	0.108444	0.108121	0.107707	0.107215	0.106761	0.10686	0.107242	0.106268	0.105235	0.1047	0.104734	0.105759	0.103909	0.104235	0.10603	0.113497	0.100448	0.101406	0.0926643	0.0873663	0.08405	0.0765667	0.0742914	0.0672971	0.0671936	0.0671936	0.0646393	0.0647733	
61	0.046	8	task-0:0.465	|	0.288814	0.395212	0.394162	0.354677	0.244486	0.342803	0.310485	0.230296	0.246397	0.23904	0.210005	0.212437	0.199565	0.175318	0.157161	0.145768	0.142301	0.138447	0.133791	0.131021	0.129742	0.134544	0.12967	0.132858	0.125025	0.278601	0.26111	0.134512	0.134213	0.122831	0.115609	0.108942	0.109314	0.10228	0.100161	0.0987375	0.0992174	0.11228	0.113708	0.0994004	0.0984658	0.101841	0.110426	0.13829	0.19202	0.192712	0.158427	0.129457	0.117969	0.121066	0.121388	0.116983	0.112569	0.105459	0.10277	0.105012	0.104002	0.107816	0.101338	0.0949728	0.0947785	
55	0.032	8	task-0:0.58	|	0.258994	0.395062	0.377949	0.248655	0.221488	0.21414	0.170409	0.140191	0.160011	0.163006	0.170043	0.158281	0.147171	0.144635	0.142819	0.141305	0.136632	0.131058	0.124754	0.120719	0.119426	0.166219	0.156187	0.12123	0.119528	0.11878	0.115617	0.305788	0.303583	0.203981	0.129529	0.123951	0.112983	0.192128	0.169374	0.116862	0.110773	0.110715	0.109928	0.109002	0.108137	0.106924	0.107935	0.108991	0.110918	0.108146	0.106382	0.104266	0.0990438	0.09109	0.0916679	0.0767735	0.0690023	0.0538556	0.0580314	
59	0.031	8	task-0:0.62	|	0.27033	0.595406	0.594305	0.513303	0.245904	0.314661	0.307879	0.266846	0.233633	0.239646	0.219782	0.219804	0.210895	0.189008	0.170399	0.155377	0.146267	0.146202	0.145718	0.143371	0.141748	0.139479	0.138049	0.136102	0.133089	0.129852	0.126765	0.1244	0.122873	0.121524	0.120888	0.12063	0.119059	0.118974	0.117736	0.115755	0.114389	0.113344	0.112674	0.111934	0.111128	0.110246	0.109298	0.108303	0.107207	0.106131	0.106144	0.106796	0.105572	0.107971	0.107844	0.105749	0.105661	0.105673	0.105386	0.105875	0.10586	0.105514	0.105406	
55	0.031	8	task-0:0.51	|	0.235669	0.569994	0.439416	0.257313	0.257511	0.215883	0.213209	0.182774	0.169418	0.16566	0.160446	0.154845	0.154016	0.154494	0.1559	0.156005	0.155332	0.155305	0.156102	0.155689	0.148902	0.143273	0.136813	0.137705	0.137319	0.130709	0.128932	0.126341	0.124863	0.123552	0.120718	0.117085	0.109277	0.107058	0.106865	0.10368	0.10206	0.100798	0.0999067	0.0991092	0.0982694	0.0973354	0.0964736	0.0956511	0.093375	0.0920274	0.0899184	0.0879544	0.0857827	0.0869319	0.0845798	0.0825694	0.0819629	0.0797733	0.0778311	
55	0.047	8	task-0:0.57	|	0.252489	0.396776	0.381777	0.275437	0.230021	0.234194	0.206329	0.150316	0.137039	0.125582	0.124063	0.135199	0.12793	0.126784	0.128407	0.122731	0.115907	0.115849	0.132934	0.125864	0.11407	0.115405	0.114067	0.113616	0.114161	0.112662	0.109617	0.101507	0.0983867	0.107279	0.106068	0.101305	0.0974612	0.0967006	0.0987313	0.0989854	0.0972536	0.0948175	0.0919434	0.0881169	0.0838149	0.0821322	0.078883	0.0774677	0.075127	0.0722874	0.0679217	0.0618513	0.0538811	0.0437942	0.0317971	0.0194482	0.0142988	0.00952307	0.00591636	
55	0.031	8	task-0:0.525	|	0.246021	0.396392	0.385963	0.283294	0.228357	0.235144	0.199192	0.140073	0.126496	0.11722	0.127408	0.122372	0.116339	0.114436	0.111689	0.110581	0.109228	0.108425	0.110088	0.110293	0.109842	0.111759	0.114185	0.11419	0.116559	0.114981	0.112325	0.102153	0.0973323	0.110766	0.109833	0.101553	0.0960042	0.0951774	0.0956732	0.0940416	0.0902448	0.0852873	0.0787425	0.0701596	0.0657804	0.0584183	0.0480512	0.0407819	0.0322461	0.0288145	0.0226189	0.0230752	0.0183802	0.0150979	0.0127728	0.0115691	0.0102757	0.0089221	0.00751465	
57	0.031	8	task-0:0.515	|	0.238352	0.385791	0.274956	0.204879	0.204875	0.140158	0.140158	0.14204	0.14204	0.132759	0.136834	0.13475	0.131676	0.132696	0.131803	0.131122	0.131335	0.130922	0.130526	0.130264	0.129824	0.129269	0.128685	0.127971	0.127128	0.12615	0.124981	0.123607	0.122024	0.120222	0.118035	0.111986	0.142874	0.0629465	0.147405	0.146472	0.0774952	0.0733037	0.0733037	0.0559515	0.0569932	0.0492494	0.0438126	0.0410564	0.0380892	0.0387491	0.0379097	0.0356332	0.0341495	0.0328634	0.0313943	0.0300601	0.0288538	0.0277298	0.0267492	0.0260652	0.0252389	
54	0.047	8	task-0:0.49	|	0.25854	0.585485	0.579411	0.502602	0.31066	0.241536	0.232299	0.208099	0.16695	0.153704	0.143867	0.137697	0.136993	0.146008	0.139886	0.143487	0.147589	0.145845	0.146479	0.138651	0.136432	0.134944	0.134073	0.13406	0.134031	0.133956	0.134119	0.134413	0.134845	0.135352	0.13576	0.137613	0.143146	0.153029	0.13378	0.133421	0.133408	0.13341	0.133406	0.133399	0.133377	0.133298	0.133298	0.133262	0.133346	0.237224	0.133326	0.133333	0.133334	0.133334	0.133333	0.133333	0.133333	0.133333	
56	0.031	8	task-0:0.515	|	0.262358	0.593821	0.561739	0.250308	0.218734	0.220614	0.191115	0.175177	0.155285	0.133871	0.130358	0.129466	0.135724	0.131357	0.125702	0.125173	0.126511	0.137882	0.139584	0.129817	0.13035	0.124961	0.120024	0.118585	0.118038	0.117651	0.119078	0.112132	0.111503	0.111502	0.109378	0.109438	0.107865	0.104516	0.103505	0.102915	0.101799	0.100553	0.0988706	0.0966692	0.0937531	0.0908786	0.0880335	0.0853857	0.0833392	0.0807154	0.0777518	0.0744197	0.0705489	0.0662508	0.0618977	0.0582101	0.0536844	0.0496819	0.0467629	0.0520523	
56	0.031	8	task-0:0.49	|	0.342663	0.388007	0.382891	0.323259	0.235885	0.272545	0.244428	0.21595	0.216775	0.198444	0.182987	0.158554	0.13893	0.138252	0.133775	0.134112	0.131128	0.12607	0.122703	0.119264	0.116316	0.113135	0.114178	0.111406	0.110823	0.110879	0.112579	0.148053	0.120389	0.130452	0.130445	0.114694	0.129622	0.129486	0.110892	0.116224	0.116204	0.111682	0.110603	0.110241	0.109765	0.109535	0.108346	0.106873	0.104988	0.102386	0.0988004	0.0965978	0.0920883	0.0846086	0.0747253	0.0643316	0.0555539	0.0551647	0.0418174	0.0383405	
55	0.047	8	task-0:0.46	|	0.249171	0.575983	0.536448	0.407011	0.315602	0.225471	0.237841	0.223085	0.178319	0.188388	0.16507	0.133049	0.131467	0.128017	0.124916	0.12776	0.125244	0.122846	0.122502	0.121783	0.121043	0.12039	0.119432	0.118914	0.118288	0.117829	0.117611	0.11547	0.112925	0.110699	0.109294	0.108494	0.109061	0.109515	0.109828	0.110726	0.11035	0.109647	0.108838	0.107608	0.106293	0.106369	0.106244	0.106701	0.108733	0.112514	0.111607	0.11072	0.110935	0.109093	0.10789	0.106284	0.108644	0.599903	0.597889	
54	0.031	8	task-0:0.49	|	0.304672	0.395511	0.394848	0.323348	0.262694	0.262278	0.227769	0.223082	0.203726	0.19282	0.178022	0.166555	0.158513	0.148247	0.140333	0.128603	0.116581	0.123533	0.122657	0.118599	0.118057	0.1161	0.115719	0.115707	0.114999	0.114085	0.113047	0.112498	0.11168	0.110876	0.109968	0.108935	0.108261	0.107617	0.107257	0.107819	0.106705	0.106625	0.10684	0.107836	0.109575	0.259275	0.10806	0.123662	0.110374	0.110337	0.109315	0.108497	0.108161	0.108405	0.108614	0.108655	0.108614	0.108558	
55	0.031	8	task-0:0.51	|	0.258092	0.395373	0.332799	0.38144	0.38144	0.155911	0.263121	0.226052	0.144846	0.205097	0.205097	0.14745	0.149967	0.149803	0.139202	0.143238	0.140616	0.136675	0.1388	0.138013	0.135544	0.13455	0.133827	0.132814	0.131928	0.130862	0.129709	0.128541	0.127351	0.126454	0.126181	0.125384	0.124076	0.123258	0.122196	0.121315	0.120574	0.119834	0.119307	0.118646	0.117836	0.116906	0.115944	0.114652	0.11281	0.114363	0.110006	0.113058	0.109192	0.10652	0.10652	0.106112	0.106247	0.105713	0.105404	
54	0.031	8	task-0:0.54	|	0.255567	0.397032	0.374833	0.223765	0.231322	0.234234	0.210693	0.194211	0.175776	0.149031	0.11968	0.127239	0.133068	0.131651	0.121742	0.115868	0.117591	0.114827	0.115067	0.116246	0.11637	0.114432	0.117256	0.110118	0.122099	0.115896	0.104149	0.106673	0.0997143	0.0953275	0.0926168	0.0883424	0.0856647	0.0828811	0.0797059	0.07693	0.0734101	0.0717355	0.0694026	0.0668621	0.0645557	0.0628384	0.0607034	0.0585242	0.0559082	0.0534169	0.0509297	0.0485593	0.0461956	0.0439519	0.041397	0.0393104	0.0376951	0.0358136	
54	0.032	8	task-0:0.51	|	0.28168	0.565233	0.532831	0.368693	0.247692	0.251482	0.248464	0.236868	0.240364	0.222442	0.18397	0.167616	0.166885	0.164831	0.163993	0.16317	0.161153	0.15992	0.159926	0.161125	0.163835	0.168004	0.173572	0.180017	0.186433	0.191854	0.195714	0.198121	0.199672	0.199666	0.181804	0.147728	0.200231	0.200231	0.200166	0.200101	0.200045	0.196107	0.149409	0.199862	0.199987	0.19982	0.163477	0.149454	0.199983	0.200009	0.200008	0.200006	0.198727	0.149679	0.200002	0.200001	0.200001	0.2	
61	0.031	8	task-0:0.485	|	0.452876	0.394331	0.39265	0.310069	0.319315	0.314363	0.253111	0.267023	0.261409	0.239131	0.248196	0.244545	0.226236	0.210264	0.200715	0.185831	0.134963	0.12901	0.126969	0.120095	0.121661	0.116129	0.11366	0.112652	0.114488	0.114478	0.112936	0.112241	0.11202	0.111962	0.111804	0.111424	0.110987	0.110692	0.110265	0.190052	0.154918	0.109385	0.109487	0.104082	0.131747	0.119099	0.0979965	0.104259	0.103647	0.0985392	0.0947947	0.0932062	0.092316	0.0898825	0.0850775	0.0792915	0.0738254	0.0663715	0.0588828	0.0514012	0.0438987	0.045464	0.0364161	0.0331556	0.0338259	
60	0.047	8	task-0:0.46	|	0.229255	0.566084	0.205585	0.375598	0.375587	0.222589	0.280029	0.280027	0.15336	0.15336	0.17363	0.17363	0.154116	0.154797	0.154796	0.15188	0.153364	0.152736	0.151281	0.151024	0.150543	0.150247	0.149989	0.149498	0.148935	0.148295	0.147562	0.14671	0.145688	0.144458	0.142985	0.141196	0.139238	0.13716	0.13618	0.134788	0.133183	0.131398	0.129943	0.128221	0.126391	0.12451	0.123055	0.121817	0.121045	0.119805	0.118513	0.11674	0.114087	0.112079	0.116127	0.115318	0.109049	0.107404	0.107391	0.10621	0.103812	0.102628	0.101579	0.100396	
55	0.046	8	task-0:0.51	|	0.253233	0.399242	0.398942	0.366374	0.231093	0.225655	0.190716	0.164817	0.153583	0.139634	0.11989	0.120788	0.11983	0.113152	0.116822	0.115325	0.111679	0.111644	0.111373	0.112136	0.111581	0.110925	0.110933	0.11092	0.110843	0.110638	0.110349	0.110077	0.109566	0.109056	0.108435	0.107747	0.106734	0.105126	0.102938	0.101359	0.0971886	0.0951372	0.084272	0.0802782	0.0849673	0.0818421	0.0745303	0.0719299	0.0662874	0.0592616	0.0509207	0.0480481	0.0411654	0.0330305	0.0242181	0.0220687	0.0180598	0.0138214	0.0114351	
55	0.032	8	task-0:0.49	|	0.530611	0.329857	0.314115	0.256059	0.292902	0.2886	0.247751	0.25038	0.246045	0.225995	0.206555	0.16197	0.160197	0.137545	0.180476	0.174478	0.135518	0.135784	0.132333	0.126436	0.122354	0.119437	0.116961	0.114879	0.111835	0.110794	0.1105	0.108396	0.107684	0.107624	0.107104	0.106764	0.106178	0.105339	0.105142	0.105256	0.10479	0.104805	0.104555	0.104933	0.107049	0.117546	0.175712	0.162872	0.123159	0.116934	0.116186	0.116814	0.109164	0.112829	0.122002	0.118791	0.122139	0.11852	0.114715	
54	0.031	8	task-0:0.49	|	0.390553	0.380578	0.366135	0.282532	0.253531	0.25324	0.230245	0.213047	0.18577	0.155821	0.117505	0.117048	0.113156	0.11207	0.112884	0.110414	0.109181	0.109139	0.10829	0.107601	0.107359	0.107315	0.10774	0.107334	0.108664	0.111384	0.114102	0.106276	0.0942308	0.0984818	0.075243	0.125878	0.0797346	0.0508059	0.0499624	0.0435039	0.0435039	0.0402639	0.0398173	0.0362199	0.0324611	0.0285417	0.0248497	0.0209766	0.0162705	0.0112119	0.00662253	0.00330397	0.00431876	0.00161397	0.00298361	0.00211148	0.0010633	0.00137988	
55	0.047	8	task-0:0.51	|	0.409896	0.394597	0.393965	0.346118	0.234376	0.231682	0.223391	0.209463	0.184363	0.141751	0.124021	0.119958	0.123506	0.123803	0.138611	0.128278	0.118854	0.111813	0.20517	0.19366	0.126067	0.111781	0.108604	0.106503	0.104983	0.105363	0.104537	0.104095	0.10376	0.103247	0.102638	0.10185	0.100796	0.0993095	0.0973167	0.0949011	0.0912719	0.0984235	0.0833376	0.101575	0.0980976	0.080771	0.083708	0.082807	0.0775067	0.0787286	0.0774124	0.0737891	0.0710253	0.0680497	0.0643055	0.0596227	0.0537709	0.0465234	0.0375445	
56	0.031	8	task-0:0.485	|	0.434864	0.352883	0.339487	0.236419	0.324519	0.321652	0.235001	0.239626	0.235809	0.2156	0.213501	0.202934	0.191837	0.181616	0.169844	0.141636	0.136684	0.137248	0.127074	0.119272	0.116941	0.124873	0.11738	0.113848	0.112824	0.113773	0.113199	0.111381	0.110696	0.110514	0.109736	0.10897	0.109681	0.107665	0.107081	0.107479	0.106877	0.106708	0.106624	0.10633	0.10596	0.1055	0.105237	0.105011	0.104897	0.104783	0.104722	0.105389	0.10638	0.404203	0.232057	0.108203	0.108129	0.104634	0.276989	0.246318	
62	0.047	8	task-0:0.515	|	0.306475	0.398811	0.398441	0.370259	0.238819	0.365958	0.328737	0.208457	0.299427	0.284667	0.206647	0.21309	0.212873	0.188436	0.184527	0.175181	0.163823	0.146964	0.133834	0.132752	0.131546	0.134181	0.131351	0.125443	0.123174	0.121124	0.119933	0.119059	0.12789	0.126561	0.11949	0.119449	0.118819	0.119254	0.118596	0.116144	0.114174	0.11297	0.111722	0.110231	0.108885	0.107544	0.106106	0.104812	0.103543	0.102664	0.101753	0.107748	0.105981	0.101612	0.100374	0.0996521	0.0987526	0.0971975	0.0952976	0.0937176	0.0924472	0.0900421	0.0879573	0.0860983	0.0846136	0.082633	
67	0.046	8	task-0:0.51	|	0.232622	0.580138	0.402042	0.181048	0.181003	0.172494	0.172493	0.166734	0.166734	0.165314	0.165713	0.16323	0.160918	0.158796	0.156649	0.154261	0.151985	0.149999	0.148357	0.147381	0.145865	0.144094	0.142061	0.139533	0.136795	0.133811	0.130642	0.127347	0.124304	0.12093	0.11905	0.118006	0.117656	0.116652	0.115803	0.115651	0.115911	0.115083	0.114777	0.114996	0.11507	0.114906	0.115061	0.11546	0.114615	0.114993	0.114505	0.113619	0.111549	0.109199	0.106959	0.107111	0.104608	0.10265	0.0997339	0.0956606	0.0914374	0.086615	0.0819375	0.0755705	0.0691842	0.0651653	0.0575252	0.0566473	0.0518009	0.0472046	0.0416314	
54	0.047	8	task-0:0.645	|	0.295709	0.397222	0.391893	0.298716	0.253097	0.252178	0.207236	0.187814	0.15211	0.12032	0.119512	0.121165	0.117349	0.118394	0.11577	0.115287	0.114542	0.114177	0.114889	0.114314	0.114007	0.11363	0.113124	0.112912	0.112712	0.11238	0.112101	0.111826	0.111499	0.110973	0.110535	0.110173	0.110003	0.108182	0.106479	0.104013	0.101046	0.0993435	0.0959177	0.0914352	0.0888513	0.0841228	0.0773149	0.0685413	0.0648629	0.0569338	0.0483914	0.0441929	0.0375714	0.0338128	0.0303566	0.0301601	0.0286475	0.0259171	
55	0.031	8	task-0:0.49	|	0.334739	0.399371	0.399278	0.379054	0.23853	0.2435	0.221648	0.194821	0.183266	0.163114	0.141035	0.143211	0.16272	0.157561	0.146081	0.144841	0.142752	0.14103	0.139655	0.137267	0.132599	0.128526	0.124919	0.121251	0.118975	0.11363	0.112315	0.107407	0.101526	0.0954703	0.0889782	0.082005	0.0749531	0.0676343	0.0650554	0.0595248	0.0572732	0.0539729	0.0528338	0.0516837	0.0490606	0.047976	0.0462529	0.0453587	0.0446072	0.0438806	0.0432807	0.0406109	0.0391202	0.0379105	0.0367158	0.0354553	0.0350401	0.0340623	0.0332018	
55	0.032	8	task-0:0.53	|	0.22874	0.392156	0.319114	0.362735	0.362658	0.177393	0.267581	0.238677	0.160467	0.186932	0.182907	0.150564	0.15879	0.155927	0.146762	0.149445	0.147591	0.143848	0.144412	0.143209	0.140247	0.137558	0.135505	0.133354	0.131337	0.130031	0.129587	0.128789	0.127359	0.125969	0.124242	0.12244	0.120708	0.119855	0.118549	0.117388	0.116345	0.11443	0.111197	0.106289	0.108389	0.101056	0.0976096	0.0914283	0.0832309	0.0955614	0.0702482	0.0753332	0.059875	0.0691411	0.0576518	0.0668121	0.0664375	0.0559032	0.0591742	
58	0.046	8	task-0:0.5	|	0.272267	0.591102	0.585528	0.474571	0.243849	0.285955	0.279697	0.246758	0.23303	0.225428	0.21193	0.203005	0.184054	0.169007	0.159492	0.150841	0.140251	0.130652	0.126936	0.117748	0.117197	0.116535	0.111587	0.109702	0.109986	0.110502	0.109956	0.109832	0.110221	0.111398	0.174148	0.156374	0.111924	0.111075	0.112407	0.123596	0.253866	0.223225	0.143181	0.128432	0.115061	0.110268	0.110413	0.110137	0.109746	0.10862	0.108444	0.10792	0.106873	0.110364	0.109738	0.104821	0.105168	0.104281	0.102537	0.102271	0.101456	0.10177	
55	0.047	8	task-0:0.57	|	0.248264	0.397156	0.380805	0.251914	0.218496	0.207857	0.170159	0.145855	0.148941	0.15254	0.146082	0.151479	0.139493	0.133279	0.136165	0.138645	0.152566	0.150574	0.14674	0.144245	0.142633	0.146697	0.148414	0.149558	0.150157	0.150477	0.151727	0.214865	0.186501	0.152236	0.150893	0.15104	0.213003	0.207705	0.172658	0.171961	0.153925	0.157827	0.151644	0.150368	0.15076	0.151401	0.152255	0.153744	0.156742	0.155939	0.153665	0.153436	0.15349	0.153318	0.153035	0.152727	0.15233	0.152319	0.153479	
58	0.047	8	task-0:0.505	|	0.264217	0.552785	0.359663	0.286488	0.286458	0.22001	0.300116	0.28821	0.219196	0.210392	0.205283	0.194491	0.186938	0.175029	0.161125	0.145704	0.134243	0.131452	0.124315	0.121566	0.120544	0.116742	0.11714	0.118104	0.115337	0.114434	0.113639	0.113534	0.114174	0.115576	0.117338	0.11976	0.11664	0.116287	0.117098	0.118324	0.114826	0.109039	0.103702	0.100505	0.100713	0.0995606	0.0978758	0.096629	0.0951597	0.0922992	0.0898978	0.0874699	0.0851979	0.0833652	0.0808382	0.0786231	0.0831094	0.0791053	0.081434	0.0878959	0.0879356	0.0857455	
54	0.047	8	task-0:0.545	|	0.23363	0.581846	0.521742	0.290447	0.229647	0.232128	0.20999	0.165158	0.160418	0.132241	0.120887	0.120581	0.119127	0.11914	0.118118	0.118299	0.118165	0.118095	0.118037	0.117282	0.115648	0.11424	0.113541	0.113671	0.114104	0.113745	0.112391	0.110721	0.109784	0.109428	0.10936	0.109352	0.109282	0.109119	0.10915	0.108816	0.108529	0.107681	0.10695	0.106252	0.105728	0.10562	0.103985	0.102672	0.101677	0.101036	0.100269	0.0993367	0.100244	0.6	0.6	0.184211	0.166411	0.166411	
71	0.047	8	task-0:0.52	|	0.220085	0.572759	0.382291	0.17825	0.178202	0.163657	0.163656	0.16023	0.160227	0.157154	0.158545	0.156406	0.154963	0.154505	0.153701	0.152967	0.15185	0.150389	0.148796	0.147143	0.145036	0.142595	0.140693	0.138102	0.135351	0.132319	0.129339	0.126614	0.12452	0.12247	0.120212	0.118333	0.117135	0.115194	0.113233	0.111275	0.10937	0.10748	0.105513	0.103323	0.101705	0.100366	0.0982717	0.0959652	0.0942582	0.0930451	0.0927281	0.0940515	0.089243	0.0890549	0.0882183	0.0895031	0.0926188	0.0871315	0.0862758	0.0867421	0.0887934	0.0852603	0.084705	0.0847637	0.0857868	0.0821287	0.0807147	0.0798381	0.0762056	0.0731883	0.0705458	0.068991	0.067962	0.0666605	0.0657483	
54	0.031	8	task-0:0.51	|	0.243297	0.576978	0.524461	0.3123	0.221351	0.211489	0.183161	0.162616	0.153478	0.13065	0.125106	0.125471	0.12936	0.136075	0.129747	0.124256	0.124089	0.126502	0.128797	0.131096	0.132418	0.133567	0.135241	0.137391	0.140301	0.144399	0.146516	0.148838	0.150214	0.150903	0.151365	0.151396	0.152757	0.154859	0.159465	0.153998	0.152916	0.152098	0.151549	0.151444	0.152627	0.154155	0.157243	0.156848	0.155539	0.157028	0.153228	0.15439	0.155446	0.155527	0.155369	0.156128	0.158037	0.152721	
54	0.031	8	task-0:0.505	|	0.250366	0.590739	0.555245	0.309198	0.214678	0.222257	0.193244	0.164187	0.158597	0.139685	0.132259	0.132928	0.138881	0.142603	0.135268	0.130616	0.13054	0.132294	0.135359	0.13631	0.136494	0.137193	0.139239	0.141536	0.144163	0.146852	0.149082	0.150479	0.151161	0.151413	0.15134	0.151104	0.150841	0.150619	0.150789	0.150721	0.150621	0.150519	0.150664	0.150731	0.150943	0.151324	0.151885	0.152814	0.154564	0.158194	0.153255	0.15244	0.151796	0.151247	0.150803	0.152607	0.155242	0.162667	
54	0.031	8	task-0:0.49	|	0.450709	0.391405	0.388674	0.316939	0.270743	0.268005	0.226328	0.227002	0.214679	0.203405	0.20609	0.194052	0.175533	0.163442	0.14404	0.116657	0.119688	0.1213	0.11639	0.114437	0.113633	0.113572	0.113404	0.107639	0.115955	0.107876	0.099301	0.0992487	0.0939169	0.0933533	0.0911769	0.0896325	0.0870361	0.0855505	0.0841477	0.0813533	0.0779201	0.0737857	0.0692326	0.0656646	0.0601955	0.0550452	0.0493191	0.0467753	0.0425745	0.038568	0.0340676	0.0289718	0.0233592	0.0176328	0.01228	0.00951297	0.0130157	0.00686183	
56	0.031	8	task-0:0.49	|	0.320255	0.552021	0.53561	0.355122	0.240492	0.237445	0.235381	0.224045	0.202142	0.170351	0.133767	0.130558	0.164686	0.162236	0.136334	0.126505	0.126635	0.12989	0.137183	0.1383	0.13607	0.135767	0.137407	0.140469	0.143708	0.146999	0.150011	0.152024	0.152894	0.152967	0.152662	0.152254	0.151836	0.151433	0.151049	0.150708	0.1505	0.150834	0.150002	0.150004	0.150007	0.150008	0.150002	0.150015	0.150099	0.155364	0.329372	0.288217	0.164232	0.162582	0.161195	0.156685	0.15705	0.153286	0.151883	0.150974	
53	0.047	8	task-0:0.43	|	0.23677	0.413302	0.197962	0.200866	0.17106	0.159361	0.165126	0.158133	0.182652	0.177656	0.157848	0.158681	0.15868	0.155458	0.157114	0.156419	0.154471	0.154195	0.153725	0.153013	0.152507	0.151753	0.150771	0.149712	0.148463	0.146969	0.14524	0.142887	0.139994	0.136731	0.133035	0.128955	0.124923	0.121284	0.116933	0.112617	0.106836	0.0995655	0.092513	0.0934402	0.0882815	0.0908771	0.0882911	0.0884839	0.0882716	0.0867908	0.0870709	0.0864661	0.0861216	0.0859366	0.0857182	0.0855424	0.0851198	
54	0.031	8	task-0:0.51	|	0.252098	0.59549	0.594753	0.518416	0.23999	0.313161	0.297428	0.264544	0.240779	0.232339	0.218139	0.187253	0.165844	0.153946	0.155955	0.162843	0.158896	0.153633	0.152893	0.154243	0.155984	0.15203	0.151427	0.151565	0.153696	0.158728	0.351742	0.353234	0.1975	0.195136	0.179927	0.177778	0.1452	0.131486	0.126865	0.126072	0.124976	0.122741	0.122221	0.12181	0.121686	0.122867	0.123572	0.122364	0.122196	0.124657	0.124882	0.124343	0.123299	0.12216	0.120881	0.119397	0.118626	0.117069	
54	0.032	8	task-0:0.51	|	0.230125	0.391388	0.359583	0.224743	0.234333	0.234006	0.211817	0.195505	0.178096	0.156723	0.122253	0.113687	0.115366	0.119001	0.122395	0.120527	0.115929	0.121007	0.121903	0.120775	0.112996	0.111458	0.105007	0.09605	0.0930972	0.0862264	0.0906738	0.0895291	0.0824532	0.0823325	0.0807825	0.0796306	0.0791822	0.0780023	0.0755501	0.0732929	0.0709355	0.0685781	0.066544	0.064961	0.0613732	0.0580301	0.054855	0.0516646	0.0472744	0.0442554	0.0427754	0.0394042	0.0368975	0.0342685	0.0312579	0.0278707	0.0239865	0.0195593	
54	0.031	8	task-0:0.49	|	0.378341	0.395242	0.39431	0.326385	0.274889	0.274808	0.238646	0.238327	0.225591	0.219403	0.211927	0.205068	0.195295	0.186864	0.178095	0.168862	0.153448	0.136615	0.130937	0.120231	0.113821	0.111186	0.109381	0.107689	0.107554	0.107107	0.106303	0.106342	0.110111	0.19681	0.11533	0.287282	0.369476	0.201951	0.201457	0.200265	0.244976	0.245844	0.199041	0.19719	0.213541	0.196458	0.124555	0.124303	0.124125	0.101669	0.0972359	0.0849474	0.0721845	0.063275	0.0589076	0.0576741	0.265005	0.294469	
55	0.031	8	task-0:0.515	|	0.252151	0.389479	0.287553	0.374372	0.374276	0.153251	0.268753	0.249731	0.157604	0.180062	0.180061	0.142764	0.154392	0.150601	0.139643	0.14281	0.140833	0.137201	0.13901	0.138392	0.135897	0.134438	0.133498	0.13241	0.131138	0.129795	0.128587	0.127774	0.127576	0.127352	0.126143	0.124695	0.123568	0.122431	0.121329	0.120311	0.118957	0.118033	0.116817	0.115686	0.114688	0.113556	0.112433	0.111418	0.110562	0.108365	0.110477	0.10246	0.103298	0.0971046	0.096371	0.0931748	0.0935678	0.0890807	0.0843247	
162	0.094	8	task-0:0.26	|	0.220368	0.584115	0.421697	0.180268	0.180201	0.181124	0.181124	0.169966	0.1689	0.166535	0.165994	0.162752	0.159847	0.158332	0.157054	0.15578	0.154346	0.153416	0.152433	0.151661	0.150734	0.149318	0.147532	0.145572	0.14317	0.140344	0.137236	0.134084	0.131681	0.130545	0.12825	0.125672	0.123018	0.118745	0.115668	0.113087	0.110218	0.109784	0.109447	0.112742	0.112981	0.115163	0.116555	0.116193	0.110738	0.104502	0.099322	0.0941824	0.0883151	0.085102	0.0776228	0.0757185	0.0695298	0.0668868	0.0653313	0.063375	0.0630464	0.0627112	0.0607207	0.0593556	0.0580655	0.056636	0.0550585	0.0534542	0.049484	0.0456718	0.0416027	0.0428366	0.036904	0.0358363	0.0338812	0.0332492	0.0321128	0.0308277	0.0296017	0.0306059	0.0290222	0.0278254	0.0274924	0.0271251	0.0268821	0.0259056	0.0252145	0.0245414	0.0243809	0.0241513	0.0234714	0.0229382	0.0223956	0.0218694	0.0215067	0.021236	0.021197	0.0202361	0.019596	0.0189394	0.0182885	0.0181863	0.0182184	0.0173186	0.0167322	0.0161004	0.0154337	0.0147437	0.0147538	0.0141366	0.013652	0.0131008	0.0124789	0.0117829	0.011011	0.0101627	0.0110364	0.00985148	0.00957358	0.00941421	0.00939393	0.00978781	0.00948692	0.00911056	0.00896776	0.00884625	0.00878165	0.00867945	0.00856216	0.00842887	0.00827919	0.00811368	0.00793427	0.00774488	0.00743507	0.00730506	0.00713844	0.00697517	0.00679797	0.00661088	0.0064212	0.00604747	0.0057134	0.00536175	0.00499916	0.00493996	0.00461979	0.004392	0.00414576	0.00388393	0.00361025	0.00358316	0.00332565	0.00315427	0.00296768	0.00276751	0.00255598	0.00261661	0.00237936	0.00222737	0.00213188	0.0020087	0.00195454	0.00184434	0.0017583	0.00167548	
55	0.031	8	task-0:0.505	|	0.290491	0.397383	0.374152	0.182883	0.282386	0.282487	0.203436	0.195779	0.195673	0.17459	0.175655	0.164209	0.157017	0.148793	0.137098	0.121279	0.112003	0.114038	0.112941	0.111768	0.110722	0.109282	0.109665	0.108372	0.10716	0.106956	0.106926	0.106762	0.107412	0.11095	0.105721	0.101012	0.0937183	0.0853206	0.0771075	0.0715135	0.0619271	0.0501416	0.0509364	0.0384199	0.0408755	0.0334512	0.0328003	0.0328003	0.0295685	0.029342	0.0276565	0.0267936	0.0261061	0.0249595	0.0237702	0.0224361	0.0207564	0.0187953	0.0166288	
56	0.032	8	task-0:0.53	|	0.238805	0.589786	0.544577	0.250838	0.214715	0.218089	0.197537	0.179461	0.163715	0.152927	0.144197	0.134265	0.137382	0.135986	0.13516	0.141249	0.144821	0.147626	0.149229	0.149832	0.149956	0.150091	0.152564	0.264387	0.151924	0.165401	0.229624	0.149387	0.148907	0.22604	0.141217	0.171804	0.14336	0.141381	0.14579	0.149073	0.147791	0.148783	0.149839	0.151772	0.158562	0.218383	0.207245	0.164667	0.153523	0.15257	0.153236	0.153983	0.155054	0.156137	0.154844	0.146109	0.147376	0.146051	0.143471	0.14288	
54	0.031	8	task-0:0.51	|	0.245439	0.391895	0.36067	0.242771	0.221987	0.221215	0.204444	0.164262	0.148524	0.136415	0.134576	0.134121	0.119745	0.118922	0.123039	0.12933	0.11196	0.117218	0.107081	0.142012	0.127234	0.106031	0.104733	0.106067	0.107751	0.104133	0.0995272	0.0947077	0.0891372	0.0844176	0.0829739	0.080931	0.076312	0.068145	0.0562847	0.0416824	0.0256516	0.0120372	0.00470183	0.0125184	0.00190261	0.00143955	0.00415787	0.00147683	0.00244759	0.00244717	0.00122401	0.00178812	0.00178812	0.00116369	0.00119211	0.00115284	0.00105683	0.00103329	
55	0.031	8	task-0:0.51	|	0.268555	0.39557	0.393764	0.34956	0.241164	0.244119	0.229438	0.208496	0.177579	0.149671	0.132617	0.127288	0.119847	0.116264	0.111233	0.108882	0.107339	0.105939	0.105404	0.107033	0.120145	0.112604	0.111166	0.112881	0.102788	0.0935631	0.0834567	0.225987	0.194097	0.126668	0.125479	0.0859235	0.0737687	0.0680202	0.0679672	0.0672837	0.065118	0.0633079	0.0615344	0.0593921	0.0568322	0.0538692	0.0502012	0.0458162	0.0407839	0.0364541	0.0342367	0.0301017	0.0256008	0.0205464	0.0155955	0.0121115	0.0112904	0.00889338	0.00750959	
54	0.047	8	task-0:0.515	|	0.241294	0.591069	0.551191	0.287376	0.217962	0.23597	0.202193	0.159069	0.152351	0.137209	0.129701	0.129947	0.131928	0.12584	0.124455	0.125961	0.124736	0.125066	0.12511	0.125526	0.126672	0.128244	0.130067	0.131891	0.133635	0.135586	0.138309	0.141918	0.145569	0.148354	0.149241	0.150186	0.151602	0.154522	0.161242	0.155404	0.154787	0.154033	0.153291	0.207259	0.208248	0.229528	0.226917	0.177929	0.164701	0.15794	0.158603	0.156345	0.153392	0.152159	0.151378	0.152336	0.154041	0.158796	
57	0.031	8	task-0:0.575	|	0.313911	0.591015	0.589062	0.455067	0.247327	0.242249	0.22845	0.209696	0.179257	0.151072	0.1493	0.161066	0.1576	0.159708	0.152063	0.1425	0.137891	0.132634	0.131341	0.130331	0.128703	0.126601	0.125257	0.124399	0.124012	0.124341	0.125215	0.126656	0.123975	0.122988	0.122431	0.121377	0.120803	0.119504	0.122929	0.113176	0.115663	0.120015	0.122274	0.123872	0.126269	0.128854	0.1312	0.13298	0.134029	0.134414	0.134369	0.134195	0.134243	0.146031	0.154334	0.154963	0.154167	0.153207	0.152235	0.15132	0.150561	
55	0.031	8	task-0:0.59	|	0.257078	0.398848	0.398007	0.360814	0.227847	0.235953	0.188996	0.152085	0.121227	0.120057	0.12037	0.119335	0.115908	0.113371	0.11272	0.112014	0.111672	0.111954	0.111504	0.110981	0.11051	0.110426	0.108617	0.107729	0.106895	0.108299	0.105438	0.103188	0.0974786	0.0905034	0.0768825	0.05145	0.0509403	0.0485686	0.0293376	0.0503265	0.0437481	0.0265495	0.0322035	0.031199	0.0228974	0.0252399	0.02497	0.0226747	0.0214438	0.0207067	0.0193107	0.018301	0.0170042	0.0155468	0.0139336	0.0121767	0.0102793	0.0083176	0.00638527	
55	0.031	8	task-0:0.635	|	0.377099	0.398124	0.397844	0.364642	0.248337	0.242887	0.201635	0.177439	0.154758	0.135063	0.124294	0.133992	0.134997	0.123466	0.117156	0.115112	0.113951	0.112986	0.111823	0.110512	0.110061	0.109608	0.10958	0.109717	0.109676	0.109233	0.108786	0.10869	0.108871	0.10926	0.108393	0.109773	0.105412	0.156527	0.141417	0.0986132	0.100324	0.0855631	0.0689689	0.0664903	0.0608784	0.0519171	0.0485795	0.043161	0.0339691	0.0265788	0.0209565	0.0157221	0.0109709	0.0064043	0.00337772	0.00267051	0.00119598	0.00065618	0.00031433	
55	0.031	8	task-0:0.595	|	0.241757	0.392143	0.361503	0.250207	0.226432	0.25193	0.232923	0.175544	0.154006	0.125507	0.11876	0.117112	0.114926	0.116319	0.117701	0.121846	0.116439	0.110686	0.112879	0.108747	0.114869	0.110139	0.106511	0.102293	0.101851	0.0969405	0.0920747	0.0916049	0.0870295	0.0813217	0.073546	0.0636667	0.0737483	0.0587285	0.0612112	0.0615532	0.0539784	0.0583838	0.0582524	0.0543812	0.0528797	0.0521483	0.0513593	0.0502125	0.0486779	0.046749	0.0444586	0.0418933	0.0392017	0.0366999	0.0327864	0.0277067	0.0273848	0.0212069	0.0244554	
58	0.047	8	task-0:0.53	|	0.251979	0.596616	0.596008	0.527274	0.228644	0.301395	0.279366	0.222697	0.214237	0.214067	0.20272	0.206582	0.197639	0.186867	0.178577	0.169899	0.160602	0.150517	0.140856	0.130812	0.124656	0.124602	0.124761	0.124918	0.12603	0.128619	0.127953	0.127267	0.1246	0.120633	0.116273	0.113866	0.112283	0.110704	0.109254	0.108527	0.106126	0.105049	0.104392	0.104065	0.104415	0.102989	0.102446	0.10209	0.102106	0.102289	0.10305	0.104071	0.106546	0.1092	0.112558	0.116625	0.115683	0.116736	0.115358	0.112396	0.110351	0.107729	
55	0.031	8	task-0:0.545	|	0.240504	0.39091	0.362169	0.247181	0.218884	0.258263	0.233399	0.172889	0.171922	0.146083	0.12208	0.121232	0.117558	0.115671	0.114264	0.113809	0.111503	0.113422	0.112393	0.112748	0.109285	0.108392	0.108616	0.106947	0.103927	0.103282	0.105254	0.105151	0.103669	0.101967	0.0999955	0.0994063	0.0998722	0.0993885	0.0981926	0.0967075	0.0948496	0.0925125	0.0895781	0.0855682	0.0805849	0.0799195	0.0751006	0.0729522	0.0718745	0.0694682	0.0662512	0.0605311	0.0562565	0.0516623	0.0465932	0.0424015	0.0415346	0.036255	0.0378817	
55	0.047	8	task-0:0.55	|	0.263899	0.397084	0.383245	0.225422	0.25927	0.259471	0.188714	0.216741	0.207848	0.18052	0.180313	0.171478	0.158201	0.145768	0.127898	0.11946	0.121705	0.120095	0.115623	0.114076	0.111696	0.109274	0.107662	0.107929	0.109236	0.103325	0.100004	0.0923834	0.0961364	0.0926169	0.0958604	0.0945546	0.0894282	0.0884612	0.0868841	0.084931	0.0830487	0.0808943	0.0783634	0.075973	0.0729593	0.0695837	0.0660241	0.061401	0.0558458	0.0502155	0.0425053	0.0376276	0.0339405	0.0280983	0.0270627	0.0243693	0.0226789	0.021021	0.0199161	
54	0.031	8	task-0:0.49	|	0.351769	0.396792	0.396412	0.346133	0.268508	0.266097	0.249554	0.247067	0.226786	0.225435	0.21324	0.199099	0.189904	0.173021	0.143706	0.139579	0.134947	0.129398	0.178889	0.16131	0.124539	0.122594	0.121455	0.11875	0.104128	0.0786532	0.0733184	0.0731287	0.0778009	0.0880328	0.0849473	0.116279	0.0708731	0.171822	0.242608	0.345711	0.23739	0.144193	0.0846139	0.0871805	0.118522	0.11624	0.0970524	0.0805553	0.0784138	0.0815826	0.0805197	0.0752756	0.071009	0.0677209	0.0681577	0.0708482	0.0912538	0.0545575	
55	0.031	8	task-0:0.52	|	0.263785	0.39873	0.398163	0.366464	0.233242	0.227504	0.204242	0.185516	0.165136	0.145561	0.119654	0.132279	0.131926	0.121098	0.127318	0.124653	0.119108	0.118129	0.116513	0.115149	0.115722	0.115655	0.1147	0.113855	0.113564	0.113619	0.1137	0.113477	0.113134	0.112775	0.1123	0.109691	0.109992	0.0931983	0.288599	0.104349	0.113496	0.112077	0.0762527	0.140163	0.139256	0.0646403	0.0765181	0.0757365	0.065178	0.0613598	0.0601091	0.0604728	0.061771	0.0602131	0.0571147	0.0532133	0.0485891	0.0434195	0.0385965	
57	0.063	8	task-0:0.49	|	0.315634	0.395152	0.394215	0.352954	0.246967	0.335526	0.315368	0.262614	0.239924	0.244532	0.244062	0.237744	0.240419	0.240533	0.237879	0.238396	0.238173	0.236396	0.233198	0.221793	0.187175	0.160914	0.137103	0.128123	0.130001	0.132977	0.142139	0.144735	0.143989	0.145612	0.15597	0.148632	0.147526	0.144469	0.144726	0.146941	0.147807	0.14813	0.148682	0.149467	0.336865	0.336858	0.173424	0.12682	0.374679	0.348909	0.348265	0.159205	0.159867	0.337562	0.337708	0.14668	0.141453	0.335972	0.337686	0.224612	0.424504	
55	0.031	8	task-0:0.525	|	0.379188	0.397884	0.397644	0.363199	0.253214	0.249486	0.203963	0.178361	0.1546	0.138709	0.125566	0.133619	0.126191	0.123506	0.125634	0.122616	0.123614	0.120458	0.115198	0.112318	0.110141	0.108586	0.108513	0.108856	0.109494	0.110695	0.113421	0.111496	0.109815	0.11018	0.110698	0.111031	0.11049	0.108815	0.109915	0.116545	0.114198	0.11773	0.1123	0.116573	0.116504	0.111822	0.113175	0.113177	0.111317	0.11076	0.110157	0.109584	0.109022	0.108487	0.107471	0.106347	0.104961	0.103183	0.100879	
