55	0.031	8	task-0:0.505	|	0.246729	0.394268	0.362894	0.219565	0.235443	0.234957	0.207817	0.198358	0.191515	0.190246	0.188891	0.185528	0.181448	0.179032	0.176768	0.17461	0.173486	0.170696	0.168167	0.166613	0.164513	0.162065	0.159941	0.159008	0.157102	0.15484	0.153139	0.154263	0.157183	0.147371	0.145795	0.146025	0.148584	0.154684	0.145779	0.137143	0.135545	0.134668	0.133848	0.133932	0.136543	0.144545	0.144646	0.141242	0.139211	0.138088	0.137827	0.147143	0.139175	0.141424	0.146118	0.151861	0.158449	0.165565	0.172908	
54	0.032	8	task-0:0.525	|	0.238893	0.39538	0.364869	0.201165	0.241782	0.237613	0.196358	0.213858	0.213858	0.192279	0.195079	0.193774	0.189685	0.188033	0.186576	0.185822	0.185336	0.182912	0.180431	0.178061	0.175698	0.173385	0.171664	0.169708	0.167282	0.166925	0.164799	0.163492	0.162208	0.160548	0.158741	0.156651	0.154199	0.151609	0.148815	0.145802	0.142135	0.137506	0.131631	0.124156	0.115669	0.110717	0.125866	0.101002	0.152079	0.152016	0.113771	0.102947	0.102921	0.101627	0.105265	0.101298	0.0960194	0.0927029	
58	0.046	8	task-0:0.44	|	0.237112	0.59383	0.571996	0.364315	0.230188	0.260976	0.247436	0.215764	0.226177	0.221141	0.203478	0.208901	0.20588	0.194014	0.19074	0.188043	0.184721	0.182275	0.178939	0.176022	0.172834	0.169356	0.166856	0.16511	0.163842	0.161953	0.161054	0.160217	0.159381	0.158583	0.157782	0.157378	0.157094	0.156326	0.15522	0.154491	0.153299	0.151551	0.149592	0.14744	0.145129	0.143051	0.141975	0.143109	0.13547	0.132189	0.129087	0.126714	0.126178	0.128355	0.118149	0.115621	0.115013	0.116317	0.120113	0.12774	0.124413	0.120573	
56	0.032	8	task-0:0.505	|	0.4204	0.34708	0.33913	0.251309	0.30687	0.30494	0.257048	0.242863	0.242293	0.238439	0.227782	0.210704	0.210042	0.209224	0.223611	0.221967	0.21033	0.19953	0.196562	0.196822	0.198542	0.203612	0.203572	0.202003	0.201311	0.199823	0.196036	0.191101	0.187437	0.184035	0.177596	0.172212	0.169202	0.165935	0.159671	0.156046	0.153736	0.151338	0.14967	0.148194	0.147803	0.147068	0.146963	0.147438	0.146461	0.146466	0.146487	0.146625	0.147023	0.147969	0.149983	0.153846	0.160357	0.409621	0.246019	0.137037	
58	0.031	8	task-0:0.505	|	0.265057	0.399013	0.398652	0.376862	0.24505	0.3848	0.357973	0.301147	0.258584	0.236172	0.229076	0.212866	0.197952	0.190357	0.194462	0.185198	0.189084	0.185334	0.183147	0.183159	0.181309	0.180853	0.179789	0.178756	0.177584	0.176274	0.174893	0.173483	0.171859	0.17054	0.169659	0.168945	0.167121	0.165184	0.16349	0.162532	0.162381	0.163163	0.158347	0.156333	0.154898	0.154365	0.155	0.149444	0.148516	0.148759	0.149859	0.152693	0.149371	0.149361	0.150434	0.153922	0.148538	0.149125	0.148575	0.148884	0.14836	0.148399	
58	0.031	8	task-0:0.46	|	0.320469	0.551627	0.532086	0.362316	0.241942	0.278346	0.267041	0.232986	0.249887	0.249556	0.228057	0.233274	0.232224	0.225512	0.226676	0.225789	0.221997	0.218992	0.216102	0.213207	0.209772	0.204667	0.193218	0.192685	0.189402	0.187578	0.188	0.188067	0.187839	0.188466	0.190724	0.188458	0.188161	0.188174	0.185323	0.183589	0.182198	0.180912	0.179398	0.177543	0.178712	0.179831	0.18087	0.182594	0.177746	0.174525	0.170034	0.17504	0.172194	0.17102	0.169903	0.162636	0.142123	0.112282	0.128545	0.105635	0.0921553	0.0867248	
66	0.047	8	task-0:0.415	|	0.380498	0.347629	0.335046	0.264435	0.254487	0.254449	0.237667	0.23763	0.237988	0.236541	0.230922	0.216933	0.205437	0.199875	0.198081	0.197154	0.176212	0.175368	0.191123	0.190686	0.170593	0.182379	0.181896	0.164784	0.168083	0.167056	0.160821	0.158879	0.157741	0.155428	0.152442	0.150083	0.147887	0.14539	0.143564	0.142508	0.142134	0.142708	0.143761	0.145039	0.145709	0.146676	0.147223	0.147847	0.148598	0.14952	0.150719	0.152394	0.154667	0.158017	0.162549	0.169089	0.17876	0.194014	0.219041	0.217609	0.222746	0.298129	0.294308	0.241036	0.221103	0.221042	0.22519	0.2209	0.171527	0.162504	
55	0.031	8	task-0:0.505	|	0.325659	0.399133	0.398831	0.360212	0.27117	0.268823	0.252916	0.252879	0.239411	0.237681	0.230199	0.224903	0.217359	0.209817	0.202847	0.196344	0.19139	0.187139	0.184159	0.182821	0.179777	0.178364	0.178165	0.176883	0.175997	0.175344	0.174307	0.17346	0.172644	0.171703	0.170662	0.169732	0.169315	0.16656	0.164957	0.163815	0.164795	0.150096	0.152608	0.174853	0.164431	0.149386	0.146825	0.147174	0.149157	0.15401	0.163641	0.166463	0.15642	0.151288	0.152724	0.156171	0.159797	0.153803	0.15286	
54	0.031	8	task-0:0.505	|	0.246021	0.596808	0.5962	0.538189	0.266823	0.259326	0.253235	0.240893	0.244877	0.244774	0.239679	0.240227	0.238534	0.234079	0.228999	0.214077	0.203054	0.208886	0.206634	0.203295	0.201162	0.220348	0.23394	0.24092	0.24262	0.242043	0.240926	0.239979	0.239576	0.240128	0.240247	0.239985	0.239994	0.240019	0.239998	0.240002	0.240004	0.240004	0.24	0.239954	0.208304	0.232104	0.208106	0.239775	0.239965	0.239985	0.239979	0.239905	0.238087	0.208035	0.239509	0.23976	0.239638	0.237963	
63	0.031	8	task-0:0.3	|	0.238485	0.35156	0.299722	0.243551	0.245478	0.227759	0.214176	0.219032	0.198433	0.179366	0.176957	0.163047	0.16319	0.160114	0.161159	0.157772	0.152556	0.14555	0.136943	0.127833	0.119311	0.113265	0.109776	0.108878	0.105708	0.102054	0.0980141	0.0923384	0.0869583	0.0822446	0.0790946	0.076187	0.0726889	0.0688876	0.0665344	0.0638787	0.060201	0.0564268	0.0526227	0.0492938	0.0455309	0.0420264	0.0379816	0.0336962	0.0293215	0.0263324	0.0242544	0.0215613	0.0184763	0.0154741	0.01239	0.00961392	0.00736936	0.00565179	0.00507906	0.00337125	0.00254273	0.00237071	0.0016781	0.00110811	0.00088882	0.00106394	0.000768359	
62	0.047	8	task-0:0.44	|	0.308359	0.398683	0.398134	0.37114	0.236289	0.392244	0.30984	0.228158	0.253348	0.248496	0.223424	0.227483	0.227617	0.218118	0.214722	0.211506	0.206204	0.201744	0.197369	0.193465	0.190001	0.187301	0.186024	0.18231	0.180127	0.178201	0.176505	0.175392	0.169298	0.168145	0.169646	0.170894	0.166658	0.164603	0.16445	0.164518	0.165785	0.162387	0.161593	0.161536	0.162501	0.159954	0.15969	0.160306	0.162152	0.161284	0.163133	0.164482	0.165543	0.16613	0.138637	0.146422	0.167398	0.164637	0.150873	0.148803	0.153043	0.158571	0.16173	0.159389	0.15918	0.156838	
56	0.031	8	task-0:0.45	|	0.272434	0.592957	0.590846	0.473448	0.237285	0.237171	0.253992	0.242707	0.228898	0.221272	0.216705	0.205155	0.197567	0.194658	0.193985	0.191077	0.18899	0.186578	0.183892	0.180782	0.17898	0.180025	0.175701	0.174176	0.172074	0.169559	0.167847	0.165419	0.162853	0.159327	0.155434	0.152067	0.146507	0.141228	0.133889	0.128715	0.12628	0.121664	0.113437	0.10623	0.0999368	0.0946991	0.084839	0.0773605	0.0682659	0.0614998	0.0527577	0.0434164	0.0346746	0.0263076	0.0188679	0.0119302	0.00733927	0.00386961	0.00182254	0.000726942	
59	0.032	8	task-0:0.495	|	0.292414	0.579993	0.57738	0.439184	0.237584	0.300935	0.295212	0.25366	0.236828	0.236832	0.23252	0.229983	0.223958	0.218876	0.211562	0.205789	0.201888	0.197996	0.194513	0.189287	0.187005	0.184806	0.182263	0.179091	0.175483	0.171895	0.174762	0.16189	0.158383	0.157294	0.155505	0.163256	0.160786	0.149919	0.139394	0.134936	0.134326	0.131185	0.12575	0.119689	0.113591	0.10768	0.102257	0.0869342	0.0830311	0.0826231	0.082047	0.0741384	0.0679553	0.0653104	0.0629894	0.0607464	0.0580071	0.0552192	0.0520695	0.0486284	0.044934	0.0413072	0.0380275	
56	0.031	8	task-0:0.435	|	0.498898	0.315834	0.300468	0.241594	0.295466	0.293168	0.247114	0.240211	0.238014	0.233706	0.232321	0.227911	0.223174	0.217307	0.209883	0.201322	0.19372	0.191629	0.191739	0.188469	0.186622	0.186406	0.184149	0.182097	0.180939	0.180927	0.18251	0.179431	0.178698	0.176145	0.174503	0.173076	0.171972	0.171402	0.171736	0.169292	0.168623	0.168663	0.169624	0.171753	0.170683	0.17167	0.172971	0.174508	0.157225	0.164596	0.188674	0.182259	0.162846	0.159363	0.162225	0.167086	0.166364	0.169621	0.170292	0.170312	
58	0.031	8	task-0:0.505	|	0.26225	0.399586	0.399559	0.387101	0.245308	0.434076	0.387315	0.310505	0.260728	0.233485	0.225434	0.212988	0.199756	0.190611	0.186125	0.184772	0.177134	0.174954	0.17266	0.170702	0.169857	0.168424	0.167061	0.165923	0.163999	0.162391	0.161052	0.159995	0.159279	0.158897	0.155653	0.156973	0.157086	0.156148	0.156384	0.157685	0.158806	0.153187	0.151214	0.149873	0.149291	0.150585	0.14634	0.145559	0.146875	0.144161	0.141225	0.144691	0.136637	0.136071	0.138001	0.142668	0.13744	0.137756	0.139506	0.135288	0.134422	0.134326	
55	0.031	8	task-0:0.505	|	0.351666	0.396933	0.39629	0.341033	0.260864	0.260034	0.246886	0.246881	0.23536	0.233374	0.226369	0.220774	0.212857	0.20481	0.196294	0.188104	0.184063	0.181399	0.183745	0.183083	0.180615	0.179163	0.178392	0.17793	0.177505	0.177057	0.176505	0.175916	0.174749	0.173619	0.172393	0.171224	0.170424	0.169353	0.16818	0.167814	0.168471	0.169412	0.168603	0.168423	0.168343	0.168062	0.167294	0.166855	0.167631	0.168167	0.169346	0.170535	0.171366	0.171787	0.172129	0.172223	0.172315	0.17147	0.170084	
55	0.031	8	task-0:0.43	|	0.289698	0.396007	0.394329	0.353431	0.243293	0.245103	0.22585	0.209666	0.198582	0.194164	0.187502	0.184384	0.178124	0.174847	0.171402	0.167995	0.165823	0.162871	0.162199	0.159733	0.158709	0.158679	0.157991	0.157297	0.156037	0.15512	0.154207	0.153316	0.152153	0.151341	0.150916	0.151312	0.152178	0.153256	0.154397	0.155023	0.156319	0.156405	0.156707	0.156478	0.155978	0.155527	0.155612	0.150538	0.148046	0.145948	0.14426	0.143555	0.143307	0.14448	0.135041	0.131766	0.129517	0.128339	0.129011	
54	0.031	8	task-0:0.605	|	0.382214	0.389912	0.388636	0.305206	0.254736	0.254638	0.244256	0.243957	0.236771	0.234025	0.227186	0.221913	0.215394	0.207376	0.200367	0.194361	0.189936	0.187456	0.184712	0.184561	0.182503	0.180564	0.179141	0.17808	0.177733	0.176053	0.175263	0.174866	0.17509	0.174578	0.174818	0.175271	0.175927	0.176696	0.177924	0.177817	0.177574	0.177185	0.176452	0.173506	0.171138	0.168733	0.166696	0.166081	0.163365	0.157522	0.154953	0.152428	0.149395	0.148918	0.152472	0.148251	0.143842	0.142736	
55	0.031	8	task-0:0.505	|	0.389099	0.394458	0.393687	0.319599	0.263334	0.259843	0.234612	0.233373	0.226803	0.222087	0.212219	0.207238	0.202847	0.201261	0.19999	0.198015	0.195931	0.194148	0.19271	0.191067	0.189445	0.188197	0.18484	0.183118	0.181958	0.181137	0.180989	0.175827	0.172567	0.172044	0.174576	0.177091	0.174567	0.170351	0.169887	0.171491	0.174488	0.177994	0.180287	0.182617	0.185579	0.180365	0.180012	0.180842	0.182335	0.184433	0.187795	0.182856	0.182027	0.182069	0.183892	0.176793	0.179818	0.189446	0.188981	
54	0.032	8	task-0:0.6	|	0.384407	0.395155	0.393597	0.333932	0.25352	0.253402	0.257028	0.257028	0.241969	0.239516	0.233825	0.227648	0.218778	0.199682	0.183605	0.167739	0.188168	0.158773	0.214851	0.191848	0.15409	0.160666	0.150816	0.147408	0.144949	0.150093	0.146863	0.141122	0.139896	0.138081	0.136022	0.133842	0.131918	0.13107	0.128951	0.125073	0.122176	0.120035	0.119714	0.108079	0.107188	0.107726	0.110055	0.115307	0.124391	0.119299	0.122268	0.121888	0.123498	0.123114	0.121448	0.119553	0.117426	0.115248	
54	0.031	8	task-0:0.505	|	0.320969	0.392465	0.391612	0.331805	0.271631	0.271612	0.261546	0.261345	0.24953	0.249749	0.242397	0.235284	0.229652	0.223651	0.21631	0.204848	0.192539	0.191175	0.189067	0.189312	0.189241	0.187128	0.186493	0.185245	0.183494	0.182266	0.181075	0.179958	0.178907	0.178139	0.176532	0.175346	0.174238	0.173289	0.17267	0.172698	0.170545	0.169514	0.168748	0.168456	0.16902	0.167203	0.166975	0.167458	0.165931	0.165671	0.165868	0.166562	0.167591	0.149183	0.155568	0.174693	0.168062	0.15032	
59	0.031	8	task-0:0.505	|	0.256649	0.568418	0.551947	0.412343	0.242618	0.292408	0.277963	0.252559	0.240177	0.254163	0.253817	0.242423	0.240523	0.240301	0.239157	0.238211	0.236237	0.231831	0.221559	0.209131	0.208176	0.216278	0.218749	0.215492	0.211495	0.208641	0.206609	0.214219	0.219555	0.225478	0.231062	0.2351	0.237194	0.237639	0.236888	0.235145	0.232209	0.228603	0.223466	0.215832	0.207028	0.210808	0.224	0.228923	0.23094	0.233103	0.23515	0.236848	0.238115	0.239047	0.239673	0.239939	0.240007	0.240002	0.240006	0.240006	0.24	0.240004	0.240004	
55	0.031	8	task-0:0.505	|	0.297019	0.394194	0.392973	0.341422	0.245854	0.247076	0.231189	0.222321	0.224037	0.224651	0.215367	0.209235	0.204645	0.199437	0.194326	0.18998	0.187055	0.183417	0.181274	0.179594	0.178428	0.175812	0.174383	0.173027	0.171551	0.170036	0.168814	0.168463	0.165173	0.163168	0.161174	0.159466	0.15622	0.153727	0.150205	0.147343	0.145723	0.144475	0.136867	0.135486	0.135929	0.138183	0.143638	0.13811	0.13265	0.133596	0.132151	0.132748	0.135452	0.134588	0.132022	0.130871	0.128817	0.127361	0.125398	
54	0.031	8	task-0:0.505	|	0.408155	0.386418	0.385219	0.296361	0.284883	0.284783	0.2355	0.236255	0.23167	0.226337	0.221134	0.215517	0.207599	0.200984	0.195139	0.187358	0.185852	0.180826	0.166286	0.163846	0.160611	0.15935	0.15086	0.14632	0.141724	0.139425	0.134198	0.127882	0.123635	0.120733	0.119857	0.119236	0.118352	0.120849	0.126738	0.132693	0.138841	0.145002	0.150168	0.154346	0.157387	0.160072	0.163352	0.167738	0.173576	0.181945	0.193942	0.199163	0.199257	0.224591	0.224591	0.204682	0.199226	0.199226	
59	0.031	8	task-0:0.425	|	0.247202	0.589186	0.548256	0.311795	0.243619	0.242975	0.233882	0.226451	0.233265	0.214424	0.205152	0.191813	0.189435	0.182732	0.178217	0.17945	0.176336	0.176827	0.17378	0.171768	0.170511	0.169617	0.168539	0.16649	0.164311	0.161974	0.159569	0.157348	0.155304	0.153268	0.15133	0.149052	0.146183	0.142932	0.14008	0.137174	0.135072	0.133446	0.131937	0.131155	0.129877	0.128451	0.126985	0.125426	0.123698	0.121765	0.1202	0.118473	0.118076	0.117225	0.115453	0.113549	0.111578	0.109651	0.108603	0.10745	0.104464	0.101901	0.0992811	
54	0.031	8	task-0:0.565	|	0.242344	0.398055	0.378745	0.191561	0.264354	0.261129	0.199795	0.202921	0.20292	0.185554	0.193611	0.189816	0.181866	0.179491	0.177782	0.176257	0.174315	0.171013	0.168926	0.167265	0.165285	0.162078	0.158355	0.154276	0.149289	0.143503	0.136558	0.128255	0.11822	0.110219	0.105102	0.101017	0.096369	0.099386	0.102385	0.105618	0.107589	0.107134	0.104088	0.0990781	0.0965797	0.0878913	0.0819381	0.0845443	0.088766	0.0957878	0.106112	0.117922	0.128185	0.135091	0.138568	0.139447	0.136038	0.13259	
67	0.047	8	task-0:0.42	|	0.237223	0.578619	0.43225	0.295789	0.293145	0.228689	0.213352	0.233757	0.233757	0.207306	0.201646	0.194845	0.191158	0.187844	0.179694	0.171383	0.164106	0.158373	0.153749	0.14966	0.146038	0.141716	0.136842	0.131509	0.125522	0.118372	0.10953	0.098987	0.0917443	0.09151	0.0829797	0.0844867	0.0807974	0.0801432	0.080435	0.0774219	0.0763455	0.0752277	0.0732529	0.0708837	0.0681643	0.0651326	0.0614833	0.0578544	0.0541425	0.050453	0.0467789	0.0435062	0.0403447	0.0374635	0.0347846	0.0322906	0.0301741	0.0284358	0.0243897	0.022462	0.020358	0.0197578	0.0179216	0.0165184	0.0151999	0.0137974	0.0127019	0.0118209	0.0111618	0.0107668	0.0104647	
58	0.031	8	task-0:0.43	|	0.246562	0.582735	0.511771	0.240954	0.260281	0.203631	0.204897	0.203708	0.198991	0.19205	0.191679	0.188995	0.187284	0.186184	0.184979	0.183991	0.181414	0.180456	0.179087	0.176232	0.173976	0.172359	0.172032	0.170349	0.168753	0.167468	0.166324	0.165217	0.16446	0.162613	0.161332	0.160426	0.159204	0.158142	0.157285	0.15618	0.155733	0.15571	0.156662	0.159322	0.149934	0.147457	0.147409	0.149554	0.141246	0.138065	0.13588	0.135282	0.135444	0.131044	0.129897	0.12925	0.125833	0.122345	0.119888	0.115979	0.110499	0.105927	
60	0.032	8	task-0:0.465	|	0.252523	0.532762	0.307044	0.389219	0.387816	0.31344	0.304621	0.300443	0.243653	0.239133	0.232585	0.219581	0.209964	0.208416	0.201982	0.196021	0.196453	0.189185	0.187968	0.184708	0.179678	0.178175	0.173385	0.166438	0.158458	0.149121	0.137031	0.121289	0.102936	0.0857497	0.0769251	0.0793699	0.0720604	0.0680678	0.055366	0.0465729	0.0417977	0.0367498	0.0322728	0.0278285	0.0237134	0.0202285	0.0175489	0.0153489	0.0134194	0.0115877	0.0100206	0.00852732	0.00699069	0.00584816	0.00489063	0.00432293	0.00379898	0.0031789	0.00261586	0.00216529	0.00178934	0.00140557	0.00106272	0.00086228	
57	0.046	8	task-0:0.445	|	0.244649	0.334563	0.456107	0.205122	0.398684	0.398684	0.361719	0.237659	0.237659	0.243795	0.243795	0.202304	0.218471	0.208235	0.197904	0.198014	0.194846	0.192524	0.189933	0.186781	0.183065	0.178789	0.173695	0.168018	0.162175	0.156663	0.151853	0.146932	0.142024	0.136804	0.13235	0.126787	0.120261	0.113461	0.105856	0.0983986	0.0921032	0.0890259	0.0911481	0.0987537	0.112376	0.12763	0.131467	0.12761	0.120479	0.115383	0.106738	0.0998732	0.0936425	0.0871506	0.0831156	0.080418	0.078587	0.0774765	0.0743646	0.0724359	0.0707649	
54	0.032	8	task-0:0.495	|	0.251103	0.598863	0.598739	0.558036	0.24581	0.321362	0.305778	0.265192	0.227815	0.279727	0.269517	0.221472	0.220047	0.217239	0.207391	0.208972	0.203909	0.197092	0.194273	0.192051	0.189913	0.187592	0.184775	0.181312	0.176952	0.171451	0.164979	0.15825	0.153968	0.150876	0.147833	0.142543	0.13605	0.128404	0.130912	0.120942	0.115025	0.113326	0.110472	0.10801	0.105183	0.101773	0.0978756	0.0937628	0.0897877	0.0869597	0.0830688	0.0793221	0.0765745	0.0749354	0.073397	0.0716875	0.0689013	0.0672055	
54	0.031	8	task-0:0.495	|	0.256636	0.589643	0.586242	0.482638	0.237623	0.311296	0.301222	0.273664	0.249555	0.240456	0.240341	0.240143	0.239617	0.237982	0.237273	0.235151	0.231285	0.222789	0.211846	0.201837	0.231348	0.201865	0.202785	0.202298	0.19219	0.192081	0.188	0.187345	0.187837	0.184724	0.181737	0.178262	0.174327	0.170836	0.167352	0.163614	0.158491	0.152262	0.146165	0.140832	0.159	0.138773	0.157099	0.156029	0.132828	0.136374	0.136012	0.130403	0.133333	0.134676	0.135152	0.138961	0.141672	0.143353	
55	0.031	8	task-0:0.505	|	0.292272	0.391872	0.386996	0.313951	0.271134	0.269758	0.245236	0.245005	0.242369	0.240981	0.236697	0.231484	0.215502	0.200948	0.201409	0.201281	0.196073	0.166533	0.163376	0.183721	0.187328	0.171942	0.15301	0.150478	0.152796	0.151993	0.1468	0.14314	0.14279	0.14178	0.144799	0.149549	0.145518	0.144342	0.143221	0.142135	0.140862	0.139598	0.135147	0.131167	0.135052	0.144625	0.132037	0.114536	0.106577	0.102833	0.0992786	0.100427	0.104582	0.104082	0.109818	0.120059	0.11573	0.107908	0.10053	
55	0.031	8	task-0:0.525	|	0.356912	0.395117	0.39372	0.342087	0.248138	0.247716	0.234106	0.22626	0.218484	0.211456	0.202656	0.195652	0.191434	0.187621	0.185026	0.181916	0.177556	0.174951	0.170372	0.169278	0.163215	0.169137	0.166854	0.160838	0.16013	0.159152	0.158595	0.158038	0.156328	0.155097	0.153956	0.152792	0.152062	0.151579	0.151173	0.150662	0.150355	0.150393	0.151441	0.15472	0.161523	0.152914	0.151472	0.150762	0.153637	0.158884	0.166172	0.158657	0.159339	0.161616	0.165193	0.169692	0.174612	0.169191	0.172385	
56	0.031	8	task-0:0.505	|	0.277531	0.399238	0.399167	0.384946	0.270403	0.269115	0.257554	0.241092	0.245752	0.245732	0.240668	0.240918	0.24036	0.238275	0.235847	0.22999	0.216247	0.199197	0.194968	0.197103	0.1957	0.194057	0.194723	0.196183	0.197628	0.198804	0.199798	0.201003	0.203476	0.204476	0.204801	0.208355	0.21279	0.218931	0.225885	0.232342	0.236719	0.238838	0.239579	0.240027	0.240111	0.240004	0.240076	0.240076	0.240011	0.24001	0.24001	0.24	0.24	0.240002	0.240002	0.240001	0.24	0.24	0.24	0.20804	
55	0.032	8	task-0:0.43	|	0.241419	0.399706	0.399676	0.381295	0.236748	0.237042	0.234802	0.220517	0.211251	0.212299	0.203137	0.198114	0.193864	0.189608	0.186481	0.18531	0.181286	0.179027	0.177158	0.173841	0.17215	0.170842	0.170188	0.169648	0.166582	0.165084	0.164076	0.163673	0.162927	0.162009	0.161897	0.162447	0.162662	0.162278	0.161317	0.16029	0.15924	0.158374	0.1582	0.159286	0.162563	0.151215	0.151211	0.156013	0.151806	0.153585	0.151197	0.153068	0.154001	0.155633	0.150868	0.151995	0.154099	0.152741	0.150319	
58	0.046	8	task-0:0.485	|	0.265561	0.596858	0.595736	0.521376	0.246053	0.304915	0.293897	0.251744	0.246189	0.246119	0.23349	0.23337	0.230515	0.228597	0.226193	0.222918	0.217762	0.209658	0.19695	0.193475	0.191375	0.190382	0.18905	0.162019	0.146909	0.195881	0.195762	0.17175	0.145997	0.144976	0.142962	0.17799	0.177482	0.15377	0.141908	0.141613	0.144306	0.156684	0.155009	0.14702	0.142469	0.142436	0.144954	0.144398	0.142126	0.139962	0.138017	0.136367	0.135216	0.134487	0.134169	0.134518	0.134867	0.135977	0.138793	0.145199	0.157004	0.134256	
58	0.032	8	task-0:0.415	|	0.549236	0.305041	0.283139	0.243827	0.242282	0.242697	0.233472	0.227278	0.226486	0.222031	0.217916	0.21444	0.212337	0.210176	0.207975	0.206076	0.204404	0.2029	0.20165	0.200817	0.200372	0.20016	0.200056	0.20002	0.200008	0.200003	0.200006	0.206812	0.228805	0.242347	0.247439	0.24849	0.24838	0.248011	0.247552	0.247018	0.246402	0.245702	0.244915	0.24405	0.24301	0.20228	0.20228	0.242627	0.242627	0.242394	0.24213	0.241834	0.241509	0.24116	0.238713	0.204927	0.205446	0.240622	0.240622	0.24054	0.240449	0.240351	
55	0.031	8	task-0:0.505	|	0.289874	0.397744	0.396795	0.352772	0.254568	0.254752	0.252799	0.246948	0.234388	0.232441	0.225002	0.218732	0.211862	0.205598	0.200687	0.196501	0.189756	0.192138	0.18853	0.184739	0.183002	0.175374	0.170813	0.166363	0.164366	0.163929	0.160908	0.156411	0.156411	0.15927	0.158709	0.158734	0.159269	0.158943	0.157953	0.156442	0.154668	0.153792	0.153447	0.153326	0.15599	0.178697	0.212903	0.233778	0.242053	0.242167	0.241036	0.239457	0.238563	0.240498	0.245121	0.217098	0.203885	0.251478	0.251548	
57	0.031	8	task-0:0.365	|	0.310186	0.396397	0.395404	0.359002	0.23999	0.333387	0.303421	0.247586	0.241153	0.241149	0.234714	0.233615	0.230643	0.227008	0.221854	0.215972	0.20976	0.203601	0.198681	0.195934	0.194995	0.19558	0.196945	0.198986	0.199804	0.199976	0.200003	0.200116	0.205661	0.215483	0.22318	0.23184	0.239306	0.244174	0.246471	0.247045	0.246727	0.200719	0.208701	0.200462	0.200522	0.244177	0.245862	0.245851	0.245755	0.245633	0.245488	0.245317	0.245115	0.244877	0.2446	0.244278	0.243908	0.243486	0.243012	0.242489	0.241929	
57	0.031	8	task-0:0.505	|	0.330076	0.397848	0.397598	0.365895	0.242666	0.359976	0.319329	0.265448	0.241317	0.244331	0.242662	0.234216	0.230786	0.222421	0.212932	0.206152	0.204192	0.205912	0.207328	0.207321	0.207822	0.209566	0.212595	0.217108	0.222775	0.22864	0.233563	0.237001	0.239098	0.239875	0.240032	0.24001	0.240002	0.240002	0.240001	0.240001	0.24	0.24	0.24	0.24	0.24	0.24	0.24	0.24	0.24	0.24	0.208012	0.239418	0.229588	0.207984	0.23741	0.238681	0.238049	0.230248	0.207888	0.23944	0.239875	
77	0.047	8	task-0:0.495	|	0.269438	0.577901	0.573405	0.439194	0.243636	0.301571	0.285435	0.257121	0.241294	0.248451	0.248058	0.240475	0.242344	0.242269	0.239926	0.240726	0.240605	0.238805	0.227792	0.210208	0.206848	0.205715	0.222006	0.220812	0.204843	0.200296	0.199957	0.200363	0.206582	0.207803	0.204901	0.203218	0.206962	0.210599	0.21633	0.223553	0.230893	0.236687	0.240129	0.241491	0.24157	0.241096	0.240519	0.240097	0.240033	0.240033	0.240004	0.240004	0.240003	0.240003	0.24	0.24	0.240001	0.240001	0.24	0.24	0.24	0.239934	0.208017	0.208809	0.24	0.24	0.24	0.24	0.24	0.24	0.24	0.24	0.236075	0.207988	0.207981	0.24	0.24	0.24	0.24	0.24	0.24	
55	0.031	8	task-0:0.495	|	0.304159	0.393124	0.39234	0.33309	0.235588	0.233365	0.229296	0.220483	0.208952	0.202661	0.2051	0.199141	0.247626	0.236592	0.183009	0.194214	0.191432	0.177939	0.163386	0.153797	0.149874	0.142769	0.131046	0.124875	0.115515	0.105874	0.101381	0.095741	0.0854173	0.0732499	0.0600449	0.0472166	0.0374431	0.0335124	0.0294662	0.0212206	0.0217871	0.020155	0.0182169	0.0166506	0.0146438	0.0137784	0.0119088	0.00951915	0.0076491	0.00569632	0.00393552	0.0024836	0.00161242	0.00111824	0.000786101	0.000589831	0.000393657	0.000236335	0.000150519	
54	0.031	8	task-0:0.495	|	0.245272	0.593735	0.59223	0.495774	0.24468	0.30144	0.275169	0.244687	0.238907	0.238106	0.236958	0.234978	0.230561	0.225005	0.217429	0.208922	0.202747	0.200342	0.200443	0.20035	0.200036	0.200083	0.20085	0.219414	0.242101	0.247808	0.247834	0.246879	0.245734	0.244495	0.24321	0.241956	0.240764	0.226768	0.206218	0.205042	0.217644	0.232427	0.230114	0.226648	0.222516	0.217984	0.212693	0.213615	0.217538	0.219434	0.214433	0.202825	0.241448	0.241773	0.241742	0.241676	0.241593	0.241465	
54	0.032	8	task-0:0.445	|	0.243672	0.393947	0.368954	0.22344	0.229408	0.229046	0.206368	0.198966	0.191219	0.189048	0.188979	0.181668	0.177599	0.178089	0.17441	0.172348	0.172594	0.172436	0.168325	0.165422	0.163422	0.161705	0.160054	0.157854	0.155581	0.154135	0.151976	0.149527	0.146926	0.143797	0.140292	0.13711	0.135532	0.137535	0.124709	0.121639	0.120261	0.121354	0.126501	0.118805	0.119437	0.12189	0.126412	0.124891	0.126788	0.12555	0.125751	0.124161	0.121592	0.119125	0.117734	0.11396	0.111846	0.108106	
54	0.031	8	task-0:0.505	|	0.388796	0.390499	0.387927	0.311528	0.274161	0.274048	0.24322	0.243222	0.243995	0.243291	0.23498	0.23046	0.224459	0.216804	0.20529	0.193661	0.191913	0.191542	0.189188	0.188161	0.187104	0.185989	0.184716	0.183297	0.18125	0.179227	0.17611	0.174262	0.173429	0.172898	0.170023	0.16817	0.166486	0.165145	0.16465	0.161552	0.159827	0.158586	0.158456	0.154743	0.153069	0.152224	0.152397	0.155069	0.139172	0.143183	0.180827	0.169969	0.146561	0.138445	0.141194	0.151782	0.157331	0.149531	
58	0.047	8	task-0:0.47	|	0.328609	0.553929	0.540634	0.387648	0.239038	0.284662	0.265297	0.22993	0.25454	0.251252	0.227448	0.230465	0.229441	0.223755	0.221688	0.218976	0.215462	0.211554	0.207234	0.202575	0.194392	0.170284	0.18014	0.187834	0.157126	0.196853	0.196853	0.15938	0.162804	0.162804	0.152025	0.151907	0.152425	0.151645	0.150985	0.150582	0.150165	0.149699	0.149168	0.148595	0.147995	0.147283	0.140339	0.139155	0.135657	0.13105	0.125107	0.118007	0.114542	0.116421	0.10977	0.108601	0.135263	0.131469	0.112653	0.104476	0.103391	0.104944	
55	0.031	8	task-0:0.495	|	0.273253	0.387432	0.374115	0.327758	0.256643	0.24682	0.24606	0.240156	0.240116	0.241061	0.241509	0.238672	0.22897	0.225688	0.223993	0.221426	0.216794	0.200979	0.203501	0.200096	0.200147	0.20383	0.206482	0.207607	0.208993	0.210424	0.211571	0.21211	0.211861	0.210848	0.209213	0.207019	0.203879	0.200195	0.201021	0.181444	0.271915	0.259235	0.15023	0.22073	0.21982	0.174186	0.153986	0.153986	0.151363	0.151363	0.14919	0.149144	0.148845	0.148561	0.14819	0.148071	0.147738	0.147241	0.146779	
55	0.031	8	task-0:0.565	|	0.265496	0.395909	0.381251	0.225222	0.265463	0.265151	0.209583	0.236991	0.235171	0.202976	0.206069	0.203033	0.196334	0.194722	0.191208	0.188293	0.185995	0.18401	0.181981	0.180472	0.179401	0.176244	0.173702	0.171029	0.168259	0.167127	0.164027	0.161573	0.15852	0.155889	0.153548	0.155178	0.151685	0.151743	0.150864	0.148834	0.147536	0.145832	0.144257	0.143196	0.141774	0.140465	0.139986	0.141056	0.132669	0.129473	0.127698	0.127044	0.12817	0.130162	0.119739	0.116537	0.115238	0.115932	0.119286	
54	0.031	8	task-0:0.505	|	0.292265	0.578523	0.569117	0.455656	0.255127	0.26413	0.258742	0.242408	0.253148	0.251591	0.24039	0.241768	0.239606	0.231691	0.216115	0.200493	0.189453	0.185771	0.185027	0.179922	0.180293	0.178043	0.177214	0.176858	0.175924	0.176162	0.175405	0.174846	0.174233	0.173442	0.172505	0.171595	0.170719	0.169774	0.168781	0.167836	0.167027	0.16271	0.15934	0.155804	0.151632	0.147258	0.146973	0.139327	0.133414	0.126854	0.121153	0.119495	0.10746	0.0984533	0.0885908	0.0778058	0.0662616	0.0546336	
61	0.031	8	task-0:0.49	|	0.263539	0.390911	0.383438	0.323897	0.237407	0.330061	0.318056	0.237122	0.268326	0.266413	0.229174	0.243804	0.243804	0.228002	0.228227	0.226908	0.223694	0.223176	0.220726	0.217542	0.21439	0.21064	0.206167	0.201416	0.196831	0.192482	0.188388	0.184909	0.182372	0.179649	0.17742	0.177391	0.175131	0.173213	0.171298	0.169465	0.167714	0.166175	0.165167	0.1616	0.160934	0.163276	0.161725	0.158625	0.157666	0.157215	0.157397	0.159038	0.161877	0.163564	0.165392	0.168536	0.159008	0.157024	0.158586	0.161115	0.165392	0.157215	0.155593	0.157391	0.160487	
54	0.047	8	task-0:0.405	|	0.306152	0.579423	0.570255	0.464073	0.249141	0.28798	0.283053	0.253738	0.247187	0.246359	0.235316	0.235345	0.228108	0.22142	0.217934	0.212283	0.207477	0.202615	0.197236	0.190659	0.183445	0.179455	0.174398	0.168731	0.167863	0.162773	0.160068	0.157534	0.156238	0.155151	0.155159	0.154345	0.152647	0.150497	0.148649	0.146127	0.143252	0.142036	0.139993	0.136516	0.135229	0.133649	0.13311	0.134073	0.136297	0.138528	0.141189	0.144426	0.147655	0.150551	0.153004	0.155146	0.156612	0.156533	
58	0.031	8	task-0:0.475	|	0.264617	0.587302	0.583356	0.463326	0.239284	0.279807	0.263098	0.223628	0.261826	0.261691	0.225767	0.226148	0.226058	0.220346	0.218741	0.215917	0.212601	0.208804	0.204487	0.199088	0.193196	0.187651	0.184396	0.182676	0.17744	0.185673	0.183234	0.174571	0.179396	0.179051	0.172712	0.171165	0.170582	0.168723	0.167389	0.165835	0.164431	0.163088	0.161991	0.159845	0.157299	0.156007	0.155802	0.156087	0.15707	0.158768	0.161352	0.16397	0.165707	0.166027	0.165969	0.166304	0.166429	0.166134	0.165462	0.164497	0.163261	0.161782	
55	0.032	8	task-0:0.505	|	0.286383	0.398742	0.398315	0.356138	0.262332	0.261148	0.252432	0.252389	0.238341	0.237644	0.231764	0.228163	0.222937	0.216873	0.209751	0.202168	0.194859	0.19161	0.189475	0.185507	0.183737	0.18254	0.182267	0.181813	0.176359	0.172529	0.172496	0.175495	0.177447	0.173858	0.172428	0.172446	0.173128	0.173923	0.174507	0.172798	0.171615	0.170214	0.169079	0.168365	0.16816	0.169056	0.166283	0.165816	0.166258	0.164498	0.164647	0.165903	0.168665	0.170124	0.171434	0.173637	0.165042	0.16417	0.16563	
59	0.046	8	task-0:0.495	|	0.25372	0.590215	0.585396	0.479391	0.248642	0.297766	0.292395	0.25421	0.238718	0.238317	0.231017	0.227642	0.222153	0.217225	0.209931	0.202927	0.197219	0.1852	0.178227	0.166998	0.184089	0.168579	0.175412	0.175342	0.163438	0.162766	0.16005	0.159042	0.158874	0.156382	0.154001	0.151697	0.149768	0.147771	0.145717	0.143458	0.141297	0.138559	0.135203	0.131135	0.126229	0.12037	0.113549	0.106161	0.104717	0.0965204	0.0917432	0.0860673	0.0797992	0.0743649	0.0775004	0.0692014	0.0805073	0.0805073	0.0703587	0.0700026	0.0699804	0.0685209	0.0688298	
58	0.032	8	task-0:0.495	|	0.278032	0.397431	0.397051	0.366849	0.241518	0.320428	0.317109	0.276605	0.246382	0.239893	0.238314	0.234057	0.22804	0.217371	0.210395	0.208573	0.212544	0.215024	0.212695	0.209438	0.20635	0.203788	0.201934	0.210017	0.218802	0.228759	0.236882	0.241518	0.243127	0.24299	0.242156	0.241194	0.240398	0.240006	0.24033	0.24033	0.240062	0.240021	0.240021	0.240003	0.240003	0.240002	0.240002	0.24	0.24	0.239996	0.207896	0.238611	0.219886	0.239949	0.239993	0.239998	0.239994	0.239956	0.238794	0.207911	0.239592	0.239765	
61	0.031	8	task-0:0.485	|	0.329254	0.568476	0.560075	0.357584	0.251844	0.251244	0.245812	0.242552	0.23689	0.232515	0.228597	0.225569	0.220651	0.214672	0.204884	0.193522	0.19266	0.193014	0.188471	0.189706	0.189577	0.191005	0.187994	0.182861	0.180254	0.178006	0.177336	0.175737	0.172531	0.168616	0.163647	0.157159	0.146212	0.134217	0.125938	0.113313	0.105904	0.0928219	0.0821177	0.0697613	0.0564907	0.0469982	0.042939	0.0309527	0.0291013	0.0271494	0.0257259	0.0250237	0.0224947	0.0208932	0.0195042	0.0186893	0.018017	0.0167008	0.0158168	0.0149876	0.0140349	0.0129989	0.0118553	0.0106308	0.00932806	
57	0.031	8	task-0:0.505	|	0.272888	0.397078	0.396374	0.368741	0.247719	0.313332	0.297174	0.260542	0.240979	0.246742	0.246315	0.239506	0.240889	0.240489	0.237689	0.238098	0.237425	0.23566	0.234909	0.233905	0.232537	0.231324	0.23009	0.228917	0.227644	0.226079	0.2245	0.223284	0.222366	0.221765	0.221581	0.221733	0.203694	0.240986	0.241175	0.240819	0.23642	0.203612	0.240464	0.240817	0.240771	0.240275	0.232755	0.204253	0.239505	0.240207	0.240096	0.238409	0.21372	0.240444	0.240476	0.240455	0.240414	0.240323	0.239186	0.205645	0.239894	
59	0.031	8	task-0:0.505	|	0.288353	0.574358	0.563302	0.442581	0.248521	0.290562	0.279815	0.254348	0.24061	0.251234	0.250809	0.24143	0.241325	0.241309	0.2399	0.241888	0.241829	0.240182	0.239405	0.237681	0.230022	0.209332	0.204767	0.216185	0.214693	0.204954	0.200451	0.20009	0.20188	0.201844	0.200847	0.200266	0.19999	0.200295	0.200947	0.202176	0.203649	0.205773	0.209489	0.215182	0.222348	0.229433	0.234803	0.237864	0.239175	0.239709	0.232583	0.207816	0.216405	0.240663	0.240676	0.240368	0.240122	0.240002	0.240104	0.240104	0.24002	0.240006	0.240006	
59	0.047	8	task-0:0.495	|	0.250256	0.595511	0.59402	0.509257	0.237551	0.318047	0.303446	0.27395	0.24958	0.240561	0.24042	0.239842	0.239085	0.237176	0.236384	0.234213	0.230391	0.223519	0.211699	0.192634	0.190033	0.169481	0.187037	0.155627	0.251949	0.234624	0.142227	0.189441	0.186916	0.149576	0.149655	0.149655	0.140076	0.151173	0.150402	0.142117	0.13937	0.139129	0.138353	0.139303	0.138109	0.135542	0.133364	0.131515	0.129449	0.127173	0.124152	0.120424	0.116322	0.111511	0.105688	0.0993017	0.091871	0.0834999	0.0743708	0.064878	0.0650221	0.053039	0.0495239	
