62	0.062	1	task-0:0.5	|	0.25079	0.327348	0.326926	0.280213	0.2505	0.270546	0.270546	0.253149	0.251909	0.251909	0.24963	0.24963	0.250018	0.250002	0.249612	0.249648	0.249646	0.249543	0.249566	0.249531	0.249462	0.249409	0.249321	0.249178	0.248934	0.248514	0.247838	0.247633	0.247767	0.247652	0.247422	0.247287	0.247219	0.247212	0.247182	0.247139	0.24709	0.247051	0.247063	0.247151	0.247303	0.247366	0.247506	0.247606	0.247792	0.248068	0.24837	0.248257	0.248325	0.248242	0.248276	0.248353	0.248413	0.2485	0.248598	0.248717	0.248712	0.248784	0.248836	0.248843	0.248884	0.24891	
60	0.079	1	task-0:0.48	|	0.308228	0.265379	0.264479	0.249605	0.249607	0.253196	0.253193	0.250401	0.249475	0.249427	0.249566	0.249535	0.249296	0.249108	0.248864	0.248271	0.24696	0.244994	0.244523	0.244833	0.245488	0.244964	0.2441	0.244074	0.244204	0.244421	0.244747	0.245232	0.245932	0.24689	0.248555	0.248103	0.248429	0.248893	0.249423	0.249423	0.249166	0.249159	0.248944	0.249044	0.249058	0.24909	0.24909	0.249057	0.249056	0.249058	0.249061	0.249065	0.249072	0.249067	0.249069	0.249071	0.249058	0.249051	0.249041	0.24904	0.249035	0.249029	0.249033	0.249043	
59	0.073	1	task-0:0.48	|	0.299215	0.256271	0.253295	0.25412	0.25412	0.249604	0.254963	0.254909	0.250744	0.249738	0.249738	0.249712	0.249712	0.249594	0.249595	0.249621	0.24962	0.249598	0.249592	0.249589	0.249584	0.249577	0.249566	0.24955	0.249524	0.249482	0.249408	0.249273	0.249015	0.248514	0.247615	0.246343	0.24508	0.244224	0.243944	0.244229	0.243847	0.243061	0.24275	0.242728	0.243096	0.243573	0.24684	0.244578	0.24312	0.24312	0.243173	0.244274	0.244004	0.243291	0.243239	0.243342	0.243452	0.243664	0.244014	0.244628	0.245677	0.245413	0.245981	
67	0.068	1	task-0:0.48	|	0.277234	0.279976	0.276332	0.251637	0.260431	0.260371	0.250467	0.253185	0.253185	0.24984	0.251079	0.251079	0.249731	0.250035	0.250035	0.249622	0.249816	0.249816	0.249624	0.249644	0.249644	0.2496	0.249637	0.249637	0.249607	0.249602	0.249602	0.2496	0.2496	0.2496	0.249601	0.249601	0.249601	0.249602	0.249603	0.249604	0.249606	0.249607	0.249602	0.249543	0.24921	0.248179	0.244927	0.244156	0.244541	0.245273	0.246773	0.248554	0.249451	0.249594	0.249234	0.244877	0.244638	0.24769	0.24796	0.2465	0.245166	0.244701	0.245105	0.245934	0.246478	0.246769	0.247048	0.247302	0.247466	0.247576	0.24768	
53	0.054	1	task-0:0.49	|	0.293298	0.304049	0.304049	0.249486	0.24966	0.259345	0.257848	0.250099	0.251798	0.251798	0.249613	0.250555	0.250555	0.249555	0.249744	0.249744	0.249469	0.249617	0.249617	0.249476	0.249466	0.249459	0.249448	0.249446	0.249437	0.249427	0.249416	0.249405	0.249394	0.249385	0.249378	0.249381	0.249372	0.249372	0.249368	0.249368	0.249368	0.249364	0.249362	0.249359	0.249357	0.249353	0.249349	0.249343	0.249337	0.24933	0.249321	0.24931	0.249296	0.24928	0.249262	0.249241	0.249237	
57	0.071	1	task-0:0.48	|	0.281099	0.258878	0.255391	0.252184	0.252184	0.249737	0.249737	0.249971	0.249971	0.249604	0.249824	0.249823	0.249624	0.249621	0.249621	0.24959	0.249587	0.24959	0.249584	0.24957	0.249554	0.249536	0.249501	0.249443	0.249339	0.249145	0.248762	0.247988	0.246491	0.244322	0.243084	0.242906	0.243668	0.243329	0.242706	0.242523	0.242464	0.24249	0.242776	0.244185	0.256272	0.24913	0.250203	0.250203	0.248506	0.250495	0.250495	0.248166	0.248326	0.248384	0.248331	0.248417	0.248385	0.24838	0.24838	0.248363	0.248337	
73	0.099	1	task-0:0.48	|	0.339412	0.253529	0.253001	0.254106	0.254045	0.249618	0.254464	0.254464	0.25069	0.249739	0.249739	0.249714	0.249714	0.2496	0.2496	0.249626	0.249626	0.249606	0.249602	0.249604	0.249606	0.249617	0.249656	0.249818	0.249735	0.249624	0.24959	0.249569	0.249561	0.249564	0.249572	0.249582	0.249591	0.249597	0.2496	0.249599	0.249573	0.249161	0.244942	0.244655	0.24745	0.247443	0.245948	0.244827	0.245114	0.245927	0.246807	0.247022	0.247074	0.247182	0.247316	0.247425	0.247478	0.247506	0.247528	0.247548	0.247558	0.247514	0.251065	0.251065	0.247443	0.247634	0.247693	0.247622	0.247534	0.247592	0.247822	0.248031	0.248161	0.248234	0.248249	0.248337	0.248389	
83	0.145	1	task-0:0.49	|	0.288817	0.279614	0.277278	0.251504	0.260489	0.26036	0.250554	0.25308	0.25308	0.249799	0.251179	0.251178	0.249768	0.249979	0.249979	0.24961	0.249857	0.249856	0.249638	0.249623	0.249622	0.249593	0.249592	0.249597	0.249597	0.249592	0.249595	0.249606	0.249626	0.249657	0.249713	0.249828	0.250082	0.250632	0.249874	0.249346	0.249262	0.249353	0.249478	0.24958	0.249657	0.249692	0.249694	0.249678	0.249646	0.249599	0.249473	0.248274	0.244205	0.244598	0.246298	0.248389	0.24843	0.247854	0.247929	0.24809	0.248104	0.248053	0.247961	0.247842	0.247675	0.247443	0.247454	0.24801	0.248673	0.249238	0.248061	0.252366	0.252365	0.248148	0.248284	0.248119	0.247763	0.247727	0.247775	0.247757	0.247704	0.247665	0.247644	0.247628	0.247631	0.24766	0.24769	
63	0.07	1	task-0:0.54	|	0.251039	0.389619	0.389619	0.296241	0.25646	0.25646	0.254946	0.254946	0.250068	0.250068	0.251017	0.251017	0.250173	0.250073	0.250049	0.249973	0.249955	0.249913	0.24988	0.249834	0.249791	0.249741	0.249687	0.249635	0.24958	0.249534	0.249502	0.249494	0.249498	0.249499	0.2495	0.249494	0.249493	0.249493	0.249492	0.249494	0.249494	0.249492	0.249492	0.249493	0.249494	0.249495	0.249495	0.249495	0.249495	0.249495	0.249494	0.249494	0.249494	0.249494	0.249493	0.249493	0.249492	0.249492	0.249491	0.24949	0.24949	0.249489	0.249488	0.249486	0.249485	0.249484	0.249483	
60	0.09	1	task-0:0.52	|	0.282392	0.271476	0.265879	0.249612	0.270303	0.270294	0.254644	0.249928	0.249927	0.250179	0.250161	0.249487	0.250126	0.25011	0.249585	0.249487	0.249476	0.249433	0.249396	0.249339	0.249292	0.249185	0.249015	0.248782	0.248418	0.247819	0.246838	0.245312	0.243466	0.24281	0.242802	0.242801	0.243471	0.243419	0.243776	0.246203	0.245465	0.244135	0.244341	0.244524	0.244973	0.245966	0.245806	0.245242	0.245223	0.245402	0.245629	0.245918	0.246281	0.246733	0.247298	0.247522	0.24768	0.247801	0.247873	0.24793	0.247959	0.248029	0.248055	0.248066	
54	0.054	1	task-0:0.48	|	0.252361	0.309536	0.305562	0.266907	0.249795	0.249785	0.253291	0.253291	0.250167	0.250047	0.250047	0.249601	0.249601	0.249696	0.249695	0.249616	0.249605	0.249605	0.249599	0.249599	0.249599	0.249599	0.249599	0.2496	0.2496	0.2496	0.249601	0.249601	0.249602	0.249602	0.249603	0.249603	0.249604	0.249604	0.249604	0.249605	0.249605	0.249603	0.249586	0.249559	0.249554	0.249559	0.249569	0.249579	0.249585	0.249593	0.297594	0.276217	0.249628	0.249625	0.249597	0.246202	0.24371	0.247372	
172	0.198	1	task-0:0.48	|	0.303207	0.250858	0.250134	0.26011	0.26011	0.251219	0.250923	0.250923	0.249584	0.249587	0.249853	0.249845	0.249625	0.249603	0.249603	0.249582	0.249583	0.249589	0.249591	0.249588	0.249589	0.249589	0.249587	0.249585	0.249579	0.249566	0.249535	0.249465	0.249311	0.248996	0.248493	0.24809	0.248141	0.248371	0.248373	0.248068	0.247965	0.247909	0.247859	0.247825	0.247791	0.247767	0.247764	0.247788	0.24785	0.247973	0.248188	0.247969	0.247972	0.248	0.248093	0.247845	0.247753	0.247675	0.24761	0.247558	0.247517	0.247487	0.247467	0.247458	0.247443	0.24743	0.24743	0.247442	0.24746	0.247407	0.246487	0.24726	0.246871	0.247407	0.247145	0.246817	0.247115	0.247017	0.246917	0.247049	0.247179	0.247282	0.247331	0.247343	0.247331	0.247299	0.247241	0.247136	0.247669	0.24711	0.247043	0.24694	0.246797	0.246652	0.247048	0.246995	0.246829	0.247054	0.247046	0.247149	0.247209	0.247251	0.247267	0.247337	0.247733	0.247379	0.247374	0.24734	0.247264	0.247127	0.24691	0.246659	0.246534	0.246934	0.246681	0.246641	0.246638	0.246684	0.246735	0.246732	0.246818	0.246936	0.247053	0.247187	0.247359	0.247637	0.24768	0.247824	0.247957	0.248098	0.248265	0.248459	0.248656	0.248484	0.24838	0.248254	0.248126	0.248005	0.247885	0.247741	0.2475	0.247068	0.246794	0.247093	0.246795	0.247101	0.246945	0.24725	0.24734	0.247401	0.247504	0.247574	0.247623	0.247702	0.247833	0.248045	0.24833	0.248582	0.248312	0.248196	0.248065	0.247917	0.247723	0.247422	0.247048	0.246914	0.246979	0.246661	0.247233	0.247031	0.247212	0.247339	0.247414	0.247529	0.247606	0.247659	
62	0.063	1	task-0:0.48	|	0.252257	0.3835	0.3835	0.289043	0.259566	0.259566	0.25204	0.25204	0.250263	0.250263	0.249643	0.249643	0.249584	0.249584	0.24952	0.249516	0.249507	0.249496	0.249488	0.249483	0.249474	0.249465	0.24946	0.249455	0.24945	0.249449	0.249446	0.249449	0.249451	0.249452	0.249449	0.249447	0.249447	0.249446	0.249446	0.249447	0.249447	0.249446	0.249446	0.249446	0.249446	0.249446	0.249445	0.249445	0.249445	0.249444	0.249444	0.249444	0.249443	0.249442	0.249442	0.249442	0.249441	0.249441	0.249441	0.24944	0.24944	0.24944	0.249439	0.249439	0.249438	0.249437	
53	0.055	1	task-0:0.48	|	0.29167	0.270155	0.268964	0.24984	0.266475	0.26641	0.253035	0.250547	0.250547	0.249801	0.249801	0.249669	0.249669	0.249609	0.249609	0.249607	0.249607	0.2496	0.2496	0.249601	0.249601	0.249599	0.249599	0.249599	0.2496	0.249601	0.249604	0.249607	0.249612	0.249619	0.249628	0.249637	0.249615	0.249346	0.249007	0.249026	0.249163	0.24933	0.249467	0.249557	0.249607	0.249602	0.249387	0.246619	0.246745	0.243693	0.243936	0.245682	0.247649	0.247797	0.247288	0.246859	0.246712	
70	0.078	1	task-0:0.545	|	0.268054	0.347143	0.347143	0.256722	0.277773	0.277773	0.253428	0.262498	0.262498	0.250595	0.25537	0.25537	0.250788	0.251178	0.251178	0.250073	0.250981	0.250922	0.250171	0.250039	0.250016	0.249935	0.249905	0.249873	0.249832	0.249781	0.249731	0.249676	0.249619	0.249564	0.249515	0.249482	0.24947	0.249465	0.249469	0.249466	0.249464	0.249462	0.249459	0.249458	0.249455	0.249452	0.249449	0.249447	0.249444	0.249441	0.249438	0.249436	0.249433	0.249431	0.249429	0.249427	0.249425	0.249429	0.249426	0.249423	0.249422	0.249423	0.249423	0.249421	0.24942	0.249419	0.249418	0.249417	0.249417	0.249416	0.249414	0.249413	0.249411	0.24941	
82	0.09	1	task-0:0.485	|	0.313122	0.253195	0.251824	0.255819	0.255814	0.249909	0.252882	0.252882	0.249994	0.250226	0.250226	0.249607	0.250193	0.250193	0.249718	0.249628	0.249628	0.249608	0.249608	0.249602	0.249602	0.2496	0.2496	0.2496	0.2496	0.2496	0.2496	0.2496	0.249601	0.249606	0.249643	0.250102	0.252276	0.248706	0.248541	0.249086	0.249517	0.249593	0.249599	0.2496	0.249601	0.249599	0.271281	0.261159	0.244605	0.249601	0.249601	0.249577	0.24565	0.246309	0.248848	0.248915	0.247715	0.247301	0.247315	0.247497	0.247582	0.247434	0.2475	0.247459	0.247403	0.247455	0.247449	0.247429	0.247397	0.247358	0.247322	0.247339	0.24733	0.247317	0.247306	0.247295	0.247288	0.247284	0.247284	0.247284	0.247284	0.247284	0.247285	0.247288	0.247292	0.247302	
70	0.074	1	task-0:0.49	|	0.260166	0.291256	0.283363	0.253286	0.257286	0.257282	0.249804	0.255288	0.255288	0.250539	0.25014	0.25014	0.249613	0.249613	0.249696	0.249696	0.24961	0.249625	0.249625	0.249601	0.249603	0.249678	0.249602	0.249602	0.249602	0.2496	0.2496	0.249601	0.249601	0.2496	0.2496	0.2496	0.2496	0.2496	0.2496	0.2496	0.2496	0.2496	0.2496	0.2496	0.2496	0.2496	0.2496	0.2496	0.2496	0.2496	0.2496	0.2496	0.2496	0.2496	0.2496	0.2496	0.2496	0.2496	0.249597	0.248782	0.248206	0.246978	0.246577	0.246936	0.246775	0.24627	0.245388	0.245467	0.246132	0.246316	0.247238	0.247295	0.247295	0.247295	
63	0.068	1	task-0:0.51	|	0.251589	0.338162	0.328788	0.280178	0.250451	0.271498	0.271498	0.253332	0.251848	0.251848	0.249634	0.249631	0.249981	0.249967	0.249586	0.249628	0.249625	0.249526	0.249555	0.249527	0.249456	0.249442	0.249382	0.249246	0.249038	0.248698	0.248127	0.247239	0.246487	0.246122	0.246359	0.246222	0.24612	0.246145	0.246137	0.246253	0.246259	0.24622	0.246248	0.246307	0.246386	0.246488	0.246594	0.24673	0.246889	0.247079	0.247303	0.247564	0.247862	0.24821	0.248261	0.248355	0.248583	0.248562	0.248648	0.248648	0.248566	0.248571	0.248571	0.248554	0.248554	0.248559	0.248558	
64	0.075	1	task-0:0.505	|	0.282179	0.31768	0.31768	0.250355	0.294086	0.293339	0.269697	0.252508	0.255468	0.255468	0.249981	0.253759	0.253728	0.250571	0.250242	0.250242	0.249896	0.249876	0.24979	0.249737	0.249678	0.249635	0.249607	0.249582	0.249558	0.249539	0.249534	0.249525	0.24952	0.249514	0.249512	0.249505	0.249495	0.249481	0.249463	0.249437	0.249401	0.249353	0.249291	0.249214	0.249123	0.24902	0.24895	0.248841	0.248706	0.248535	0.248354	0.248108	0.247796	0.247417	0.246958	0.246429	0.245816	0.245277	0.244819	0.244867	0.24473	0.244861	0.244991	0.245343	0.245951	0.246913	0.246865	0.247339	
53	0.054	1	task-0:0.555	|	0.298287	0.298158	0.298158	0.249968	0.249968	0.261308	0.261308	0.25189	0.250477	0.250477	0.24983	0.24983	0.249822	0.249822	0.249742	0.249758	0.249729	0.24972	0.249713	0.249693	0.249678	0.24966	0.249638	0.249614	0.249586	0.249554	0.249519	0.249481	0.249442	0.249406	0.249377	0.249349	0.249325	0.249333	0.24931	0.24933	0.249329	0.249307	0.249312	0.249312	0.249306	0.249308	0.249308	0.249305	0.249303	0.249302	0.249301	0.249299	0.249297	0.249294	0.249291	0.249287	0.249283	
82	0.082	1	task-0:0.495	|	0.261937	0.313228	0.299793	0.260308	0.251667	0.25166	0.250455	0.250455	0.249668	0.249668	0.24971	0.24971	0.249601	0.249702	0.249702	0.24962	0.249605	0.249605	0.249601	0.249601	0.2496	0.2496	0.249599	0.249599	0.249599	0.2496	0.249601	0.249606	0.24962	0.249696	0.250307	0.257948	0.254957	0.250073	0.249307	0.249052	0.249106	0.249276	0.249436	0.249533	0.249579	0.249598	0.249607	0.249608	0.249574	0.248092	0.245636	0.246568	0.244572	0.249068	0.249143	0.247936	0.246263	0.246718	0.247571	0.247747	0.247604	0.247489	0.247398	0.247375	0.247387	0.24741	0.247455	0.247547	0.247807	0.248455	0.249608	0.249711	0.248934	0.249561	0.24987	0.250272	0.250006	0.24829	0.256248	0.256245	0.256577	0.248553	0.24853	0.247545	0.256487	0.256502	
60	0.067	1	task-0:0.48	|	0.250066	0.337238	0.335396	0.286446	0.251881	0.266634	0.266634	0.251289	0.253976	0.253976	0.24965	0.252328	0.252328	0.249917	0.249834	0.249825	0.249479	0.249456	0.24949	0.249453	0.249367	0.249338	0.249291	0.249208	0.249113	0.248978	0.248772	0.248472	0.248038	0.247485	0.246886	0.246685	0.246679	0.246885	0.246782	0.246541	0.24649	0.246521	0.246594	0.246639	0.246732	0.246836	0.246977	0.247118	0.24729	0.247481	0.247705	0.247964	0.248263	0.248633	0.248594	0.248731	0.248741	0.248805	0.248816	0.248848	0.248853	0.248846	0.248842	0.248828	
63	0.081	1	task-0:0.515	|	0.272787	0.350731	0.350731	0.254537	0.283723	0.283723	0.255184	0.260087	0.260087	0.249607	0.2577	0.2577	0.251391	0.249917	0.249917	0.249686	0.249686	0.249542	0.249535	0.249488	0.249468	0.249443	0.249422	0.249414	0.249405	0.2494	0.249396	0.2494	0.249396	0.249398	0.249398	0.249394	0.249396	0.249396	0.249395	0.249394	0.249394	0.249394	0.249394	0.249394	0.249394	0.249394	0.249393	0.249393	0.249393	0.249393	0.249392	0.249392	0.249391	0.249391	0.24939	0.249389	0.249389	0.249388	0.249387	0.249386	0.249385	0.249383	0.249382	0.249379	0.249377	0.249373	0.249369	
58	0.065	1	task-0:0.515	|	0.251766	0.380883	0.380883	0.288622	0.258366	0.258366	0.25242	0.25242	0.25008	0.25008	0.24982	0.24982	0.249599	0.249599	0.24962	0.249619	0.249574	0.249562	0.249549	0.249542	0.249537	0.249526	0.249517	0.249511	0.249502	0.249503	0.249503	0.249511	0.249511	0.249505	0.249504	0.249504	0.249503	0.249505	0.249504	0.249503	0.249503	0.249504	0.249504	0.249504	0.249504	0.249504	0.249504	0.249504	0.249504	0.249503	0.249502	0.249502	0.249501	0.2495	0.2495	0.249498	0.249497	0.249495	0.249493	0.24949	0.249487	0.249484	
64	0.072	1	task-0:0.5	|	0.254499	0.377901	0.377901	0.283281	0.263053	0.263053	0.250862	0.250862	0.25174	0.25174	0.249838	0.251193	0.251098	0.249921	0.249938	0.249938	0.249737	0.249829	0.249776	0.249697	0.249747	0.249727	0.249661	0.249647	0.249633	0.249601	0.249574	0.249552	0.24953	0.249513	0.249505	0.249506	0.249498	0.249489	0.249478	0.249474	0.249469	0.249464	0.249458	0.249452	0.249445	0.249439	0.249435	0.249434	0.249431	0.249429	0.249428	0.249428	0.249427	0.249427	0.249427	0.249427	0.249427	0.249428	0.249428	0.249428	0.249427	0.249427	0.249426	0.249426	0.249425	0.249425	0.249424	0.249422	
76	0.088	1	task-0:0.48	|	0.302053	0.258553	0.255726	0.252036	0.252033	0.249762	0.249762	0.24994	0.24994	0.249608	0.249851	0.249851	0.249642	0.249623	0.249623	0.249601	0.249601	0.249604	0.249604	0.2496	0.249601	0.249601	0.2496	0.249602	0.249607	0.249686	0.251548	0.250788	0.24967	0.249542	0.249518	0.249544	0.249573	0.24959	0.249596	0.249599	0.2496	0.249521	0.406953	0.383663	0.270396	0.249599	0.2496	0.245191	0.245555	0.24948	0.249486	0.248637	0.246712	0.247014	0.247655	0.247737	0.247504	0.247368	0.247391	0.247571	0.247661	0.247667	0.247657	0.247629	0.247579	0.247506	0.247419	0.247346	0.247396	0.247389	0.24737	0.247342	0.247315	0.247298	0.247292	0.24729	0.247288	0.247288	0.247289	0.2473	
60	0.071	1	task-0:0.495	|	0.25058	0.388415	0.388415	0.28671	0.254939	0.254939	0.252432	0.252432	0.249591	0.249591	0.249855	0.249855	0.249447	0.249668	0.249662	0.249457	0.249458	0.249454	0.24941	0.24941	0.24939	0.249376	0.249362	0.249342	0.249317	0.249287	0.249249	0.249201	0.24914	0.249062	0.248961	0.248831	0.248663	0.248451	0.248187	0.247868	0.247495	0.247074	0.246619	0.246138	0.24603	0.245721	0.245683	0.245702	0.24554	0.245423	0.2453	0.245182	0.245103	0.245029	0.244987	0.244728	0.244576	0.244479	0.24437	0.24588	0.244933	0.245755	0.245755	0.244795	
63	0.066	1	task-0:0.525	|	0.253553	0.387347	0.387347	0.281893	0.261061	0.261061	0.250235	0.250235	0.251085	0.251085	0.249339	0.250753	0.250753	0.249543	0.249414	0.249414	0.249302	0.2493	0.249301	0.249295	0.249276	0.249276	0.249267	0.249253	0.249245	0.249235	0.249223	0.24921	0.249198	0.249191	0.24918	0.249165	0.249149	0.249128	0.249103	0.249072	0.249031	0.248979	0.24891	0.248819	0.248701	0.248545	0.248346	0.248099	0.24781	0.2475	0.247182	0.246822	0.246448	0.246082	0.245898	0.245613	0.245468	0.245486	0.245419	0.245418	0.245461	0.24548	0.245504	0.245572	0.24551	0.245421	0.245369	
58	0.07	1	task-0:0.48	|	0.249689	0.403613	0.403613	0.295414	0.251866	0.251866	0.255518	0.255518	0.249746	0.25303	0.25303	0.250219	0.249978	0.249978	0.249621	0.249616	0.249603	0.249574	0.24955	0.249537	0.249522	0.249511	0.249503	0.249491	0.249485	0.249483	0.249486	0.249482	0.249477	0.24947	0.249465	0.24946	0.249456	0.249456	0.249456	0.249453	0.249457	0.249455	0.24945	0.24945	0.249449	0.249445	0.249442	0.249438	0.249434	0.249429	0.249423	0.249415	0.249405	0.249392	0.249376	0.249355	0.249329	0.249294	0.24928	0.249248	0.249209	0.249159	
64	0.067	1	task-0:0.515	|	0.254632	0.372594	0.372594	0.279104	0.262802	0.262802	0.250155	0.250155	0.251866	0.251866	0.249692	0.250581	0.250581	0.249639	0.249819	0.249819	0.249554	0.249699	0.249699	0.249562	0.249558	0.249554	0.249534	0.249532	0.249528	0.249523	0.249518	0.249514	0.249508	0.249501	0.249494	0.249487	0.249481	0.249477	0.249476	0.249472	0.249473	0.249473	0.249473	0.249473	0.249472	0.249469	0.249467	0.249465	0.249463	0.249461	0.24946	0.249458	0.249456	0.249454	0.24945	0.249446	0.249441	0.249437	0.249435	0.249433	0.24943	0.249428	0.249426	0.249424	0.249421	0.249417	0.249413	0.249408	
58	0.061	1	task-0:0.505	|	0.251261	0.381295	0.381295	0.288618	0.256555	0.256555	0.253015	0.253015	0.250036	0.250036	0.250226	0.250226	0.249815	0.250114	0.250099	0.249847	0.24982	0.249811	0.249784	0.249777	0.249763	0.24975	0.249733	0.249714	0.249691	0.249666	0.249637	0.249604	0.249568	0.249529	0.249489	0.249447	0.249402	0.249356	0.24931	0.249278	0.249251	0.249219	0.249182	0.249136	0.249075	0.248986	0.248853	0.248656	0.248375	0.248006	0.247576	0.247056	0.246582	0.246452	0.246121	0.245766	0.245381	0.24497	0.244881	0.24495	0.245077	0.245294	
59	0.087	1	task-0:0.495	|	0.250365	0.38459	0.38459	0.29493	0.255679	0.255679	0.254931	0.254931	0.249562	0.249567	0.25048	0.250378	0.249595	0.249766	0.249766	0.24953	0.249644	0.249644	0.249532	0.249542	0.249542	0.249518	0.249532	0.249529	0.249517	0.24952	0.24952	0.249516	0.249516	0.249515	0.249515	0.249514	0.249514	0.249513	0.249512	0.249511	0.24951	0.24951	0.249508	0.249505	0.249502	0.249498	0.249494	0.24949	0.249485	0.249482	0.249477	0.249473	0.249468	0.249462	0.249453	0.249443	0.249431	0.24945	0.249426	0.249431	0.249431	0.249419	0.24943	
60	0.076	1	task-0:0.48	|	0.27135	0.319531	0.319531	0.252225	0.281246	0.281246	0.255587	0.255713	0.255713	0.249704	0.249687	0.250323	0.250025	0.249498	0.249488	0.249434	0.249393	0.249333	0.249247	0.249124	0.248946	0.248697	0.248365	0.247946	0.24745	0.246907	0.246319	0.245718	0.245385	0.245483	0.245452	0.245175	0.244961	0.244877	0.24486	0.244905	0.244966	0.245079	0.245263	0.245486	0.245793	0.246236	0.246857	0.246707	0.247051	0.247466	0.247342	0.247073	0.247051	0.247164	0.24716	0.247068	0.246962	0.246918	0.246902	0.246885	0.246865	0.246844	0.246823	0.246803	
59	0.063	1	task-0:0.48	|	0.249733	0.317163	0.309401	0.269085	0.249622	0.249623	0.254393	0.254393	0.250656	0.249774	0.249774	0.249706	0.249706	0.249606	0.249605	0.249621	0.249613	0.249587	0.249583	0.24958	0.249577	0.24958	0.249587	0.249594	0.249602	0.249609	0.249612	0.249612	0.24961	0.249606	0.249602	0.2496	0.2496	0.2496	0.2496	0.2496	0.2496	0.249599	0.249596	0.24959	0.249574	0.249531	0.249402	0.248952	0.247342	0.244664	0.244724	0.245693	0.247006	0.247007	0.246629	0.246847	0.247204	0.247505	0.247637	0.247719	0.247742	0.247733	0.247718	
93	0.094	1	task-0:0.49	|	0.253076	0.29946	0.292512	0.257316	0.253344	0.253342	0.249772	0.249772	0.25019	0.25019	0.249632	0.249884	0.249884	0.249631	0.249662	0.249662	0.249601	0.249648	0.249648	0.249608	0.249603	0.249603	0.2496	0.249599	0.2496	0.249599	0.249599	0.249599	0.249598	0.249598	0.249598	0.249597	0.249597	0.249597	0.249598	0.249599	0.249602	0.249607	0.249616	0.249644	0.249777	0.250826	0.253861	0.256627	0.254444	0.253527	0.251501	0.248487	0.248502	0.248728	0.249169	0.249466	0.249568	0.249592	0.2496	0.249579	0.419439	0.390288	0.267953	0.249609	0.249608	0.246618	0.246992	0.249588	0.249592	0.249381	0.2475	0.246221	0.24689	0.247379	0.248269	0.248373	0.247909	0.24747	0.247559	0.247428	0.247504	0.247478	0.247583	0.247638	0.247688	0.247731	0.247762	0.247779	0.247779	0.247758	0.247713	0.247635	0.247525	0.247396	0.247301	0.247276	0.247274	
61	0.063	1	task-0:0.495	|	0.318211	0.249603	0.249574	0.264288	0.264019	0.253231	0.249804	0.249803	0.250134	0.250127	0.249634	0.250094	0.250036	0.24966	0.249642	0.249641	0.249593	0.249591	0.249609	0.249648	0.249739	0.249926	0.249785	0.249638	0.249582	0.249543	0.249515	0.249508	0.249531	0.249601	0.249684	0.249656	0.248717	0.245612	0.244027	0.246651	0.246819	0.244667	0.243322	0.243257	0.243318	0.244066	0.24388	0.243171	0.242841	0.242812	0.242755	0.24276	0.242892	0.242895	0.243132	0.243724	0.245069	0.248018	0.247182	0.249421	0.248433	0.248409	0.248409	0.248018	0.248659	
58	0.061	1	task-0:0.48	|	0.305391	0.264172	0.26299	0.24965	0.249644	0.252656	0.252656	0.250198	0.249768	0.249768	0.249632	0.249632	0.249611	0.249611	0.2496	0.249601	0.249604	0.249607	0.24961	0.249619	0.249636	0.249688	0.24988	0.249803	0.249857	0.249719	0.249591	0.249528	0.249505	0.249511	0.24953	0.249551	0.249568	0.249584	0.246485	0.245854	0.249629	0.249635	0.249455	0.244781	0.24508	0.24877	0.248851	0.247824	0.246224	0.246608	0.247536	0.247713	0.24765	0.247657	0.247728	0.247743	0.247713	0.24768	0.247641	0.247597	0.247561	0.247537	
58	0.087	1	task-0:0.51	|	0.29331	0.258659	0.25432	0.253139	0.253139	0.249595	0.249591	0.250192	0.249812	0.248289	0.250287	0.248588	0.247074	0.247104	0.246399	0.246279	0.246414	0.24632	0.246424	0.246458	0.246563	0.24654	0.246588	0.246651	0.246734	0.246846	0.246888	0.246964	0.247076	0.247221	0.247328	0.247463	0.247617	0.247819	0.247992	0.248251	0.248233	0.248228	0.248228	0.248208	0.248244	0.248244	0.248217	0.248231	0.248243	0.248248	0.248265	0.248289	0.248318	0.248352	0.248393	0.248443	0.248503	0.248577	0.248609	0.248626	0.248667	0.248667	
54	0.075	1	task-0:0.48	|	0.252357	0.308502	0.306109	0.267497	0.249731	0.249724	0.253591	0.253591	0.250291	0.249948	0.249948	0.249615	0.249615	0.249653	0.249653	0.249602	0.249624	0.249624	0.249602	0.249604	0.249605	0.249599	0.249604	0.249604	0.249601	0.249601	0.249601	0.249601	0.249601	0.249602	0.249602	0.249602	0.249603	0.249603	0.249603	0.249604	0.249605	0.249606	0.249599	0.24958	0.249574	0.249576	0.249581	0.249587	0.249591	0.249595	0.292416	0.27237	0.249616	0.249614	0.249592	0.245473	0.243547	0.247609	
65	0.08	1	task-0:0.53	|	0.261431	0.369997	0.369997	0.273188	0.272297	0.272297	0.250725	0.278717	0.276948	0.255189	0.251974	0.251974	0.250449	0.250459	0.250153	0.250056	0.249969	0.249909	0.249757	0.249627	0.249548	0.249457	0.249444	0.249417	0.249432	0.249425	0.249431	0.249419	0.249412	0.249413	0.249406	0.249402	0.249399	0.249396	0.249394	0.249391	0.249389	0.249387	0.249386	0.249385	0.249384	0.249384	0.249384	0.249383	0.249383	0.249383	0.249382	0.249382	0.249382	0.249382	0.249381	0.249381	0.24938	0.24938	0.249379	0.249378	0.249378	0.249377	0.249377	0.249376	0.249374	0.249373	0.249372	0.249371	0.24937	
58	0.059	1	task-0:0.52	|	0.314278	0.25467	0.254659	0.252413	0.252391	0.249692	0.249692	0.250067	0.250067	0.249636	0.249761	0.249761	0.249611	0.249661	0.249661	0.249604	0.249619	0.249619	0.249599	0.249606	0.249606	0.249598	0.249599	0.249599	0.249598	0.2496	0.249602	0.249605	0.249609	0.249614	0.249623	0.249637	0.249662	0.249687	0.249382	0.24881	0.248861	0.249092	0.249327	0.249477	0.249557	0.249613	0.249625	0.246437	0.245301	0.249209	0.249273	0.247228	0.243662	0.244216	0.245778	0.24801	0.248097	0.247497	0.247422	0.247535	0.247713	0.247923	
58	0.065	1	task-0:0.48	|	0.272574	0.263515	0.262009	0.249732	0.249732	0.252167	0.252167	0.249986	0.249916	0.249916	0.2496	0.249599	0.249666	0.249663	0.2496	0.249579	0.24955	0.24947	0.249263	0.24859	0.246711	0.246351	0.246077	0.245306	0.246638	0.246527	0.245631	0.245061	0.245018	0.245045	0.245322	0.245219	0.244918	0.244808	0.244774	0.244762	0.244783	0.244651	0.244589	0.24454	0.244508	0.244496	0.244503	0.244526	0.244564	0.24463	0.244746	0.244955	0.245325	0.245927	0.245918	0.246382	0.246852	0.247496	0.248249	0.248608	0.24914	0.249066	
61	0.061	1	task-0:0.505	|	0.2801	0.326037	0.326037	0.250164	0.291	0.291	0.260762	0.252701	0.252701	0.25038	0.25038	0.24959	0.24959	0.249538	0.249538	0.249447	0.249445	0.24944	0.249432	0.249431	0.249428	0.249427	0.249427	0.249425	0.249425	0.249425	0.249424	0.249424	0.249423	0.249423	0.249424	0.249425	0.249426	0.249426	0.249426	0.249426	0.249425	0.249426	0.249425	0.249425	0.249424	0.249424	0.249423	0.249423	0.249423	0.249422	0.249422	0.249422	0.249421	0.249421	0.249421	0.249421	0.24942	0.249419	0.249418	0.249417	0.249416	0.249415	0.249414	0.249414	0.249413	
66	0.078	1	task-0:0.545	|	0.267517	0.348415	0.348415	0.261519	0.279734	0.279734	0.251548	0.268779	0.268779	0.252052	0.253313	0.253313	0.249806	0.253224	0.253224	0.250433	0.249936	0.249936	0.2498	0.249789	0.249696	0.249659	0.249626	0.24958	0.249545	0.249526	0.249505	0.249489	0.249482	0.249485	0.249501	0.2495	0.249498	0.249498	0.249496	0.249495	0.249492	0.24949	0.249487	0.249485	0.249484	0.249485	0.249485	0.249484	0.249484	0.249484	0.249484	0.249484	0.249484	0.249484	0.249484	0.249484	0.249484	0.249484	0.249483	0.249483	0.249482	0.249482	0.249481	0.249481	0.249481	0.24948	0.249479	0.249478	0.249477	0.249476	
86	0.091	1	task-0:0.485	|	0.270909	0.295504	0.279702	0.251954	0.259722	0.259709	0.250289	0.253566	0.253566	0.249949	0.250842	0.250842	0.249668	0.250178	0.250178	0.249663	0.249732	0.249732	0.249603	0.249697	0.249697	0.249616	0.249608	0.249608	0.2496	0.2496	0.2496	0.2496	0.249599	0.249599	0.2496	0.2496	0.249602	0.249608	0.249631	0.249756	0.250894	0.26398	0.258886	0.25055	0.24925	0.248878	0.248954	0.249193	0.249409	0.249531	0.249579	0.249598	0.249607	0.249606	0.249544	0.246507	0.24677	0.249271	0.249305	0.248781	0.24728	0.245706	0.246189	0.247112	0.248037	0.248126	0.247847	0.247645	0.247486	0.247436	0.247425	0.247405	0.247394	0.247387	0.247385	0.247389	0.247401	0.247428	0.247483	0.247635	0.248	0.249107	0.25078	0.250284	0.249788	0.249794	0.250752	0.250897	0.250902	0.250896	
124	0.15	1	task-0:0.5	|	0.323947	0.249473	0.322929	0.316161	0.266545	0.251777	0.251777	0.251441	0.251441	0.249573	0.249574	0.249999	0.249998	0.249658	0.249585	0.249588	0.249585	0.24959	0.249589	0.2496	0.249613	0.249623	0.24963	0.249636	0.249638	0.249633	0.249622	0.249604	0.249581	0.249553	0.249523	0.249491	0.249465	0.249465	0.249536	0.249743	0.296121	0.284947	0.249588	0.24954	0.24969	0.265926	0.256961	0.249619	0.249615	0.249679	0.249647	0.249596	0.249537	0.249464	0.249382	0.249343	0.250024	0.302609	0.296674	0.253752	0.249657	0.249626	0.249591	0.249342	0.249409	0.249663	0.249875	0.249934	0.249896	0.249766	0.249579	0.249416	0.249151	0.248917	0.248852	0.249324	0.25109	0.262732	0.258517	0.251054	0.250233	0.24955	0.248559	0.248292	0.248594	0.249171	0.249662	0.25002	0.250011	0.29307	0.289316	0.245528	0.243562	0.249231	0.2494	0.247413	0.244091	0.244791	0.246323	0.245854	0.244381	0.24374	0.243505	0.243731	0.249851	0.247812	0.247643	0.247643	0.246889	0.24853	0.24853	0.247053	0.247345	0.247661	0.247944	0.248397	0.249152	0.248878	0.249117	0.249593	0.249375	0.249428	0.249428	0.249308	0.249418	0.249418	0.249321	0.2493	
61	0.075	1	task-0:0.48	|	0.270491	0.273616	0.261813	0.250081	0.250081	0.251413	0.251413	0.249715	0.250392	0.250392	0.249695	0.2498	0.249797	0.249615	0.249741	0.249741	0.249632	0.249622	0.249622	0.24961	0.24961	0.249612	0.249613	0.249612	0.249615	0.249617	0.249617	0.249613	0.249597	0.249572	0.249526	0.249441	0.249285	0.24903	0.24873	0.248598	0.248437	0.248311	0.248299	0.248507	0.248834	0.248707	0.248833	0.249017	0.249247	0.249487	0.249606	0.24958	0.249565	0.249521	0.249406	0.249135	0.248499	0.248247	0.248315	0.247998	0.247681	0.247461	0.247349	0.247281	0.247229	
69	0.081	1	task-0:0.53	|	0.269001	0.350062	0.350062	0.257518	0.280093	0.280093	0.252665	0.263957	0.263957	0.25025	0.254762	0.254762	0.249956	0.251003	0.251003	0.249456	0.250286	0.250286	0.249522	0.24953	0.24953	0.249396	0.249534	0.249517	0.249407	0.249398	0.249398	0.249385	0.249385	0.249381	0.249378	0.249375	0.249371	0.249366	0.249361	0.249356	0.249352	0.249349	0.249347	0.249345	0.249337	0.249329	0.249325	0.249321	0.249314	0.249307	0.249298	0.249295	0.24929	0.249284	0.249278	0.249272	0.249268	0.249263	0.249258	0.249252	0.249245	0.249238	0.24923	0.249224	0.249217	0.24921	0.2492	0.24919	0.249177	0.249163	0.249152	0.249137	0.249121	
53	0.055	1	task-0:0.48	|	0.266597	0.269946	0.268206	0.249753	0.267193	0.26719	0.253432	0.250348	0.250348	0.249909	0.249909	0.249624	0.249624	0.249641	0.249641	0.249601	0.249636	0.249636	0.249607	0.249569	0.249585	0.249596	0.2496	0.2496	0.2496	0.2496	0.2496	0.2496	0.2496	0.2496	0.2496	0.249589	0.24537	0.245675	0.245005	0.245	0.246046	0.247247	0.247991	0.248025	0.247376	0.247289	0.247288	0.247292	0.247644	0.247723	0.247514	0.247334	0.247279	0.247275	0.247273	0.247273	0.247273	
64	0.064	1	task-0:0.48	|	0.250323	0.37602	0.37602	0.286452	0.253451	0.253451	0.253763	0.253763	0.249872	0.250291	0.249725	0.25067	0.250602	0.249819	0.249764	0.249764	0.249677	0.249675	0.249683	0.249676	0.249654	0.249643	0.24963	0.249612	0.249593	0.24957	0.249542	0.249508	0.249467	0.249421	0.24937	0.249302	0.249212	0.249084	0.248906	0.248651	0.24833	0.247956	0.247558	0.247157	0.246889	0.246513	0.246102	0.245654	0.245179	0.244728	0.244428	0.244386	0.24428	0.244046	0.24392	0.24383	0.243741	0.243683	0.243685	0.243668	0.243688	0.243733	0.243809	0.243951	0.244215	0.244723	0.245758	0.247459	
59	0.069	1	task-0:0.52	|	0.282644	0.27401	0.266723	0.249637	0.2696	0.26959	0.254273	0.250048	0.250048	0.25009	0.25009	0.249534	0.249471	0.249362	0.248896	0.248306	0.248241	0.248214	0.248175	0.247786	0.247178	0.246635	0.246244	0.245965	0.245922	0.246224	0.246184	0.246275	0.246438	0.246832	0.247331	0.247154	0.24722	0.247312	0.247439	0.247612	0.247843	0.248242	0.24815	0.248158	0.248158	0.248102	0.248174	0.248174	0.248117	0.248125	0.24815	0.248184	0.248195	0.248195	0.248211	0.248236	0.248267	0.248304	0.248349	0.248403	0.248469	0.248549	0.248579	
59	0.061	1	task-0:0.48	|	0.286492	0.278377	0.278128	0.251908	0.259559	0.259491	0.250303	0.253606	0.253606	0.249939	0.250855	0.250855	0.249674	0.250166	0.250166	0.249658	0.24974	0.24974	0.249605	0.249691	0.249691	0.249614	0.249611	0.249611	0.2496	0.2496	0.249602	0.249602	0.2496	0.249599	0.249599	0.249599	0.249598	0.249598	0.249598	0.249597	0.249597	0.249598	0.2496	0.249602	0.249605	0.249608	0.249611	0.249613	0.249612	0.249605	0.249583	0.249553	0.249534	0.249524	0.249527	0.249544	0.249577	0.249627	0.249629	0.248917	0.246996	0.245182	0.246456	
66	0.076	1	task-0:0.53	|	0.257679	0.375319	0.375319	0.272531	0.265997	0.265997	0.250128	0.25045	0.251455	0.250798	0.249782	0.249782	0.249836	0.249836	0.249693	0.24982	0.249817	0.249713	0.24969	0.249686	0.249679	0.249674	0.249665	0.249657	0.249645	0.249632	0.249615	0.249592	0.249563	0.249526	0.249476	0.24941	0.249324	0.24921	0.249065	0.248885	0.248675	0.248455	0.248212	0.247918	0.247564	0.247149	0.246686	0.246199	0.246258	0.245986	0.245777	0.245769	0.245837	0.246003	0.245997	0.245889	0.245786	0.245682	0.245567	0.24555	0.245489	0.24543	0.245365	0.245296	0.245285	0.245302	0.245286	0.245285	0.245265	0.245251	
59	0.059	1	task-0:0.48	|	0.339715	0.255112	0.253664	0.253514	0.253466	0.2496	0.2496	0.250561	0.250561	0.249836	0.249611	0.249611	0.249636	0.249636	0.249602	0.249619	0.249619	0.249602	0.249604	0.249604	0.2496	0.249603	0.249602	0.2496	0.249599	0.249599	0.249599	0.2496	0.249601	0.311324	0.289569	0.249604	0.249603	0.249462	0.251107	0.245256	0.245775	0.246074	0.244378	0.244286	0.245033	0.24616	0.246456	0.246232	0.246082	0.246681	0.247261	0.247377	0.247389	0.247375	0.247354	0.247334	0.247322	0.247321	0.247332	0.247343	0.247356	0.24738	0.247453	
119	0.126	1	task-0:0.475	|	0.251209	0.384567	0.384567	0.279932	0.255346	0.255346	0.251213	0.251213	0.250049	0.250049	0.249682	0.249682	0.249645	0.249645	0.249607	0.2496	0.249583	0.249568	0.249551	0.249534	0.249518	0.249503	0.249492	0.249488	0.249482	0.249479	0.249476	0.249474	0.249472	0.249469	0.249468	0.249467	0.249472	0.249468	0.249465	0.249464	0.249465	0.249464	0.249462	0.24946	0.249458	0.249456	0.249454	0.249451	0.249447	0.249443	0.249438	0.249432	0.249426	0.249422	0.249416	0.249409	0.249401	0.24939	0.249377	0.249359	0.249338	0.24931	0.249275	0.24923	0.249197	0.249143	0.24908	0.249003	0.248899	0.248766	0.248606	0.248432	0.24822	0.247972	0.247701	0.247424	0.247139	0.246874	0.246676	0.246583	0.246491	0.24634	0.246186	0.246024	0.245954	0.245951	0.245924	0.245837	0.245816	0.245802	0.245758	0.245715	0.245684	0.245686	0.245676	0.245668	0.245665	0.245573	0.245509	0.245483	0.245382	0.245289	0.245187	0.245074	0.244987	0.244893	0.244733	0.244852	0.24463	0.244707	0.244707	0.24458	0.244566	0.244547	0.244552	0.244544	0.244531	0.244524	0.244518	0.244512	0.244514	0.244515	0.244514	
58	0.084	1	task-0:0.52	|	0.261351	0.291413	0.289566	0.257396	0.253218	0.25319	0.249826	0.249826	0.250103	0.250103	0.249613	0.249952	0.249951	0.249657	0.249635	0.249635	0.2496	0.249601	0.249607	0.249607	0.249601	0.249602	0.249603	0.249605	0.249611	0.249625	0.249664	0.249802	0.249785	0.249691	0.249678	0.249687	0.249698	0.249671	0.249638	0.249617	0.249599	0.249579	0.249553	0.24952	0.249476	0.249414	0.249323	0.249206	0.249317	0.254648	0.252524	0.249631	0.249473	0.249512	0.249582	0.249583	0.248773	0.247814	0.246252	0.247372	0.247444	0.246432	
73	0.09	1	task-0:0.49	|	0.27845	0.2642	0.262966	0.249646	0.249646	0.252643	0.252643	0.250193	0.24977	0.24977	0.249632	0.249632	0.249612	0.249612	0.2496	0.2496	0.249602	0.249602	0.249602	0.249606	0.249611	0.249623	0.249675	0.249915	0.24981	0.249645	0.249604	0.249544	0.249473	0.249421	0.249383	0.249359	0.249347	0.249335	0.249252	0.290818	0.267925	0.249544	0.249585	0.249515	0.245831	0.244874	0.248561	0.248668	0.247072	0.244286	0.244598	0.246383	0.246712	0.246429	0.246198	0.246055	0.246508	0.246734	0.246945	0.247133	0.247287	0.247392	0.247454	0.247508	0.247559	0.247627	0.247738	0.24793	0.248241	0.24857	0.24835	0.251676	0.251725	0.247801	0.247687	0.247818	0.247796	
88	0.101	1	task-0:0.48	|	0.282119	0.293955	0.293825	0.259826	0.25182	0.25175	0.250426	0.250426	0.249676	0.249676	0.249701	0.249701	0.249601	0.249712	0.249712	0.249624	0.249603	0.249603	0.249602	0.249602	0.2496	0.2496	0.2496	0.2496	0.2496	0.249601	0.249601	0.249602	0.249603	0.249604	0.249606	0.249608	0.249612	0.249617	0.249626	0.249642	0.249675	0.249757	0.249975	0.249928	0.249774	0.249679	0.249666	0.249675	0.249688	0.249705	0.249673	0.249655	0.249621	0.249592	0.249559	0.249517	0.249463	0.249394	0.249303	0.249168	0.248867	0.395214	0.393422	0.248577	0.248813	0.249548	0.249526	0.249295	0.249438	0.249538	0.249557	0.247164	0.246991	0.244911	0.244412	0.245471	0.245636	0.244992	0.244366	0.243869	0.244206	0.244339	0.244522	0.24474	0.245174	0.245496	0.245398	0.245168	0.244839	0.244112	0.243013	0.244598	
70	0.074	1	task-0:0.5	|	0.280855	0.323499	0.323499	0.251448	0.294009	0.29221	0.26743	0.251413	0.260002	0.260002	0.250736	0.252518	0.252518	0.250113	0.251272	0.251272	0.250088	0.250253	0.250253	0.249966	0.250043	0.250001	0.249895	0.24995	0.249944	0.249865	0.249798	0.249754	0.249713	0.249671	0.249629	0.249592	0.249562	0.24954	0.249539	0.249625	0.249581	0.249588	0.249592	0.249568	0.249568	0.249565	0.249563	0.249561	0.249563	0.249562	0.249561	0.249558	0.24955	0.249536	0.249513	0.249472	0.24941	0.249318	0.249197	0.249065	0.248962	0.248819	0.248651	0.248478	0.248265	0.248018	0.247721	0.247364	0.24695	0.246491	0.246002	0.245497	0.244995	0.244647	
64	0.088	1	task-0:0.505	|	0.252954	0.372807	0.372807	0.276582	0.258628	0.258628	0.250423	0.250423	0.251088	0.251088	0.249751	0.250821	0.250821	0.249896	0.24981	0.24981	0.249718	0.249709	0.249689	0.249666	0.249643	0.249618	0.249582	0.249541	0.249493	0.24944	0.249386	0.249336	0.249302	0.249301	0.249283	0.24929	0.249272	0.249264	0.249264	0.249262	0.24926	0.249255	0.24925	0.249244	0.249237	0.249229	0.24922	0.249212	0.249206	0.249205	0.2492	0.249192	0.249182	0.24917	0.249156	0.249139	0.249122	0.249099	0.249072	0.249039	0.248998	0.248949	0.248921	0.248879	0.248831	0.248771	0.24869	0.248589	
