54	0.041	8	task-0:0.49	|	0.318999	0.398884	0.398672	0.363964	0.251755	0.251542	0.273164	0.273164	0.24031	0.258704	0.2586	0.242134	0.240852	0.240662	0.238818	0.238663	0.238147	0.23769	0.237179	0.236662	0.236137	0.235678	0.23532	0.235147	0.234917	0.234554	0.231994	0.227916	0.226893	0.226059	0.22465	0.222258	0.220819	0.218836	0.217434	0.215462	0.214535	0.213643	0.211821	0.210439	0.208988	0.208077	0.207606	0.205991	0.205229	0.205307	0.204236	0.20295	0.200998	0.20063	0.198661	0.197439	0.196356	0.195127	
62	0.044	8	task-0:0.485	|	0.248518	0.399559	0.399492	0.385726	0.24193	0.46152	0.439878	0.32471	0.239493	0.306873	0.300321	0.250121	0.243527	0.243518	0.237795	0.23768	0.237357	0.236828	0.235903	0.235289	0.23445	0.233758	0.233562	0.232744	0.232661	0.231526	0.229718	0.227883	0.226044	0.224506	0.222891	0.22144	0.22078	0.22044	0.220036	0.219683	0.21956	0.219454	0.219274	0.219055	0.218863	0.218658	0.218625	0.218848	0.219071	0.219324	0.218621	0.207321	0.263496	0.256588	0.193454	0.217121	0.215409	0.200914	0.193449	0.193441	0.191406	0.191337	0.188655	0.188103	0.188815	0.187748	
84	0.054	8	task-0:0.43	|	0.248702	0.399485	0.399241	0.38763	0.270328	0.380545	0.358279	0.261932	0.250137	0.249761	0.241899	0.241772	0.241096	0.240103	0.238644	0.237575	0.235847	0.233746	0.230985	0.226953	0.223181	0.221536	0.219677	0.218348	0.218722	0.218597	0.219255	0.219728	0.21915	0.219001	0.218997	0.218784	0.21778	0.206634	0.213623	0.211051	0.201723	0.200867	0.20018	0.197636	0.198875	0.198195	0.195609	0.19546	0.193869	0.192781	0.191986	0.191185	0.190452	0.18904	0.188183	0.187755	0.18599	0.184591	0.183009	0.181288	0.179267	0.17705	0.174683	0.172133	0.170822	0.167634	0.165219	0.163678	0.160753	0.158852	0.157355	0.156309	0.154192	0.15486	0.153505	0.154116	0.153529	0.153566	0.154125	0.153517	0.153396	0.153193	0.153099	0.153126	0.153332	0.153685	0.154223	0.154994	
55	0.035	8	task-0:0.495	|	0.390345	0.383979	0.374956	0.297126	0.263725	0.263396	0.244602	0.244602	0.242352	0.242352	0.240567	0.240454	0.239997	0.23961	0.239316	0.238944	0.238323	0.237582	0.236935	0.236509	0.249596	0.241022	0.23206	0.229941	0.22801	0.225973	0.223735	0.221464	0.219387	0.21753	0.216443	0.216193	0.216	0.216295	0.216802	0.216951	0.217305	0.23543	0.215967	0.179751	0.178687	0.168604	0.221273	0.220793	0.196069	0.167858	0.168156	0.172474	0.20287	0.198855	0.176732	0.167439	0.16592	0.163784	0.162999	
59	0.038	8	task-0:0.51	|	0.312262	0.395483	0.391963	0.333302	0.24665	0.246469	0.262938	0.262938	0.24317	0.24976	0.24976	0.242365	0.24375	0.243496	0.241334	0.242488	0.242347	0.240985	0.240462	0.240136	0.23981	0.239428	0.238895	0.238355	0.237795	0.237209	0.236644	0.236151	0.235651	0.234934	0.233681	0.228485	0.231357	0.19717	0.182702	0.176623	0.168815	0.164928	0.191965	0.176113	0.1665	0.163812	0.16311	0.16372	0.164015	0.164278	0.165645	0.163993	0.164522	0.165286	0.166352	0.168151	0.16772	0.168417	0.168822	0.16866	0.167862	0.166494	0.164757	
56	0.037	8	task-0:0.495	|	0.36143	0.3782	0.367939	0.315404	0.248569	0.266071	0.264496	0.243227	0.242928	0.242818	0.2401	0.240041	0.240566	0.24038	0.239599	0.238973	0.238088	0.236433	0.233019	0.22626	0.221012	0.218986	0.230336	0.22935	0.219922	0.21899	0.218845	0.218794	0.219045	0.218244	0.217925	0.217815	0.217989	0.218546	0.220298	0.223312	0.239295	0.232262	0.231501	0.231501	0.228205	0.233248	0.232701	0.228437	0.226722	0.226128	0.225997	0.225344	0.22422	0.223181	0.222337	0.222041	0.221639	0.221336	0.220985	0.220966	
57	0.037	8	task-0:0.495	|	0.294139	0.395305	0.39259	0.341811	0.239187	0.33824	0.325671	0.270794	0.242372	0.247392	0.246919	0.240032	0.243694	0.243526	0.239956	0.240239	0.240185	0.239199	0.23935	0.239076	0.238779	0.239199	0.239141	0.243077	0.241126	0.24002	0.239344	0.239251	0.239333	0.239397	0.238773	0.238381	0.238024	0.237819	0.238138	0.23933	0.237901	0.237304	0.236766	0.236164	0.22873	0.207656	0.209245	0.254845	0.240363	0.281861	0.277335	0.234475	0.225407	0.224922	0.208042	0.207835	0.210711	0.233912	0.21911	0.197027	0.197143	
55	0.036	8	task-0:0.495	|	0.279329	0.397841	0.397349	0.344583	0.272483	0.272355	0.253195	0.253195	0.2413	0.24127	0.240873	0.240534	0.239228	0.238963	0.23852	0.238084	0.23765	0.237181	0.236615	0.235977	0.235255	0.234416	0.23345	0.23238	0.231137	0.229755	0.228225	0.2267	0.224528	0.222543	0.221488	0.220046	0.217768	0.215385	0.214216	0.214741	0.215651	0.217429	0.220448	0.225743	0.220888	0.219941	0.219252	0.219379	0.218536	0.230905	0.227598	0.217167	0.219009	0.218552	0.215309	0.219008	0.218964	0.214605	0.214486	
62	0.04	8	task-0:0.495	|	0.25655	0.399272	0.399021	0.383876	0.247996	0.421204	0.408492	0.328684	0.249118	0.26737	0.26737	0.239493	0.25566	0.25566	0.240393	0.24108	0.24108	0.238058	0.240776	0.240482	0.238135	0.237715	0.23753	0.236978	0.236622	0.236113	0.235528	0.234837	0.234045	0.233194	0.232131	0.230938	0.229852	0.22827	0.226294	0.224159	0.222025	0.219843	0.218603	0.216829	0.209992	0.169116	0.1651	0.189956	0.183411	0.163069	0.16186	0.161503	0.162519	0.167812	0.162974	0.158964	0.157849	0.157245	0.156625	0.156088	0.155884	0.156627	0.154383	0.153677	0.153164	0.152878	
81	0.051	8	task-0:0.48	|	0.24999	0.396192	0.394989	0.361292	0.241662	0.389364	0.344448	0.280574	0.247218	0.242855	0.242805	0.24016	0.24009	0.239858	0.239658	0.23922	0.238923	0.238479	0.237591	0.235642	0.230952	0.222624	0.222475	0.229114	0.239217	0.229705	0.223434	0.22733	0.229972	0.225267	0.192056	0.188645	0.188735	0.185537	0.187197	0.182787	0.179827	0.174937	0.175138	0.175049	0.175892	0.177517	0.179618	0.181348	0.182458	0.182907	0.182814	0.182359	0.183432	0.195468	0.182865	0.184546	0.177569	0.174151	0.166932	0.145702	0.13414	0.125726	0.127258	0.11389	0.111762	0.115038	0.12434	0.127896	0.203379	0.273685	0.31194	0.315582	0.30622	0.531633	0.5381	0.322415	0.184139	0.273196	0.271016	0.25156	0.169668	0.169482	0.167977	0.164796	0.218467	
54	0.049	8	task-0:0.525	|	0.417041	0.380586	0.369245	0.286624	0.256872	0.256283	0.242597	0.242412	0.241597	0.240551	0.239408	0.238558	0.236912	0.235563	0.234141	0.232692	0.230219	0.228708	0.226237	0.226278	0.243582	0.242206	0.223085	0.221952	0.22268	0.222766	0.222225	0.221299	0.220991	0.220769	0.220352	0.219719	0.219004	0.218234	0.217416	0.2172	0.216787	0.216418	0.216258	0.216192	0.216003	0.215893	0.215807	0.215768	0.215809	0.215866	0.216006	0.263492	0.193589	0.190884	0.19382	0.190798	0.173386	0.215797	
59	0.039	8	task-0:0.495	|	0.256088	0.597094	0.596607	0.545551	0.272792	0.292918	0.286587	0.246753	0.263142	0.262683	0.239668	0.246401	0.245945	0.239269	0.23993	0.239602	0.237846	0.238661	0.238174	0.237032	0.236684	0.236126	0.235085	0.233989	0.232723	0.231014	0.229138	0.227005	0.224496	0.221831	0.219374	0.217762	0.217541	0.217595	0.21806	0.218602	0.223257	0.225947	0.235646	0.230839	0.223544	0.221878	0.220864	0.219064	0.217633	0.216697	0.216536	0.21603	0.215583	0.215178	0.214103	0.210773	0.207717	0.206779	0.207297	0.206144	0.204325	0.204554	0.203081	
74	0.048	8	task-0:0.48	|	0.240378	0.387724	0.34579	0.299215	0.299067	0.254479	0.254479	0.255978	0.255978	0.249225	0.249038	0.247041	0.24574	0.245134	0.243213	0.241158	0.239152	0.237149	0.235224	0.233444	0.23214	0.231767	0.233128	0.230968	0.229	0.226971	0.22629	0.224839	0.221991	0.218153	0.213198	0.208267	0.204446	0.203881	0.200523	0.197378	0.196248	0.195922	0.193745	0.192656	0.191551	0.190407	0.189875	0.189158	0.189137	0.187753	0.187368	0.186732	0.18641	0.186321	0.185729	0.185099	0.184465	0.183735	0.18287	0.181894	0.180815	0.179619	0.178554	0.177546	0.177274	0.176602	0.176595	0.176136	0.175892	0.175771	0.175938	0.175669	0.175648	0.175549	0.175481	0.175457	0.175331	0.175223	
73	0.055	8	task-0:0.485	|	0.24315	0.594173	0.588323	0.496274	0.264079	0.263305	0.255891	0.241138	0.245336	0.245215	0.240285	0.241868	0.241853	0.24009	0.24051	0.240482	0.239869	0.240076	0.240001	0.239606	0.239342	0.238725	0.237097	0.232009	0.224977	0.226749	0.226982	0.231407	0.234462	0.230316	0.226552	0.22651	0.225808	0.22586	0.226115	0.226018	0.225641	0.223602	0.246748	0.215545	0.209043	0.197662	0.182794	0.234224	0.209292	0.283131	0.283131	0.172715	0.218192	0.218192	0.187801	0.176437	0.176437	0.173218	0.173215	0.171825	0.173464	0.172257	0.171178	0.171088	0.171122	0.171211	0.171281	0.170733	0.170363	0.169938	0.169739	0.169758	0.170028	0.169013	0.168461	0.167837	0.167145	
81	0.051	8	task-0:0.485	|	0.244479	0.596014	0.594711	0.522263	0.249211	0.306164	0.298181	0.270767	0.247494	0.242832	0.242813	0.240592	0.240535	0.239765	0.239462	0.23921	0.238766	0.238021	0.237309	0.237123	0.240043	0.237874	0.234143	0.233161	0.23333	0.234184	0.236432	0.237354	0.237531	0.236722	0.235895	0.235802	0.235943	0.236715	0.237494	0.238981	0.241343	0.244524	0.242833	0.243018	0.242672	0.242175	0.240588	0.237212	0.347986	0.4	0.4	0.315593	0.288024	0.277692	0.297292	0.300824	0.28477	0.250721	0.355103	0.355103	0.268285	0.254979	0.254978	0.246577	0.246574	0.242277	0.241924	0.240271	0.237785	0.236007	0.234112	0.232206	0.230462	0.228914	0.227542	0.225968	0.224831	0.224158	0.223981	0.223256	0.222262	0.221252	0.22015	0.219019	0.217955	
54	0.037	8	task-0:0.495	|	0.266683	0.590215	0.585239	0.489004	0.257136	0.283487	0.269788	0.242723	0.246507	0.246233	0.240545	0.241752	0.241655	0.240061	0.240832	0.240781	0.239901	0.239766	0.239436	0.238463	0.235879	0.228175	0.221816	0.219762	0.223151	0.222619	0.217948	0.215598	0.215833	0.216947	0.21651	0.216126	0.21636	0.216163	0.216035	0.216209	0.216499	0.216676	0.217709	0.316167	0.285843	0.22557	0.224995	0.219178	0.297045	0.297045	0.22719	0.219031	0.218608	0.216384	0.234968	0.234924	0.218416	0.216233	
83	0.054	8	task-0:0.495	|	0.24171	0.397571	0.39643	0.359735	0.246678	0.325975	0.305778	0.254878	0.239945	0.239946	0.240712	0.239752	0.238665	0.240171	0.239056	0.238779	0.238304	0.237561	0.237415	0.236382	0.234745	0.232924	0.230148	0.227207	0.226869	0.231792	0.287154	0.271343	0.271029	0.283886	0.23669	0.235389	0.222588	0.202085	0.194265	0.282489	0.282353	0.200072	0.193958	0.193091	0.188598	0.195911	0.192099	0.187433	0.187202	0.186573	0.185801	0.184674	0.182695	0.179384	0.1767	0.177354	0.176242	0.174471	0.173523	0.172152	0.170473	0.168494	0.166302	0.164124	0.162349	0.161757	0.166781	0.231847	0.160891	0.160419	0.159153	0.161837	0.239273	0.224966	0.241739	0.241738	0.176987	0.199162	0.178576	0.172809	0.172809	0.166325	0.169527	0.165639	0.163618	0.161588	0.159756	
81	0.061	8	task-0:0.44	|	0.262284	0.395173	0.39355	0.353381	0.254458	0.268933	0.258319	0.2399	0.247482	0.246752	0.239643	0.24008	0.239675	0.236946	0.236264	0.23414	0.23185	0.230102	0.228361	0.226204	0.223827	0.221393	0.219584	0.218763	0.217916	0.217406	0.217141	0.217511	0.217459	0.217264	0.214689	0.207978	0.193044	0.212429	0.211088	0.204598	0.194517	0.197199	0.195159	0.199389	0.196021	0.198013	0.199892	0.198597	0.194876	0.191953	0.188299	0.181481	0.240113	0.233374	0.192453	0.171513	0.168919	0.166701	0.195694	0.192608	0.167027	0.165831	0.170241	0.173302	0.167069	0.162179	0.160711	0.159348	0.15864	0.157974	0.157808	0.159718	0.167587	0.163547	0.156551	0.155763	0.156226	0.158197	0.176549	0.180217	0.155024	0.153821	0.153288	0.152537	0.151999	
60	0.039	8	task-0:0.52	|	0.287655	0.5671	0.555895	0.413505	0.241898	0.288237	0.284715	0.259844	0.242035	0.248541	0.248541	0.240488	0.243216	0.243179	0.240288	0.240726	0.24063	0.239687	0.239977	0.239671	0.238794	0.23811	0.236799	0.233908	0.217409	0.262091	0.238509	0.221579	0.221501	0.205542	0.205394	0.207391	0.207378	0.204391	0.204323	0.204227	0.204053	0.203892	0.203815	0.203761	0.203709	0.203705	0.203799	0.203628	0.204017	0.204942	0.207814	0.211092	0.289801	0.240836	0.277314	0.277272	0.197881	0.254004	0.253615	0.210993	0.203369	0.203369	0.196611	0.196238	
61	0.046	8	task-0:0.52	|	0.260242	0.39891	0.398776	0.372377	0.239965	0.29589	0.23714	0.27061	0.266387	0.238727	0.249569	0.249569	0.234711	0.240752	0.240622	0.235039	0.235239	0.235238	0.234012	0.23444	0.234042	0.233465	0.23343	0.233169	0.232738	0.232359	0.231945	0.231422	0.230839	0.230185	0.229431	0.228554	0.22758	0.22664	0.225744	0.225797	0.225392	0.225896	0.225398	0.224794	0.224715	0.224535	0.224401	0.224276	0.224145	0.223999	0.223846	0.223685	0.223298	0.222751	0.222129	0.221538	0.220799	0.219681	0.218026	0.20458	0.258363	0.257225	0.204422	0.219535	0.218131	
73	0.047	8	task-0:0.5	|	0.241898	0.507218	0.23861	0.384983	0.384944	0.318372	0.263714	0.263714	0.247933	0.247933	0.234374	0.236305	0.232844	0.231867	0.230714	0.229551	0.228783	0.227094	0.225656	0.223908	0.222106	0.220613	0.218831	0.217354	0.216013	0.213786	0.211215	0.208669	0.206112	0.203516	0.201193	0.198893	0.197215	0.195686	0.194163	0.192503	0.191122	0.189283	0.187407	0.185497	0.183392	0.181694	0.180033	0.178694	0.177671	0.178121	0.17674	0.176383	0.175783	0.175943	0.175265	0.175161	0.175142	0.175112	0.174904	0.174649	0.174414	0.174162	0.173921	0.173646	0.173333	0.173025	0.172687	0.172525	0.172275	0.172038	0.171868	0.171623	0.171376	0.171131	0.170835	0.170493	0.170116	
60	0.047	8	task-0:0.505	|	0.389916	0.385451	0.380663	0.288926	0.284288	0.281178	0.243892	0.253347	0.251524	0.240783	0.246687	0.246208	0.240633	0.240822	0.240638	0.23937	0.239954	0.23945	0.238215	0.237634	0.237062	0.236316	0.235679	0.235072	0.23484	0.234106	0.23336	0.231759	0.214631	0.26191	0.25951	0.215194	0.23313	0.22974	0.212682	0.230077	0.229648	0.213127	0.213305	0.213228	0.209385	0.209035	0.208435	0.207873	0.207383	0.207003	0.206862	0.206815	0.206932	0.207805	0.249385	0.235955	0.237608	0.235461	0.180549	0.242123	0.240913	0.19368	0.192264	0.190178	
60	0.044	8	task-0:0.525	|	0.307376	0.392531	0.390857	0.337718	0.240028	0.239346	0.254124	0.24765	0.237216	0.243374	0.243158	0.238062	0.237128	0.236959	0.236016	0.235253	0.233337	0.230727	0.226033	0.220074	0.218641	0.221379	0.220066	0.218209	0.21819	0.218381	0.218452	0.218138	0.218074	0.218041	0.218007	0.217983	0.217937	0.217876	0.217518	0.213973	0.235056	0.230809	0.21004	0.209672	0.206883	0.205269	0.20618	0.20635	0.203909	0.202059	0.200403	0.200206	0.199492	0.198755	0.198053	0.197466	0.197018	0.197288	0.198343	0.205956	0.203101	0.195906	0.194942	0.194674	
55	0.037	8	task-0:0.555	|	0.314711	0.375455	0.363912	0.312428	0.252166	0.248614	0.246328	0.24062	0.240552	0.240218	0.240007	0.23963	0.239402	0.239065	0.238585	0.23786	0.237099	0.237286	0.239803	0.241896	0.241539	0.240404	0.23747	0.237228	0.23631	0.235172	0.232229	0.229282	0.226451	0.225804	0.223734	0.222705	0.221013	0.217222	0.211698	0.209113	0.203334	0.211612	0.199094	0.19767	0.213684	0.201419	0.214222	0.206338	0.206915	0.210521	0.215252	0.211414	0.21353	0.215945	0.21324	0.21376	0.215093	0.216029	0.216637	
57	0.061	8	task-0:0.495	|	0.240262	0.397943	0.393808	0.326843	0.236835	0.31693	0.309114	0.262626	0.237097	0.262617	0.259773	0.23986	0.237975	0.237683	0.235134	0.234692	0.23412	0.233566	0.233297	0.233136	0.233021	0.233456	0.234687	0.234321	0.235335	0.23672	0.244276	0.242082	0.236746	0.236675	0.237555	0.239005	0.238349	0.236992	0.23608	0.235907	0.235815	0.235924	0.235933	0.23592	0.235919	0.236019	0.235392	0.234882	0.23423	0.233411	0.232371	0.231039	0.229355	0.227283	0.226523	0.22508	0.226821	0.228041	0.228626	0.229102	0.229813	
80	0.07	8	task-0:0.455	|	0.254239	0.398651	0.398414	0.37866	0.254278	0.36327	0.312626	0.247726	0.243902	0.243797	0.240352	0.240252	0.240792	0.240586	0.239571	0.239039	0.23836	0.237033	0.235179	0.231787	0.224953	0.214291	0.256166	0.254313	0.258645	0.263635	0.248295	0.238361	0.233693	0.221115	0.223704	0.223383	0.219907	0.216155	0.210617	0.203268	0.193478	0.196172	0.189719	0.174908	0.167967	0.160386	0.157006	0.15325	0.152097	0.152203	0.15116	0.152002	0.151613	0.150446	0.14997	0.149675	0.149482	0.149213	0.148708	0.148217	0.147731	0.147281	0.146867	0.14645	0.146446	0.145976	0.14538	0.144836	0.144351	0.143869	0.143388	0.14279	0.142129	0.141312	0.140471	0.139518	0.138532	0.139782	0.137656	0.139224	0.139238	0.137516	0.137777	0.137662	
59	0.053	8	task-0:0.505	|	0.260785	0.399073	0.398877	0.372122	0.24228	0.242196	0.293132	0.293132	0.2513	0.245222	0.245222	0.240906	0.240691	0.239878	0.239198	0.238637	0.238139	0.237234	0.236246	0.235181	0.233927	0.232369	0.230373	0.227882	0.220752	0.195995	0.190561	0.192192	0.189641	0.176115	0.175114	0.175516	0.173184	0.169767	0.168033	0.166436	0.165142	0.164071	0.162869	0.160421	0.158915	0.158219	0.156951	0.156257	0.155689	0.155109	0.154575	0.154361	0.155091	0.157778	0.154869	0.155485	0.157	0.154645	0.153872	0.152908	0.151859	0.149234	0.15023	
60	0.038	8	task-0:0.505	|	0.253395	0.39881	0.398325	0.369991	0.240885	0.282098	0.243822	0.254203	0.253508	0.237376	0.245177	0.244546	0.236964	0.237744	0.237499	0.235632	0.236	0.235472	0.234572	0.234426	0.233873	0.233222	0.232867	0.232365	0.231809	0.23122	0.2306	0.229945	0.229155	0.228084	0.225984	0.218736	0.227499	0.223887	0.208915	0.219658	0.218027	0.21103	0.212724	0.212513	0.208861	0.209287	0.208363	0.20665	0.206049	0.205636	0.206394	0.213031	0.320157	0.270812	0.223303	0.222249	0.227553	0.246198	0.233	0.2123	0.204846	0.202702	0.202879	0.203713	
92	0.06	8	task-0:0.49	|	0.415938	0.379938	0.376556	0.304127	0.249722	0.249451	0.251086	0.251086	0.241618	0.251364	0.250728	0.242766	0.241524	0.241458	0.240091	0.24055	0.239723	0.238391	0.23832	0.237828	0.236862	0.236046	0.235134	0.233939	0.232381	0.230056	0.226257	0.222444	0.220306	0.221869	0.221075	0.219114	0.219782	0.219504	0.218884	0.218632	0.218557	0.219091	0.221296	0.222487	0.22332	0.22128	0.222178	0.217603	0.215871	0.214108	0.211092	0.208909	0.208713	0.207322	0.205595	0.203893	0.202289	0.200434	0.198281	0.195591	0.192315	0.181142	0.183016	0.180634	0.176484	0.175349	0.179137	0.178203	0.174063	0.171583	0.169928	0.169796	0.168835	0.168422	0.168885	0.169715	0.170625	0.171722	0.172933	0.173882	0.1744	0.17446	0.174092	0.173659	0.173721	0.174981	0.176501	0.178894	0.192043	0.184633	0.185953	0.185187	0.181039	0.185717	0.185394	0.181001	
63	0.054	8	task-0:0.495	|	0.295542	0.579961	0.578334	0.455101	0.240034	0.272922	0.241779	0.275434	0.275434	0.243278	0.245181	0.245181	0.238545	0.243621	0.242838	0.238252	0.238385	0.238313	0.237271	0.23746	0.237167	0.23647	0.236077	0.235617	0.235072	0.234496	0.233849	0.23312	0.232316	0.231337	0.230254	0.228883	0.227245	0.225412	0.223461	0.221533	0.219855	0.219004	0.218197	0.217568	0.217099	0.216672	0.216603	0.216298	0.216297	0.247376	0.235446	0.216378	0.216608	0.216606	0.225586	0.221614	0.216588	0.216482	0.216381	0.216484	0.21715	0.217172	0.21557	0.215086	0.214571	0.213859	0.21289	
55	0.036	8	task-0:0.495	|	0.249653	0.3993	0.399223	0.369817	0.258834	0.25878	0.274302	0.274302	0.239643	0.265653	0.264473	0.242581	0.240878	0.240748	0.238122	0.237994	0.237697	0.237275	0.236815	0.236427	0.235903	0.235369	0.234871	0.234481	0.234166	0.233664	0.23279	0.230813	0.225005	0.227232	0.224213	0.218619	0.218275	0.218419	0.218517	0.2171	0.216604	0.21614	0.215865	0.215554	0.215697	0.216925	0.216336	0.217428	0.218322	0.217118	0.214783	0.213008	0.211985	0.211744	0.210878	0.210116	0.209783	0.209311	0.208939	
81	0.053	8	task-0:0.495	|	0.240723	0.311293	0.511748	0.2913	0.389394	0.389394	0.306266	0.346459	0.346459	0.236425	0.30418	0.295307	0.242808	0.250689	0.250689	0.23299	0.246821	0.246542	0.235208	0.233374	0.233252	0.231867	0.231497	0.231343	0.230938	0.23014	0.229389	0.228659	0.227877	0.227118	0.226453	0.225955	0.225723	0.225371	0.225037	0.224693	0.22427	0.223775	0.223221	0.222606	0.221937	0.221229	0.220587	0.220108	0.21988	0.219583	0.219334	0.219161	0.219407	0.219333	0.219281	0.219073	0.218704	0.218203	0.217664	0.217041	0.216788	0.216611	0.216728	0.216673	0.216689	0.21681	0.216891	0.217019	0.217217	0.21705	0.217008	0.216936	0.216817	0.216583	0.216179	0.215567	0.214729	0.213742	0.212904	0.211745	0.211258	0.211474	0.210975	0.210778	0.210733	
73	0.06	8	task-0:0.485	|	0.243438	0.596173	0.587865	0.418829	0.231563	0.267144	0.256142	0.222606	0.228457	0.2234	0.223261	0.224056	0.224441	0.22457	0.224954	0.224689	0.224081	0.223545	0.222804	0.221897	0.220719	0.219086	0.216823	0.213655	0.211808	0.20876	0.204973	0.200794	0.198642	0.195272	0.196317	0.19418	0.19264	0.192898	0.192084	0.191957	0.191103	0.190673	0.189682	0.188907	0.188206	0.187348	0.186753	0.187825	0.185959	0.186553	0.186553	0.185526	0.185913	0.185816	0.185376	0.185278	0.185292	0.185234	0.185222	0.185187	0.185102	0.185018	0.184931	0.184843	0.184747	0.184628	0.184427	0.184242	0.184045	0.183827	0.183658	0.183445	0.183147	0.182859	0.182558	0.182247	0.182069	
56	0.037	8	task-0:0.515	|	0.307911	0.551123	0.535452	0.370159	0.240717	0.240315	0.249256	0.242052	0.235192	0.237405	0.234734	0.233808	0.234055	0.237274	0.233215	0.22696	0.228302	0.230296	0.217698	0.206257	0.191432	0.184958	0.183794	0.179984	0.179152	0.177639	0.176733	0.176542	0.174548	0.173782	0.173688	0.174281	0.174152	0.190191	0.178473	0.180703	0.182541	0.177943	0.198621	0.198529	0.177027	0.176936	0.176178	0.174669	0.174975	0.17402	0.172966	0.172208	0.171586	0.171058	0.170732	0.170501	0.169983	0.16951	0.169023	0.168515	
54	0.035	8	task-0:0.505	|	0.292178	0.388396	0.384445	0.308071	0.248519	0.248476	0.24875	0.24875	0.239676	0.239805	0.239159	0.238719	0.238311	0.237674	0.237272	0.236797	0.236098	0.234302	0.22876	0.223443	0.237201	0.242586	0.222962	0.219247	0.218948	0.218268	0.218659	0.218318	0.217818	0.217654	0.217435	0.217168	0.216844	0.216469	0.216061	0.215706	0.215413	0.215225	0.215205	0.215036	0.215074	0.215524	0.216886	0.216532	0.21627	0.21614	0.21604	0.203901	0.208897	0.208013	0.206446	0.204022	0.200857	0.187087	
94	0.091	8	task-0:0.42	|	0.247052	0.399829	0.399796	0.389514	0.242093	0.427799	0.358148	0.235184	0.235216	0.256645	0.25304	0.233808	0.240913	0.240913	0.233358	0.234917	0.234917	0.232615	0.233579	0.233464	0.232445	0.23242	0.232285	0.231915	0.231666	0.231387	0.231063	0.230686	0.230219	0.229682	0.229073	0.228382	0.227592	0.226689	0.22568	0.22462	0.223524	0.222328	0.221107	0.219918	0.21883	0.218057	0.218135	0.217555	0.239014	0.210937	0.218293	0.217766	0.207034	0.221656	0.221246	0.200195	0.208448	0.208299	0.203009	0.20226	0.203738	0.205591	0.204775	0.20251	0.201539	0.201232	0.201079	0.200048	0.198582	0.197401	0.196363	0.195572	0.192416	0.192207	0.1933	0.193256	0.19423	0.194305	0.194196	0.194584	0.194813	0.193409	0.192902	0.191463	0.191232	0.190531	0.189779	0.189062	0.188434	0.187705	0.186968	0.186053	0.184932	0.18367	0.183146	0.18224	0.18138	0.180884	
80	0.051	8	task-0:0.455	|	0.264193	0.399248	0.399161	0.37791	0.244245	0.243792	0.289588	0.287728	0.248588	0.247263	0.247262	0.240328	0.240247	0.239091	0.238311	0.237419	0.236448	0.235392	0.234412	0.233189	0.231821	0.230115	0.228027	0.225657	0.223115	0.221021	0.219562	0.219522	0.220161	0.218835	0.226522	0.212079	0.221061	0.220193	0.21232	0.212398	0.211973	0.2078	0.206632	0.204233	0.201369	0.198134	0.194558	0.190798	0.186944	0.182917	0.179426	0.184874	0.178141	0.183715	0.201837	0.19545	0.184873	0.178799	0.175863	0.172804	0.16876	0.166492	0.160566	0.158828	0.156633	0.153297	0.151856	0.149494	0.147443	0.145844	0.144329	0.142663	0.141463	0.14047	0.140078	0.137972	0.136677	0.135417	0.133524	0.13175	0.129526	0.126862	0.123798	0.119901	
55	0.036	8	task-0:0.495	|	0.368645	0.39649	0.395307	0.337085	0.259117	0.258749	0.254352	0.254352	0.239268	0.238911	0.238921	0.237465	0.236706	0.236572	0.235761	0.235228	0.234668	0.233941	0.232648	0.22762	0.223873	0.222617	0.221458	0.220221	0.219429	0.218973	0.21762	0.216922	0.216146	0.215423	0.21455	0.213652	0.212696	0.211764	0.211003	0.210149	0.210303	0.208506	0.208421	0.208613	0.206466	0.202678	0.197553	0.196811	0.193057	0.192314	0.190636	0.188556	0.186081	0.183318	0.181544	0.180033	0.183574	0.18258	0.180077	
60	0.041	8	task-0:0.505	|	0.458482	0.384688	0.379602	0.282786	0.29597	0.293786	0.243251	0.27564	0.275133	0.24698	0.246102	0.246102	0.241312	0.241081	0.240477	0.239816	0.239604	0.239201	0.238302	0.237261	0.236101	0.234753	0.233063	0.231033	0.228686	0.226318	0.224129	0.221676	0.21784	0.215931	0.216062	0.215122	0.21589	0.216779	0.219051	0.225277	0.219436	0.216468	0.213978	0.210551	0.208759	0.203649	0.205543	0.204292	0.200742	0.201496	0.200828	0.198864	0.198942	0.198917	0.197964	0.196832	0.195727	0.194494	0.193089	0.191621	0.190423	0.188928	0.187276	0.185445	
59	0.04	8	task-0:0.515	|	0.242368	0.598553	0.598321	0.536521	0.241518	0.31127	0.292665	0.262574	0.243036	0.24505	0.244956	0.239633	0.244093	0.243792	0.24001	0.239288	0.239075	0.23829	0.238281	0.237269	0.235743	0.234062	0.231537	0.227719	0.22162	0.217796	0.215031	0.215269	0.214063	0.214808	0.212749	0.215033	0.215004	0.212785	0.212566	0.212529	0.212646	0.210958	0.1914	0.185778	0.216686	0.214475	0.199739	0.185723	0.185909	0.189507	0.191527	0.190567	0.185112	0.180654	0.18092	0.185491	0.185701	0.18209	0.178336	0.177704	0.177365	0.175563	0.172532	
63	0.041	8	task-0:0.495	|	0.274835	0.583305	0.577566	0.449488	0.247256	0.281244	0.27343	0.249455	0.239931	0.239699	0.241244	0.240174	0.235865	0.229342	0.228727	0.222835	0.226151	0.226097	0.222395	0.221177	0.220407	0.220259	0.220013	0.219179	0.218521	0.218405	0.218498	0.21866	0.218765	0.218913	0.219172	0.219502	0.223794	0.220795	0.223598	0.221136	0.220867	0.223256	0.221387	0.221543	0.221581	0.223027	0.223101	0.221819	0.221184	0.221032	0.220869	0.220669	0.220413	0.220067	0.219615	0.219045	0.218474	0.218117	0.218074	0.217742	0.217766	0.217817	0.218096	0.218019	0.217979	0.218569	0.218414	
55	0.038	8	task-0:0.495	|	0.359881	0.39751	0.396593	0.349074	0.266991	0.264923	0.254824	0.254241	0.242642	0.24247	0.241356	0.239841	0.238649	0.237654	0.236433	0.235326	0.234099	0.23015	0.225583	0.224239	0.224293	0.222997	0.221917	0.221414	0.219972	0.218842	0.218291	0.216881	0.215144	0.213973	0.213226	0.212687	0.211645	0.206764	0.201879	0.21736	0.208048	0.19687	0.19189	0.193315	0.191098	0.188717	0.187567	0.186287	0.185025	0.18378	0.182393	0.181495	0.180229	0.178896	0.177544	0.175905	0.174114	0.172687	0.170839	
73	0.055	8	task-0:0.49	|	0.252474	0.586041	0.580958	0.457829	0.242945	0.286064	0.279656	0.255743	0.240725	0.25016	0.249805	0.240763	0.241427	0.241323	0.239445	0.241045	0.240863	0.23912	0.238346	0.237689	0.236738	0.235075	0.232145	0.227785	0.223802	0.223768	0.226806	0.225592	0.223428	0.223097	0.222947	0.222245	0.221585	0.220939	0.22023	0.219489	0.218829	0.218535	0.219447	0.219058	0.219745	0.221543	0.275869	0.26763	0.228267	0.225356	0.186787	0.184454	0.195177	0.191015	0.181499	0.182044	0.189033	0.187874	0.183329	0.180016	0.179899	0.181494	0.181448	0.179731	0.178005	0.177402	0.176183	0.174671	0.173517	0.172373	0.171134	0.17	0.168745	0.165987	0.162275	0.161961	0.159341	
87	0.06	8	task-0:0.48	|	0.420416	0.382287	0.374647	0.301172	0.246905	0.24655	0.249794	0.249794	0.239965	0.248835	0.248472	0.241136	0.24005	0.239955	0.239004	0.238698	0.238384	0.237866	0.23717	0.236389	0.235384	0.234136	0.232633	0.230886	0.229032	0.226936	0.224433	0.221526	0.218709	0.217014	0.216057	0.215321	0.215468	0.216984	0.217892	0.220203	0.218766	0.220675	0.217153	0.216747	0.215717	0.213916	0.212843	0.211719	0.211295	0.210558	0.209536	0.20853	0.207319	0.206014	0.204555	0.202908	0.201087	0.197285	0.193274	0.189632	0.190112	0.182874	0.190332	0.188005	0.17739	0.178727	0.175087	0.172828	0.172531	0.16713	0.16017	0.153292	0.146966	0.146706	0.145205	0.143136	0.142118	0.140272	0.13918	0.138134	0.137114	0.136192	0.1358	0.134779	0.133571	0.13254	0.131929	0.131185	0.13084	0.130213	0.129917	
58	0.036	8	task-0:0.505	|	0.244707	0.596747	0.596341	0.549546	0.296662	0.270278	0.255345	0.241934	0.241662	0.240566	0.239536	0.238371	0.237774	0.238165	0.237463	0.236645	0.236192	0.235589	0.235078	0.235092	0.233539	0.23255	0.231189	0.227983	0.228583	0.224997	0.226406	0.22506	0.22723	0.230779	0.231288	0.228819	0.339677	0.344773	0.399971	0.399646	0.280437	0.256647	0.240471	0.237283	0.226799	0.230535	0.227952	0.248404	0.236633	0.242649	0.225818	0.222051	0.223795	0.223883	0.224091	0.227292	0.226995	0.224268	0.222953	0.223891	0.227438	0.236278	
90	0.074	8	task-0:0.455	|	0.251764	0.398507	0.398278	0.375395	0.249497	0.333096	0.307092	0.261705	0.241044	0.248669	0.248274	0.240569	0.241858	0.241712	0.239472	0.240925	0.240854	0.23939	0.238915	0.238667	0.238363	0.238017	0.237529	0.236993	0.236277	0.235331	0.234059	0.232173	0.2293	0.224886	0.220689	0.221956	0.230027	0.233211	0.208307	0.247235	0.247713	0.269594	0.241957	0.25852	0.253839	0.233057	0.236303	0.235	0.212873	0.208157	0.205031	0.19912	0.192442	0.185933	0.178568	0.185232	0.170943	0.185446	0.185446	0.173368	0.169671	0.16876	0.168649	0.168228	0.166172	0.16438	0.162962	0.161555	0.160197	0.158983	0.157839	0.15671	0.155768	0.155023	0.154431	0.153819	0.153268	0.15263	0.151965	0.151307	0.150899	0.150782	0.150246	0.149914	0.149597	0.149346	0.149171	0.148891	0.148637	0.148401	0.148226	0.148229	0.148192	0.148074	
60	0.054	8	task-0:0.52	|	0.240639	0.57605	0.42589	0.320202	0.319879	0.239804	0.240918	0.249329	0.239622	0.227543	0.22986	0.220423	0.22142	0.217149	0.21685	0.214296	0.2124	0.211024	0.209139	0.207741	0.205975	0.203805	0.201409	0.198875	0.196248	0.193936	0.192396	0.191642	0.190586	0.189916	0.190161	0.188879	0.186723	0.184827	0.183048	0.181237	0.179109	0.176746	0.174428	0.172424	0.171733	0.170442	0.170097	0.169212	0.168679	0.168207	0.16787	0.167786	0.168276	0.167518	0.16822	0.167978	0.16695	0.166622	0.166425	0.166295	0.16616	0.165876	0.165565	0.165258	
54	0.052	8	task-0:0.525	|	0.344211	0.387231	0.383958	0.307784	0.251105	0.250001	0.245818	0.24566	0.240936	0.241118	0.239871	0.240162	0.239126	0.238483	0.237897	0.236658	0.234931	0.230942	0.220231	0.235501	0.241243	0.222032	0.21698	0.218137	0.218994	0.217614	0.216748	0.21654	0.216176	0.216065	0.21628	0.216325	0.216443	0.216792	0.216848	0.216718	0.216292	0.215975	0.215654	0.213543	0.283929	0.27223	0.215968	0.215967	0.18844	0.187267	0.184084	0.186225	0.185503	0.182045	0.181263	0.180416	0.179526	0.178645	
57	0.036	8	task-0:0.495	|	0.24583	0.399167	0.398927	0.375874	0.243443	0.364478	0.326023	0.262916	0.240204	0.25141	0.250615	0.241551	0.240738	0.240643	0.239391	0.239099	0.238634	0.237567	0.23536	0.231124	0.222819	0.221104	0.219335	0.221108	0.219288	0.216444	0.216559	0.216307	0.216884	0.216688	0.216817	0.217124	0.217619	0.218073	0.218875	0.220073	0.222239	0.222868	0.223301	0.223087	0.216646	0.215114	0.276619	0.273904	0.203532	0.214616	0.199741	0.272141	0.294987	0.233933	0.174263	0.170862	0.17087	0.189084	0.188249	0.173097	0.176531	
81	0.052	8	task-0:0.48	|	0.263489	0.594548	0.593227	0.51334	0.247166	0.320481	0.304167	0.259796	0.240139	0.239998	0.241356	0.24055	0.238476	0.238333	0.236594	0.234758	0.23305	0.231144	0.230421	0.229666	0.229173	0.228567	0.227219	0.225494	0.22374	0.222123	0.220665	0.219548	0.218568	0.218518	0.215949	0.216562	0.215026	0.215802	0.214651	0.212479	0.210886	0.209299	0.208907	0.209464	0.208641	0.207913	0.207411	0.207051	0.206977	0.210906	0.210374	0.206225	0.206059	0.205938	0.205945	0.205505	0.205435	0.205413	0.20566	0.20721	0.204508	0.205185	0.205989	0.204637	0.204608	0.202531	0.201195	0.200256	0.199158	0.197499	0.195781	0.194216	0.192259	0.189659	0.186747	0.183836	0.180247	0.176727	0.172968	0.168383	0.163746	0.161485	0.161053	0.16066	0.160647	
76	0.049	8	task-0:0.49	|	0.313229	0.39621	0.394345	0.333819	0.267234	0.267002	0.247597	0.247402	0.24228	0.24228	0.240993	0.240954	0.240129	0.239853	0.239476	0.239532	0.238865	0.237932	0.237877	0.236469	0.235118	0.233785	0.232256	0.230545	0.228444	0.216793	0.212017	0.207403	0.18662	0.186475	0.17407	0.165775	0.163617	0.160247	0.158737	0.159853	0.156563	0.155721	0.155284	0.15458	0.153972	0.153287	0.152785	0.152478	0.151054	0.152327	0.149203	0.150013	0.14783	0.147052	0.157496	0.145913	0.145551	0.145178	0.145236	0.144795	0.144442	0.144101	0.143692	0.143012	0.141822	0.140068	0.138669	0.138121	0.138317	0.139551	0.138373	0.239028	0.142223	0.23989	0.142097	0.141864	0.140272	0.140319	0.140594	0.141018	
55	0.036	8	task-0:0.495	|	0.338411	0.389365	0.387923	0.314067	0.257507	0.257306	0.246993	0.246993	0.240033	0.239981	0.238657	0.237904	0.237217	0.236587	0.235645	0.234933	0.234472	0.234045	0.233149	0.232046	0.230436	0.227973	0.222956	0.217614	0.215806	0.216225	0.214874	0.216568	0.216623	0.218113	0.217758	0.217616	0.215428	0.207396	0.198972	0.192121	0.185092	0.206132	0.196041	0.190321	0.176964	0.179531	0.183469	0.1797	0.176661	0.175273	0.17485	0.174019	0.170559	0.164486	0.169327	0.166636	0.160259	0.162711	0.160571	
87	0.066	8	task-0:0.44	|	0.463953	0.390134	0.387405	0.313002	0.278298	0.27742	0.245029	0.245029	0.245053	0.245053	0.240697	0.240901	0.240024	0.240555	0.239866	0.238631	0.238561	0.23807	0.236994	0.235958	0.234863	0.233504	0.231926	0.230151	0.228238	0.226267	0.224406	0.222535	0.220912	0.220318	0.220033	0.219801	0.219344	0.218791	0.218216	0.215758	0.200454	0.209806	0.207011	0.198449	0.205339	0.203427	0.193561	0.196023	0.194967	0.190012	0.189006	0.186746	0.184402	0.183214	0.180843	0.17839	0.176218	0.175217	0.172775	0.171429	0.17092	0.168921	0.167664	0.167215	0.166002	0.16518	0.164547	0.16393	0.163467	0.16328	0.163178	0.163228	0.163203	0.163267	0.163714	0.163449	0.163487	0.16378	0.16449	0.164307	0.164421	0.164026	0.163691	0.163395	0.163007	0.162726	0.162127	0.161286	0.160992	0.156501	0.15525	
92	0.068	8	task-0:0.495	|	0.250393	0.399123	0.399	0.382878	0.25148	0.411514	0.396836	0.29029	0.245178	0.244756	0.247991	0.24786	0.241879	0.245305	0.244907	0.241649	0.24155	0.241308	0.24031	0.240048	0.239434	0.238735	0.23818	0.237525	0.236892	0.236353	0.235914	0.235352	0.234517	0.232974	0.22998	0.225607	0.225135	0.226009	0.223087	0.22021	0.219042	0.218912	0.219087	0.219165	0.219383	0.215867	0.223374	0.221386	0.213649	0.211779	0.212072	0.211064	0.210031	0.209186	0.207937	0.206574	0.205212	0.204148	0.200177	0.187413	0.182609	0.17746	0.172662	0.168905	0.163966	0.161259	0.159075	0.157073	0.155802	0.155484	0.160804	0.156997	0.15429	0.154008	0.153819	0.1537	0.153733	0.154066	0.156462	0.154021	0.154618	0.156818	0.154958	0.153778	0.153742	0.153792	0.153873	0.153985	0.154151	0.154534	0.155775	0.155911	0.155545	0.158996	0.155481	0.155059	
54	0.036	8	task-0:0.495	|	0.354618	0.394918	0.392999	0.325477	0.257698	0.254423	0.243679	0.243289	0.241524	0.24152	0.240139	0.239857	0.239369	0.238829	0.238179	0.237213	0.235221	0.230279	0.223582	0.225123	0.232588	0.222077	0.218849	0.217753	0.217055	0.216256	0.21585	0.216752	0.21969	0.219085	0.218729	0.218637	0.218984	0.220875	0.220548	0.219368	0.218571	0.217892	0.216871	0.214843	0.213022	0.212598	0.211659	0.275062	0.273823	0.200884	0.200772	0.183408	0.180836	0.180203	0.17934	0.172597	0.170825	0.172295	
78	0.053	8	task-0:0.49	|	0.363803	0.381874	0.377384	0.280601	0.290416	0.287653	0.241893	0.272803	0.272099	0.245805	0.244478	0.244478	0.240481	0.240285	0.240251	0.2397	0.238955	0.238586	0.238314	0.237439	0.236234	0.226293	0.232326	0.229052	0.218184	0.230217	0.227849	0.197121	0.219086	0.217178	0.191754	0.192401	0.190358	0.183594	0.181149	0.179065	0.177418	0.174012	0.171252	0.167945	0.163564	0.16017	0.157494	0.155051	0.153169	0.15251	0.150979	0.149654	0.148749	0.14762	0.146378	0.144999	0.14437	0.143381	0.142582	0.141522	0.141708	0.140638	0.139807	0.139156	0.140015	0.140418	0.139284	0.138381	0.137271	0.127898	0.157975	0.14981	0.109091	0.108671	0.107276	0.107214	0.101883	0.112522	0.109404	0.104806	0.102338	0.184115	
58	0.041	8	task-0:0.505	|	0.317898	0.394816	0.393376	0.321049	0.278689	0.278548	0.244671	0.244671	0.245786	0.245786	0.240593	0.245669	0.245299	0.241139	0.240227	0.240012	0.23942	0.239025	0.238626	0.238118	0.237483	0.236833	0.236199	0.235648	0.235322	0.235089	0.234184	0.231816	0.225893	0.224116	0.225336	0.223775	0.220488	0.219022	0.217964	0.217208	0.217104	0.21611	0.215583	0.215251	0.215668	0.214752	0.213919	0.213484	0.213915	0.214464	0.21562	0.218433	0.238473	0.22045	0.235316	0.221455	0.224096	0.214849	0.214175	0.215027	0.210822	0.207391	
55	0.044	8	task-0:0.495	|	0.352986	0.364905	0.327983	0.254466	0.258769	0.258615	0.239784	0.259071	0.258449	0.243369	0.240223	0.240199	0.238797	0.238371	0.237759	0.237108	0.23376	0.226795	0.21909	0.232685	0.232685	0.21788	0.222687	0.222687	0.215027	0.216786	0.215631	0.213232	0.21282	0.212065	0.211204	0.210349	0.209499	0.208788	0.208984	0.209746	0.211441	0.216657	0.208235	0.253441	0.256235	0.193268	0.218966	0.212247	0.198929	0.195146	0.193004	0.189543	0.201755	0.200814	0.195053	0.187621	0.187194	0.190414	0.194849	
79	0.055	8	task-0:0.485	|	0.257304	0.399123	0.398729	0.377513	0.241432	0.420247	0.413852	0.327148	0.242685	0.303831	0.303831	0.253155	0.247498	0.247498	0.239981	0.239864	0.239207	0.238391	0.237578	0.236927	0.23584	0.234817	0.233777	0.23271	0.231903	0.230898	0.229535	0.22812	0.226333	0.190695	0.179248	0.195646	0.181202	0.170827	0.169059	0.166175	0.176956	0.173105	0.164777	0.163245	0.162805	0.162743	0.161123	0.160253	0.15951	0.158916	0.158523	0.15773	0.157281	0.157086	0.157727	0.155865	0.155623	0.155399	0.155377	0.154904	0.154158	0.153649	0.153351	0.152623	0.152388	0.152042	0.152379	0.153356	0.151146	0.148601	0.147156	0.146369	0.145965	0.145942	0.147302	0.145389	0.145493	0.146932	0.146821	0.147762	0.147173	0.147159	0.146633	
60	0.043	8	task-0:0.525	|	0.350088	0.383943	0.373364	0.262693	0.328455	0.328423	0.25205	0.275934	0.275934	0.245031	0.258123	0.258123	0.244288	0.245978	0.245573	0.242199	0.244625	0.244346	0.24211	0.241832	0.241629	0.240984	0.240778	0.240289	0.239759	0.239327	0.238798	0.238236	0.237639	0.236992	0.236242	0.235291	0.233976	0.232113	0.229602	0.226588	0.223397	0.220497	0.218325	0.217864	0.21701	0.216795	0.217091	0.217318	0.217789	0.217871	0.218179	0.21811	0.218032	0.218044	0.218122	0.218036	0.218029	0.218027	0.218009	0.218011	0.217948	0.217938	0.217935	0.216588	
