42	0.031	0	0	task-3:0.005	task-0:0.075	task-1:0.05	task-2:0.005	|	0.028052	0.0278366	0.0272212	0.0259492	0.0237618	0.0209207	0.0178076	0.0161307	0.0133847	0.0102332	0.0139951	0.00849128	0.00820645	0.00789658	0.00753683	0.00736416	0.00706327	0.00655304	0.00650691	0.00607985	0.00597632	0.00580493	0.00552498	0.00536638	0.0050698	0.00456347	0.00467328	0.00423153	0.00404359	0.00401305	0.00400291	0.00398159	0.00394559	0.00390583	0.00387297	0.00378703	0.00362885	0.0034262	0.00310453	0.00256168	0.00374781	0.00343882	0.0020503	

25	0.016	0	0	task-3:0.01	task-0:0.05	task-1:0.015	task-2:0.025	|	0.0264725	0.0258427	0.0241773	0.0214176	0.0177815	0.0147333	0.0104782	0.00910324	0.00836047	0.00743564	0.00720336	0.0068919	0.00645499	0.00601516	0.00537226	0.0043431	0.00327215	0.00962004	0.0030929	0.00293489	0.00282606	0.00280509	0.00277752	0.00271841	0.00260113	0.00238557	

688	0.889	7	0	task-3:0.01	task-0:0.085	task-1:0.005	task-2:0.015	|	0.0272982	0.0268214	0.0256647	0.0245891	0.0242366	0.0235201	0.0221669	0.0201327	0.0176723	0.0174759	0.0182855	0.0160172	0.0158899	0.0156049	0.0150388	0.0139497	0.0120727	0.00945904	0.0119492	0.0321448	0.00753101	0.00737145	0.00732045	0.00724493	0.00710563	0.0068654	0.006675	0.00658217	0.00652615	0.00641879	0.00622568	0.00590129	0.00593855	0.00682594	0.00559005	0.00557074	0.00555935	0.00555745	0.00555288	0.00554321	0.0055207	0.00549756	0.00546463	0.00544657	0.00543048	0.00539934	0.00534733	0.00534118	0.00531276	0.0053027	0.00528243	0.00524252	0.00516626	0.00502761	0.00479679	0.00706409	0.0076595	0.0047487	0.00460346	0.0045978	0.00458968	0.00458799	0.0045885	0.00458299	0.00457466	0.00457124	0.0045653	0.00455243	0.00452721	0.004479	0.00439142	0.0048969	0.00841571	0.0042739	0.00427423	0.00427529	0.0042735	0.00427025	0.00426542	0.00426537	0.00426474	0.00426117	0.00425445	0.00424531	0.00422734	0.00419258	0.00412467	0.0049282	0.00666834	0.004179	0.00413168	0.0040383	0.00403586	0.00403104	0.00402342	0.00400922	0.0039849	0.00395089	0.00429838	0.00393989	0.00393772	0.00393565	0.00393455	0.00393243	0.00393076	0.00392819	0.00392487	0.00391823	0.00390506	0.00390311	0.0039097	0.00388435	0.00388228	0.00387854	0.00387241	0.00386112	0.00385084	0.0038662	0.00384209	0.00383991	0.00383605	0.00382998	0.00381935	0.00380578	0.00381458	0.0037966	0.00379266	0.00379242	0.00379213	0.00379152	0.00379057	0.00378978	0.00378905	0.00378747	0.00378458	0.00377889	0.00376848	0.0037687	0.00380779	0.00375097	0.00374951	0.0037466	0.0037408	0.00372929	0.00370664	0.00373416	0.00379849	0.00367583	0.003674	0.0036704	0.00366324	0.00364906	0.00362122	0.00372475	0.00366331	0.00359365	0.0035923	0.00358956	0.00358405	0.00357338	0.00355275	0.0035377	0.00383217	0.00351752	0.00351579	0.00351272	0.00350808	0.00349879	0.00348033	0.00344393	0.00351364	0.00410465	0.00339001	0.0033878	0.00338639	0.0033847	0.00338187	0.00337837	0.00337166	0.00336766	0.00336507	0.003361	0.00335961	0.00335799	0.00335496	0.00334894	0.00333724	0.00331487	0.00327056	0.00354682	0.00371593	0.00321897	0.00321737	0.00321464	0.00321174	0.00321053	0.00320805	0.00320302	0.00319291	0.00317272	0.00313267	0.00306083	0.00592376	0.00305441	0.00305155	0.00304891	0.00304812	0.00304755	0.00304633	0.00304333	0.00303702	0.00303618	0.00303234	0.00302766	0.00302648	0.00302472	0.00302202	0.00301903	0.00301458	0.00300593	0.00299359	0.00305946	0.00299024	0.00298946	0.00298793	0.00298518	0.00298021	0.00297586	0.00297427	0.00297131	0.00296987	0.00296736	0.00296512	0.00296314	0.00295969	0.00295279	0.00293988	0.00291433	0.00286391	0.00323974	0.00384126	0.00280158	0.00279881	0.00279836	0.0027974	0.00279571	0.0027934	0.00278989	0.0027829	0.0027695	0.00274306	0.00271994	0.00380548	0.00269534	0.00269359	0.00269282	0.00269197	0.00269017	0.00268646	0.00267892	0.00266378	0.00263372	0.00259738	0.00518849	0.00257788	0.00257378	0.00257141	0.00257061	0.0025696	0.00256776	0.00256408	0.00255688	0.00254301	0.00251539	0.00246069	

25	0.015	0	0	task-3:0.015	task-0:0.03	task-1:0.06	task-2:0.02	|	0.0254061	0.0250285	0.0240297	0.0224636	0.0207531	0.0178398	0.0142912	0.0111401	0.0101183	0.00975852	0.00907858	0.00841001	0.00813645	0.00770643	0.00721752	0.00656424	0.00588524	0.00539877	0.00496351	0.0046256	0.00422181	0.00368272	0.00287164	0.00304378	0.00655823	0.00218522	

14	0	0	0	task-3:0.04	task-0:0.045	task-1:0.065	task-2:0.025	|	0.0282778	0.0274868	0.0254693	0.0225884	0.0197278	0.0179347	0.0142116	0.00868989	0.00807051	0.00564036	0.00465646	0.00443718	0.00399594	0.00321714	0.00219977	

30	0.016	0	0	task-3:0.01	task-0:0.085	task-1:0.015	task-2:0.03	|	0.0283077	0.0275572	0.025632	0.0228495	0.019778	0.0179738	0.0143632	0.00905443	0.00673213	0.0188436	0.00491116	0.00477974	0.0046184	0.00442247	0.00422722	0.00394013	0.0036465	0.00360222	0.00357579	0.00331161	0.0032643	0.00322554	0.0031538	0.00304219	0.00289452	0.0028045	0.00277836	0.00265398	0.00262836	0.00258021	0.00249648	

13	0	0	0	task-3:0.03	task-0:0.055	task-1:0.09	task-2:0.035	|	0.0278227	0.0270848	0.0251662	0.0221952	0.0188779	0.0169857	0.0131708	0.00749011	0.00433593	0.0147674	0.0030268	0.00288193	0.00265809	0.0023443	

22	0.015	0	0	task-3:0.02	task-0:0.06	task-1:0.02	task-2:0.06	|	0.0273593	0.0266832	0.0249176	0.0222411	0.01912	0.017099	0.0132607	0.00804855	0.00740601	0.0167526	0.00449698	0.00417257	0.00404685	0.00401118	0.00394536	0.00385075	0.00376963	0.00360753	0.00337142	0.00322536	0.00305944	0.0027474	0.00221231	

83	0.062	0	0	task-3:0.04	task-0:0.005	task-1:0.005	task-2:0.025	|	0.0273909	0.0267559	0.025099	0.0225515	0.0194084	0.0173927	0.014147	0.0101903	0.0108312	0.00859085	0.00819106	0.00777075	0.00746733	0.00733891	0.00709572	0.0067282	0.00651131	0.00628996	0.00614407	0.00599494	0.00581863	0.00550293	0.00498173	0.00516626	0.01622	0.00435396	0.00429414	0.00427919	0.0042709	0.00425446	0.00422412	0.00417464	0.00412666	0.00412472	0.0040971	0.00408256	0.00407791	0.00407194	0.00406959	0.00404814	0.00401894	0.00401369	0.00401878	0.00401431	0.00400424	0.00398516	0.00395463	0.00394726	0.00393407	0.00390706	0.00385327	0.00374927	0.00355697	0.00322948	0.00792281	0.003304	0.00361204	0.0032248	0.00321904	0.00321414	0.00320438	0.00318866	0.00317991	0.00317418	0.00316428	0.00316976	0.00316884	0.00316525	0.00315774	0.00314413	0.00314051	0.0031311	0.00310791	0.00310454	0.0030978	0.0030809	0.00304625	0.00297838	0.00284981	0.00262081	0.0050319	0.00884205	0.00267715	0.00238495	

34	0.016	0	0	task-3:0.005	task-0:0.09	task-1:0.005	task-2:0.21	|	0.0269261	0.0264328	0.0251941	0.0234969	0.0215358	0.02004	0.0172965	0.0130106	0.0129553	0.0119855	0.00936612	0.00906896	0.00862835	0.00826957	0.00773665	0.00713743	0.00684923	0.00667123	0.00631748	0.00564735	0.00455609	0.00543108	0.00547429	0.00360828	0.00350203	0.00341075	0.00339319	0.00335588	0.00328112	0.00313942	0.00289328	0.00253875	0.00301667	0.0032383	0.00211733	

15	0.016	0	0	task-3:0.03	task-0:0.06	task-1:0.31	task-2:0.03	|	0.0282622	0.0275352	0.0256887	0.0231341	0.0201684	0.0181978	0.0142542	0.00828657	0.00488387	0.0274316	0.00338431	0.00328007	0.00309435	0.00287392	0.0027049	0.00241606	

150	0.093	0	0	task-3:0.015	task-0:0.03	task-1:0.025	task-2:0.005	|	0.0269261	0.0265006	0.0254889	0.0243468	0.0232843	0.0223235	0.0208892	0.0192123	0.017952	0.0175192	0.0169816	0.016707	0.0163096	0.0158525	0.015512	0.0148929	0.0143837	0.0144877	0.0139224	0.0138156	0.0136269	0.0133489	0.0128941	0.0129498	0.0125784	0.012371	0.0123279	0.0122524	0.0120913	0.0117861	0.011361	0.0119668	0.0111515	0.0110748	0.0110561	0.0110219	0.010955	0.0108334	0.0106281	0.010367	0.0106942	0.0102531	0.010214	0.0101496	0.0100793	0.00993937	0.00966726	0.00936271	0.0110957	0.00918339	0.00915373	0.0091013	0.00902068	0.00887723	0.00862476	0.00864056	0.00938805	0.0082609	0.00823467	0.0081837	0.00809095	0.00790613	0.007548	0.00688232	0.00573156	0.00483939	0.0397531	0.017571	0.0399795	0.0366897	0.029091	0.00411769	0.00537116	0.00377608	0.00376893	0.00375505	0.00373056	0.00371295	0.0036964	0.00368834	0.00367178	0.00363902	0.00357709	0.00357055	0.00366174	0.00348981	0.0034828	0.00346888	0.00344273	0.00342144	0.00341459	0.00339852	0.00339176	0.00338354	0.00337183	0.0033649	0.00335647	0.00334409	0.00333019	0.00331532	0.00328573	0.00323281	0.00322067	0.00346644	0.0031556	0.00315004	0.00313876	0.00311631	0.0030725	0.00308229	0.00314653	0.00300833	0.00300304	0.00299346	0.0029793	0.00296334	0.00293173	0.00287066	0.00300839	0.00298587	0.00280083	0.0027968	0.00278845	0.00277168	0.00273898	0.00268726	0.00293158	0.00267724	0.00267599	0.00267327	0.00266786	0.00265781	0.00264127	0.00263243	0.00262285	0.00261649	0.00261404	0.00261344	0.00261207	0.00260945	0.00260548	0.00260214	0.00259759	0.00258908	0.00257569	0.00256716	0.00255924	0.00255519	0.00254696	0.00253052	0.00249825	

46	0.031	0	0	task-3:0.005	task-0:0.025	task-1:0.01	task-2:0.01	|	0.0274539	0.0269022	0.0255311	0.0236819	0.0217242	0.0204676	0.0178845	0.0140629	0.0133997	0.0119126	0.0111935	0.0109768	0.0106255	0.00992102	0.00869795	0.00694669	0.00759562	0.0227969	0.00498655	0.00486334	0.00482793	0.00475305	0.00460321	0.00431907	0.00381833	0.00401391	0.00861004	0.00317725	0.00313794	0.00312873	0.00312413	0.00311274	0.00309215	0.00306844	0.00303982	0.00299849	0.00295719	0.00290252	0.00281591	0.00275054	0.00278062	0.00269038	0.00267428	0.00264897	0.00261444	0.00255214	0.00248854	

35	0.032	0	0	task-3:0.035	task-0:0.03	task-1:0.06	task-2:0.02	|	0.0271714	0.0266417	0.0253153	0.0234802	0.0213669	0.0199389	0.017243	0.0129889	0.0102647	0.0255094	0.00852348	0.00821757	0.00808722	0.00782626	0.00740003	0.00705016	0.00640967	0.00545278	0.00601625	0.0052961	0.0045825	0.0045201	0.00439021	0.00414475	0.00373154	0.00407882	0.00347842	0.00338942	0.00338073	0.00335524	0.00330219	0.00321883	0.00312954	0.00295935	0.00265291	0.00215688	

14	0	0	0	task-3:0.025	task-0:0.1	task-1:0.02	task-2:0.035	|	0.0270627	0.0264962	0.0250021	0.0226626	0.0193228	0.0162692	0.0127302	0.00918142	0.00755619	0.0064478	0.00570082	0.00534494	0.00468419	0.00359162	0.00211381	

38	0.016	0	0	task-3:0.005	task-0:0	task-1:0.03	task-2:0.025	|	0.0279972	0.0272829	0.0254786	0.0229346	0.0203252	0.0187679	0.0156094	0.0108711	0.00908928	0.015574	0.00696118	0.00680521	0.00652317	0.00613574	0.00557852	0.00492399	0.00667341	0.00476376	0.00470563	0.00463373	0.00459548	0.00453761	0.00444161	0.00432337	0.0041105	0.00372646	0.00388347	0.00551358	0.00318974	0.00316064	0.00311237	0.00305165	0.00300736	0.00292341	0.00278278	0.00252199	0.0026208	0.00459075	0.00216035	

14	0.015	0	0	task-3:0.035	task-0:0.075	task-1:0.125	task-2:0.02	|	0.02798	0.0271424	0.0249915	0.0218256	0.0189853	0.0171702	0.013728	0.00956414	0.0103439	0.0073815	0.00699723	0.00638043	0.00536452	0.00393234	0.0024935	

46	0.016	0	0	task-3:0.025	task-0:0.055	task-1:0.095	task-2:0.015	|	0.0276543	0.0269923	0.0253171	0.0229257	0.0204812	0.0189934	0.0159403	0.0112578	0.009759	0.016259	0.00723889	0.00699805	0.00675596	0.00653491	0.0063563	0.00609408	0.0057102	0.00552753	0.0053648	0.00523806	0.00522348	0.00519026	0.00513016	0.00504586	0.00495118	0.00476219	0.00446411	0.004416	0.0042068	0.00415261	0.00406465	0.00391729	0.00372509	0.00339535	0.00371488	0.00350994	0.00302552	0.00299696	0.00294371	0.00286279	0.00282748	0.00278051	0.00274887	0.00272232	0.00267999	0.0025993	0.00245351	

14	0	0	0	task-3:0.04	task-0:0.085	task-1:0.04	task-2:0.015	|	0.0279762	0.0272521	0.025375	0.022517	0.0191949	0.0173278	0.0137626	0.00845082	0.0061392	0.00946909	0.00429135	0.0040962	0.00373332	0.00311444	0.00221251	

29	0.016	0	0	task-3:0.04	task-0:0.035	task-1:0.02	task-2:0.03	|	0.0274647	0.0268157	0.0251077	0.0224021	0.0190607	0.0170777	0.0138047	0.00933832	0.00883458	0.0067642	0.0063603	0.00587146	0.00517487	0.00460649	0.00433706	0.00412495	0.00396177	0.00387608	0.00383339	0.00376442	0.00367931	0.00356848	0.00336336	0.00303065	0.00317206	0.00294108	0.00268829	0.00265951	0.00260146	0.00249088	

38	0.032	0	0	task-3:0.015	task-0:0.075	task-1:0.01	task-2:0.02	|	0.0269253	0.0264159	0.0251098	0.023229	0.0208217	0.018981	0.0162397	0.0131484	0.0119898	0.0107141	0.0101201	0.00985847	0.00952843	0.00889473	0.00782023	0.00639588	0.00831352	0.00574666	0.00564327	0.00553443	0.00532557	0.00496532	0.00455342	0.00426454	0.00410081	0.00400623	0.00390863	0.00389137	0.00385212	0.00376754	0.00361965	0.00342593	0.0031782	0.00302873	0.0029073	0.00281304	0.00270589	0.00256915	0.00242033	

55	0.031	0	0	task-3:0.005	task-0:0.06	task-1:0.07	task-2:0.035	|	0.0269743	0.0265368	0.0254964	0.0243271	0.0233759	0.0224744	0.0208746	0.018344	0.0191176	0.0171205	0.016645	0.0160103	0.0155498	0.014918	0.0142749	0.0138068	0.0129145	0.0113598	0.00933806	0.0227797	0.00883184	0.00863623	0.00852951	0.00834513	0.00808516	0.00761442	0.00707077	0.00779022	0.00683188	0.00673619	0.00662618	0.00654865	0.0064403	0.00632439	0.0060895	0.00564345	0.00486962	0.00666569	0.00668815	0.00419962	0.00411292	0.00406043	0.00402969	0.00398176	0.00389293	0.00374377	0.00375669	0.00362474	0.0035901	0.00356183	0.0035181	0.00343883	0.00330642	0.00306052	0.0026232	0.0019339	

19	0.015	0	0	task-3:0.1	task-0:0.13	task-1:0.145	task-2:0.065	|	0.0273711	0.0267173	0.0250049	0.0223627	0.0190412	0.0167466	0.0130123	0.00835917	0.00889416	0.00623192	0.00560569	0.00511153	0.00471015	0.0043522	0.00392843	0.00348713	0.00293729	0.00308816	0.00258713	0.00229427	

95	0.062	0	0	task-3:0.015	task-0:0.035	task-1:0.035	task-2:0	|	0.0272209	0.0267666	0.0256528	0.0242557	0.0226386	0.0213875	0.0192723	0.0162613	0.0170521	0.014993	0.0143061	0.0139251	0.013755	0.0134221	0.0128738	0.0121779	0.0111021	0.0100085	0.0115853	0.00964293	0.00959909	0.00950704	0.00932386	0.00897323	0.00867577	0.00843198	0.00835222	0.00830388	0.00820953	0.00804643	0.00781109	0.00751378	0.00737492	0.00730172	0.00715596	0.00689043	0.0065808	0.0061743	0.00667896	0.00606367	0.00599513	0.00591303	0.00589657	0.00587206	0.00582305	0.00573282	0.00558599	0.00540613	0.00534951	0.00532766	0.00527531	0.00517202	0.00500448	0.00498019	0.00488304	0.00483356	0.00474261	0.0046277	0.00441763	0.00425011	0.00461116	0.00408506	0.0040358	0.00397707	0.00393245	0.0039015	0.00383758	0.00372731	0.00365893	0.00357585	0.00356955	0.00355554	0.00353369	0.00351366	0.00346621	0.00342223	0.00340449	0.00339117	0.00339011	0.00337498	0.00334325	0.00329191	0.00324829	0.00316403	0.00300844	0.00301084	0.00307222	0.00279669	0.00276993	0.00273968	0.00269814	0.00262858	0.00254077	0.00256586	0.00250629	0.00247685	

18	0.016	0	0	task-3:0.035	task-0:0.085	task-1:0.015	task-2:0.15	|	0.0279161	0.0270286	0.0247574	0.0215077	0.019178	0.0174277	0.0139283	0.0094815	0.00960242	0.00797789	0.0070824	0.00639774	0.00580023	0.00475047	0.00361877	0.00314967	0.00284843	0.0026926	0.00240064	

20	0.016	0	0	task-3:0.035	task-0:0.06	task-1:0.175	task-2:0.05	|	0.028484	0.0276575	0.0255308	0.022413	0.0192541	0.0174547	0.0138141	0.0085614	0.007088	0.0157844	0.00461529	0.00422558	0.00403657	0.00401154	0.00395735	0.00387485	0.00377684	0.00366537	0.00341792	0.00297199	0.00236612	

36	0.015	0	0	task-3:0.015	task-0:0.04	task-1:0.02	task-2:0.015	|	0.0275356	0.0269357	0.0254102	0.0231909	0.0205171	0.0189181	0.0161756	0.0123544	0.0121026	0.0102345	0.00978841	0.00896523	0.00763802	0.00571941	0.00982758	0.00991261	0.00416765	0.00392592	0.00388986	0.00383134	0.00377426	0.00370538	0.00360461	0.00352564	0.00337775	0.00327561	0.00323353	0.00317592	0.00311702	0.00306463	0.00302779	0.00300061	0.00294418	0.00283307	0.00263531	0.00254564	0.00248401	

38	0.015	0	0	task-3:0	task-0:0.025	task-1:0.035	task-2:0.005	|	0.0277811	0.0271408	0.0255284	0.0232561	0.0206261	0.0190804	0.016065	0.0118283	0.0114825	0.0103014	0.00864228	0.00837486	0.00790056	0.0073439	0.00635767	0.00564849	0.00673535	0.00494012	0.00484277	0.00464758	0.00428166	0.00411398	0.00382114	0.0037414	0.00371154	0.00367731	0.0035987	0.00344952	0.00322501	0.00312902	0.00307361	0.00298881	0.00292295	0.0028857	0.00283876	0.00281029	0.0027497	0.00263126	0.00242172	

21	0.032	0	0	task-3:0.02	task-0:0.055	task-1:0	task-2:0.015	|	0.0272718	0.0265041	0.0244948	0.0214848	0.0180859	0.01548	0.0112192	0.00722341	0.00703601	0.00892345	0.0045724	0.00417101	0.00410866	0.00398327	0.00374375	0.00350949	0.00333809	0.00322142	0.00308665	0.00288176	0.00264775	0.00245952	

27	0.015	0	0	task-3:0.01	task-0:0.015	task-1:0.08	task-2:0.03	|	0.0273097	0.0268624	0.0258024	0.0246693	0.0236586	0.0225421	0.0209423	0.019273	0.016541	0.0121081	0.0200211	0.015332	0.00847892	0.00822075	0.00805679	0.00776134	0.00729948	0.00687666	0.00669491	0.00655382	0.00638396	0.00630389	0.00614723	0.00586648	0.0054218	0.0046274	0.0033864	0.00221743	

14	0.016	0	0	task-3:0.025	task-0:0.13	task-1:0.035	task-2:0.015	|	0.0277434	0.0270332	0.0251745	0.0222509	0.0185842	0.0162435	0.012431	0.0075784	0.00696471	0.00533648	0.00466311	0.00411169	0.00358023	0.00304219	0.0023757	

39	0.047	0	0	task-3:0.025	task-0:0.055	task-1:0.045	task-2:0	|	0.026975	0.0265045	0.0253067	0.0235656	0.021251	0.019415	0.0169232	0.0141721	0.0128689	0.0117365	0.0111092	0.0104439	0.00929471	0.00885967	0.00808638	0.00783449	0.00736295	0.0065616	0.00624968	0.00616387	0.00554186	0.00542148	0.00529852	0.0050907	0.00471945	0.00413207	0.00493204	0.00480559	0.00359576	0.00355425	0.00351621	0.00344935	0.00332176	0.00309047	0.00270483	0.00272831	0.0110094	0.00250295	0.00254279	0.00216019	

22	0.015	0	0	task-3:0.01	task-0:0.045	task-1:0.015	task-2:0.01	|	0.0275068	0.0268794	0.0253168	0.0231776	0.0208976	0.0193678	0.016222	0.0111763	0.00733072	0.0301849	0.00621375	0.00599371	0.0058833	0.00569864	0.00539159	0.00516757	0.00483839	0.00426004	0.00336626	0.00499951	0.00518329	0.00279691	0.00244453	

39	0.016	0	0	task-3:0.025	task-0:0.035	task-1:0.01	task-2:0.005	|	0.027923	0.027266	0.0255962	0.0231979	0.0206411	0.0191698	0.0161351	0.0113074	0.00803881	0.0210056	0.00675271	0.00653976	0.0064053	0.00630397	0.00608597	0.00567599	0.00503646	0.00509367	0.00482237	0.00434765	0.00429004	0.00417394	0.00395262	0.00368623	0.00380016	0.00355977	0.00350423	0.00343428	0.00337899	0.00330391	0.00321051	0.00311852	0.00294532	0.00279537	0.00302281	0.00265677	0.00263366	0.00258788	0.00250003	0.0023398	

205	0.125	0	0	task-3:0.03	task-0:0.025	task-1:0.02	task-2:0.015	|	0.0268843	0.0263592	0.0249936	0.022944	0.020203	0.01798	0.0150938	0.0123016	0.0108547	0.0108502	0.00982365	0.00967234	0.00940577	0.0090147	0.00852822	0.00854814	0.00828007	0.00813178	0.00810712	0.00805867	0.00797484	0.00789514	0.00778135	0.00764991	0.00748022	0.00726385	0.00696731	0.00798663	0.00701038	0.00675151	0.0067249	0.00670882	0.00667782	0.00662388	0.00654127	0.00643675	0.00644753	0.00639484	0.00635699	0.00632817	0.00630442	0.00628348	0.00623998	0.00621193	0.00619251	0.00617541	0.00614269	0.00610001	0.00607806	0.00607591	0.00607219	0.00606188	0.00604038	0.00600477	0.00597269	0.00593262	0.0058898	0.0058761	0.00584453	0.00583269	0.00581823	0.00579876	0.00574979	0.00571854	0.00566998	0.00557668	0.00540525	0.00511288	0.00629313	0.00920826	0.0060492	0.011702	0.00495682	0.00472603	0.00468366	0.00467901	0.00466875	0.00464739	0.00460435	0.00451994	0.00436035	0.00407659	0.00455452	0.0105306	0.00498201	0.0141457	0.00383228	0.00367998	0.00366344	0.00365435	0.00365388	0.00365367	0.00365622	0.00365271	0.00364501	0.00362895	0.00359012	0.00354213	0.00350323	0.00402258	0.00346994	0.0034474	0.00344189	0.00343984	0.00343575	0.00342778	0.00341278	0.00337653	0.0033318	0.00352376	0.00331847	0.00329878	0.00329577	0.00329571	0.00329563	0.00329571	0.00329693	0.0032999	0.00329302	0.00328101	0.0032736	0.00326462	0.00324677	0.0032116	0.00314362	0.00324906	0.0041228	0.00308588	0.00302596	0.00302945	0.00303111	0.00303083	0.0030221	0.00300631	0.00300478	0.00298564	0.00298839	0.00298562	0.00297978	0.00295958	0.00295355	0.00292611	0.00293961	0.00293057	0.00292204	0.00292226	0.00292596	0.00291786	0.00290459	0.00290552	0.00290822	0.00289898	0.00288589	0.00288833	0.00289398	0.00289268	0.00288955	0.00288326	0.00287257	0.00287102	0.0028688	0.00285983	0.00284175	0.00280528	0.0028227	0.00299404	0.00275608	0.00274496	0.00274031	0.00273883	0.00273648	0.00273269	0.00270855	0.00271709	0.00271328	0.00270579	0.00269506	0.00268319	0.00265227	0.00276441	0.00263986	0.00264654	0.0026481	0.00264724	0.00264504	0.00264042	0.00263206	0.00262663	0.00262335	0.00261767	0.00259802	0.00261019	0.00257711	0.00257887	0.00257755	0.00257495	0.00257031	0.00254645	0.00255337	0.00255163	0.00254813	0.00254117	0.00252844	0.00250344	0.00262963	0.00248801	

29	0.016	0	0	task-3:0.045	task-0:0.045	task-1:0.095	task-2:0.005	|	0.0270181	0.0264099	0.0248495	0.0226064	0.0201304	0.0181857	0.0145102	0.00950413	0.0094497	0.0112644	0.00631045	0.00616267	0.00598184	0.00581106	0.00558535	0.00534781	0.00512426	0.00473707	0.00448483	0.0047129	0.0041864	0.00413509	0.00404248	0.00389993	0.00363647	0.00318327	0.00275043	0.0110978	0.00254744	0.00248422	

21	0.031	0	0	task-3:0.07	task-0:0.065	task-1:0.105	task-2:0.02	|	0.0262181	0.0258584	0.0248596	0.022859	0.0198026	0.0168328	0.0122904	0.00813716	0.010372	0.00832762	0.00516339	0.0049411	0.00472662	0.00435115	0.00381758	0.00335239	0.0033195	0.00304532	0.00297104	0.00282653	0.00257576	0.00223968	

52	0.047	0	0	task-3:0.005	task-0:0.03	task-1:0.015	task-2:0.065	|	0.0263588	0.0259443	0.0248001	0.02255	0.0193539	0.0165539	0.0121942	0.00868674	0.00847918	0.00829091	0.00750074	0.00735785	0.00718019	0.00701555	0.00673312	0.00635149	0.00573232	0.00667407	0.00546478	0.00531169	0.00529248	0.00524979	0.00516401	0.00500786	0.00478755	0.00438519	0.00446513	0.00486827	0.00388805	0.00385461	0.00378932	0.003671	0.00345089	0.00370878	0.00343086	0.00323496	0.00322049	0.00319322	0.00314166	0.00305278	0.00300188	0.00294888	0.00294153	0.00292648	0.00289784	0.00284883	0.0027775	0.00268243	0.00255652	0.00291043	0.00251774	0.00250123	0.00247604	

321	0.281	1	0	task-3:0	task-0:0.03	task-1:0.01	task-2:0.01	|	0.025932	0.0256981	0.0250588	0.023812	0.0219139	0.020191	0.0176733	0.0151832	0.0138949	0.0133842	0.0126436	0.0124117	0.0120648	0.0116467	0.0114035	0.0109567	0.0102255	0.00953185	0.0131473	0.00931918	0.00917694	0.00912659	0.00902699	0.00883894	0.00850162	0.00795386	0.0100676	0.00906562	0.00757246	0.00751137	0.00748418	0.00745598	0.00743041	0.00740475	0.00735969	0.00732568	0.0072603	0.0072522	0.00719113	0.00717591	0.00715837	0.00712399	0.00709784	0.00707432	0.00704562	0.00700673	0.00698968	0.00696894	0.00693222	0.00688104	0.00680585	0.0067561	0.00674803	0.00670985	0.00669619	0.00667512	0.00664955	0.00662581	0.00658064	0.00657571	0.00654207	0.00653077	0.00650727	0.00645977	0.0063659	0.00618558	0.00585502	0.00689007	0.0153734	0.00543483	0.00541265	0.00540268	0.00539268	0.00538994	0.00538441	0.00537457	0.00536072	0.00534399	0.0053372	0.00532933	0.00531529	0.00529558	0.00527534	0.00526432	0.00525725	0.00524779	0.00523183	0.00521725	0.00519845	0.00516251	0.00515025	0.0051684	0.00510946	0.00510434	0.00509452	0.00507661	0.00504162	0.00497354	0.0048457	0.00588606	0.00560223	0.00472466	0.00471733	0.00471389	0.00470824	0.0046968	0.00467406	0.00462989	0.00454587	0.00438982	0.00724629	0.00503318	0.00424165	0.00423859	0.00423249	0.00422294	0.00420645	0.00419467	0.00419546	0.00418484	0.0041814	0.00417895	0.00417397	0.00416401	0.00414432	0.0041115	0.0041486	0.00417348	0.00407886	0.00407562	0.00407089	0.00406837	0.00406535	0.00405775	0.0040427	0.00401401	0.00408653	0.00405904	0.00398506	0.00398268	0.00397791	0.00396904	0.00396575	0.00395513	0.00395555	0.00395476	0.0039536	0.00395323	0.00394793	0.00394246	0.00394148	0.00394264	0.00393955	0.00393468	0.00391434	0.00390709	0.00390115	0.0038917	0.00386995	0.00383276	0.00378204	0.00370882	0.0036704	0.00361064	0.00355737	0.00355649	0.00353341	0.00352178	0.0035188	0.0035127	0.00350084	0.00347936	0.00344114	0.00338629	0.00338253	0.00340903	0.00331347	0.0033031	0.00329007	0.00327873	0.00326443	0.00323352	0.00322175	0.00319619	0.00318517	0.00316703	0.00312933	0.00313216	0.00312587	0.00312266	0.00311634	0.00310477	0.00309001	0.00307982	0.00306209	0.00303009	0.00302853	0.00302699	0.00302328	0.00301276	0.00299399	0.00297536	0.00294071	0.00288106	0.00279391	0.00319621	0.00342102	0.00270345	0.00268482	0.00267238	0.00266208	0.00264163	0.00260643	0.00256182	0.00256445	0.00254758	0.00253185	0.00252699	0.00252247	0.00251541	0.00250102	0.00247031	

119	0.078	0	0	task-3:0.005	task-0:0.015	task-1:0.02	task-2:0.005	|	0.0251167	0.0249174	0.024345	0.0231486	0.0210913	0.0175229	0.0132729	0.0150384	0.0119733	0.0108847	0.0107329	0.0105563	0.0102108	0.00958305	0.00855805	0.00712714	0.00963849	0.0156988	0.00692874	0.00941321	0.00571501	0.0056823	0.0056391	0.00560245	0.00559142	0.00556539	0.00551878	0.00546506	0.00541711	0.00537245	0.00530262	0.00527373	0.00522331	0.00520188	0.00516111	0.00510531	0.0050235	0.00486553	0.00457414	0.00407841	0.00346373	0.0280152	0.00384833	0.00936739	0.00334943	0.00333215	0.0033285	0.00332124	0.00330707	0.00328148	0.00324276	0.00322352	0.00321098	0.00320346	0.00320025	0.00319727	0.00319103	0.00317956	0.0031614	0.0031711	0.0031643	0.00313252	0.00312614	0.00311447	0.00309698	0.00308239	0.00307407	0.00307049	0.00306855	0.00306498	0.00305863	0.00305175	0.00304571	0.00303987	0.00303371	0.00302247	0.00300404	0.00298184	0.00298324	0.00296991	0.00296792	0.00296411	0.00295779	0.00294447	0.00292004	0.00292729	0.00290561	0.00290321	0.00289797	0.00288711	0.00286537	0.00282326	0.00274042	0.00361539	0.00272616	0.00272144	0.00271407	0.00270683	0.00269738	0.00268484	0.00267171	0.00266649	0.0026633	0.0026615	0.00265782	0.00264999	0.00263748	0.00262476	0.00260271	0.00260762	0.00258694	0.00258391	0.00257902	0.00256907	0.00255816	0.00254821	0.00254103	0.00252777	0.00251101	0.00249906	

85	0.046	0	0	task-3:0.015	task-0:0.01	task-1:0.03	task-2:0.04	|	0.0264508	0.0261879	0.0254367	0.0238647	0.0209948	0.0170298	0.0154544	0.0143053	0.0139989	0.0135629	0.0129716	0.0122215	0.01146	0.0101987	0.00973496	0.0107552	0.00860609	0.00846597	0.00823055	0.00800717	0.00786588	0.00758195	0.00704689	0.00657459	0.0077721	0.00624598	0.00618855	0.0060734	0.00585833	0.00559208	0.00573744	0.00548855	0.00546272	0.00541853	0.00537391	0.00534122	0.00528921	0.00524451	0.00517757	0.00507545	0.00499523	0.00494778	0.00493146	0.00492285	0.00490231	0.00486541	0.00482237	0.00477539	0.00475335	0.00473402	0.00470189	0.00467387	0.00464023	0.00460135	0.00457835	0.00453157	0.00444511	0.00430784	0.00405176	0.00372729	0.00851658	0.00362694	0.00361442	0.00359306	0.00356452	0.00351945	0.00349453	0.00345916	0.00342041	0.00341443	0.00340387	0.00338839	0.0033692	0.00333003	0.00325529	0.00313475	0.00291268	0.00309927	0.00676806	0.00272669	0.00260723	0.00256705	0.002561	0.00254966	0.00252413	0.00247631	

24	0.016	0	0	task-3:0.02	task-0:0.1	task-1:0.19	task-2:0.015	|	0.0255023	0.0252238	0.0245049	0.0232086	0.0216992	0.020655	0.0183429	0.0144083	0.0126227	0.0136704	0.0100989	0.00975325	0.00906488	0.00783451	0.00619227	0.0076789	0.00585318	0.00494637	0.00481816	0.00473147	0.00456318	0.00426864	0.0038118	0.00304107	0.0019461	

21	0.016	0	0	task-3:0.035	task-0:0.04	task-1:0.04	task-2:0.005	|	0.0259306	0.0255122	0.024384	0.0222587	0.0195842	0.017497	0.0136808	0.00920758	0.00745033	0.0157702	0.0048866	0.00463208	0.00441406	0.00422461	0.00405964	0.00389605	0.00361133	0.00327711	0.00295337	0.00266385	0.00253028	0.00247989	

15	0.015	0	0	task-3:0.045	task-0:0.11	task-1:0.055	task-2:0	|	0.0260421	0.0256455	0.0245385	0.0223048	0.0188264	0.0155572	0.0115707	0.00769102	0.00590822	0.00440762	0.0040337	0.00375583	0.00358781	0.00327038	0.00269888	0.00188091	

53	0.031	0	0	task-3:0.005	task-0:0.03	task-1:0.035	task-2:0.005	|	0.0263463	0.0260969	0.0253892	0.0239261	0.0212896	0.0177457	0.0162281	0.0152486	0.0148932	0.0142834	0.0136081	0.0129702	0.0125228	0.0117177	0.0114231	0.0110221	0.0103287	0.00922946	0.00935804	0.00856249	0.00839539	0.00805038	0.00738302	0.00664277	0.00710628	0.00622111	0.00607509	0.00590492	0.00575225	0.00570534	0.00567298	0.00559486	0.00545076	0.00526773	0.00510943	0.00506328	0.00496502	0.00476374	0.0043802	0.00372183	0.00360762	0.0100672	0.0028964	0.00286333	0.0028152	0.00276839	0.00276245	0.00274991	0.00272276	0.00267412	0.00260977	0.00255896	0.00252765	0.00247868	

77	0.047	0	0	task-3:0.03	task-0:0.04	task-1:0.015	task-2:0.02	|	0.0258519	0.0256148	0.0249739	0.0237496	0.0219538	0.0204881	0.0182042	0.0156309	0.0149732	0.0144489	0.0138688	0.0134086	0.013325	0.0131344	0.0127591	0.0121023	0.0110407	0.00986924	0.00975761	0.00897701	0.00877231	0.0085847	0.00827826	0.00785814	0.00769526	0.00748233	0.00737152	0.00717736	0.0069598	0.00675519	0.00650634	0.00605678	0.00575934	0.00779666	0.00537881	0.00532108	0.0052663	0.00520509	0.0051647	0.00512093	0.00506269	0.00501437	0.00491941	0.00473914	0.0044158	0.00487519	0.00511564	0.00404452	0.00401969	0.00397377	0.00389771	0.00376378	0.00371493	0.0037135	0.00357938	0.00355712	0.00352519	0.00348108	0.00345938	0.00342238	0.00335138	0.00322882	0.0033984	0.00317254	0.00316372	0.00314694	0.00311207	0.00304471	0.00292587	0.00312571	0.00286482	0.00284554	0.00283683	0.00281785	0.00277857	0.00270005	0.00254859	0.00227109	

27	0.016	0	0	task-3:0.02	task-0:0.065	task-1:0	task-2:0.005	|	0.0266895	0.0260695	0.0243253	0.0208182	0.0156483	0.0113604	0.00760349	0.00621657	0.00654317	0.00568589	0.00540639	0.00518922	0.00500482	0.00476498	0.00437203	0.00387989	0.00380155	0.00344521	0.003361	0.00334265	0.00330516	0.00322526	0.00307238	0.00281563	0.00273134	0.00255196	0.00250431	0.00247678	

32	0.016	0	0	task-3:0.035	task-0:0.07	task-1:0.035	task-2:0.025	|	0.0257948	0.0255103	0.0247392	0.0232594	0.0212308	0.0199257	0.0178606	0.0150867	0.0137816	0.0128217	0.0121792	0.0119609	0.011566	0.0109811	0.0103212	0.00913481	0.0071891	0.00464995	0.0106878	0.00888291	0.00328988	0.00301726	0.00295882	0.00291111	0.00285203	0.0027901	0.00273191	0.00269431	0.00265862	0.00261413	0.00258708	0.00253953	0.00245478	

16	0.016	0	0	task-3:0.07	task-0:0.08	task-1:0.025	task-2:0.02	|	0.0264406	0.0259351	0.0245352	0.021781	0.0178816	0.014576	0.0102218	0.00890339	0.010872	0.00693071	0.0067219	0.00630452	0.0055377	0.00427641	0.00260825	0.00759474	0.00216316	

33	0.015	0	0	task-3:0.005	task-0:0.08	task-1:0.01	task-2:0.01	|	0.0260111	0.0257238	0.0249284	0.0233333	0.0209005	0.0186576	0.0154424	0.0125138	0.00931477	0.0133031	0.00810491	0.00765217	0.00755578	0.00740736	0.00720306	0.00693616	0.00652342	0.00598596	0.00558356	0.00487941	0.00397448	0.00530368	0.00383421	0.00375112	0.00364844	0.00349116	0.00334719	0.00313525	0.00296134	0.0028768	0.00282147	0.00271156	0.00250485	0.00217143	

13	0.016	0	0	task-3:0.01	task-0:0.055	task-1:0.09	task-2:0.04	|	0.0264241	0.0259223	0.0245002	0.0215637	0.0168526	0.0122067	0.00815878	0.00691303	0.00580264	0.00516368	0.00473071	0.00395014	0.0027879	0.00137408	

15	0	0	0	task-3:0.025	task-0:0.055	task-1:0.12	task-2:0.025	|	0.0262284	0.0257632	0.0244915	0.0220396	0.0187546	0.0158797	0.0115979	0.00944983	0.00790962	0.00723579	0.00673234	0.00633771	0.00563572	0.00441939	0.00282451	0.00157633	

50	0.016	0	0	task-3:0.035	task-0:0.025	task-1:0.02	task-2:0.035	|	0.0259544	0.0255407	0.0244295	0.0223588	0.0198222	0.0180295	0.0147741	0.0110664	0.0111997	0.0151518	0.00853478	0.00823136	0.00806358	0.00800096	0.00787064	0.00761617	0.00714997	0.00635663	0.00564777	0.01523	0.0058241	0.00929497	0.00505063	0.00501758	0.00496515	0.00488755	0.00485555	0.00479567	0.00469555	0.00465842	0.00460111	0.00458025	0.00453968	0.00448271	0.0044137	0.00428326	0.00435873	0.00419011	0.00416181	0.00414458	0.00411297	0.00404928	0.0039241	0.00368616	0.0032607	0.00257833	0.0157042	0.00272554	0.00414455	0.00250315	0.00249394	

31	0.016	0	0	task-3:0.01	task-0:0.05	task-1:0.045	task-2:0.015	|	0.0262395	0.0260193	0.0253927	0.0240824	0.0216356	0.0179463	0.0148669	0.0134279	0.0130243	0.0123045	0.011072	0.00982639	0.00826462	0.0082939	0.00755304	0.00651838	0.00638134	0.00609807	0.00557081	0.00468566	0.00451697	0.00560976	0.00362103	0.00353919	0.00342489	0.00333263	0.00327223	0.00317941	0.00303467	0.00291127	0.00272553	0.00242537	

30	0.015	0	0	task-3:0.015	task-0:0.095	task-1:0.5	task-2:0.035	|	0.0259699	0.0256451	0.0247479	0.0229752	0.0202484	0.0179664	0.0151619	0.0122763	0.0109709	0.0102918	0.00938179	0.00900808	0.00850388	0.00760802	0.00622679	0.00518564	0.00604425	0.00462098	0.00435603	0.00427051	0.00423403	0.00416849	0.00407638	0.00401289	0.0039045	0.00371702	0.00352182	0.00330965	0.00309064	0.00281524	0.00235866	

85	0.047	0	0	task-3:0.01	task-0:0.14	task-1:0.005	task-2:0.025	|	0.0260862	0.0257301	0.0247503	0.0228268	0.0201011	0.0179308	0.0145841	0.011181	0.0101642	0.00983267	0.00799653	0.00778029	0.00737025	0.00667355	0.00601916	0.00682227	0.00569244	0.00561577	0.00550025	0.00537697	0.00515598	0.00480415	0.0050458	0.00550369	0.00443476	0.00440603	0.00436651	0.00433838	0.00431459	0.00426726	0.0042225	0.0041805	0.00412886	0.00403103	0.00388732	0.00420562	0.00385101	0.00382647	0.00379197	0.00377453	0.00374681	0.00369758	0.00360555	0.00359966	0.00360094	0.00348092	0.00346904	0.00344588	0.00340256	0.00333339	0.00336093	0.00331498	0.003294	0.00327455	0.0032579	0.00323798	0.00319123	0.00319108	0.00318544	0.00317845	0.0031705	0.00314359	0.00310649	0.00310185	0.00309417	0.003079	0.00305002	0.00299754	0.00298799	0.0029409	0.00292912	0.00292288	0.00291673	0.0028866	0.00287582	0.00287256	0.00286722	0.00286353	0.00284712	0.00281755	0.00278405	0.00271886	0.00259568	0.00305801	0.0028166	0.00246335	

99	0.047	0	0	task-3:0.01	task-0:0.01	task-1:0.02	task-2:0.015	|	0.0257605	0.0255842	0.0251065	0.0241944	0.0227348	0.0213569	0.0197522	0.0184952	0.0175722	0.0171946	0.0164351	0.0152626	0.0148085	0.0158295	0.0138564	0.0137489	0.0135353	0.0131426	0.0127715	0.0131897	0.012509	0.0124539	0.0123435	0.0121416	0.0118814	0.0118698	0.0117555	0.0116905	0.011595	0.0115168	0.0113699	0.0111303	0.0109922	0.0110081	0.0107904	0.010741	0.0106802	0.0105835	0.0104165	0.0102924	0.0102988	0.0101661	0.0101197	0.0100768	0.00999376	0.00988074	0.00976396	0.00972034	0.00968362	0.00963483	0.00961534	0.00959019	0.00954511	0.00948192	0.00939579	0.00936596	0.00934514	0.00930791	0.00926004	0.00924172	0.00920261	0.00912261	0.00896365	0.00865784	0.00809932	0.0071096	0.0118468	0.0319462	0.00695251	0.0104825	0.005919	0.00583762	0.00582703	0.00581623	0.00580712	0.00578601	0.00575381	0.00573173	0.00570604	0.00565429	0.00556508	0.00565119	0.00553627	0.00552997	0.0055157	0.00548501	0.00546035	0.00541963	0.00533867	0.00518016	0.00487757	0.00432616	0.00340589	0.0193958	0.0280238	0.0153662	0.0244134	0.00253045	0.00283591	0.00237621	

24	0.016	0	0	task-3:0.015	task-0:0.06	task-1:0.03	task-2:0.03	|	0.026159	0.0257721	0.0247128	0.0226576	0.019776	0.0173689	0.0132451	0.0083236	0.0113705	0.00703464	0.00603049	0.00577306	0.00551218	0.00534184	0.00516233	0.00486007	0.00441858	0.00379507	0.00398348	0.00341308	0.00332707	0.00326712	0.00314374	0.00290613	0.00249746	

16	0.015	0	0	task-3:0.045	task-0:0.03	task-1:0.015	task-2:0.04	|	0.0289976	0.027936	0.0251845	0.0218754	0.0191923	0.0163132	0.0120155	0.00796805	0.00762355	0.00725396	0.00452143	0.00408975	0.00397798	0.00379263	0.00345374	0.00290302	0.00228754	

36	0.016	0	0	task-3:0.025	task-0:0.06	task-1:0.01	task-2:0.03	|	0.0283032	0.0273453	0.0248627	0.0216717	0.0189588	0.0165245	0.0131575	0.0100061	0.00707364	0.0125366	0.00721419	0.00870772	0.00620998	0.00605775	0.00585545	0.00581422	0.00577828	0.00570021	0.00555128	0.00529825	0.00493833	0.00492278	0.00499075	0.00455434	0.0045012	0.00442909	0.00429199	0.00402765	0.00354551	0.00340628	0.0051639	0.00286851	0.0028255	0.00275067	0.00267977	0.00259354	0.00243342	

