90	0.047	1	0	task-3:0.468	task-0:0.16	task-1:0.114	task-2:0.49	|	0.0651442	0.0613097	0.0562227	0.0560068	0.0556226	0.0550044	0.0544616	0.054073	0.0552174	0.0538029	0.0537457	0.0536481	0.053556	0.0534862	0.0534761	0.0534445	0.0533893	0.053328	0.0532389	0.053084	0.0532996	0.0535044	0.0520937	0.0508475	0.0475754	0.0420408	0.0364617	0.0329079	0.032025	0.0303163	0.0273683	0.0227519	0.0202439	0.0195438	0.018669	0.0171566	0.0156191	0.0134578	0.0104288	0.00814334	

103	0.062	1	0	task-3:0.464	task-0:0.146	task-1:0.176	task-2:0.478	|	0.058787	0.057772	0.056513	0.0563662	0.0561208	0.0556333	0.0548569	0.0537152	0.0590844	0.0564518	0.0530651	0.0530522	0.0530359	0.0530046	0.0529705	0.0529918	0.0529558	0.0529498	0.0529391	0.0529274	0.0529106	0.05288	0.0528354	0.0520506	0.0511843	0.0480445	0.042595	0.0360271	0.0332234	0.0322216	0.0297574	0.0253286	0.0186353	0.024054	0.0194249	0.0128778	0.0119978	0.0113007	0.0103158	0.00915986	

84	0.047	1	0	task-3:0.462	task-0:0.218	task-1:0.12	task-2:0.424	|	0.0591576	0.0567349	0.0532245	0.0531836	0.0531711	0.0531408	0.0530804	0.052982	0.0533311	0.0529634	0.0529357	0.0529334	0.0529278	0.0529173	0.0529057	0.0521545	0.0510126	0.0479278	0.0423648	0.0359156	0.0327212	0.0320644	0.0306528	0.0281289	0.0242439	0.0207161	0.0224699	0.0186831	0.0175921	0.0168817	0.0166256	0.0161155	0.0153924	0.0144673	0.0129388	0.0117738	0.00965045	

103	0.063	1	0	task-3:0.464	task-0:0.146	task-1:0.176	task-2:0.478	|	0.058787	0.057772	0.056513	0.0563662	0.0561208	0.0556333	0.0548569	0.0537152	0.0590844	0.0564518	0.0530651	0.0530522	0.0530359	0.0530046	0.0529705	0.0529918	0.0529558	0.0529498	0.0529391	0.0529274	0.0529106	0.05288	0.0528354	0.0520506	0.0511843	0.0480445	0.042595	0.0360271	0.0332234	0.0322216	0.0297574	0.0253286	0.0186353	0.024054	0.0194249	0.0128778	0.0119978	0.0113007	0.0103158	0.00915986	

103	0.047	1	0	task-3:0.464	task-0:0.146	task-1:0.176	task-2:0.478	|	0.058787	0.057772	0.056513	0.0563662	0.0561208	0.0556333	0.0548569	0.0537152	0.0590844	0.0564518	0.0530651	0.0530522	0.0530359	0.0530046	0.0529705	0.0529918	0.0529558	0.0529498	0.0529391	0.0529274	0.0529106	0.05288	0.0528354	0.0520506	0.0511843	0.0480445	0.042595	0.0360271	0.0332234	0.0322216	0.0297574	0.0253286	0.0186353	0.024054	0.0194249	0.0128778	0.0119978	0.0113007	0.0103158	0.00915986	

103	0.047	1	0	task-3:0.464	task-0:0.146	task-1:0.176	task-2:0.478	|	0.058787	0.057772	0.056513	0.0563662	0.0561208	0.0556333	0.0548569	0.0537152	0.0590844	0.0564518	0.0530651	0.0530522	0.0530359	0.0530046	0.0529705	0.0529918	0.0529558	0.0529498	0.0529391	0.0529274	0.0529106	0.05288	0.0528354	0.0520506	0.0511843	0.0480445	0.042595	0.0360271	0.0332234	0.0322216	0.0297574	0.0253286	0.0186353	0.024054	0.0194249	0.0128778	0.0119978	0.0113007	0.0103158	0.00915986	

91	0.031	1	0	task-3:0.446	task-0:0.182	task-1:0.254	task-2:0.472	|	0.063295	0.0589591	0.0537642	0.0537138	0.0536704	0.0536373	0.0535629	0.0534522	0.0534315	0.0533971	0.0533843	0.0533609	0.0533364	0.0532853	0.0531992	0.0522647	0.051065	0.0482815	0.044226	0.0409364	0.0379394	0.033035	0.0319663	0.0361204	0.0280117	0.0331614	0.0248701	0.0240432	0.0226638	0.0208204	0.0188374	0.0175257	0.0184819	0.0163195	0.0158569	0.0154021	0.014446	0.0126838	0.00991586	

204	0.078	1	0	task-3:0.122	task-0:0.42	task-1:0.434	task-2:0.036	|	0.0544842	0.0542261	0.0539517	0.0539228	0.053851	0.0537015	0.0534364	0.0532112	0.0577287	0.0530323	0.053016	0.0529925	0.0529522	0.0529663	0.0529332	0.0529168	0.0529141	0.0529082	0.0528959	0.0528743	0.0529105	0.0528694	0.0525093	0.0520467	0.0509559	0.0493178	0.0471477	0.0456835	0.0436003	0.0404808	0.0409008	0.0380901	0.037311	0.0369306	0.03615	0.0351655	0.0342735	0.0335362	0.0332959	0.0327941	0.0319612	0.0310655	0.0306057	0.0304993	0.0302394	0.0299658	0.0296686	0.029157	0.0285601	0.0280615	0.02752	0.0269936	0.0264303	0.0262014	0.0260403	0.0258441	0.0256273	0.0253456	0.0250675	0.0245448	0.0240654	0.0244816	0.0236516	0.023525	0.0233415	0.0231166	0.0230447	0.0228969	0.0227412	0.0224181	0.0218829	0.0221345	0.0215765	0.0214983	0.02137	0.0211154	0.0207084	0.0199251	0.0184649	0.0159842	0.0553561	0.0274113	0.0142088	0.0140986	0.0140461	0.0139671	0.0138315	0.0136814	0.0136916	0.0139816	0.0134996	0.0134641	0.0134039	0.0132891	0.0130796	0.0127907	0.013115	0.0159783	0.0125876	0.0125043	0.0124564	0.012354	0.012164	0.0118956	0.0123178	0.0127275	0.0117399	0.0117257	0.0116981	0.0116484	0.011549	0.011366	0.0110752	0.0120289	0.011518	0.0108829	0.0108592	0.0108222	0.0107849	0.010712	0.010589	0.0105216	0.0110163	0.0104578	0.0104545	0.0104464	0.0104169	0.0103623	0.0102716	0.0104621	0.0101756	0.010153	0.0101083	0.0100155	0.00984861	

204	0.078	1	0	task-3:0.122	task-0:0.42	task-1:0.434	task-2:0.036	|	0.0544842	0.0542261	0.0539517	0.0539228	0.053851	0.0537015	0.0534364	0.0532112	0.0577287	0.0530323	0.053016	0.0529925	0.0529522	0.0529663	0.0529332	0.0529168	0.0529141	0.0529082	0.0528959	0.0528743	0.0529105	0.0528694	0.0525093	0.0520467	0.0509559	0.0493178	0.0471477	0.0456835	0.0436003	0.0404808	0.0409008	0.0380901	0.037311	0.0369306	0.03615	0.0351655	0.0342735	0.0335362	0.0332959	0.0327941	0.0319612	0.0310655	0.0306057	0.0304993	0.0302394	0.0299658	0.0296686	0.029157	0.0285601	0.0280615	0.02752	0.0269936	0.0264303	0.0262014	0.0260403	0.0258441	0.0256273	0.0253456	0.0250675	0.0245448	0.0240654	0.0244816	0.0236516	0.023525	0.0233415	0.0231166	0.0230447	0.0228969	0.0227412	0.0224181	0.0218829	0.0221345	0.0215765	0.0214983	0.02137	0.0211154	0.0207084	0.0199251	0.0184649	0.0159842	0.0553561	0.0274113	0.0142088	0.0140986	0.0140461	0.0139671	0.0138315	0.0136814	0.0136916	0.0139816	0.0134996	0.0134641	0.0134039	0.0132891	0.0130796	0.0127907	0.013115	0.0159783	0.0125876	0.0125043	0.0124564	0.012354	0.012164	0.0118956	0.0123178	0.0127275	0.0117399	0.0117257	0.0116981	0.0116484	0.011549	0.011366	0.0110752	0.0120289	0.011518	0.0108829	0.0108592	0.0108222	0.0107849	0.010712	0.010589	0.0105216	0.0110163	0.0104578	0.0104545	0.0104464	0.0104169	0.0103623	0.0102716	0.0104621	0.0101756	0.010153	0.0101083	0.0100155	0.00984861	

204	0.093	1	0	task-3:0.122	task-0:0.42	task-1:0.434	task-2:0.036	|	0.0544842	0.0542261	0.0539517	0.0539228	0.053851	0.0537015	0.0534364	0.0532112	0.0577287	0.0530323	0.053016	0.0529925	0.0529522	0.0529663	0.0529332	0.0529168	0.0529141	0.0529082	0.0528959	0.0528743	0.0529105	0.0528694	0.0525093	0.0520467	0.0509559	0.0493178	0.0471477	0.0456835	0.0436003	0.0404808	0.0409008	0.0380901	0.037311	0.0369306	0.03615	0.0351655	0.0342735	0.0335362	0.0332959	0.0327941	0.0319612	0.0310655	0.0306057	0.0304993	0.0302394	0.0299658	0.0296686	0.029157	0.0285601	0.0280615	0.02752	0.0269936	0.0264303	0.0262014	0.0260403	0.0258441	0.0256273	0.0253456	0.0250675	0.0245448	0.0240654	0.0244816	0.0236516	0.023525	0.0233415	0.0231166	0.0230447	0.0228969	0.0227412	0.0224181	0.0218829	0.0221345	0.0215765	0.0214983	0.02137	0.0211154	0.0207084	0.0199251	0.0184649	0.0159842	0.0553561	0.0274113	0.0142088	0.0140986	0.0140461	0.0139671	0.0138315	0.0136814	0.0136916	0.0139816	0.0134996	0.0134641	0.0134039	0.0132891	0.0130796	0.0127907	0.013115	0.0159783	0.0125876	0.0125043	0.0124564	0.012354	0.012164	0.0118956	0.0123178	0.0127275	0.0117399	0.0117257	0.0116981	0.0116484	0.011549	0.011366	0.0110752	0.0120289	0.011518	0.0108829	0.0108592	0.0108222	0.0107849	0.010712	0.010589	0.0105216	0.0110163	0.0104578	0.0104545	0.0104464	0.0104169	0.0103623	0.0102716	0.0104621	0.0101756	0.010153	0.0101083	0.0100155	0.00984861	

204	0.094	1	0	task-3:0.122	task-0:0.42	task-1:0.434	task-2:0.036	|	0.0544842	0.0542261	0.0539517	0.0539228	0.053851	0.0537015	0.0534364	0.0532112	0.0577287	0.0530323	0.053016	0.0529925	0.0529522	0.0529663	0.0529332	0.0529168	0.0529141	0.0529082	0.0528959	0.0528743	0.0529105	0.0528694	0.0525093	0.0520467	0.0509559	0.0493178	0.0471477	0.0456835	0.0436003	0.0404808	0.0409008	0.0380901	0.037311	0.0369306	0.03615	0.0351655	0.0342735	0.0335362	0.0332959	0.0327941	0.0319612	0.0310655	0.0306057	0.0304993	0.0302394	0.0299658	0.0296686	0.029157	0.0285601	0.0280615	0.02752	0.0269936	0.0264303	0.0262014	0.0260403	0.0258441	0.0256273	0.0253456	0.0250675	0.0245448	0.0240654	0.0244816	0.0236516	0.023525	0.0233415	0.0231166	0.0230447	0.0228969	0.0227412	0.0224181	0.0218829	0.0221345	0.0215765	0.0214983	0.02137	0.0211154	0.0207084	0.0199251	0.0184649	0.0159842	0.0553561	0.0274113	0.0142088	0.0140986	0.0140461	0.0139671	0.0138315	0.0136814	0.0136916	0.0139816	0.0134996	0.0134641	0.0134039	0.0132891	0.0130796	0.0127907	0.013115	0.0159783	0.0125876	0.0125043	0.0124564	0.012354	0.012164	0.0118956	0.0123178	0.0127275	0.0117399	0.0117257	0.0116981	0.0116484	0.011549	0.011366	0.0110752	0.0120289	0.011518	0.0108829	0.0108592	0.0108222	0.0107849	0.010712	0.010589	0.0105216	0.0110163	0.0104578	0.0104545	0.0104464	0.0104169	0.0103623	0.0102716	0.0104621	0.0101756	0.010153	0.0101083	0.0100155	0.00984861	

204	0.094	1	0	task-3:0.122	task-0:0.42	task-1:0.434	task-2:0.036	|	0.0544842	0.0542261	0.0539517	0.0539228	0.053851	0.0537015	0.0534364	0.0532112	0.0577287	0.0530323	0.053016	0.0529925	0.0529522	0.0529663	0.0529332	0.0529168	0.0529141	0.0529082	0.0528959	0.0528743	0.0529105	0.0528694	0.0525093	0.0520467	0.0509559	0.0493178	0.0471477	0.0456835	0.0436003	0.0404808	0.0409008	0.0380901	0.037311	0.0369306	0.03615	0.0351655	0.0342735	0.0335362	0.0332959	0.0327941	0.0319612	0.0310655	0.0306057	0.0304993	0.0302394	0.0299658	0.0296686	0.029157	0.0285601	0.0280615	0.02752	0.0269936	0.0264303	0.0262014	0.0260403	0.0258441	0.0256273	0.0253456	0.0250675	0.0245448	0.0240654	0.0244816	0.0236516	0.023525	0.0233415	0.0231166	0.0230447	0.0228969	0.0227412	0.0224181	0.0218829	0.0221345	0.0215765	0.0214983	0.02137	0.0211154	0.0207084	0.0199251	0.0184649	0.0159842	0.0553561	0.0274113	0.0142088	0.0140986	0.0140461	0.0139671	0.0138315	0.0136814	0.0136916	0.0139816	0.0134996	0.0134641	0.0134039	0.0132891	0.0130796	0.0127907	0.013115	0.0159783	0.0125876	0.0125043	0.0124564	0.012354	0.012164	0.0118956	0.0123178	0.0127275	0.0117399	0.0117257	0.0116981	0.0116484	0.011549	0.011366	0.0110752	0.0120289	0.011518	0.0108829	0.0108592	0.0108222	0.0107849	0.010712	0.010589	0.0105216	0.0110163	0.0104578	0.0104545	0.0104464	0.0104169	0.0103623	0.0102716	0.0104621	0.0101756	0.010153	0.0101083	0.0100155	0.00984861	

204	0.094	1	0	task-3:0.122	task-0:0.42	task-1:0.434	task-2:0.036	|	0.0544842	0.0542261	0.0539517	0.0539228	0.053851	0.0537015	0.0534364	0.0532112	0.0577287	0.0530323	0.053016	0.0529925	0.0529522	0.0529663	0.0529332	0.0529168	0.0529141	0.0529082	0.0528959	0.0528743	0.0529105	0.0528694	0.0525093	0.0520467	0.0509559	0.0493178	0.0471477	0.0456835	0.0436003	0.0404808	0.0409008	0.0380901	0.037311	0.0369306	0.03615	0.0351655	0.0342735	0.0335362	0.0332959	0.0327941	0.0319612	0.0310655	0.0306057	0.0304993	0.0302394	0.0299658	0.0296686	0.029157	0.0285601	0.0280615	0.02752	0.0269936	0.0264303	0.0262014	0.0260403	0.0258441	0.0256273	0.0253456	0.0250675	0.0245448	0.0240654	0.0244816	0.0236516	0.023525	0.0233415	0.0231166	0.0230447	0.0228969	0.0227412	0.0224181	0.0218829	0.0221345	0.0215765	0.0214983	0.02137	0.0211154	0.0207084	0.0199251	0.0184649	0.0159842	0.0553561	0.0274113	0.0142088	0.0140986	0.0140461	0.0139671	0.0138315	0.0136814	0.0136916	0.0139816	0.0134996	0.0134641	0.0134039	0.0132891	0.0130796	0.0127907	0.013115	0.0159783	0.0125876	0.0125043	0.0124564	0.012354	0.012164	0.0118956	0.0123178	0.0127275	0.0117399	0.0117257	0.0116981	0.0116484	0.011549	0.011366	0.0110752	0.0120289	0.011518	0.0108829	0.0108592	0.0108222	0.0107849	0.010712	0.010589	0.0105216	0.0110163	0.0104578	0.0104545	0.0104464	0.0104169	0.0103623	0.0102716	0.0104621	0.0101756	0.010153	0.0101083	0.0100155	0.00984861	

204	0.093	1	0	task-3:0.122	task-0:0.42	task-1:0.434	task-2:0.036	|	0.0544842	0.0542261	0.0539517	0.0539228	0.053851	0.0537015	0.0534364	0.0532112	0.0577287	0.0530323	0.053016	0.0529925	0.0529522	0.0529663	0.0529332	0.0529168	0.0529141	0.0529082	0.0528959	0.0528743	0.0529105	0.0528694	0.0525093	0.0520467	0.0509559	0.0493178	0.0471477	0.0456835	0.0436003	0.0404808	0.0409008	0.0380901	0.037311	0.0369306	0.03615	0.0351655	0.0342735	0.0335362	0.0332959	0.0327941	0.0319612	0.0310655	0.0306057	0.0304993	0.0302394	0.0299658	0.0296686	0.029157	0.0285601	0.0280615	0.02752	0.0269936	0.0264303	0.0262014	0.0260403	0.0258441	0.0256273	0.0253456	0.0250675	0.0245448	0.0240654	0.0244816	0.0236516	0.023525	0.0233415	0.0231166	0.0230447	0.0228969	0.0227412	0.0224181	0.0218829	0.0221345	0.0215765	0.0214983	0.02137	0.0211154	0.0207084	0.0199251	0.0184649	0.0159842	0.0553561	0.0274113	0.0142088	0.0140986	0.0140461	0.0139671	0.0138315	0.0136814	0.0136916	0.0139816	0.0134996	0.0134641	0.0134039	0.0132891	0.0130796	0.0127907	0.013115	0.0159783	0.0125876	0.0125043	0.0124564	0.012354	0.012164	0.0118956	0.0123178	0.0127275	0.0117399	0.0117257	0.0116981	0.0116484	0.011549	0.011366	0.0110752	0.0120289	0.011518	0.0108829	0.0108592	0.0108222	0.0107849	0.010712	0.010589	0.0105216	0.0110163	0.0104578	0.0104545	0.0104464	0.0104169	0.0103623	0.0102716	0.0104621	0.0101756	0.010153	0.0101083	0.0100155	0.00984861	

204	0.094	1	0	task-3:0.122	task-0:0.42	task-1:0.434	task-2:0.036	|	0.0544842	0.0542261	0.0539517	0.0539228	0.053851	0.0537015	0.0534364	0.0532112	0.0577287	0.0530323	0.053016	0.0529925	0.0529522	0.0529663	0.0529332	0.0529168	0.0529141	0.0529082	0.0528959	0.0528743	0.0529105	0.0528694	0.0525093	0.0520467	0.0509559	0.0493178	0.0471477	0.0456835	0.0436003	0.0404808	0.0409008	0.0380901	0.037311	0.0369306	0.03615	0.0351655	0.0342735	0.0335362	0.0332959	0.0327941	0.0319612	0.0310655	0.0306057	0.0304993	0.0302394	0.0299658	0.0296686	0.029157	0.0285601	0.0280615	0.02752	0.0269936	0.0264303	0.0262014	0.0260403	0.0258441	0.0256273	0.0253456	0.0250675	0.0245448	0.0240654	0.0244816	0.0236516	0.023525	0.0233415	0.0231166	0.0230447	0.0228969	0.0227412	0.0224181	0.0218829	0.0221345	0.0215765	0.0214983	0.02137	0.0211154	0.0207084	0.0199251	0.0184649	0.0159842	0.0553561	0.0274113	0.0142088	0.0140986	0.0140461	0.0139671	0.0138315	0.0136814	0.0136916	0.0139816	0.0134996	0.0134641	0.0134039	0.0132891	0.0130796	0.0127907	0.013115	0.0159783	0.0125876	0.0125043	0.0124564	0.012354	0.012164	0.0118956	0.0123178	0.0127275	0.0117399	0.0117257	0.0116981	0.0116484	0.011549	0.011366	0.0110752	0.0120289	0.011518	0.0108829	0.0108592	0.0108222	0.0107849	0.010712	0.010589	0.0105216	0.0110163	0.0104578	0.0104545	0.0104464	0.0104169	0.0103623	0.0102716	0.0104621	0.0101756	0.010153	0.0101083	0.0100155	0.00984861	

204	0.078	1	0	task-3:0.122	task-0:0.42	task-1:0.434	task-2:0.036	|	0.0544842	0.0542261	0.0539517	0.0539228	0.053851	0.0537015	0.0534364	0.0532112	0.0577287	0.0530323	0.053016	0.0529925	0.0529522	0.0529663	0.0529332	0.0529168	0.0529141	0.0529082	0.0528959	0.0528743	0.0529105	0.0528694	0.0525093	0.0520467	0.0509559	0.0493178	0.0471477	0.0456835	0.0436003	0.0404808	0.0409008	0.0380901	0.037311	0.0369306	0.03615	0.0351655	0.0342735	0.0335362	0.0332959	0.0327941	0.0319612	0.0310655	0.0306057	0.0304993	0.0302394	0.0299658	0.0296686	0.029157	0.0285601	0.0280615	0.02752	0.0269936	0.0264303	0.0262014	0.0260403	0.0258441	0.0256273	0.0253456	0.0250675	0.0245448	0.0240654	0.0244816	0.0236516	0.023525	0.0233415	0.0231166	0.0230447	0.0228969	0.0227412	0.0224181	0.0218829	0.0221345	0.0215765	0.0214983	0.02137	0.0211154	0.0207084	0.0199251	0.0184649	0.0159842	0.0553561	0.0274113	0.0142088	0.0140986	0.0140461	0.0139671	0.0138315	0.0136814	0.0136916	0.0139816	0.0134996	0.0134641	0.0134039	0.0132891	0.0130796	0.0127907	0.013115	0.0159783	0.0125876	0.0125043	0.0124564	0.012354	0.012164	0.0118956	0.0123178	0.0127275	0.0117399	0.0117257	0.0116981	0.0116484	0.011549	0.011366	0.0110752	0.0120289	0.011518	0.0108829	0.0108592	0.0108222	0.0107849	0.010712	0.010589	0.0105216	0.0110163	0.0104578	0.0104545	0.0104464	0.0104169	0.0103623	0.0102716	0.0104621	0.0101756	0.010153	0.0101083	0.0100155	0.00984861	

204	0.078	1	0	task-3:0.122	task-0:0.42	task-1:0.434	task-2:0.036	|	0.0544842	0.0542261	0.0539517	0.0539228	0.053851	0.0537015	0.0534364	0.0532112	0.0577287	0.0530323	0.053016	0.0529925	0.0529522	0.0529663	0.0529332	0.0529168	0.0529141	0.0529082	0.0528959	0.0528743	0.0529105	0.0528694	0.0525093	0.0520467	0.0509559	0.0493178	0.0471477	0.0456835	0.0436003	0.0404808	0.0409008	0.0380901	0.037311	0.0369306	0.03615	0.0351655	0.0342735	0.0335362	0.0332959	0.0327941	0.0319612	0.0310655	0.0306057	0.0304993	0.0302394	0.0299658	0.0296686	0.029157	0.0285601	0.0280615	0.02752	0.0269936	0.0264303	0.0262014	0.0260403	0.0258441	0.0256273	0.0253456	0.0250675	0.0245448	0.0240654	0.0244816	0.0236516	0.023525	0.0233415	0.0231166	0.0230447	0.0228969	0.0227412	0.0224181	0.0218829	0.0221345	0.0215765	0.0214983	0.02137	0.0211154	0.0207084	0.0199251	0.0184649	0.0159842	0.0553561	0.0274113	0.0142088	0.0140986	0.0140461	0.0139671	0.0138315	0.0136814	0.0136916	0.0139816	0.0134996	0.0134641	0.0134039	0.0132891	0.0130796	0.0127907	0.013115	0.0159783	0.0125876	0.0125043	0.0124564	0.012354	0.012164	0.0118956	0.0123178	0.0127275	0.0117399	0.0117257	0.0116981	0.0116484	0.011549	0.011366	0.0110752	0.0120289	0.011518	0.0108829	0.0108592	0.0108222	0.0107849	0.010712	0.010589	0.0105216	0.0110163	0.0104578	0.0104545	0.0104464	0.0104169	0.0103623	0.0102716	0.0104621	0.0101756	0.010153	0.0101083	0.0100155	0.00984861	

119	0.046	1	0	task-3:0.444	task-0:0.218	task-1:0.216	task-2:0.438	|	0.0544842	0.0542261	0.0539517	0.0539228	0.053851	0.0537015	0.0534364	0.0532112	0.0577287	0.0530323	0.053016	0.0529925	0.0529522	0.0529663	0.0529332	0.0529168	0.0529141	0.0529082	0.0528959	0.0528743	0.0529105	0.0528694	0.0522136	0.0514819	0.0495774	0.0462961	0.0430294	0.0399161	0.0384229	0.037042	0.0364916	0.0355864	0.0340318	0.0318435	0.0333945	0.0297284	0.0290793	0.0280961	0.0263817	0.0235688	0.0210347	0.0341053	0.0193924	0.0188819	0.0182401	0.0179657	0.0175229	0.0167467	0.016	0.0156715	0.015319	0.0149749	0.0148336	0.0146847	0.0145086	0.0143221	0.0139418	0.013446	0.0124903	0.0110109	0.0178141	0.0108581	0.0107146	0.0105881	0.0103807	0.0101901	0.0100168	0.00988636	

99	0.047	1	0	task-3:0.446	task-0:0.248	task-1:0.206	task-2:0.478	|	0.0852434	0.0780972	0.0588785	0.0600151	0.0544697	0.0542812	0.0540692	0.0537626	0.0534747	0.0534133	0.0533287	0.053276	0.0532294	0.0531743	0.0531225	0.0530422	0.0530798	0.0533353	0.0529829	0.0529809	0.0529729	0.0529542	0.0529195	0.0520479	0.0508196	0.0475205	0.0423021	0.0372075	0.0320105	0.0285697	0.0259964	0.0243794	0.0217957	0.0180595	0.0150018	0.0112637	0.0100229	0.0090977	

99	0.063	1	0	task-3:0.446	task-0:0.248	task-1:0.206	task-2:0.478	|	0.0852434	0.0780972	0.0588785	0.0600151	0.0544697	0.0542812	0.0540692	0.0537626	0.0534747	0.0534133	0.0533287	0.053276	0.0532294	0.0531743	0.0531225	0.0530422	0.0530798	0.0533353	0.0529829	0.0529809	0.0529729	0.0529542	0.0529195	0.0520479	0.0508196	0.0475205	0.0423021	0.0372075	0.0320105	0.0285697	0.0259964	0.0243794	0.0217957	0.0180595	0.0150018	0.0112637	0.0100229	0.0090977	

99	0.047	1	0	task-3:0.446	task-0:0.248	task-1:0.206	task-2:0.478	|	0.0852434	0.0780972	0.0588785	0.0600151	0.0544697	0.0542812	0.0540692	0.0537626	0.0534747	0.0534133	0.0533287	0.053276	0.0532294	0.0531743	0.0531225	0.0530422	0.0530798	0.0533353	0.0529829	0.0529809	0.0529729	0.0529542	0.0529195	0.0520479	0.0508196	0.0475205	0.0423021	0.0372075	0.0320105	0.0285697	0.0259964	0.0243794	0.0217957	0.0180595	0.0150018	0.0112637	0.0100229	0.0090977	

99	0.062	1	0	task-3:0.446	task-0:0.248	task-1:0.206	task-2:0.478	|	0.0852434	0.0780972	0.0588785	0.0600151	0.0544697	0.0542812	0.0540692	0.0537626	0.0534747	0.0534133	0.0533287	0.053276	0.0532294	0.0531743	0.0531225	0.0530422	0.0530798	0.0533353	0.0529829	0.0529809	0.0529729	0.0529542	0.0529195	0.0520479	0.0508196	0.0475205	0.0423021	0.0372075	0.0320105	0.0285697	0.0259964	0.0243794	0.0217957	0.0180595	0.0150018	0.0112637	0.0100229	0.0090977	

99	0.047	1	0	task-3:0.446	task-0:0.248	task-1:0.206	task-2:0.478	|	0.0852434	0.0780972	0.0588785	0.0600151	0.0544697	0.0542812	0.0540692	0.0537626	0.0534747	0.0534133	0.0533287	0.053276	0.0532294	0.0531743	0.0531225	0.0530422	0.0530798	0.0533353	0.0529829	0.0529809	0.0529729	0.0529542	0.0529195	0.0520479	0.0508196	0.0475205	0.0423021	0.0372075	0.0320105	0.0285697	0.0259964	0.0243794	0.0217957	0.0180595	0.0150018	0.0112637	0.0100229	0.0090977	

99	0.047	1	0	task-3:0.446	task-0:0.248	task-1:0.206	task-2:0.478	|	0.0852434	0.0780972	0.0588785	0.0600151	0.0544697	0.0542812	0.0540692	0.0537626	0.0534747	0.0534133	0.0533287	0.053276	0.0532294	0.0531743	0.0531225	0.0530422	0.0530798	0.0533353	0.0529829	0.0529809	0.0529729	0.0529542	0.0529195	0.0520479	0.0508196	0.0475205	0.0423021	0.0372075	0.0320105	0.0285697	0.0259964	0.0243794	0.0217957	0.0180595	0.0150018	0.0112637	0.0100229	0.0090977	

99	0.046	1	0	task-3:0.446	task-0:0.248	task-1:0.206	task-2:0.478	|	0.0852434	0.0780972	0.0588785	0.0600151	0.0544697	0.0542812	0.0540692	0.0537626	0.0534747	0.0534133	0.0533287	0.053276	0.0532294	0.0531743	0.0531225	0.0530422	0.0530798	0.0533353	0.0529829	0.0529809	0.0529729	0.0529542	0.0529195	0.0520479	0.0508196	0.0475205	0.0423021	0.0372075	0.0320105	0.0285697	0.0259964	0.0243794	0.0217957	0.0180595	0.0150018	0.0112637	0.0100229	0.0090977	

99	0.063	1	0	task-3:0.446	task-0:0.248	task-1:0.206	task-2:0.478	|	0.0852434	0.0780972	0.0588785	0.0600151	0.0544697	0.0542812	0.0540692	0.0537626	0.0534747	0.0534133	0.0533287	0.053276	0.0532294	0.0531743	0.0531225	0.0530422	0.0530798	0.0533353	0.0529829	0.0529809	0.0529729	0.0529542	0.0529195	0.0520479	0.0508196	0.0475205	0.0423021	0.0372075	0.0320105	0.0285697	0.0259964	0.0243794	0.0217957	0.0180595	0.0150018	0.0112637	0.0100229	0.0090977	

99	0.047	1	0	task-3:0.446	task-0:0.248	task-1:0.206	task-2:0.478	|	0.0852434	0.0780972	0.0588785	0.0600151	0.0544697	0.0542812	0.0540692	0.0537626	0.0534747	0.0534133	0.0533287	0.053276	0.0532294	0.0531743	0.0531225	0.0530422	0.0530798	0.0533353	0.0529829	0.0529809	0.0529729	0.0529542	0.0529195	0.0520479	0.0508196	0.0475205	0.0423021	0.0372075	0.0320105	0.0285697	0.0259964	0.0243794	0.0217957	0.0180595	0.0150018	0.0112637	0.0100229	0.0090977	

99	0.047	1	0	task-3:0.446	task-0:0.248	task-1:0.206	task-2:0.478	|	0.0852434	0.0780972	0.0588785	0.0600151	0.0544697	0.0542812	0.0540692	0.0537626	0.0534747	0.0534133	0.0533287	0.053276	0.0532294	0.0531743	0.0531225	0.0530422	0.0530798	0.0533353	0.0529829	0.0529809	0.0529729	0.0529542	0.0529195	0.0520479	0.0508196	0.0475205	0.0423021	0.0372075	0.0320105	0.0285697	0.0259964	0.0243794	0.0217957	0.0180595	0.0150018	0.0112637	0.0100229	0.0090977	

99	0.047	1	0	task-3:0.446	task-0:0.248	task-1:0.206	task-2:0.478	|	0.0852434	0.0780972	0.0588785	0.0600151	0.0544697	0.0542812	0.0540692	0.0537626	0.0534747	0.0534133	0.0533287	0.053276	0.0532294	0.0531743	0.0531225	0.0530422	0.0530798	0.0533353	0.0529829	0.0529809	0.0529729	0.0529542	0.0529195	0.0520479	0.0508196	0.0475205	0.0423021	0.0372075	0.0320105	0.0285697	0.0259964	0.0243794	0.0217957	0.0180595	0.0150018	0.0112637	0.0100229	0.0090977	

99	0.047	1	0	task-3:0.446	task-0:0.248	task-1:0.206	task-2:0.478	|	0.0852434	0.0780972	0.0588785	0.0600151	0.0544697	0.0542812	0.0540692	0.0537626	0.0534747	0.0534133	0.0533287	0.053276	0.0532294	0.0531743	0.0531225	0.0530422	0.0530798	0.0533353	0.0529829	0.0529809	0.0529729	0.0529542	0.0529195	0.0520479	0.0508196	0.0475205	0.0423021	0.0372075	0.0320105	0.0285697	0.0259964	0.0243794	0.0217957	0.0180595	0.0150018	0.0112637	0.0100229	0.0090977	

99	0.063	1	0	task-3:0.446	task-0:0.248	task-1:0.206	task-2:0.478	|	0.0852434	0.0780972	0.0588785	0.0600151	0.0544697	0.0542812	0.0540692	0.0537626	0.0534747	0.0534133	0.0533287	0.053276	0.0532294	0.0531743	0.0531225	0.0530422	0.0530798	0.0533353	0.0529829	0.0529809	0.0529729	0.0529542	0.0529195	0.0520479	0.0508196	0.0475205	0.0423021	0.0372075	0.0320105	0.0285697	0.0259964	0.0243794	0.0217957	0.0180595	0.0150018	0.0112637	0.0100229	0.0090977	

99	0.046	1	0	task-3:0.446	task-0:0.248	task-1:0.206	task-2:0.478	|	0.0852434	0.0780972	0.0588785	0.0600151	0.0544697	0.0542812	0.0540692	0.0537626	0.0534747	0.0534133	0.0533287	0.053276	0.0532294	0.0531743	0.0531225	0.0530422	0.0530798	0.0533353	0.0529829	0.0529809	0.0529729	0.0529542	0.0529195	0.0520479	0.0508196	0.0475205	0.0423021	0.0372075	0.0320105	0.0285697	0.0259964	0.0243794	0.0217957	0.0180595	0.0150018	0.0112637	0.0100229	0.0090977	

99	0.063	1	0	task-3:0.446	task-0:0.248	task-1:0.206	task-2:0.478	|	0.0852434	0.0780972	0.0588785	0.0600151	0.0544697	0.0542812	0.0540692	0.0537626	0.0534747	0.0534133	0.0533287	0.053276	0.0532294	0.0531743	0.0531225	0.0530422	0.0530798	0.0533353	0.0529829	0.0529809	0.0529729	0.0529542	0.0529195	0.0520479	0.0508196	0.0475205	0.0423021	0.0372075	0.0320105	0.0285697	0.0259964	0.0243794	0.0217957	0.0180595	0.0150018	0.0112637	0.0100229	0.0090977	

95	0.047	1	0	task-3:0.452	task-0:0.212	task-1:0.174	task-2:0.48	|	0.0679154	0.0627088	0.0554542	0.055278	0.0550931	0.0547249	0.0541543	0.0547453	0.0540007	0.0537457	0.0537207	0.0536627	0.0535437	0.053342	0.0533387	0.0537774	0.0531056	0.0530953	0.0530747	0.0523004	0.0511988	0.0482172	0.0428274	0.0373996	0.0323644	0.0526021	0.0293621	0.0285594	0.0267362	0.0231386	0.020367	0.0222182	0.0178489	0.0174343	0.0165338	0.0148165	0.012052	0.00915968	

99	0.047	1	0	task-3:0.446	task-0:0.248	task-1:0.206	task-2:0.478	|	0.0852434	0.0780972	0.0588785	0.0600151	0.0544697	0.0542812	0.0540692	0.0537626	0.0534747	0.0534133	0.0533287	0.053276	0.0532294	0.0531743	0.0531225	0.0530422	0.0530798	0.0533353	0.0529829	0.0529809	0.0529729	0.0529542	0.0529195	0.0520479	0.0508196	0.0475205	0.0423021	0.0372075	0.0320105	0.0285697	0.0259964	0.0243794	0.0217957	0.0180595	0.0150018	0.0112637	0.0100229	0.0090977	

99	0.047	1	0	task-3:0.446	task-0:0.248	task-1:0.206	task-2:0.478	|	0.0852434	0.0780972	0.0588785	0.0600151	0.0544697	0.0542812	0.0540692	0.0537626	0.0534747	0.0534133	0.0533287	0.053276	0.0532294	0.0531743	0.0531225	0.0530422	0.0530798	0.0533353	0.0529829	0.0529809	0.0529729	0.0529542	0.0529195	0.0520479	0.0508196	0.0475205	0.0423021	0.0372075	0.0320105	0.0285697	0.0259964	0.0243794	0.0217957	0.0180595	0.0150018	0.0112637	0.0100229	0.0090977	

108	0.047	1	0	task-3:0.46	task-0:0.098	task-1:0.14	task-2:0.46	|	0.059957	0.0583324	0.0558994	0.0554409	0.0550002	0.0546208	0.0543983	0.0541812	0.0540132	0.0537791	0.053541	0.0535233	0.0534186	0.0533339	0.0533207	0.0532943	0.0532419	0.0531744	0.0531767	0.0531327	0.0531204	0.0530967	0.0530636	0.0530045	0.0520095	0.0515636	0.0474108	0.0430215	0.0372761	0.0331007	0.0319085	0.0299844	0.0269466	0.0235758	0.0209979	0.0184157	0.0189877	0.0169299	0.0155931	0.0150068	0.0142619	0.0132041	0.0119206	0.0111699	0.0100349	0.00968259	

84	0.047	1	0	task-3:0.448	task-0:0.184	task-1:0.218	task-2:0.47	|	0.0561144	0.056059	0.0559245	0.0557255	0.0554713	0.0550612	0.0544698	0.0543428	0.055939	0.053978	0.0539338	0.0538444	0.0536826	0.0534879	0.0532652	0.0537356	0.0532172	0.0532009	0.053172	0.0531429	0.053086	0.052999	0.0520561	0.0518443	0.0488738	0.0437652	0.037451	0.0345355	0.0330654	0.032038	0.0303142	0.0277765	0.0258981	0.0243966	0.0238476	0.0226927	0.0209941	0.0195046	0.0198601	0.0183245	0.0177454	0.0172815	0.0163008	0.0143869	0.0111111	0.00663694	

84	0.047	1	0	task-3:0.448	task-0:0.184	task-1:0.218	task-2:0.47	|	0.0561144	0.056059	0.0559245	0.0557255	0.0554713	0.0550612	0.0544698	0.0543428	0.055939	0.053978	0.0539338	0.0538444	0.0536826	0.0534879	0.0532652	0.0537356	0.0532172	0.0532009	0.053172	0.0531429	0.053086	0.052999	0.0520561	0.0518443	0.0488738	0.0437652	0.037451	0.0345355	0.0330654	0.032038	0.0303142	0.0277765	0.0258981	0.0243966	0.0238476	0.0226927	0.0209941	0.0195046	0.0198601	0.0183245	0.0177454	0.0172815	0.0163008	0.0143869	0.0111111	0.00663694	

84	0.047	1	0	task-3:0.448	task-0:0.184	task-1:0.218	task-2:0.47	|	0.0561144	0.056059	0.0559245	0.0557255	0.0554713	0.0550612	0.0544698	0.0543428	0.055939	0.053978	0.0539338	0.0538444	0.0536826	0.0534879	0.0532652	0.0537356	0.0532172	0.0532009	0.053172	0.0531429	0.053086	0.052999	0.0520561	0.0518443	0.0488738	0.0437652	0.037451	0.0345355	0.0330654	0.032038	0.0303142	0.0277765	0.0258981	0.0243966	0.0238476	0.0226927	0.0209941	0.0195046	0.0198601	0.0183245	0.0177454	0.0172815	0.0163008	0.0143869	0.0111111	0.00663694	

84	0.031	1	0	task-3:0.448	task-0:0.184	task-1:0.218	task-2:0.47	|	0.0561144	0.056059	0.0559245	0.0557255	0.0554713	0.0550612	0.0544698	0.0543428	0.055939	0.053978	0.0539338	0.0538444	0.0536826	0.0534879	0.0532652	0.0537356	0.0532172	0.0532009	0.053172	0.0531429	0.053086	0.052999	0.0520561	0.0518443	0.0488738	0.0437652	0.037451	0.0345355	0.0330654	0.032038	0.0303142	0.0277765	0.0258981	0.0243966	0.0238476	0.0226927	0.0209941	0.0195046	0.0198601	0.0183245	0.0177454	0.0172815	0.0163008	0.0143869	0.0111111	0.00663694	

84	0.031	1	0	task-3:0.448	task-0:0.184	task-1:0.218	task-2:0.47	|	0.0561144	0.056059	0.0559245	0.0557255	0.0554713	0.0550612	0.0544698	0.0543428	0.055939	0.053978	0.0539338	0.0538444	0.0536826	0.0534879	0.0532652	0.0537356	0.0532172	0.0532009	0.053172	0.0531429	0.053086	0.052999	0.0520561	0.0518443	0.0488738	0.0437652	0.037451	0.0345355	0.0330654	0.032038	0.0303142	0.0277765	0.0258981	0.0243966	0.0238476	0.0226927	0.0209941	0.0195046	0.0198601	0.0183245	0.0177454	0.0172815	0.0163008	0.0143869	0.0111111	0.00663694	

84	0.047	1	0	task-3:0.448	task-0:0.184	task-1:0.218	task-2:0.47	|	0.0561144	0.056059	0.0559245	0.0557255	0.0554713	0.0550612	0.0544698	0.0543428	0.055939	0.053978	0.0539338	0.0538444	0.0536826	0.0534879	0.0532652	0.0537356	0.0532172	0.0532009	0.053172	0.0531429	0.053086	0.052999	0.0520561	0.0518443	0.0488738	0.0437652	0.037451	0.0345355	0.0330654	0.032038	0.0303142	0.0277765	0.0258981	0.0243966	0.0238476	0.0226927	0.0209941	0.0195046	0.0198601	0.0183245	0.0177454	0.0172815	0.0163008	0.0143869	0.0111111	0.00663694	

84	0.031	1	0	task-3:0.448	task-0:0.184	task-1:0.218	task-2:0.47	|	0.0561144	0.056059	0.0559245	0.0557255	0.0554713	0.0550612	0.0544698	0.0543428	0.055939	0.053978	0.0539338	0.0538444	0.0536826	0.0534879	0.0532652	0.0537356	0.0532172	0.0532009	0.053172	0.0531429	0.053086	0.052999	0.0520561	0.0518443	0.0488738	0.0437652	0.037451	0.0345355	0.0330654	0.032038	0.0303142	0.0277765	0.0258981	0.0243966	0.0238476	0.0226927	0.0209941	0.0195046	0.0198601	0.0183245	0.0177454	0.0172815	0.0163008	0.0143869	0.0111111	0.00663694	

84	0.031	1	0	task-3:0.448	task-0:0.184	task-1:0.218	task-2:0.47	|	0.0561144	0.056059	0.0559245	0.0557255	0.0554713	0.0550612	0.0544698	0.0543428	0.055939	0.053978	0.0539338	0.0538444	0.0536826	0.0534879	0.0532652	0.0537356	0.0532172	0.0532009	0.053172	0.0531429	0.053086	0.052999	0.0520561	0.0518443	0.0488738	0.0437652	0.037451	0.0345355	0.0330654	0.032038	0.0303142	0.0277765	0.0258981	0.0243966	0.0238476	0.0226927	0.0209941	0.0195046	0.0198601	0.0183245	0.0177454	0.0172815	0.0163008	0.0143869	0.0111111	0.00663694	

84	0.047	1	0	task-3:0.448	task-0:0.184	task-1:0.218	task-2:0.47	|	0.0561144	0.056059	0.0559245	0.0557255	0.0554713	0.0550612	0.0544698	0.0543428	0.055939	0.053978	0.0539338	0.0538444	0.0536826	0.0534879	0.0532652	0.0537356	0.0532172	0.0532009	0.053172	0.0531429	0.053086	0.052999	0.0520561	0.0518443	0.0488738	0.0437652	0.037451	0.0345355	0.0330654	0.032038	0.0303142	0.0277765	0.0258981	0.0243966	0.0238476	0.0226927	0.0209941	0.0195046	0.0198601	0.0183245	0.0177454	0.0172815	0.0163008	0.0143869	0.0111111	0.00663694	

84	0.031	1	0	task-3:0.448	task-0:0.184	task-1:0.218	task-2:0.47	|	0.0561144	0.056059	0.0559245	0.0557255	0.0554713	0.0550612	0.0544698	0.0543428	0.055939	0.053978	0.0539338	0.0538444	0.0536826	0.0534879	0.0532652	0.0537356	0.0532172	0.0532009	0.053172	0.0531429	0.053086	0.052999	0.0520561	0.0518443	0.0488738	0.0437652	0.037451	0.0345355	0.0330654	0.032038	0.0303142	0.0277765	0.0258981	0.0243966	0.0238476	0.0226927	0.0209941	0.0195046	0.0198601	0.0183245	0.0177454	0.0172815	0.0163008	0.0143869	0.0111111	0.00663694	

84	0.047	1	0	task-3:0.448	task-0:0.184	task-1:0.218	task-2:0.47	|	0.0561144	0.056059	0.0559245	0.0557255	0.0554713	0.0550612	0.0544698	0.0543428	0.055939	0.053978	0.0539338	0.0538444	0.0536826	0.0534879	0.0532652	0.0537356	0.0532172	0.0532009	0.053172	0.0531429	0.053086	0.052999	0.0520561	0.0518443	0.0488738	0.0437652	0.037451	0.0345355	0.0330654	0.032038	0.0303142	0.0277765	0.0258981	0.0243966	0.0238476	0.0226927	0.0209941	0.0195046	0.0198601	0.0183245	0.0177454	0.0172815	0.0163008	0.0143869	0.0111111	0.00663694	

84	0.047	1	0	task-3:0.448	task-0:0.184	task-1:0.218	task-2:0.47	|	0.0561144	0.056059	0.0559245	0.0557255	0.0554713	0.0550612	0.0544698	0.0543428	0.055939	0.053978	0.0539338	0.0538444	0.0536826	0.0534879	0.0532652	0.0537356	0.0532172	0.0532009	0.053172	0.0531429	0.053086	0.052999	0.0520561	0.0518443	0.0488738	0.0437652	0.037451	0.0345355	0.0330654	0.032038	0.0303142	0.0277765	0.0258981	0.0243966	0.0238476	0.0226927	0.0209941	0.0195046	0.0198601	0.0183245	0.0177454	0.0172815	0.0163008	0.0143869	0.0111111	0.00663694	

84	0.031	1	0	task-3:0.448	task-0:0.184	task-1:0.218	task-2:0.47	|	0.0561144	0.056059	0.0559245	0.0557255	0.0554713	0.0550612	0.0544698	0.0543428	0.055939	0.053978	0.0539338	0.0538444	0.0536826	0.0534879	0.0532652	0.0537356	0.0532172	0.0532009	0.053172	0.0531429	0.053086	0.052999	0.0520561	0.0518443	0.0488738	0.0437652	0.037451	0.0345355	0.0330654	0.032038	0.0303142	0.0277765	0.0258981	0.0243966	0.0238476	0.0226927	0.0209941	0.0195046	0.0198601	0.0183245	0.0177454	0.0172815	0.0163008	0.0143869	0.0111111	0.00663694	

84	0.047	1	0	task-3:0.448	task-0:0.184	task-1:0.218	task-2:0.47	|	0.0561144	0.056059	0.0559245	0.0557255	0.0554713	0.0550612	0.0544698	0.0543428	0.055939	0.053978	0.0539338	0.0538444	0.0536826	0.0534879	0.0532652	0.0537356	0.0532172	0.0532009	0.053172	0.0531429	0.053086	0.052999	0.0520561	0.0518443	0.0488738	0.0437652	0.037451	0.0345355	0.0330654	0.032038	0.0303142	0.0277765	0.0258981	0.0243966	0.0238476	0.0226927	0.0209941	0.0195046	0.0198601	0.0183245	0.0177454	0.0172815	0.0163008	0.0143869	0.0111111	0.00663694	

84	0.047	1	0	task-3:0.448	task-0:0.184	task-1:0.218	task-2:0.47	|	0.0561144	0.056059	0.0559245	0.0557255	0.0554713	0.0550612	0.0544698	0.0543428	0.055939	0.053978	0.0539338	0.0538444	0.0536826	0.0534879	0.0532652	0.0537356	0.0532172	0.0532009	0.053172	0.0531429	0.053086	0.052999	0.0520561	0.0518443	0.0488738	0.0437652	0.037451	0.0345355	0.0330654	0.032038	0.0303142	0.0277765	0.0258981	0.0243966	0.0238476	0.0226927	0.0209941	0.0195046	0.0198601	0.0183245	0.0177454	0.0172815	0.0163008	0.0143869	0.0111111	0.00663694	

84	0.031	1	0	task-3:0.448	task-0:0.184	task-1:0.218	task-2:0.47	|	0.0561144	0.056059	0.0559245	0.0557255	0.0554713	0.0550612	0.0544698	0.0543428	0.055939	0.053978	0.0539338	0.0538444	0.0536826	0.0534879	0.0532652	0.0537356	0.0532172	0.0532009	0.053172	0.0531429	0.053086	0.052999	0.0520561	0.0518443	0.0488738	0.0437652	0.037451	0.0345355	0.0330654	0.032038	0.0303142	0.0277765	0.0258981	0.0243966	0.0238476	0.0226927	0.0209941	0.0195046	0.0198601	0.0183245	0.0177454	0.0172815	0.0163008	0.0143869	0.0111111	0.00663694	

84	0.031	1	0	task-3:0.448	task-0:0.184	task-1:0.218	task-2:0.47	|	0.0561144	0.056059	0.0559245	0.0557255	0.0554713	0.0550612	0.0544698	0.0543428	0.055939	0.053978	0.0539338	0.0538444	0.0536826	0.0534879	0.0532652	0.0537356	0.0532172	0.0532009	0.053172	0.0531429	0.053086	0.052999	0.0520561	0.0518443	0.0488738	0.0437652	0.037451	0.0345355	0.0330654	0.032038	0.0303142	0.0277765	0.0258981	0.0243966	0.0238476	0.0226927	0.0209941	0.0195046	0.0198601	0.0183245	0.0177454	0.0172815	0.0163008	0.0143869	0.0111111	0.00663694	

84	0.047	1	0	task-3:0.448	task-0:0.184	task-1:0.218	task-2:0.47	|	0.0561144	0.056059	0.0559245	0.0557255	0.0554713	0.0550612	0.0544698	0.0543428	0.055939	0.053978	0.0539338	0.0538444	0.0536826	0.0534879	0.0532652	0.0537356	0.0532172	0.0532009	0.053172	0.0531429	0.053086	0.052999	0.0520561	0.0518443	0.0488738	0.0437652	0.037451	0.0345355	0.0330654	0.032038	0.0303142	0.0277765	0.0258981	0.0243966	0.0238476	0.0226927	0.0209941	0.0195046	0.0198601	0.0183245	0.0177454	0.0172815	0.0163008	0.0143869	0.0111111	0.00663694	

84	0.047	1	0	task-3:0.448	task-0:0.184	task-1:0.218	task-2:0.47	|	0.0561144	0.056059	0.0559245	0.0557255	0.0554713	0.0550612	0.0544698	0.0543428	0.055939	0.053978	0.0539338	0.0538444	0.0536826	0.0534879	0.0532652	0.0537356	0.0532172	0.0532009	0.053172	0.0531429	0.053086	0.052999	0.0520561	0.0518443	0.0488738	0.0437652	0.037451	0.0345355	0.0330654	0.032038	0.0303142	0.0277765	0.0258981	0.0243966	0.0238476	0.0226927	0.0209941	0.0195046	0.0198601	0.0183245	0.0177454	0.0172815	0.0163008	0.0143869	0.0111111	0.00663694	

84	0.031	1	0	task-3:0.448	task-0:0.184	task-1:0.218	task-2:0.47	|	0.0561144	0.056059	0.0559245	0.0557255	0.0554713	0.0550612	0.0544698	0.0543428	0.055939	0.053978	0.0539338	0.0538444	0.0536826	0.0534879	0.0532652	0.0537356	0.0532172	0.0532009	0.053172	0.0531429	0.053086	0.052999	0.0520561	0.0518443	0.0488738	0.0437652	0.037451	0.0345355	0.0330654	0.032038	0.0303142	0.0277765	0.0258981	0.0243966	0.0238476	0.0226927	0.0209941	0.0195046	0.0198601	0.0183245	0.0177454	0.0172815	0.0163008	0.0143869	0.0111111	0.00663694	

84	0.047	1	0	task-3:0.448	task-0:0.184	task-1:0.218	task-2:0.47	|	0.0561144	0.056059	0.0559245	0.0557255	0.0554713	0.0550612	0.0544698	0.0543428	0.055939	0.053978	0.0539338	0.0538444	0.0536826	0.0534879	0.0532652	0.0537356	0.0532172	0.0532009	0.053172	0.0531429	0.053086	0.052999	0.0520561	0.0518443	0.0488738	0.0437652	0.037451	0.0345355	0.0330654	0.032038	0.0303142	0.0277765	0.0258981	0.0243966	0.0238476	0.0226927	0.0209941	0.0195046	0.0198601	0.0183245	0.0177454	0.0172815	0.0163008	0.0143869	0.0111111	0.00663694	

84	0.047	1	0	task-3:0.448	task-0:0.184	task-1:0.218	task-2:0.47	|	0.0561144	0.056059	0.0559245	0.0557255	0.0554713	0.0550612	0.0544698	0.0543428	0.055939	0.053978	0.0539338	0.0538444	0.0536826	0.0534879	0.0532652	0.0537356	0.0532172	0.0532009	0.053172	0.0531429	0.053086	0.052999	0.0520561	0.0518443	0.0488738	0.0437652	0.037451	0.0345355	0.0330654	0.032038	0.0303142	0.0277765	0.0258981	0.0243966	0.0238476	0.0226927	0.0209941	0.0195046	0.0198601	0.0183245	0.0177454	0.0172815	0.0163008	0.0143869	0.0111111	0.00663694	

101	0.046	1	0	task-3:0.458	task-0:0.194	task-1:0.142	task-2:0.476	|	0.0570304	0.0562632	0.055249	0.0549136	0.054346	0.0538079	0.0538319	0.0535106	0.0534221	0.0533806	0.0533176	0.0532477	0.0531912	0.0531677	0.0531573	0.05314	0.0531276	0.0531022	0.0521441	0.0507237	0.047138	0.0418077	0.0374539	0.032648	0.0289092	0.0262284	0.0244304	0.021715	0.018589	0.0164526	0.0153303	0.0147867	0.0137286	0.0121127	0.0126657	0.0109191	0.0102742	0.00937888	

