44	1.092	60	0	task-3:0.015	task-0:0.38	task-1:0.395	task-2:0.005	|	0.0638807	0.16	0.16	0.0899214	0.0899698	0.116047	0.100861	0.0868938	0.0871524	0.0660929	0.144666	0.144663	0.0791231	0.0703953	0.0704877	0.0588641	0.0817566	0.0520136	0.0526012	0.0521556	0.0481599	0.0496196	0.0570611	0.0530891	0.0497244	0.0486725	0.0483431	0.0494027	0.0490117	0.0480731	0.047502	0.0470105	0.0465126	0.0459679	0.0452973	0.0445243	0.0436011	0.0428791	0.0420427	0.0414939	0.0410329	0.0404719	0.0405201	0.039394	

47	1.03	60	0	task-3:0.03	task-0:0.37	task-1:0.43	task-2:0.005	|	0.0581732	0.16	0.16	0.16	0.0842015	0.083617	0.0695385	0.0797201	0.0641283	0.0566644	0.058472	0.0583017	0.0588238	0.0589256	0.0570105	0.0570369	0.0631828	0.0592832	0.0560744	0.057413	0.0571976	0.0560111	0.0565112	0.0564512	0.0557522	0.0558678	0.055768	0.0555305	0.0554565	0.0553285	0.0551944	0.055084	0.054898	0.054659	0.0543871	0.0540782	0.0537221	0.0533069	0.0528202	0.0522812	0.0513038	0.0446712	0.0441337	0.0437632	0.0430461	0.0400346	0.0386215	

57	1.404	60	0	task-3:0.02	task-0:0.455	task-1:0.43	task-2:0.005	|	0.0609087	0.09	0.09	0.09	0.0770433	0.0621232	0.0873847	0.0874593	0.0583412	0.110959	0.053129	0.0607394	0.0521541	0.0749004	0.0719649	0.0514974	0.0560914	0.0559394	0.0479685	0.0458659	0.0464541	0.048514	0.0491561	0.0476497	0.0456402	0.0449562	0.0448818	0.0445807	0.0443009	0.0440044	0.0435917	0.0430678	0.0427015	0.0424851	0.0423691	0.0430819	0.0458617	0.0456223	0.0457724	0.0428789	0.088278	0.0903202	0.0441201	0.0453356	0.0439343	0.0429998	0.0416749	0.0408716	0.0417264	0.0414494	0.0403386	0.041438	0.0404954	0.0422274	0.0426661	0.0405766	0.0399829	

36	0.827	60	0	task-3:0.015	task-0:0.435	task-1:0.445	task-2:0.005	|	0.124981	0.09	0.09	0.0899989	0.135673	0.119121	0.0716543	0.0663216	0.0616163	0.0599485	0.0581797	0.0676629	0.062845	0.0577047	0.059459	0.0602075	0.0567444	0.0565481	0.0565921	0.0561502	0.0554207	0.0549132	0.0549926	0.0544937	0.0535964	0.0528645	0.0520308	0.0510367	0.0499152	0.0486105	0.0472716	0.043814	0.0419217	0.0431824	0.0407791	0.0395109	

31	0.702	60	0	task-3:0.02	task-0:0.42	task-1:0.455	task-2:0.005	|	0.101033	0.09	0.09	0.0899997	0.107812	0.0907164	0.0658711	0.0662525	0.0577552	0.0676227	0.0573443	0.0693118	0.0692035	0.0559239	0.0554231	0.0551223	0.0549314	0.0549373	0.0545111	0.0543379	0.0539316	0.0532067	0.0523315	0.0511822	0.0494704	0.0467263	0.0450486	0.0429514	0.0418823	0.0403194	0.0391228	

25	0.577	60	0	task-3:0.02	task-0:0.43	task-1:0.47	task-2:0.005	|	0.128781	0.09	0.09	0.09	0.0621226	0.0678369	0.0563575	0.0568536	0.0572943	0.0570851	0.0559209	0.0566721	0.0557518	0.0549638	0.0542161	0.0529839	0.0507708	0.0497595	0.0493248	0.0479443	0.046853	0.0456466	0.0445605	0.0412987	0.0399293	

36	0.905	60	0	task-3:0.015	task-0:0.425	task-1:0.445	task-2:0.005	|	0.072373	0.16	0.16	0.16	0.0573288	0.0879791	0.0657935	0.083477	0.0815225	0.0560013	0.0851173	0.0812867	0.0639328	0.094457	0.0929507	0.058012	0.0700687	0.0700412	0.0569161	0.0573668	0.05542	0.0523309	0.0522661	0.0501555	0.050037	0.0493993	0.0490308	0.0489477	0.0476799	0.0460367	0.0450427	0.044023	0.0428283	0.0417615	0.0406253	0.0395728	

44	1.029	60	0	task-3:0.03	task-0:0.4	task-1:0.43	task-2:0.005	|	0.0619458	0.09	0.09	0.0899994	0.148069	0.122075	0.0876468	0.0885222	0.0836677	0.056624	0.111437	0.111999	0.0640944	0.0616709	0.0622997	0.0549872	0.0615673	0.0609012	0.0552873	0.0566029	0.0563899	0.0546536	0.0548889	0.0547494	0.0541073	0.0541441	0.0537859	0.0531307	0.0525633	0.0518876	0.0510114	0.0501273	0.0490079	0.0486278	0.0478812	0.0469409	0.0459841	0.0449935	0.0439972	0.0430631	0.0421459	0.0413451	0.040576	0.0394008	

28	0.733	60	0	task-3:0.015	task-0:0.425	task-1:0.45	task-2:0.005	|	0.0810627	0.09	0.09	0.09	0.0822538	0.0612789	0.0601343	0.0615903	0.055635	0.0585072	0.0570896	0.0778929	0.0910376	0.054692	0.056718	0.0598786	0.0531068	0.0485913	0.0499963	0.0475602	0.0472241	0.0456682	0.0448376	0.043802	0.0426367	0.041346	0.0400131	0.0387741	

26	0.624	60	0	task-3:0.015	task-0:0.41	task-1:0.445	task-2:0.005	|	0.142761	0.09	0.09	0.0899999	0.0960875	0.0588905	0.0550136	0.0630899	0.0558379	0.0589472	0.054825	0.0572148	0.0568666	0.0538	0.0546448	0.0539347	0.0522261	0.0507417	0.048584	0.0471971	0.0466775	0.0459189	0.0442808	0.0416842	0.0413868	0.0383584	

38	0.905	60	0	task-3:0.015	task-0:0.405	task-1:0.435	task-2:0.005	|	0.0539176	0.09	0.09	0.0899925	0.141171	0.105761	0.0758935	0.0759467	0.0587216	0.0587131	0.0637607	0.0637433	0.0590713	0.0593552	0.0592998	0.0579199	0.0581641	0.0577825	0.0574973	0.0572297	0.0569114	0.0566806	0.0563172	0.055818	0.0551924	0.0544581	0.0536326	0.0526998	0.0516433	0.0505155	0.0540832	0.0505256	0.0481573	0.0465228	0.0454584	0.0434652	0.0414275	0.0391524	

36	0.92	60	0	task-3:0.03	task-0:0.465	task-1:0.46	task-2:0.005	|	0.077636	0.09	0.09	0.0899903	0.123778	0.128709	0.0564505	0.0564076	0.0675193	0.0854834	0.137591	0.107637	0.0545112	0.0550389	0.0610532	0.0582525	0.0529084	0.0565506	0.0550903	0.0519601	0.053322	0.0526819	0.0501558	0.0487599	0.0480538	0.0471539	0.0467605	0.0453386	0.0430221	0.0430754	0.0416377	0.041188	0.0404974	0.0404723	0.0406585	0.039924	

42	1.014	60	0	task-3:0.015	task-0:0.445	task-1:0.435	task-2:0.005	|	0.0620807	0.16	0.16	0.159704	0.0899842	0.0898099	0.0843994	0.0857495	0.0586802	0.0789352	0.0780431	0.0627457	0.0852063	0.0844867	0.0580763	0.0644286	0.0638486	0.0579231	0.0591449	0.0587865	0.0561346	0.0564821	0.0558143	0.0546906	0.0543313	0.0536109	0.0526585	0.0519424	0.0512731	0.0506943	0.0499352	0.0490985	0.0481459	0.0466212	0.0445511	0.0432654	0.0422198	0.042153	0.0418857	0.0414225	0.0417021	0.0397779	

40	0.983	60	0	task-3:0.02	task-0:0.44	task-1:0.465	task-2:0.005	|	0.061782	0.16	0.16	0.16	0.0729327	0.0620247	0.114892	0.104492	0.0671635	0.0624826	0.0648653	0.059498	0.0580617	0.0588101	0.057682	0.0568789	0.0567064	0.0556177	0.0545066	0.0534485	0.0529849	0.0514745	0.0513588	0.0519135	0.050314	0.0490446	0.0485217	0.0472037	0.0469148	0.04594	0.045492	0.0455842	0.045382	0.0452889	0.0449768	0.0442062	0.0435707	0.0427876	0.0409455	0.0390417	

28	0.686	60	0	task-3:0.015	task-0:0.44	task-1:0.425	task-2:0.005	|	0.0905934	0.09	0.09	0.09	0.0690236	0.064614	0.0786935	0.073228	0.0581455	0.0730004	0.0665297	0.0577657	0.0601098	0.0572329	0.0562349	0.0557462	0.0540352	0.0524638	0.0517156	0.0510909	0.0497447	0.0472256	0.046037	0.0459131	0.0486779	0.047738	0.0440177	0.03935	

36	0.827	60	0	task-3:0.015	task-0:0.41	task-1:0.435	task-2:0.005	|	0.109202	0.09	0.09	0.0899964	0.149959	0.153117	0.0573449	0.0572364	0.0878844	0.0591844	0.136801	0.0859796	0.0791629	0.0888693	0.0860557	0.0657776	0.105806	0.105374	0.0599237	0.0599584	0.056612	0.0563296	0.0555345	0.0547839	0.0536178	0.0521661	0.0498931	0.0468594	0.0443592	0.0432333	0.042577	0.0421827	0.0417914	0.0410044	0.0403576	0.0394251	

62	1.529	60	5	task-3:0.02	task-0:0.36	task-1:0.425	task-2:0.005	|	0.130091	0.09	0.09	0.0899999	0.0574427	0.158059	0.154055	0.108285	0.059774	0.0598266	0.0706447	0.0706437	0.0584798	0.0599926	0.0628526	0.0583106	0.0619157	0.0636645	0.0589239	0.0564121	0.0572864	0.0563677	0.0562252	0.0561961	0.0543738	0.054382	0.0536431	0.0521969	0.0504519	0.0503615	0.0504062	0.0506278	0.0514236	0.0509599	0.0511368	0.0513893	0.0516258	0.053215	0.0508961	0.0494744	0.048373	0.0484189	0.047772	0.0474777	0.046639	0.0467391	0.0462628	0.0457006	0.0448376	0.043565	0.0443665	0.0485724	0.0448282	0.0455688	0.0482365	0.0472322	0.0445316	0.0435654	0.0425434	0.0411348	0.04001	0.0374882	

26	0.64	60	0	task-3:0.015	task-0:0.415	task-1:0.455	task-2:0.005	|	0.140784	0.09	0.09	0.09	0.0591286	0.0753059	0.0568933	0.0623354	0.0613443	0.0573381	0.0600487	0.051631	0.053361	0.0524443	0.0501985	0.0508896	0.0504274	0.0493188	0.0491811	0.0469574	0.0443917	0.04227	0.0424152	0.0420585	0.0407008	0.0396948	

38	0.936	60	0	task-3:0.015	task-0:0.445	task-1:0.465	task-2:0.005	|	0.0760248	0.16	0.16	0.159996	0.088718	0.0861214	0.0603587	0.0615757	0.0665025	0.0577484	0.0545639	0.0564934	0.0582166	0.0562773	0.0555557	0.0541078	0.0525398	0.0548295	0.0545445	0.0521417	0.0520864	0.0519172	0.0509971	0.0510438	0.050741	0.0499742	0.0492799	0.0485573	0.0477809	0.0469393	0.0458708	0.0446405	0.0433977	0.0422622	0.0413685	0.0406092	0.0402823	0.0393647	

34	0.78	60	0	task-3:0.02	task-0:0.435	task-1:0.425	task-2:0.005	|	0.0647583	0.16	0.16	0.159856	0.0799046	0.0568359	0.0679907	0.0638872	0.0606646	0.130932	0.146219	0.112934	0.0656394	0.0710934	0.0738161	0.0645766	0.0570887	0.0598172	0.0571162	0.0555716	0.0564769	0.054267	0.0519741	0.0510448	0.0494236	0.0481469	0.0469741	0.0463053	0.0458354	0.0450788	0.0441391	0.0434228	0.0426186	0.0389961	

23	0.577	60	0	task-3:0.015	task-0:0.5	task-1:0.475	task-2:0.005	|	0.0982189	0.09	0.09	0.0899945	0.132835	0.118033	0.0648574	0.0687966	0.0626109	0.0712198	0.065652	0.0578705	0.0584514	0.058364	0.0563467	0.056324	0.0553092	0.053785	0.050799	0.0477128	0.0452312	0.040031	0.0377405	

29	0.655	60	0	task-3:0.015	task-0:0.445	task-1:0.42	task-2:0.005	|	0.0607918	0.09	0.09	0.0899978	0.137213	0.0927121	0.0837086	0.0837108	0.0576659	0.102893	0.0996013	0.0601714	0.0645971	0.0659006	0.0577355	0.0529141	0.053886	0.0511543	0.0512455	0.0493818	0.0476173	0.0469432	0.045338	0.044169	0.0429692	0.0419051	0.0411072	0.0401735	0.0395931	

53	1.139	60	0	task-3:0.015	task-0:0.425	task-1:0.455	task-2:0.005	|	0.0860443	0.16	0.16	0.159995	0.085356	0.0773233	0.139158	0.137383	0.0563763	0.0639107	0.0600772	0.0541918	0.0789963	0.0850868	0.0597473	0.0564712	0.0584332	0.0562125	0.0542581	0.0545365	0.0538808	0.0540417	0.0542362	0.0536642	0.0530343	0.0528045	0.052233	0.0516748	0.0510829	0.0504279	0.0498301	0.0493012	0.048857	0.0487871	0.0488278	0.0486677	0.0483442	0.0479687	0.0475295	0.0470346	0.0465002	0.04593	0.0452928	0.0445529	0.0440691	0.0424454	0.0415129	0.0412194	0.0417429	0.0412469	0.0405107	0.0403246	0.0399587	

36	0.827	60	0	task-3:0.02	task-0:0.395	task-1:0.455	task-2:0.005	|	0.0659369	0.09	0.09	0.0899998	0.129089	0.0949347	0.0859394	0.085972	0.0829426	0.0538259	0.105128	0.0724709	0.0541045	0.0530908	0.0533388	0.0508159	0.0523323	0.0531071	0.0521675	0.053259	0.0531316	0.0522622	0.05197	0.0518576	0.0516516	0.0515781	0.0514609	0.0513008	0.0508569	0.0490575	0.0442762	0.0435815	0.0445543	0.0435007	0.0410178	0.0394015	

28	0.593	60	0	task-3:0.02	task-0:0.395	task-1:0.45	task-2:0.005	|	0.0795342	0.16	0.16	0.159999	0.0829261	0.0817723	0.0741197	0.0701986	0.0641981	0.0638927	0.0585288	0.0584529	0.0580753	0.0580356	0.0573377	0.0569972	0.0567095	0.0563106	0.0558006	0.0552181	0.0545421	0.0535594	0.052229	0.0498902	0.044794	0.0400182	0.0404061	0.0384175	

29	0.733	60	0	task-3:0.03	task-0:0.365	task-1:0.445	task-2:0.005	|	0.0632449	0.09	0.09	0.143753	0.0774609	0.0887941	0.0773902	0.055351	0.050395	0.0598108	0.0580845	0.0494365	0.0539531	0.0535303	0.049282	0.0499535	0.0497885	0.0487181	0.0478976	0.0470062	0.0461232	0.045299	0.0443595	0.043291	0.0423604	0.0416888	0.0423835	0.040337	0.0389473	

33	0.764	60	0	task-3:0.025	task-0:0.465	task-1:0.45	task-2:0.005	|	0.0884773	0.16	0.16	0.159495	0.0876991	0.0848702	0.0573009	0.148847	0.142828	0.0864434	0.060898	0.0594582	0.0624698	0.0667383	0.0591157	0.0568764	0.0566887	0.0556693	0.0543342	0.0535377	0.0528706	0.0515875	0.0497929	0.0481155	0.0467406	0.0459142	0.045226	0.0445664	0.0437447	0.0430141	0.0420523	0.0404936	0.0374991	

29	0.749	60	0	task-3:0.045	task-0:0.365	task-1:0.44	task-2:0.005	|	0.0809605	0.16	0.16	0.159998	0.0577751	0.0835681	0.0637468	0.0917226	0.0904229	0.0553501	0.069205	0.0659153	0.0550207	0.0649991	0.0638499	0.0550046	0.055706	0.0556733	0.0533513	0.0527188	0.0506795	0.0486392	0.0479509	0.0478031	0.0477612	0.0422298	0.0402201	0.0418954	0.039702	

58	1.217	60	8	task-3:0.02	task-0:0.415	task-1:0.4	task-2:0.005	|	0.0641818	0.09	0.09	0.0899998	0.0724441	0.0595962	0.0898133	0.0898173	0.0875751	0.0942327	0.0581115	0.120062	0.114433	0.0658672	0.0671979	0.0672138	0.0541412	0.0700523	0.0696761	0.0566627	0.0546547	0.0546453	0.0535799	0.0535724	0.0535724	0.0535042	0.0532127	0.0529108	0.0525673	0.0521777	0.0517891	0.0513409	0.0508	0.0502877	0.0497126	0.0491379	0.0484884	0.047244	0.0460962	0.0453918	0.0447979	0.0440581	0.0436008	0.0433392	0.0429481	0.0428523	0.0423041	0.0416581	0.0410643	0.0514693	0.0502398	0.0470321	0.0455319	0.0447562	0.0437201	0.0422318	0.041165	0.0398084	

25	0.546	60	0	task-3:0.02	task-0:0.455	task-1:0.415	task-2:0.005	|	0.0951634	0.09	0.09	0.09	0.0949562	0.0648261	0.0630466	0.0620685	0.0674288	0.0550837	0.0612136	0.0515273	0.0501619	0.0499796	0.0475738	0.0469908	0.0458686	0.0448042	0.0434532	0.0427324	0.0418625	0.0412205	0.040735	0.0405477	0.0397948	

36	0.812	60	0	task-3:0.03	task-0:0.435	task-1:0.435	task-2:0.005	|	0.130203	0.09	0.09	0.0899998	0.0842298	0.0580137	0.104922	0.0991799	0.0563233	0.0566035	0.0716774	0.0715937	0.0557502	0.0537698	0.0545676	0.054627	0.0547681	0.0550873	0.053412	0.0532918	0.0538429	0.0532726	0.0525627	0.0520615	0.051536	0.0508322	0.0499348	0.048808	0.0474688	0.0460991	0.0448683	0.0434874	0.0418954	0.0402433	0.0417384	0.0389765	

26	0.577	60	0	task-3:0.02	task-0:0.405	task-1:0.44	task-2:0.005	|	0.0813143	0.16	0.16	0.159991	0.0764985	0.0711444	0.0777016	0.0778112	0.0597648	0.0602831	0.0584015	0.0574879	0.0569905	0.0560026	0.0550664	0.0540332	0.0527955	0.0513515	0.0497922	0.0482297	0.0469934	0.0458431	0.0444079	0.0424267	0.0404406	0.0391829	

34	0.827	60	0	task-3:0.015	task-0:0.5	task-1:0.445	task-2:0.005	|	0.0855893	0.16	0.16	0.159998	0.0676547	0.0795419	0.0652373	0.0657048	0.0649277	0.0649277	0.059313	0.067903	0.0670287	0.0600606	0.0599892	0.0596322	0.0584801	0.0589235	0.0583261	0.0574525	0.0567899	0.0554864	0.05301	0.0493431	0.0478542	0.0484444	0.0472679	0.0454304	0.0444533	0.0436784	0.0426851	0.0416312	0.0407844	0.039919	

36	0.998	60	0	task-3:0.015	task-0:0.4	task-1:0.45	task-2:0.005	|	0.101178	0.09	0.09	0.0899619	0.154215	0.153621	0.0958585	0.0599426	0.060141	0.0564713	0.0579601	0.0611645	0.0582986	0.0502788	0.0519613	0.0491958	0.0482798	0.0486107	0.0537591	0.0487165	0.044766	0.0447823	0.0453426	0.0452209	0.0442201	0.0437277	0.0433016	0.0429802	0.0426623	0.0422868	0.0418393	0.0413023	0.0408856	0.0405832	0.0401405	0.0396136	

34	0.842	60	0	task-3:0.015	task-0:0.435	task-1:0.445	task-2:0.005	|	0.0978225	0.09	0.09	0.0899981	0.0865677	0.0588246	0.0854595	0.0856007	0.0711926	0.0615146	0.058668	0.0627433	0.0614141	0.059051	0.0589953	0.0589627	0.0592593	0.0586256	0.0583159	0.0582393	0.0579918	0.0578031	0.0575306	0.0571836	0.056825	0.0563143	0.0555681	0.0544777	0.0528264	0.0503089	0.0479922	0.0453529	0.0443898	0.0387193	

23	0.578	60	0	task-3:0.015	task-0:0.46	task-1:0.46	task-2:0.005	|	0.0611029	0.159967	0.0559327	0.09	0.089507	0.0463277	0.0805969	0.0554547	0.0851394	0.0632789	0.069736	0.0713554	0.0504814	0.0554875	0.0519581	0.0432785	0.0442794	0.0427731	0.0422569	0.0423218	0.0411182	0.0405501	0.0399846	

39	0.982	60	0	task-3:0.015	task-0:0.425	task-1:0.455	task-2:0.005	|	0.150863	0.09	0.09	0.0899984	0.114952	0.0808727	0.0793716	0.0789789	0.0576767	0.0870047	0.0871583	0.0649907	0.0569677	0.0568021	0.0575158	0.0573036	0.0558437	0.0558671	0.0557984	0.0552908	0.0550699	0.0545856	0.0542924	0.0541412	0.0539279	0.0537255	0.0533171	0.0529645	0.0525988	0.0521695	0.0516619	0.0510309	0.0502642	0.0492044	0.0471664	0.0422592	0.0418314	0.0432564	0.039293	

49	1.17	60	0	task-3:0.025	task-0:0.42	task-1:0.43	task-2:0.005	|	0.063709	0.16	0.16	0.159927	0.088019	0.081519	0.108338	0.0896591	0.0698921	0.0732259	0.0623129	0.0610258	0.06312	0.0558671	0.0587124	0.0587333	0.0561342	0.0568633	0.0559471	0.0555673	0.0557794	0.0554848	0.0554168	0.0554168	0.0552517	0.0550795	0.0550427	0.0548646	0.0546374	0.0544215	0.0541579	0.0538444	0.0534571	0.0529799	0.0524007	0.0517016	0.050856	0.0498281	0.0486749	0.0474227	0.0461552	0.0453	0.0442086	0.0437777	0.0429054	0.042146	0.0411478	0.0405591	0.0399098	

29	0.686	60	0	task-3:0.015	task-0:0.475	task-1:0.475	task-2:0.005	|	0.0539406	0.09	0.09	0.09	0.0626597	0.0585365	0.12787	0.117623	0.0551888	0.0720755	0.0686555	0.0569171	0.065278	0.0573435	0.0542165	0.0543889	0.0529748	0.0526758	0.051832	0.0510712	0.0499975	0.0488328	0.0475308	0.0460289	0.0444165	0.0428175	0.0414483	0.0408273	0.0396876	

31	0.764	60	0	task-3:0.015	task-0:0.445	task-1:0.45	task-2:0.005	|	0.0719562	0.16	0.16	0.159993	0.0767223	0.0682673	0.0565426	0.0576044	0.0595848	0.0665357	0.0618203	0.0575087	0.0560619	0.0571952	0.0679993	0.0593684	0.0554098	0.0562658	0.0557222	0.0549826	0.0545633	0.0543822	0.0538215	0.0528142	0.0515325	0.0503551	0.0487986	0.046057	0.0434136	0.0419049	0.0397316	

45	0.936	60	0	task-3:0.02	task-0:0.44	task-1:0.445	task-2:0.005	|	0.057287	0.16	0.16	0.159065	0.0899085	0.0894786	0.0653703	0.0937214	0.0773332	0.0792647	0.058019	0.0540466	0.0673992	0.0673918	0.0518238	0.0567711	0.057114	0.0506539	0.0505073	0.0524122	0.0520212	0.0508836	0.0502884	0.0500999	0.0501882	0.0504786	0.0502724	0.0497499	0.0491705	0.0485649	0.0479498	0.0471731	0.0467355	0.046087	0.0443403	0.0427368	0.0421913	0.0418232	0.0416444	0.0414278	0.0616357	0.0560509	0.0408206	0.0415347	0.0370349	

42	1.014	60	0	task-3:0.015	task-0:0.38	task-1:0.435	task-2:0.005	|	0.0612316	0.09	0.09	0.0899992	0.144616	0.111299	0.0738306	0.0667115	0.0592941	0.0608742	0.0589306	0.059325	0.0645388	0.0583549	0.0650295	0.0611427	0.0577357	0.0596349	0.0581452	0.0570965	0.0585192	0.058071	0.057358	0.0573288	0.0571119	0.0570886	0.0573989	0.057269	0.0569777	0.0569068	0.0568639	0.056793	0.0565995	0.0561257	0.0542507	0.0501093	0.048215	0.0455141	0.0454039	0.0404474	0.0413333	0.0389524	

46	1.186	60	0	task-3:0.02	task-0:0.43	task-1:0.51	task-2:0.005	|	0.0845356	0.09	0.09	0.09	0.0763474	0.0706708	0.0683581	0.0651368	0.0569541	0.0570333	0.0713283	0.0562764	0.0605206	0.061865	0.0582936	0.0561005	0.0853953	0.081281	0.0556099	0.0582519	0.0581523	0.055892	0.0551296	0.0546602	0.0541694	0.0545567	0.0539127	0.0528122	0.0517364	0.050995	0.0503567	0.0495332	0.0485218	0.047496	0.0464853	0.0455765	0.0447545	0.0441425	0.0436669	0.0434252	0.0415418	0.041296	0.0413082	0.0401372	0.040488	0.0391126	

45	1.154	60	0	task-3:0.015	task-0:0.41	task-1:0.4	task-2:0.005	|	0.0688181	0.16	0.16	0.159999	0.0799937	0.0647683	0.0802936	0.0843611	0.0712757	0.0590643	0.0759565	0.0719425	0.0690819	0.0701601	0.0559384	0.0850368	0.138992	0.121041	0.0693068	0.0571283	0.0569412	0.0556113	0.0622646	0.0584789	0.0551449	0.0563088	0.0558442	0.0546157	0.0553083	0.0551568	0.0544147	0.0543011	0.0540773	0.0536887	0.05329	0.0528221	0.0522555	0.051555	0.0506792	0.0496095	0.0483409	0.0468181	0.044536	0.0406137	0.0387809	

39	0.983	60	0	task-3:0.015	task-0:0.445	task-1:0.455	task-2:0.005	|	0.0842502	0.09	0.09	0.089993	0.150574	0.143227	0.0562237	0.0871236	0.0863145	0.0581455	0.110226	0.110125	0.0622468	0.0607788	0.0624672	0.053056	0.0592322	0.0573766	0.0514289	0.0545064	0.0540537	0.0510249	0.0499406	0.0493348	0.048698	0.0480796	0.0473307	0.0468777	0.0462451	0.0455817	0.0449239	0.0441385	0.0437715	0.0430107	0.0424744	0.0418882	0.0405717	0.0400682	0.0390853	

39	0.951	60	0	task-3:0.015	task-0:0.365	task-1:0.39	task-2:0.005	|	0.0571551	0.09	0.09	0.0899992	0.0861326	0.0616894	0.0880342	0.0881157	0.0856934	0.0570505	0.139547	0.13394	0.0899732	0.0623668	0.0557034	0.0722212	0.0652236	0.0542278	0.059358	0.0594312	0.0557054	0.0518744	0.0553555	0.0543854	0.05118	0.0511124	0.0506034	0.0498838	0.0495046	0.0489673	0.0484189	0.0478661	0.0470607	0.0461164	0.0450829	0.0438843	0.0425301	0.0410395	0.039071	

41	1.108	60	0	task-3:0.015	task-0:0.43	task-1:0.485	task-2:0.005	|	0.0774197	0.09	0.09	0.0899981	0.141142	0.108794	0.0834067	0.0844918	0.0891406	0.0602781	0.137007	0.126338	0.081214	0.0539037	0.0614442	0.0539443	0.0667799	0.0652141	0.0551483	0.0521828	0.0528163	0.0520645	0.0518267	0.0513543	0.0511697	0.0508832	0.0504504	0.049996	0.0490371	0.0455802	0.0447146	0.0468133	0.0459654	0.0441297	0.0422654	0.0416274	0.0420015	0.0416341	0.0408266	0.0400677	0.0394255	

31	0.827	60	0	task-3:0.015	task-0:0.455	task-1:0.455	task-2:0.005	|	0.0832153	0.16	0.16	0.159862	0.0874024	0.0773221	0.100503	0.111908	0.0616531	0.0663025	0.0677631	0.0600672	0.058201	0.05792	0.0562845	0.0564957	0.0562127	0.0559066	0.0552922	0.0547655	0.0540364	0.053103	0.0519803	0.050747	0.0494651	0.0479409	0.0461707	0.0436438	0.0422772	0.0419257	0.0385726	

33	0.812	60	0	task-3:0.02	task-0:0.445	task-1:0.44	task-2:0.005	|	0.0848941	0.16	0.16	0.159995	0.0866748	0.0821749	0.0587064	0.0634382	0.0567053	0.0644985	0.0659355	0.0717354	0.0763792	0.0680743	0.053604	0.0713342	0.0626681	0.0524588	0.0560177	0.0531971	0.0513894	0.0513815	0.0505591	0.0500796	0.049245	0.0483429	0.0472954	0.0460988	0.0448565	0.0435578	0.0424269	0.0412965	0.0399949	

34	0.78	60	0	task-3:0.025	task-0:0.43	task-1:0.435	task-2:0.005	|	0.0910913	0.09	0.09	0.0899982	0.15316	0.129377	0.071943	0.0719205	0.0655841	0.0929111	0.0713493	0.0576591	0.057946	0.0560471	0.0588332	0.0562909	0.055158	0.0549236	0.0540873	0.0534881	0.0527934	0.051999	0.0510849	0.0500656	0.0489831	0.0478803	0.0467988	0.0458087	0.0449083	0.0439976	0.0435836	0.0422435	0.0410331	0.0398508	

27	0.655	60	0	task-3:0.015	task-0:0.395	task-1:0.445	task-2:0.005	|	0.122401	0.09	0.09	0.09	0.0551324	0.0596334	0.0785133	0.0748196	0.05687	0.085001	0.0828885	0.059188	0.0611748	0.0618188	0.0557176	0.0555235	0.0554478	0.0530959	0.0526583	0.0511497	0.0484288	0.0452988	0.043387	0.042412	0.0414588	0.0405382	0.0396937	

30	0.702	60	0	task-3:0.015	task-0:0.485	task-1:0.505	task-2:0.005	|	0.155973	0.09	0.09	0.0899452	0.155034	0.141706	0.0548982	0.0550708	0.0952673	0.0876259	0.0550791	0.0622025	0.0677459	0.0570224	0.0540377	0.0541481	0.0518841	0.0520882	0.0535768	0.0525277	0.0481862	0.0461447	0.0445964	0.0442994	0.0435416	0.0431858	0.0424453	0.0413241	0.0400704	0.0387358	

49	1.139	60	1	task-3:0.03	task-0:0.455	task-1:0.455	task-2:0.005	|	0.103248	0.09	0.09	0.09	0.109413	0.0738421	0.0875142	0.0873218	0.0690026	0.0897596	0.0887669	0.0564118	0.077959	0.0771035	0.0573178	0.0592001	0.0591997	0.0544732	0.0550174	0.0556096	0.0571803	0.057019	0.0559197	0.0555317	0.0554749	0.0555358	0.0555775	0.0554254	0.0551531	0.0521174	0.0483947	0.0476822	0.04727	0.0504049	0.0494302	0.0460125	0.044636	0.0435903	0.0425181	0.0415789	0.0408722	0.0403715	0.0406561	0.0405627	0.0409381	0.0408426	0.0406486	0.0401512	0.0399793	

43	1.123	60	0	task-3:0.02	task-0:0.45	task-1:0.445	task-2:0.005	|	0.0878168	0.16	0.16	0.159996	0.0888192	0.0831709	0.0985972	0.0973569	0.0592003	0.0642992	0.0593598	0.0604201	0.0572611	0.0572644	0.0577009	0.0575626	0.0567788	0.0567486	0.0567172	0.0569118	0.0567704	0.056417	0.0560669	0.0558345	0.05563	0.055376	0.0549892	0.0545063	0.0539475	0.0534167	0.0528746	0.052207	0.0512558	0.0471517	0.0459256	0.0450386	0.0439125	0.0429299	0.0419995	0.0411734	0.041033	0.0402707	0.0398401	

29	0.671	60	0	task-3:0.015	task-0:0.42	task-1:0.455	task-2:0.005	|	0.0604347	0.09	0.09	0.157295	0.0592998	0.157519	0.123611	0.0666458	0.0878765	0.0763151	0.098833	0.0969226	0.0592082	0.0618669	0.0589891	0.0593659	0.0591738	0.0566591	0.0559264	0.0547206	0.0532044	0.0514939	0.0494286	0.0472312	0.0451021	0.0431476	0.0423007	0.0409126	0.0398211	

30	0.671	60	0	task-3:0.015	task-0:0.46	task-1:0.46	task-2:0.005	|	0.142031	0.09	0.09	0.0899991	0.142298	0.118907	0.0840039	0.0839422	0.059681	0.11158	0.104421	0.0653303	0.0629725	0.0602443	0.0599724	0.0586399	0.0578416	0.0574356	0.0560818	0.0554335	0.0543983	0.0531999	0.0521756	0.050964	0.0494528	0.0479583	0.0464069	0.0444215	0.0411346	0.0399155	

35	0.826	60	0	task-3:0.025	task-0:0.405	task-1:0.425	task-2:0.005	|	0.0750122	0.16	0.16	0.159999	0.06514	0.0580437	0.0588908	0.0571223	0.0630427	0.0531461	0.0574521	0.0545939	0.048661	0.0483236	0.0486086	0.0482836	0.0477035	0.0474434	0.0470006	0.0467151	0.0462993	0.0458303	0.0453344	0.0448455	0.04439	0.0439911	0.0436356	0.0432409	0.0429033	0.0424857	0.042022	0.0413025	0.0409776	0.040298	0.0396686	

33	0.827	60	0	task-3:0.02	task-0:0.445	task-1:0.45	task-2:0.005	|	0.0893087	0.16	0.16	0.159977	0.0626237	0.0549964	0.0553221	0.05859	0.0553904	0.0537044	0.0591606	0.0618384	0.073772	0.0598994	0.0531385	0.0517255	0.0514355	0.0513445	0.0510998	0.0504298	0.0482574	0.0482716	0.0480062	0.0477543	0.0469472	0.0460051	0.0451033	0.0441915	0.0433934	0.0425503	0.0416728	0.0406953	0.0394971	

35	0.827	60	0	task-3:0.015	task-0:0.425	task-1:0.485	task-2:0.005	|	0.141086	0.09	0.09	0.0899992	0.137829	0.137315	0.0556343	0.0552393	0.103763	0.113499	0.0558091	0.0553559	0.0506434	0.0506392	0.0513725	0.0518469	0.0509375	0.0503029	0.0504618	0.050076	0.0497574	0.049147	0.0486423	0.0460205	0.0427797	0.0420306	0.0425161	0.0441287	0.0430989	0.0419717	0.0416529	0.0409694	0.0405028	0.0400428	0.0395193	

34	0.811	60	0	task-3:0.015	task-0:0.465	task-1:0.465	task-2:0.005	|	0.0697374	0.09	0.09	0.09	0.055105	0.1583	0.158573	0.0889368	0.0899998	0.0899998	0.0800311	0.0562191	0.0788614	0.0550958	0.133995	0.148714	0.13265	0.0788001	0.0635058	0.063678	0.0532705	0.0526936	0.0536055	0.052652	0.0498238	0.0497337	0.0488819	0.0476399	0.0463883	0.0450234	0.0438277	0.0427669	0.0414043	0.038087	

