6	0.015	0	0	task-3:0.005	task-0:0.02	task-1:0.095	task-2:0	|	0.0804529	0.0583523	0.031902	0.0104322	0.00554102	0.0027009	0.00109503	

5	0.016	0	0	task-3:0.015	task-0:0.04	task-1:0.16	task-2:0	|	0.0530586	0.0292964	0.0196655	0.0100441	0.0049363	0.00209494	

5	0.015	0	0	task-3:0.01	task-0:0.015	task-1:0.085	task-2:0	|	0.060348	0.0491925	0.029668	0.00842878	0.00334812	0.00159125	

5	0	0	0	task-3:0.035	task-0:0.015	task-1:0.1	task-2:0	|	0.0749192	0.0500893	0.0279004	0.00946209	0.00470873	0.00210875	

5	0.016	0	0	task-3:0.015	task-0:0	task-1:0.145	task-2:0	|	0.0624588	0.0375821	0.0201376	0.0072183	0.0044115	0.00196338	

5	0.016	0	0	task-3:0.015	task-0:0.03	task-1:0.08	task-2:0.005	|	0.052305	0.0387213	0.0205496	0.00685292	0.00304458	0.00160237	

5	0.015	0	0	task-3:0.015	task-0:0.03	task-1:0.105	task-2:0.005	|	0.0463388	0.0292975	0.016926	0.00740655	0.00383094	0.00165623	

6	0.016	0	0	task-3:0.02	task-0:0	task-1:0.125	task-2:0	|	0.0723555	0.0340681	0.0253489	0.0121999	0.00688842	0.00405126	0.00170699	

5	0	0	0	task-3:0.01	task-0:0.03	task-1:0.125	task-2:0	|	0.0584176	0.0545327	0.0418584	0.0130289	0.00408506	0.00210037	

4	0	0	0	task-3:0.01	task-0:0.035	task-1:0.83	task-2:0.005	|	0.0504544	0.0373522	0.0185143	0.00568471	0.00249233	

5	0.016	0	0	task-3:0.015	task-0:0	task-1:0.105	task-2:0	|	0.0532369	0.0306355	0.0214284	0.0120031	0.00610851	0.00249538	

5	0.016	0	0	task-3:0.02	task-0:0	task-1:0.085	task-2:0	|	0.0588957	0.0372482	0.0215056	0.00870684	0.00419323	0.00177608	

6	0.015	0	0	task-3:0.005	task-0:0	task-1:0.065	task-2:0.005	|	0.0725261	0.0359458	0.0265704	0.0128458	0.00647949	0.00374415	0.00186198	

6	0.016	0	0	task-3:0.015	task-0:0.015	task-1:0.045	task-2:0	|	0.0679738	0.0319076	0.0225376	0.0120554	0.00646274	0.00305665	0.00126262	

5	0	0	0	task-3:0.015	task-0:0.04	task-1:0.165	task-2:0	|	0.0568258	0.0531621	0.0397772	0.0108399	0.00379791	0.00183141	

5	0	0	0	task-3:0.005	task-0:0.02	task-1:0.045	task-2:0	|	0.0496321	0.0377793	0.0205645	0.00732982	0.00331671	0.00163668	

5	0.016	0	0	task-3:0.04	task-0:0.005	task-1:0.13	task-2:0	|	0.058334	0.0400468	0.0209896	0.00751665	0.00366046	0.00185558	

5	0.016	0	0	task-3:0.025	task-0:0.07	task-1:0.1	task-2:0.005	|	0.0611067	0.0309037	0.0206672	0.0102671	0.00551257	0.00232471	

6	0.015	0	0	task-3:0.01	task-0:0.005	task-1:0.04	task-2:0	|	0.0815391	0.0470419	0.0314924	0.0117956	0.00706844	0.0038729	0.00146932	

6	0.016	0	0	task-3:0.01	task-0:0.01	task-1:0.115	task-2:0	|	0.0733625	0.0411388	0.0265523	0.0105963	0.00554084	0.00261322	0.00112052	

5	0	0	0	task-3:0.015	task-0:0.01	task-1:0.155	task-2:0	|	0.0387635	0.0319492	0.0173281	0.00737598	0.00362972	0.0014079	

5	0	0	0	task-3:0.02	task-0:0.025	task-1:0.075	task-2:0	|	0.0433168	0.0287764	0.0173937	0.00741494	0.0034808	0.00150255	

5	0.016	0	0	task-3:0.015	task-0:0.05	task-1:0.12	task-2:0	|	0.05729	0.0470257	0.0275627	0.00924717	0.00400741	0.00185779	

5	0.016	0	0	task-3:0.01	task-0:0.015	task-1:0.085	task-2:0	|	0.0540014	0.0338757	0.0227898	0.012321	0.00495136	0.00196579	

6	0.015	0	0	task-3:0.015	task-0:0.025	task-1:0.115	task-2:0	|	0.0697231	0.0350303	0.0231761	0.010062	0.00583538	0.0028704	0.00115399	

5	0	0	0	task-3:0.005	task-0:0.02	task-1:0.115	task-2:0	|	0.066748	0.0484554	0.0262763	0.00799494	0.00372791	0.00187035	

5	0	0	0	task-3:0.01	task-0:0.025	task-1:0.115	task-2:0	|	0.0576316	0.0454213	0.0253779	0.00862135	0.00382388	0.0018465	

5	0.015	0	0	task-3:0.025	task-0:0.005	task-1:0.14	task-2:0	|	0.053581	0.0386805	0.0217736	0.00823605	0.00385649	0.00170091	

5	0.016	0	0	task-3:0.03	task-0:0.025	task-1:0.145	task-2:0	|	0.0690403	0.0499609	0.0261432	0.00753988	0.00389322	0.00173696	

5	0.016	0	0	task-3:0.01	task-0:0.025	task-1:0.125	task-2:0.005	|	0.0403261	0.0223723	0.0159811	0.0093908	0.0046586	0.00203298	

5	0	0	0	task-3:0	task-0:0.015	task-1:0.16	task-2:0	|	0.0813504	0.0571502	0.0316567	0.00877328	0.00470721	0.00210806	

5	0	0	0	task-3:0.015	task-0:0.025	task-1:0.14	task-2:0	|	0.0452017	0.0271193	0.0179048	0.00889715	0.0044817	0.00183721	

5	0.016	0	0	task-3:0.015	task-0:0.045	task-1:0.14	task-2:0	|	0.0620325	0.0434854	0.0213074	0.0065505	0.00331811	0.00170794	

5	0.015	0	0	task-3:0.02	task-0:0.015	task-1:0.115	task-2:0.005	|	0.0502009	0.037744	0.020729	0.00728855	0.00314809	0.0014652	

6	0.016	0	0	task-3:0.005	task-0:0.02	task-1:0.115	task-2:0.005	|	0.0599003	0.0280048	0.0202058	0.0120002	0.00653139	0.00277821	0.00105694	

5	0.016	0	0	task-3:0.005	task-0:0.015	task-1:0.055	task-2:0.005	|	0.0499488	0.0369312	0.0217024	0.00848109	0.00386087	0.00169563	

5	0	0	0	task-3:0.02	task-0:0.03	task-1:0.125	task-2:0	|	0.0334709	0.0283459	0.0171544	0.00653962	0.0029032	0.00117283	

5	0	0	0	task-3:0.015	task-0:0.03	task-1:0.14	task-2:0.005	|	0.0588843	0.0384627	0.0211539	0.00803698	0.00407005	0.00195382	

5	0.016	0	0	task-3:0.02	task-0:0	task-1:0.055	task-2:0	|	0.0750467	0.0497597	0.0291197	0.0100715	0.00513255	0.00216464	

5	0.015	0	0	task-3:0.025	task-0:0.025	task-1:0.125	task-2:0	|	0.0355606	0.0281964	0.0156129	0.0060816	0.00287003	0.00140412	

5	0.016	0	0	task-3:0.015	task-0:0.02	task-1:0.095	task-2:0.005	|	0.0445644	0.0363193	0.0194381	0.00679489	0.00306121	0.00137638	

5	0	0	0	task-3:0.01	task-0:0.035	task-1:0.11	task-2:0	|	0.0700686	0.0555286	0.0351306	0.0102098	0.00417639	0.00199718	

5	0	0	0	task-3:0.005	task-0:0.02	task-1:0.12	task-2:0	|	0.0518875	0.0409936	0.020945	0.00624712	0.00267709	0.00153452	

6	0.015	0	0	task-3:0.02	task-0:0	task-1:0.12	task-2:0	|	0.0653971	0.0359631	0.0242043	0.0124313	0.00615153	0.00272367	0.00101485	

5	0.016	0	0	task-3:0.02	task-0:0.015	task-1:0.13	task-2:0	|	0.0333031	0.0245447	0.0162403	0.00960459	0.00606276	0.0024938	

5	0.015	0	0	task-3:0.025	task-0:0.045	task-1:0.12	task-2:0	|	0.053096	0.0322638	0.0191258	0.00784691	0.00380345	0.00173107	

5	0.016	0	0	task-3:0.005	task-0:0	task-1:0.125	task-2:0.005	|	0.0473059	0.0285769	0.0172722	0.00737068	0.00353809	0.00155061	

5	0	0	0	task-3:0.005	task-0:0.03	task-1:0.07	task-2:0	|	0.0613981	0.0518932	0.0326226	0.00913344	0.00409449	0.00175821	

5	0.016	0	0	task-3:0.025	task-0:0.075	task-1:0.145	task-2:0	|	0.048461	0.0383785	0.0198631	0.00656738	0.00282978	0.00164794	

5	0.015	0	0	task-3:0.025	task-0:0.035	task-1:0.165	task-2:0	|	0.0625814	0.0316965	0.0208764	0.0103744	0.00523347	0.00226233	

5	0.016	0	0	task-3:0.01	task-0:0.015	task-1:0.16	task-2:0.005	|	0.0380455	0.0315172	0.0180717	0.00630751	0.00287412	0.00124659	

5	0	0	0	task-3:0.035	task-0:0.04	task-1:0.055	task-2:0	|	0.0538705	0.0396823	0.0220045	0.00839634	0.00405459	0.00179961	

5	0	0	0	task-3:0.015	task-0:0.02	task-1:0.09	task-2:0	|	0.0407837	0.0284994	0.0172117	0.0070675	0.00311047	0.00132208	

5	0.016	0	0	task-3:0.01	task-0:0.015	task-1:0.13	task-2:0	|	0.0625705	0.0422803	0.0232244	0.00880246	0.00438226	0.00201919	

5	0.016	0	0	task-3:0.01	task-0:0.005	task-1:0.025	task-2:0	|	0.069191	0.0488156	0.0243649	0.00705258	0.00378628	0.00186002	

5	0.015	0	0	task-3:0.03	task-0:0.04	task-1:0.025	task-2:0	|	0.0471597	0.037502	0.019982	0.00765207	0.00357377	0.00174752	

5	0	0	0	task-3:0.02	task-0:0	task-1:0.145	task-2:0	|	0.0714629	0.0497459	0.0264033	0.00863351	0.00474246	0.00217973	

5	0.016	0	0	task-3:0.025	task-0:0.02	task-1:0.055	task-2:0	|	0.035761	0.0297779	0.0171743	0.00731065	0.00318596	0.00140171	

5	0.015	0	0	task-3:0.01	task-0:0	task-1:0.17	task-2:0	|	0.0578179	0.0285691	0.0186201	0.0095858	0.00471933	0.00206831	

5	0.016	0	0	task-3:0	task-0:0.02	task-1:0.155	task-2:0.005	|	0.0518923	0.0327086	0.0205936	0.00908303	0.00430838	0.00179963	

