6	0	0	0	task-0:0.04	|	0.424668	0.187816	0.0443846	0.0164421	0.00695825	0.00410348	0.00169613	

6	0	0	0	task-0:0.035	|	0.433616	0.208644	0.0391506	0.0153426	0.00698613	0.00356837	0.00155432	

5	0	0	0	task-0:0.03	|	0.378456	0.138508	0.0602026	0.0147232	0.00323847	0.00234767	

7	0	0	0	task-0:0.03	|	0.251784	0.229991	0.0437127	0.0705579	0.00823213	0.00358265	0.00259328	0.00149142	

6	0	0	0	task-0:0.015	|	0.195156	0.0789528	0.0447878	0.0135856	0.0038745	0.00274465	0.00130998	

6	0	0	0	task-0:0.04	|	0.184432	0.128069	0.0239856	0.0121717	0.00554374	0.00317354	0.00122904	

6	0	0	0	task-0:0.03	|	0.369147	0.247067	0.0524599	0.142771	0.00995296	0.00299125	0.00182691	

6	0	0	0	task-0:0.045	|	0.378954	0.164528	0.0507069	0.0155264	0.00381629	0.00283663	0.00146974	

5	0	0	0	task-0:0.03	|	0.264334	0.089636	0.0515896	0.0124711	0.00342057	0.00238701	

5	0	0	0	task-0:0.025	|	0.232591	0.0744268	0.0243415	0.00776549	0.00396006	0.00148172	

5	0.016	0	0	task-0:0.035	|	0.226109	0.070825	0.0477426	0.0052078	0.00297917	0.00175524	

5	0	0	0	task-0:0.025	|	0.29971	0.0967885	0.0852832	0.0104373	0.00277113	0.00155041	

6	0	0	0	task-0:0.03	|	0.165898	0.121918	0.0214471	0.0123219	0.00584948	0.00255929	0.000938963	

6	0	0	0	task-0:0.035	|	0.270873	0.150299	0.0267266	0.0113115	0.00436122	0.0028746	0.00118466	

6	0	0	0	task-0:0.04	|	0.193963	0.134632	0.0246395	0.0124122	0.00569535	0.00326092	0.001274	

4	0	0	0	task-0:0.025	|	0.212397	0.063944	0.0116749	0.0066355	0.0024958	

6	0	0	0	task-0:0.03	|	0.167065	0.0746305	0.0315124	0.00972718	0.00389982	0.00253393	0.00100909	

5	0	0	0	task-0:0.025	|	0.312155	0.206197	0.0179134	0.0116247	0.00539163	0.00214754	

3	0	0	0	task-0:0.05	|	0.267468	0.0805621	0.0410718	0.00153258	

6	0	0	0	task-0:0.03	|	0.215309	0.0925332	0.0412341	0.0135035	0.00368163	0.00267164	0.00131967	

6	0	0	0	task-0:0.04	|	0.220506	0.0809107	0.0534792	0.0141459	0.00368336	0.00261937	0.00130771	

6	0	0	0	task-0:0.035	|	0.312298	0.151459	0.0480441	0.0154072	0.00365707	0.00274847	0.00147138	

6	0	0	0	task-0:0.055	|	0.264632	0.163427	0.0354592	0.0153742	0.00671021	0.00334164	0.00142641	

5	0	0	0	task-0:0.03	|	0.27003	0.196461	0.023412	0.0146994	0.00522789	0.00179862	

5	0	0	0	task-0:0.035	|	0.306461	0.126099	0.0711277	0.016322	0.003007	0.00223389	

3	0	0	0	task-0:0.055	|	0.267014	0.0791564	0.03837	0.00159032	

6	0	0	0	task-0:0.035	|	0.316846	0.113049	0.0614568	0.0125486	0.00418955	0.00288472	0.00134456	

5	0	0	0	task-0:0.03	|	0.297362	0.0998614	0.0772085	0.0130783	0.00300673	0.00203498	

6	0	0	0	task-0:0.035	|	0.447886	0.238286	0.0585845	0.0943459	0.00685416	0.00317609	0.00205466	

6	0	0	0	task-0:0.045	|	0.487546	0.189179	0.0518794	0.0184111	0.008195	0.00262353	0.000924191	

5	0	0	0	task-0:0.025	|	0.377167	0.22339	0.0288026	0.0167614	0.00520215	0.00190323	

3	0	0	0	task-0:0.05	|	0.243603	0.105095	0.0356792	0.00115888	

5	0	0	0	task-0:0.035	|	0.202508	0.0554792	0.0416117	0.00804155	0.00278958	0.00174338	

6	0	0	0	task-0:0.03	|	0.159089	0.125907	0.0191588	0.011522	0.00553917	0.00268057	0.00102015	

6	0	0	0	task-0:0.035	|	0.284161	0.219377	0.028647	0.019658	0.00714852	0.00385738	0.00202882	

5	0	0	0	task-0:0.04	|	0.254453	0.0813242	0.0145249	0.0145001	0.002964	0.00213768	

6	0	0	0	task-0:0.04	|	0.283518	0.10761	0.0488496	0.0142075	0.00375206	0.0027337	0.00140286	

4	0	0	0	task-0:0.045	|	0.220294	0.071719	0.0402241	0.00398606	0.00249792	

6	0	0	0	task-0:0.04	|	0.282868	0.146148	0.0381745	0.0132853	0.00425348	0.00301161	0.00138333	

6	0	0	0	task-0:0.03	|	0.289673	0.138057	0.0443358	0.0143154	0.00457793	0.00321959	0.00145756	

5	0	0	0	task-0:0.025	|	0.243712	0.189873	0.0165972	0.0109962	0.00500649	0.0020518	

5	0	0	0	task-0:0.04	|	0.252843	0.097866	0.0216337	0.0102116	0.00425969	0.00219894	

5	0	0	0	task-0:0.035	|	0.196731	0.0496878	0.0187508	0.00869865	0.00346229	0.0013471	

5	0	0	0	task-0:0.04	|	0.113599	0.0569933	0.0291256	0.00915278	0.00396687	0.00231305	

5	0	0	0	task-0:0.025	|	0.252766	0.0672367	0.0501981	0.00608476	0.00293827	0.00173468	

6	0	0	0	task-0:0.025	|	0.316432	0.235965	0.0568748	0.0595367	0.00681012	0.00312681	0.00216316	

5	0	0	0	task-0:0.02	|	0.27893	0.093038	0.0592717	0.0145876	0.00289853	0.00209725	

6	0	0	0	task-0:0.035	|	0.291541	0.232753	0.0337153	0.030066	0.00702741	0.00362056	0.00241862	

5	0	0	0	task-0:0.035	|	0.178252	0.0659414	0.0366053	0.00643951	0.00431831	0.00196729	

6	0	0	0	task-0:0.03	|	0.38222	0.16477	0.0627608	0.0156509	0.00513155	0.0035599	0.00157764	

6	0.015	0	0	task-0:0.035	|	0.328377	0.182373	0.0265956	0.0131835	0.00644283	0.00315325	0.00128309	

5	0	0	0	task-0:0.03	|	0.243732	0.0818571	0.0206769	0.0130439	0.00443987	0.0014009	

6	0	0	0	task-0:0.045	|	0.327401	0.183691	0.0572556	0.0156134	0.00448185	0.00312585	0.001458	

6	0	0	0	task-0:0.04	|	0.222935	0.128131	0.0306801	0.0128725	0.00469884	0.0031732	0.00135814	

5	0	0	0	task-0:0.04	|	0.208752	0.0708968	0.0188918	0.00787458	0.00350558	0.00142298	

6	0	0	0	task-0:0.035	|	0.25544	0.127959	0.0444374	0.0154779	0.00451923	0.00323204	0.00151985	

6	0	0	0	task-0:0.025	|	0.231645	0.224656	0.0459953	0.0862228	0.00846669	0.00322399	0.00231641	

5	0	0	0	task-0:0.04	|	0.315458	0.113567	0.0704531	0.0131284	0.00307738	0.00201947	

6	0	0	0	task-0:0.035	|	0.365561	0.240913	0.0755377	0.185658	0.00562253	0.0030528	0.0020061	

6	0	0	0	task-0:0.035	|	0.36102	0.245613	0.0644725	0.182116	0.00462035	0.00262282	0.00159047	

