134	1.544	24	2	task-3:0.05	task-0:0.325	task-1:0.405	task-2:0.085	|	0.0982761	0.0899965	0.0899959	0.0885594	0.0817612	0.0597641	0.064193	0.0645164	0.0690669	0.0588623	0.065785	0.0631709	0.0567269	0.0578062	0.0610537	0.0571798	0.0602869	0.0648729	0.0594756	0.0533997	0.0575606	0.0558212	0.0530967	0.0538868	0.0534648	0.053177	0.0531787	0.0529776	0.0526557	0.0522201	0.0518336	0.0514051	0.0508951	0.050345	0.0497908	0.0492661	0.0491316	0.0487594	0.0478956	0.0438636	0.0396052	0.0442717	0.0383416	0.0390464	0.03651	0.0398173	0.0392627	0.0350882	0.0312606	0.0318048	0.0347898	0.037864	0.0374708	0.0364679	0.0377292	0.038691	0.0382919	0.0370156	0.0358734	0.0343144	0.0338229	0.033092	0.0329424	0.0336579	0.0342051	0.0339429	0.0337129	0.0334453	0.032877	0.032388	0.0320629	0.0314661	0.0310211	0.0287559	0.0281254	0.0292664	0.0285617	0.0259027	0.0253395	0.02553	0.0259742	0.0267992	0.0274135	0.0267523	0.0256004	0.0277389	0.026203	0.0255335	0.0259953	0.0259882	0.0258664	0.0269183	0.0264433	0.026392	0.0263733	0.0265021	0.0264448	0.0264246	0.0264489	0.0266045	0.0268167	0.0267907	0.0266074	0.0264566	0.0263727	0.0263336	0.0262963	0.025873	0.0261344	0.0262547	0.0258857	0.0257706	0.0258583	0.0259329	0.0260031	0.0260967	0.0262272	0.0264387	0.026759	0.0265722	0.0266644	0.0269471	0.0268513	0.0264355	0.0262737	0.02611	0.0258072	0.0252959	0.0249138	0.024641	0.0245969	0.0244659	0.0246258	0.0247224	

84	1.966	24	1	task-3:0.035	task-0:0.38	task-1:0.435	task-2:0.055	|	0.146796	0.0899943	0.0899937	0.0845147	0.144278	0.143837	0.0826756	0.0754551	0.0696976	0.0584739	0.0584291	0.0593216	0.0574562	0.0587538	0.0579897	0.0564764	0.0565705	0.0559091	0.0545888	0.0539533	0.0531636	0.0519467	0.0508462	0.0495719	0.0481779	0.0467147	0.0451584	0.0438296	0.0425218	0.0413033	0.0401022	0.0387678	0.0374886	0.0363271	0.0354057	0.0347554	0.035114	0.0343864	0.0344418	0.0340733	0.034411	0.0341972	0.0340198	0.034129	0.0339278	0.0337389	0.0337256	0.0337316	0.0336841	0.0335994	0.033145	0.0328871	0.0328318	0.032662	0.0326193	0.0326548	0.0325466	0.0324193	0.0322871	0.0322114	0.0322117	0.0322117	0.0319616	0.0315443	0.0312914	0.0309284	0.0306901	0.0305864	0.0303836	0.0302171	0.0300072	0.0297757	0.0295815	0.0294211	0.0292184	0.0289717	0.0287351	0.0285085	0.0282576	0.0282369	0.0280227	0.027974	0.0280385	0.027925	

140	4.743	24	0	task-3:0.0366667	task-0:0.263333	task-1:0.33	task-2:0.055	|	0.135273	0.0899859	0.0899848	0.0823724	0.142493	0.139797	0.0811413	0.0692463	0.0650643	0.0587905	0.0602756	0.0569875	0.0571758	0.0565804	0.0564927	0.0561493	0.0557475	0.0551895	0.0546196	0.0538411	0.0529072	0.0521579	0.0512754	0.0504248	0.049483	0.0483445	0.0470863	0.0457072	0.0443831	0.0426113	0.0413418	0.0415568	0.0399845	0.0391644	0.0389928	0.0382448	0.037825	0.0374896	0.0369557	0.0366433	0.0363004	0.0360001	0.0353733	0.0346617	0.0449496	0.0637057	0.0498029	0.0481762	0.0482117	0.0650874	0.0485441	0.0705294	0.0696181	0.0602446	0.0519856	0.0567567	0.0465559	0.0433075	0.0463785	0.0454719	0.0404951	0.0405122	0.0412604	0.0393334	0.0365115	0.0343952	0.0322217	0.0306448	0.0304744	0.0296016	0.0303139	0.0299986	0.0292871	0.0291659	0.0293611	0.0292439	0.0293304	0.0294594	0.0293996	0.0292267	0.0286245	0.0277887	0.0268611	0.0266457	0.0280074	0.0289443	0.028512	0.0272429	0.0268053	0.0290202	0.0311005	0.0309378	0.0312537	0.0310728	0.0309134	0.0309292	0.0305967	0.0299963	0.0324019	0.0424716	0.0447007	0.0569571	0.0511676	0.0370309	0.0255183	0.0241862	0.0243622	0.0206587	0.01729	0.0158864	0.0154268	0.0191826	0.0198754	0.0193249	0.0183807	0.0149405	0.0249222	0.0325197	0.0313054	0.0248586	0.0265758	0.0292551	0.0258777	0.0239305	0.0169795	0.0155946	0.0153502	0.0160741	0.016568	0.0162764	0.0160266	0.0159455	0.0160176	0.0163168	0.0278519	0.0278319	0.0271347	0.0262279	0.0253679	0.0250804	

99	5.179	24	1	task-3:0.035	task-0:0.2975	task-1:0.3725	task-2:0.055	|	0.058749	0.0899997	0.0899996	0.089881	0.0599596	0.107224	0.132878	0.0697993	0.0743059	0.0743691	0.0627309	0.0734533	0.0733467	0.0610098	0.0637027	0.0638175	0.0604227	0.0603165	0.0599527	0.0592266	0.0590016	0.0585029	0.0580074	0.0575334	0.0569885	0.0563954	0.0558834	0.055343	0.0542236	0.0531812	0.0517458	0.0503153	0.048747	0.047307	0.0462571	0.0453284	0.0446928	0.0445732	0.0448952	0.043779	0.043646	0.0423446	0.0411264	0.0426292	0.0429439	0.0440942	0.0435709	0.0425412	0.0421299	0.0415685	0.0411217	0.0410261	0.0409194	0.0407287	0.0401042	0.0405583	0.0406888	0.0406944	0.040397	0.0397851	0.0390509	0.0392179	0.0392657	0.0393887	0.0393348	0.0393579	0.0394855	0.0400027	0.0391298	0.0394679	0.0399037	0.0403035	0.0394172	0.0390455	0.0388828	0.0392795	0.0393983	0.0388149	0.038424	0.0377524	0.036585	0.036074	0.0363834	0.0367586	0.0373118	0.0372955	0.0372487	0.0369932	0.037266	0.0380826	0.0384504	0.0385595	0.0386339	0.0386578	0.0386585	0.0386602	0.0406581	0.0405873	0.040512	

97	5.741	24	0	task-3:0.032	task-0:0.282	task-1:0.27	task-2:0.045	|	0.0606876	0.159944	0.159934	0.145229	0.0701445	0.0713443	0.0593419	0.0652205	0.0799853	0.0622309	0.0581626	0.0581188	0.0573493	0.0570038	0.057045	0.0575297	0.0576636	0.0569985	0.0566634	0.0579743	0.0572886	0.0570407	0.055872	0.0530427	0.0526282	0.0505505	0.0495117	0.0486282	0.0473443	0.0458613	0.0443008	0.0431244	0.0440107	0.0416569	0.040766	0.0395529	0.0389507	0.03887	0.0377739	0.0375204	0.0378498	0.0374155	0.0372631	0.0365958	0.0362256	0.0359889	0.0357579	0.0355344	0.0418567	0.0413899	0.0387876	0.0335332	0.0330765	0.0354829	0.0348068	0.0350828	0.0337435	0.0397481	0.0395708	0.0347718	0.0340378	0.0328942	0.042643	0.0417123	0.0349826	0.034834	0.0351498	0.0351459	0.0351261	0.0351013	0.0352399	0.0352415	0.0351891	0.035133	0.0350822	0.0350663	0.0350556	0.0350393	0.0350242	0.0350082	0.0350355	0.0350082	0.034788	0.034608	0.0344602	0.0342594	0.0340699	0.0338704	0.0335323	0.0331616	0.0328611	0.0325745	0.0323709	0.0322053	0.0319197	0.031652	0.0313489	

94	6.676	24	2	task-3:0.035	task-0:0.31	task-1:0.390833	task-2:0.0483333	|	0.0820671	0.0899988	0.0899986	0.0896674	0.06023	0.0611003	0.0670529	0.0592185	0.0564852	0.0602478	0.0547754	0.0544016	0.0554576	0.0538279	0.0537664	0.0537764	0.0532333	0.05331	0.0531288	0.0525099	0.051811	0.0510177	0.0501204	0.0491711	0.0484814	0.0472885	0.0451608	0.0440324	0.0437414	0.041252	0.0422371	0.0402094	0.0398414	0.0396137	0.0386212	0.0373949	0.0361001	0.0348724	0.0341484	0.0333637	0.0364027	0.0388942	0.0340508	0.0373087	0.0318759	0.032929	0.0330151	0.0332822	0.0331227	0.0333285	0.0335216	0.0330514	0.0329262	0.0327095	0.0323044	0.0306831	0.0295264	0.0293785	0.029276	0.0292885	0.0297547	0.0290646	0.0288825	0.0280269	0.0274327	0.0269279	0.0259279	0.0249128	0.024253	0.0238283	0.0248443	0.0287349	0.029516	0.0385226	0.0379975	0.0378359	0.0375633	0.029938	0.037385	0.0371202	0.0286399	0.0266217	0.029437	0.0233355	0.0298767	0.0286717	0.0234653	0.0234604	0.0230394	0.0222623	0.0221532	0.0221699	0.0220823	0.0218379	

104	8.626	24	0	task-3:0.035	task-0:0.257143	task-1:0.370714	task-2:0.0571429	|	0.0844101	0.0899806	0.0899597	0.0824444	0.129519	0.124487	0.0593068	0.0776012	0.0676205	0.0563247	0.0560426	0.0584008	0.061881	0.0585548	0.0560269	0.0566927	0.0561073	0.056066	0.0563494	0.0560738	0.0560602	0.0561905	0.0561449	0.0561156	0.0561594	0.0561106	0.0560134	0.055848	0.0554918	0.0546581	0.0544617	0.0536808	0.0528726	0.0524833	0.0520088	0.0516327	0.051292	0.0509465	0.0505812	0.0500316	0.0496889	0.0491214	0.048715	0.0481249	0.0475766	0.0471551	0.04655	0.0459227	0.0450316	0.0439567	0.0428688	0.0415178	0.0399141	0.0382239	0.0364463	0.034065	0.0332208	0.0344596	0.034649	0.0322573	0.0322899	0.0317477	0.0318682	0.031592	0.0308118	0.0310753	0.0316499	0.0328979	0.0355943	0.0358677	0.0351841	0.0352522	0.0336346	0.0323412	0.0316509	0.030877	0.03068	0.0313708	0.0321958	0.03321	0.0331691	0.0336899	0.033069	0.0384501	0.0376777	0.0330607	0.0329441	0.0322897	0.0315713	0.0311597	0.0311536	0.0311229	0.0310856	0.0309035	0.030621	0.0304335	0.0303424	0.0302499	0.030185	0.030124	0.0300356	0.0299076	0.0297372	0.0293546	

133	12.417	24	0	task-3:0.0325	task-0:0.288125	task-1:0.26875	task-2:0.054375	|	0.0586943	0.155349	0.057594	0.14135	0.115337	0.0463943	0.0820187	0.0588355	0.0899852	0.0899743	0.0524822	0.0640315	0.0530847	0.0516552	0.0489559	0.0483405	0.0476804	0.0456002	0.0437693	0.0431762	0.0436689	0.0453885	0.0452586	0.0423945	0.0401605	0.0399246	0.0386846	0.038787	0.0375771	0.0379818	0.037144	0.0371173	0.0371538	0.0368061	0.0372291	0.0385028	0.0407162	0.0444717	0.0421267	0.0427953	0.0434119	0.044404	0.0458801	0.0449556	0.0439713	0.0446441	0.0451413	0.0446052	0.0431645	0.0408703	0.0409501	0.0402152	0.0398161	0.0398589	0.0412514	0.0425825	0.0422937	0.0414163	0.0405961	0.0398601	0.0389746	0.0386644	0.0386362	0.038816	0.0381444	0.0374203	0.0368549	0.0359601	0.0348036	0.0344791	0.0346069	0.0352467	0.0357146	0.0357912	0.0355038	0.0349842	0.0343763	0.0339294	0.0341977	0.034781	0.0348345	0.0348479	0.0348264	0.0349492	0.0348657	0.0345899	0.0343837	0.0344373	0.0349655	0.0351495	0.0350212	0.0349916	0.0348927	0.0349904	0.0348482	0.0346845	0.0346293	0.0346925	0.0350844	0.0353465	0.0352249	0.0351041	0.0351693	0.035022	0.0348651	0.0348805	0.0350721	0.035207	0.0351835	0.0352485	0.0354367	0.0356786	0.0359821	0.0363311	0.0367813	0.0373322	0.0378414	0.0381927	0.0386796	0.0387852	0.039143	0.039294	0.0394714	0.0398415	0.040503	0.0410524	0.0401995	0.0398183	0.039018	0.0382665	0.0378323	0.0377875	0.037589	

152	15.694	24	3	task-3:0.0333333	task-0:0.273889	task-1:0.286111	task-2:0.0577778	|	0.0767662	0.0899974	0.0899971	0.0890043	0.070023	0.0600032	0.0691965	0.0686198	0.0573311	0.0600436	0.0576509	0.0557565	0.0555436	0.0548112	0.0539995	0.0531606	0.0527334	0.0521585	0.0518762	0.0517744	0.0513799	0.0526185	0.0516508	0.0510281	0.0511387	0.0515094	0.0519006	0.0516404	0.0518232	0.0520131	0.051807	0.0499717	0.0490887	0.0470828	0.0446639	0.0437109	0.0434066	0.0433736	0.0422022	0.040475	0.0392046	0.038078	0.0367777	0.034754	0.0339196	0.0327762	0.0317343	0.0307424	0.0299071	0.029238	0.0286548	0.0275589	0.0268771	0.0265977	0.0269237	0.0268478	0.0265239	0.0266439	0.0263016	0.0258965	0.0255939	0.025231	0.0251651	0.0234955	0.0234049	0.02834	0.0266051	0.0238551	0.0215653	0.0198045	0.018609	0.0182039	0.0186172	0.0191242	0.0196111	0.0198097	0.01962	0.0208663	0.0192796	0.0206668	0.0250786	0.0267777	0.0266377	0.0268509	0.0275161	0.0280414	0.0285755	0.0296057	0.0291453	0.0286465	0.0285083	0.0283447	0.0281661	0.0276294	0.0272857	0.0270011	0.0266829	0.0265422	0.026523	0.0266133	0.0272546	0.0287417	0.0289922	0.0294791	0.0289856	0.0282693	0.0281765	0.0283794	0.0286431	0.0289805	0.0293756	0.0298312	0.0297335	0.0293442	0.0292618	0.0294172	0.0296754	0.0296827	0.0298603	0.0300575	0.030356	0.0306636	0.0310494	0.0315882	0.0313743	0.0308687	0.0304608	0.0304195	0.0304711	0.0306117	0.030761	0.0307385	0.030624	0.030469	0.0302948	0.0302929	0.0304241	0.0306235	0.0307614	0.0309649	0.0312245	0.0315138	0.0318623	0.0323152	0.0328927	0.0336086	0.0344137	0.0342282	0.0336294	0.0336996	0.0338269	0.0338226	

119	14.633	24	0	task-3:0.035	task-0:0.3345	task-1:0.3805	task-2:0.0585	|	0.0583143	0.15997	0.159968	0.151991	0.0729565	0.0714394	0.084973	0.0847427	0.05721	0.0571206	0.0638333	0.0635572	0.0580796	0.0567988	0.0566719	0.056144	0.0560403	0.055925	0.0556538	0.0551495	0.0546273	0.0540603	0.0534328	0.0526779	0.0518135	0.0508781	0.0499553	0.0491026	0.0483489	0.0478875	0.0473318	0.0472298	0.0468185	0.046563	0.0464106	0.0464874	0.0465374	0.0464363	0.0463491	0.0462881	0.0462666	0.0463007	0.0464046	0.0466011	0.0469188	0.0473504	0.0473033	0.0475166	0.0475188	0.0477375	0.0481297	0.0483709	0.0498308	0.0479506	0.0525189	0.055086	0.0545649	0.0497893	0.0485288	0.0526617	0.0712773	0.0718397	0.0577326	0.0541361	0.0490067	0.047843	0.0448146	0.0496976	0.0432268	0.0440915	0.0442408	0.0442676	0.0438134	0.0433315	0.0432633	0.0450129	0.0508282	0.0481662	0.048274	0.0495086	0.0461147	0.0422517	0.0403092	0.0389458	0.0382025	0.0372532	0.0371832	0.0372727	0.045044	0.0388931	0.035342	0.0355323	0.0360526	0.0363223	0.0362946	0.0368951	0.0401057	0.0406852	0.0414795	0.0411732	0.0406892	0.0364993	0.0374643	0.0367917	0.0361502	0.0358578	0.0324689	0.0294186	0.0295165	0.029722	0.0297082	0.0296244	0.0340961	0.0282915	0.028734	0.0277183	0.0271436	0.0342055	0.0345004	

117	15.756	24	2	task-3:0.035	task-0:0.272727	task-1:0.315455	task-2:0.05	|	0.0701595	0.159874	0.159521	0.0788929	0.0775579	0.073646	0.0601862	0.0909187	0.0809417	0.0622596	0.0644654	0.0646875	0.0591208	0.0589687	0.0582015	0.0576193	0.0571243	0.0565287	0.0558852	0.0549473	0.0537206	0.0521527	0.0500412	0.0468642	0.0423355	0.0369939	0.0392929	0.0330913	0.0297248	0.0296974	0.0374169	0.0558675	0.0381594	0.0384405	0.0392326	0.0634729	0.0661384	0.0350127	0.0333454	0.0345479	0.0280649	0.0243622	0.0219789	0.0201535	0.019786	0.01948	0.0195005	0.0199159	0.0201704	0.0203498	0.0206197	0.0207937	0.0206996	0.0203874	0.0197988	0.0200569	0.0196861	0.0188396	0.0204465	0.0181697	0.0185045	0.0182978	0.0188834	0.0204018	0.0234625	0.0229858	0.0237723	0.0235902	0.0242288	0.0229239	0.0211382	0.0204088	0.0219828	0.0208233	0.021353	0.0214147	0.0225686	0.0220356	0.0197305	0.019404	0.0181574	0.0177375	0.0170224	0.0163298	0.015611	0.0156691	0.0156517	0.0152132	0.0152291	0.013534	0.0127831	0.0122555	0.0118174	0.0260152	0.0652009	0.0784498	0.0652297	0.042268	0.0304404	0.0203287	0.0127541	0.0162047	0.0154115	0.0142198	0.0161355	0.0158782	0.0157248	0.0155844	0.0154342	0.0156172	0.0158459	0.0157842	0.0157361	0.015718	0.0157347	0.0161839	0.0187757	

107	15.179	24	3	task-3:0.0325	task-0:0.260833	task-1:0.34375	task-2:0.0516667	|	0.0802696	0.159989	0.159985	0.155423	0.0585583	0.0623901	0.0576319	0.0575686	0.0644087	0.0613618	0.0610787	0.0608583	0.0562952	0.0574143	0.0566734	0.0560812	0.0560256	0.0558712	0.055859	0.05593	0.0562778	0.0570617	0.0578258	0.0586001	0.0596237	0.060311	0.0596668	0.0591984	0.0579789	0.0567474	0.0550353	0.0533382	0.051507	0.049919	0.0487408	0.0482851	0.0477197	0.0470871	0.0468783	0.0465481	0.0461254	0.0464552	0.0459815	0.0454708	0.0455667	0.0452894	0.0448805	0.044569	0.0442055	0.0437944	0.0432992	0.0427185	0.0420237	0.0411632	0.0401693	0.0393142	0.0386464	0.0380342	0.0379342	0.03832	0.0376369	0.0375768	0.0375441	0.0369277	0.0364162	0.036074	0.0355385	0.0349516	0.034115	0.0331896	0.0320628	0.0307073	0.0291732	0.0275626	0.0258683	0.0244536	0.023645	0.0225993	0.0220741	0.0216108	0.021158	0.020817	0.0205164	0.020774	0.0203299	0.02101	0.0210202	0.0205843	0.0207282	0.0208858	0.0209595	0.0210741	0.0211726	0.0211374	0.0210792	0.021024	0.0208813	0.0208149	0.0206922	0.0205453	0.0204367	0.0202831	0.0200959	0.01991	0.0197122	0.0195328	0.0193712	

98	14.82	24	0	task-3:0.035	task-0:0.318077	task-1:0.378077	task-2:0.0469231	|	0.136158	0.0899569	0.0899535	0.0826807	0.130609	0.118303	0.0591205	0.0604707	0.0658582	0.0660345	0.0873118	0.0870973	0.0715574	0.0664816	0.052477	0.0531909	0.0641866	0.0635862	0.0548268	0.0527648	0.0521248	0.0479635	0.0561383	0.0548952	0.0494195	0.0477933	0.047768	0.0474906	0.0474341	0.046901	0.0462468	0.0458739	0.0457129	0.045411	0.0450752	0.0444793	0.0440088	0.0434024	0.0428382	0.0421547	0.0409154	0.0398794	0.0383228	0.0367191	0.0362032	0.0347863	0.0335826	0.038035	0.0369109	0.0339094	0.0328861	0.0324828	0.0325825	0.0332386	0.0338728	0.0330559	0.033297	0.0337329	0.0341208	0.0348329	0.0352768	0.0333159	0.031782	0.0315413	0.0307315	0.0303221	0.0293686	0.0289194	0.0290281	0.0296246	0.0293649	0.0292877	0.0291495	0.0289806	0.0287893	0.0287004	0.0286862	0.0287235	0.0288895	0.0291263	0.0297796	0.029964	0.0300574	0.0296692	0.029231	0.0288267	0.028514	0.0281506	0.0276529	0.0272021	0.0268732	0.0265668	0.0261132	0.0253077	0.0239764	0.0227965	0.0231025	0.0223329	

125	20.498	24	4	task-3:0.0332143	task-0:0.250714	task-1:0.322857	task-2:0.0532143	|	0.0874789	0.152329	0.151509	0.0579715	0.0837836	0.0751131	0.0670976	0.0584788	0.106615	0.0708741	0.0656418	0.0689083	0.0635587	0.0579326	0.0658224	0.0658224	0.056971	0.0584991	0.0585202	0.057139	0.0572227	0.0572271	0.0568245	0.0569332	0.0567693	0.0565439	0.0564827	0.0564177	0.0563032	0.0560937	0.0558369	0.0555909	0.0553214	0.0549309	0.0543407	0.0536151	0.0526261	0.0511806	0.0506838	0.0492676	0.0475806	0.0464756	0.0448835	0.0431702	0.0415187	0.0412247	0.0399176	0.0388766	0.0379447	0.036914	0.0358396	0.0346972	0.0339497	0.0353606	0.0329881	0.0349422	0.0337094	0.0331085	0.0331433	0.0331368	0.0332521	0.0335038	0.0338015	0.0355058	0.0347695	0.0360127	0.0359692	0.0363432	0.0363584	0.0364872	0.0361788	0.0361177	0.0361653	0.0360657	0.0365274	0.0364988	0.0361667	0.0360774	0.0360291	0.0359971	0.0359763	0.0359888	0.0359702	0.0359402	0.0359046	0.0358639	0.0358404	0.0358077	0.0357721	0.0357406	0.0357304	0.035709	0.0357107	0.0357577	0.035312	0.0350694	0.0348693	0.0346893	0.0345206	0.0342617	0.0341152	0.0339614	0.0337614	0.0335074	0.0333247	0.0331143	0.0330652	0.0329092	0.0327447	0.0325668	0.0323729	0.0321568	0.0319024	0.0316062	0.0314627	0.0312782	0.0311464	0.0309965	0.0308116	0.030614	0.0304459	0.0302666	0.0299343	0.0299846	0.0300314	

134	23.93	24	3	task-3:0.034	task-0:0.288	task-1:0.300333	task-2:0.0533333	|	0.0794094	0.0899921	0.0899902	0.0838583	0.12069	0.100074	0.0675059	0.0588768	0.0575881	0.0570966	0.0561229	0.0563177	0.0552206	0.0532471	0.0539417	0.0532394	0.0517728	0.0508961	0.0497791	0.0483775	0.0468682	0.0455839	0.0447797	0.044537	0.04214	0.0401098	0.0437886	0.0416296	0.0394526	0.0398657	0.0384739	0.0384866	0.0394818	0.0381326	0.0371995	0.0367738	0.0361939	0.0354211	0.0329705	0.0308638	0.0317927	0.0329806	0.0335936	0.0343513	0.0353496	0.0354912	0.0351373	0.0348408	0.0354055	0.0344485	0.0324143	0.0317838	0.0311696	0.030408	0.0293501	0.0267516	0.0290593	0.0289538	0.028761	0.0279614	0.0278062	0.0273973	0.026613	0.0255979	0.0244986	0.0236565	0.0250512	0.0342996	0.0389168	0.0432136	0.0413351	0.03721	0.0348774	0.0297522	0.0258203	0.0233674	0.0221565	0.0212504	0.0209765	0.02117	0.0218818	0.0231322	0.0228854	0.0242368	0.0250173	0.0254189	0.0243968	0.023301	0.0230384	0.0222784	0.0216521	0.0211596	0.0205499	0.0201104	0.0199762	0.0199237	0.0199605	0.0198033	0.0197678	0.0197191	0.0196478	0.0198337	0.0196838	0.0295023	0.036145	0.0347681	0.0443541	0.0412023	0.0349887	0.0266943	0.0260534	0.0263342	0.0237016	0.0253332	0.0265235	0.0257897	0.0243033	0.0229233	0.0209936	0.016809	0.0170642	0.0172081	0.0172485	0.0171802	0.0173166	0.0171648	0.0171515	0.0171519	0.0168975	0.0167025	0.0166675	0.0166173	0.016567	0.0172844	

96	18.205	24	0	task-3:0.035	task-0:0.260313	task-1:0.46125	task-2:0.0503125	|	0.0640251	0.16	0.159999	0.159157	0.0631833	0.0652359	0.069754	0.0682768	0.0567524	0.0562279	0.054543	0.0541596	0.063359	0.0582781	0.0545143	0.0544848	0.0513001	0.0505492	0.050026	0.0506881	0.0493515	0.0476041	0.0468134	0.046328	0.0455439	0.0439833	0.0424462	0.0406175	0.0388956	0.0374879	0.036292	0.0347331	0.0348306	0.0321795	0.03039	0.0307476	0.0280589	0.0276346	0.026363	0.0260943	0.0264503	0.029373	0.0264169	0.0252799	0.0255176	0.0262497	0.0274055	0.0247342	0.0238128	0.0247242	0.0276035	0.0283346	0.0251752	0.0230946	0.0230919	0.0226567	0.021302	0.0205721	0.0191819	0.0180041	0.0175472	0.0177966	0.0186758	0.0185908	0.0186639	0.0188814	0.0191554	0.0190445	0.0188563	0.0184461	0.0180465	0.0181218	0.01769	0.0163636	0.0192815	0.0245396	0.0235313	0.0248098	0.0247113	0.0202817	0.0197143	0.0706588	0.0704524	0.0274318	0.0231174	0.0234595	0.019621	0.0200631	0.0247607	0.0338773	0.0377129	0.054626	0.0522728	0.0550757	0.0548606	0.0540838	

127	25.927	24	7	task-3:0.0344118	task-0:0.290882	task-1:0.280588	task-2:0.0505882	|	0.0613457	0.159997	0.159996	0.158278	0.0697595	0.0705404	0.0627148	0.0683203	0.0581482	0.0585507	0.063891	0.0640876	0.062671	0.0601958	0.0606685	0.0595465	0.0593495	0.0634933	0.061198	0.0588949	0.0587115	0.0586719	0.058477	0.0584508	0.0582915	0.0582465	0.0581694	0.0581133	0.0581039	0.0581208	0.0582667	0.0586545	0.059405	0.0595076	0.0595366	0.0600224	0.0605586	0.0609558	0.0608677	0.0610018	0.0613293	0.0617006	0.0593408	0.0552048	0.0523825	0.0561916	0.0556073	0.0486503	0.0493912	0.0480215	0.0456148	0.0446992	0.0430115	0.0432868	0.0451871	0.0445569	0.0421565	0.0411786	0.039539	0.038905	0.0388992	0.0388154	0.0388923	0.0392508	0.0400514	0.0393098	0.0396249	0.0414418	0.0433819	0.0449352	0.0462168	0.0476762	0.0482942	0.0480524	0.048064	0.0487337	0.0432341	0.0444863	0.0484147	0.0481318	0.0478351	0.0473668	0.0467001	0.045656	0.043886	0.0433896	0.0426121	0.0393256	0.0381383	0.0387268	0.0385786	0.0392294	0.039483	0.0391305	0.0409342	0.0429075	0.0424241	0.0419849	0.0443567	0.0471825	0.0502017	0.0499802	0.0609807	0.0607382	0.0500969	0.0486428	0.0468546	0.0453061	0.0445267	0.0426978	0.0391188	0.0390027	0.0397763	0.0428683	0.0423666	0.0430818	0.0417288	0.0415173	0.041429	0.0413358	0.0412226	0.0411486	0.0411334	0.0413596	0.0420815	0.0424363	0.040918	

157	33.853	24	5	task-3:0.0338889	task-0:0.268056	task-1:0.331389	task-2:0.0502778	|	0.0650457	0.09	0.09	0.089906	0.083411	0.0593426	0.0734863	0.07389	0.0571702	0.0622733	0.0595883	0.0554413	0.0578346	0.0579131	0.0558004	0.055667	0.0557393	0.0552953	0.0553568	0.05476	0.0533	0.0512629	0.0499351	0.0499305	0.0513617	0.052063	0.0515899	0.0520452	0.0512352	0.0488036	0.0481381	0.0495419	0.0496125	0.048611	0.0478948	0.0470109	0.0467223	0.046741	0.0462014	0.0454699	0.0445237	0.0436084	0.0425711	0.0413168	0.0396926	0.0378728	0.0356454	0.0340177	0.0318998	0.0353654	0.0338877	0.0385941	0.0360112	0.0334485	0.0350934	0.0329606	0.0327652	0.0334011	0.0347722	0.0362091	0.0374466	0.0380413	0.0458686	0.0467192	0.0475187	0.0466102	0.0469454	0.0473139	0.0474142	0.045019	0.0429747	0.0534941	0.053437	0.0492359	0.0489948	0.0468325	0.0461294	0.0462665	0.0452153	0.0450024	0.0424955	0.0425033	0.0441451	0.0468045	0.0465786	0.0449087	0.0430461	0.0423443	0.0419566	0.0405171	0.0388175	0.0388569	0.0394818	0.0406941	0.0425066	0.0419261	0.0406411	0.0393178	0.037722	0.0533525	0.0514008	0.0487963	0.0468707	0.0460478	0.0455318	0.0449043	0.0439224	0.0429041	0.0419788	0.0410212	0.0396145	0.0382062	0.0367629	0.0352054	0.0356071	0.0336065	0.0312706	0.0300142	0.0296096	0.0288257	0.0279597	0.0267476	0.0252626	0.0238887	0.0226253	0.0215652	0.02097	0.0200928	0.0190674	0.0177939	0.0158487	0.0714066	0.0660192	0.0184071	0.0190887	0.0147153	0.0747537	0.0742735	0.0256719	0.0139207	0.0137632	0.0148664	0.0271166	0.0266371	0.0174429	0.0139587	0.013771	0.0142132	0.0154868	0.0150156	0.0139457	0.0137515	0.0137339	0.0135304	0.0134365	0.0134182	0.0134258	

129	27.955	24	0	task-3:0.035	task-0:0.285	task-1:0.289474	task-2:0.0547368	|	0.0878542	0.089999	0.0899989	0.0887745	0.084723	0.0895911	0.0578707	0.0576355	0.0633915	0.0634163	0.0560178	0.0568881	0.0581504	0.0555777	0.0558139	0.056354	0.0558719	0.0563781	0.0567189	0.0566316	0.0566565	0.0568141	0.0566301	0.0560752	0.0552917	0.0541669	0.0529913	0.0517343	0.0503316	0.0488871	0.0474478	0.0460648	0.0446692	0.0433139	0.0419086	0.040356	0.0391242	0.0380215	0.0387578	0.0375479	0.0372484	0.0374116	0.0375243	0.0373674	0.0369962	0.0364677	0.0368535	0.0522394	0.0465508	0.0363878	0.0348443	0.0356338	0.0378988	0.0337653	0.0328142	0.0331964	0.0327238	0.0321949	0.0313281	0.0298108	0.0291857	0.0294857	0.0291979	0.0284668	0.0268901	0.0245714	0.0221306	0.0209468	0.0203849	0.0200611	0.0204567	0.0199566	0.0201602	0.0205853	0.0199696	0.0197658	0.0201058	0.0202579	0.0198446	0.0213338	0.0204695	0.0205469	0.0202215	0.020867	0.0212591	0.0204289	0.0201133	0.0201431	0.020394	0.0206453	0.0208862	0.0209985	0.0214995	0.0221913	0.0230456	0.024093	0.0254136	0.0263325	0.0277228	0.0275709	0.0289553	0.0309568	0.034215	0.032604	0.0322301	0.0312205	0.030735	0.029981	0.0291484	0.0283492	0.0277387	0.0273146	0.0276841	0.0288029	0.0286904	0.0287534	0.0287694	0.0288447	0.0289542	0.0290504	0.0287438	0.028631	0.0284371	0.0282763	0.0309634	0.0304471	0.0293159	0.0287695	0.0286347	

136	31.324	24	0	task-3:0.035	task-0:0.25525	task-1:0.30975	task-2:0.055	|	0.0603194	0.159999	0.159999	0.159368	0.0600559	0.0736587	0.0603385	0.059657	0.0626016	0.0607772	0.056869	0.0585849	0.0591003	0.0572925	0.0575957	0.0570395	0.0565824	0.056617	0.0565764	0.0563886	0.0561093	0.0557993	0.0555099	0.0551999	0.0548428	0.0543989	0.0539656	0.0536338	0.0534988	0.0650983	0.0729152	0.0690893	0.0694628	0.0647013	0.0546778	0.0662383	0.067489	0.0587846	0.0557527	0.0556748	0.055264	0.054048	0.0528219	0.0531191	0.0523174	0.0517082	0.0511448	0.0508359	0.0505149	0.0514649	0.0533306	0.0542661	0.0537742	0.0532911	0.0527235	0.0522128	0.051571	0.0505226	0.0487349	0.0471065	0.0478835	0.0478141	0.0445795	0.0471526	0.0466658	0.0442916	0.0439925	0.0444328	0.0452165	0.0461521	0.0469456	0.0468943	0.0465648	0.0458606	0.0446423	0.0429282	0.0428546	0.0424286	0.0415323	0.0404062	0.0382136	0.0359006	0.0335783	0.0320611	0.0330053	0.0342874	0.0327373	0.0326927	0.033233	0.0341727	0.0337903	0.0330919	0.0324652	0.0328234	0.0335548	0.0328736	0.0325748	0.0322632	0.0317564	0.0317711	0.031811	0.0317784	0.0326256	0.0318269	0.0324456	0.0327234	0.0324624	0.0328663	0.032374	0.0320979	0.0319803	0.0318336	0.0317408	0.0314895	0.0312621	0.0310272	0.0306049	0.0303205	0.0301252	0.0299961	0.0299197	0.02965	0.0293347	0.028867	0.0288116	0.0290331	0.029306	0.0296544	0.0294159	0.0295488	0.0297493	0.0299689	0.0301073	0.0301909	0.029909	0.029634	

93	22.605	24	2	task-3:0.035	task-0:0.353095	task-1:0.321429	task-2:0.0485714	|	0.140749	0.0899999	0.0899999	0.0896881	0.12071	0.0759576	0.0691351	0.0691184	0.0568434	0.0603568	0.0588235	0.0573426	0.0573331	0.0570977	0.0566886	0.0565554	0.0569489	0.0567423	0.0559302	0.0551691	0.0537045	0.0507187	0.0475828	0.0449239	0.04271	0.0412746	0.0412644	0.0405993	0.0436793	0.042508	0.042117	0.0405713	0.0400128	0.0406116	0.0390724	0.0387208	0.038482	0.0388142	0.0402435	0.0415386	0.0397541	0.0375889	0.0365429	0.0366472	0.0370529	0.0370967	0.0372489	0.0372864	0.0371482	0.0369422	0.0366169	0.0360438	0.034972	0.0364353	0.0371076	0.037854	0.038229	0.0385828	0.0391431	0.0398395	0.0401157	0.0407044	0.0416909	0.0423932	0.0417895	0.0397063	0.0387745	0.0363387	0.0348536	0.0333558	0.031777	0.0322597	0.0350936	0.0314406	0.0442494	0.0499932	0.0502821	0.0503373	0.0442803	0.0448625	0.0520566	0.0518003	0.0445511	0.0423693	0.0272613	0.0347061	0.0379835	0.0361586	0.0371838	0.0351933	0.0337332	0.0323053	0.0296999	

165	42.37	24	9	task-3:0.0325	task-0:0.249773	task-1:0.249773	task-2:0.0520455	|	0.0580745	0.0899976	0.0899975	0.0895198	0.0580047	0.122331	0.132741	0.0856023	0.0620851	0.0595021	0.0618067	0.0612564	0.057728	0.0601242	0.0626951	0.0619208	0.0605607	0.0596065	0.0593325	0.0586586	0.0578321	0.0570446	0.0562688	0.0557043	0.055142	0.0549582	0.0549394	0.0547047	0.0548004	0.0544878	0.0537597	0.0540258	0.051374	0.056282	0.0592613	0.0573788	0.05357	0.0556256	0.0552615	0.0594353	0.0573921	0.0542457	0.0515051	0.0523019	0.0524392	0.0518531	0.052182	0.0518139	0.0502194	0.0482513	0.0467624	0.0458993	0.0444125	0.0438318	0.0442473	0.0439917	0.0434514	0.043512	0.044086	0.044522	0.044709	0.0449557	0.045114	0.0451144	0.0449966	0.0448246	0.0445876	0.044459	0.0443021	0.0442095	0.0439744	0.0437822	0.0437848	0.0435591	0.0435277	0.0436312	0.043574	0.0434218	0.0434395	0.0485081	0.0482632	0.0475101	0.0449449	0.0451169	0.046099	0.0750293	0.0707659	0.0450933	0.0513272	0.0514121	0.0504954	0.0539404	0.0538363	0.0437559	0.04369	0.0421667	0.0420948	0.041383	0.0412683	0.0412507	0.0412445	0.0410824	0.0411624	0.041292	0.0415425	0.041928	0.0423417	0.0427313	0.0431144	0.0434926	0.0431089	0.0432748	0.0428641	0.0452403	0.0454747	0.0457228	0.0457057	0.0454995	0.0448088	0.0447279	0.0446923	0.0446298	0.0444528	0.0445314	0.0445047	0.0445391	0.0447082	0.0434171	0.0504309	0.0504132	0.0502259	0.0490157	0.0486501	0.0486108	0.0452935	0.045839	0.0457171	0.0445678	0.0462353	0.0461576	0.0448389	0.0451436	0.0451596	0.0452239	0.0452707	0.0452234	0.0452613	0.0453472	0.0465243	0.0477796	0.0490801	0.0489459	0.0486533	0.0482344	0.0476446	0.0472964	0.0469427	0.0463962	0.0460091	0.0457771	0.0453383	0.0450825	0.0548967	0.0548206	0.0551643	

54	14.476	24	0	task-3:0.035	task-0:0.416304	task-1:0.485	task-2:0.06	|	0.0558107	0.0899919	0.0898407	0.122275	0.0485205	0.0467291	0.0650502	0.0605724	0.0574137	0.0492672	0.0531588	0.0734093	0.0720383	0.0461299	0.0597989	0.0519428	0.045049	0.045642	0.045286	0.0468634	0.0474477	0.0464895	0.0449131	0.044763	0.0461001	0.0474513	0.0479482	0.0476071	0.0472706	0.0470903	0.047546	0.0476594	0.0471958	0.047382	0.0475926	0.047198	0.0468799	0.0468251	0.0467492	0.0466999	0.0467333	0.0464235	0.0461145	0.0461279	0.0463233	0.0467926	0.0474682	0.0483699	0.0489258	0.0501064	0.0502235	0.0495528	0.0486404	0.0492644	

111	31.575	24	1	task-3:0.035	task-0:0.255833	task-1:0.298958	task-2:0.05625	|	0.105752	0.0899631	0.0899599	0.0814054	0.0766186	0.0638343	0.0568173	0.0592871	0.0563101	0.0677293	0.0768792	0.0613925	0.0564307	0.0575667	0.0545539	0.051159	0.0517306	0.0533788	0.0507389	0.0538266	0.0568807	0.0548868	0.0517439	0.0519274	0.0519076	0.0512113	0.0516135	0.0514247	0.051146	0.051275	0.051426	0.0516107	0.0519308	0.0523714	0.0523832	0.0524667	0.052375	0.0523213	0.0535923	0.0510426	0.0479872	0.0477496	0.0500267	0.0492363	0.0500006	0.0511129	0.0512305	0.0519532	0.0518121	0.0507653	0.0503721	0.0500835	0.0498825	0.0496766	0.0494095	0.0489307	0.0480494	0.0469417	0.0458265	0.0450046	0.0443012	0.0438391	0.0431921	0.0428498	0.0429407	0.0429832	0.0432895	0.0431657	0.0428811	0.0426934	0.0425235	0.0424302	0.0423645	0.0418849	0.0408249	0.0398742	0.0397904	0.041393	0.0448425	0.0473713	0.0477433	0.0578585	0.0545954	0.0546143	0.0504468	0.0484579	0.0483759	0.0486888	0.0499163	0.0541414	0.0532571	0.0503116	0.0480226	0.0472637	0.0469635	0.046811	0.0499587	0.0508255	0.057231	0.0547449	0.0505232	0.0487981	0.0460858	0.0437317	0.0441014	0.0420205	0.0436977	0.0429141	0.0424118	0.0423413	0.0416181	

138	39.952	24	3	task-3:0.035	task-0:0.308	task-1:0.3218	task-2:0.0518	|	0.131009	0.0899096	0.089893	0.0701282	0.13947	0.109279	0.0701017	0.0674128	0.0745565	0.0631322	0.0591845	0.0599161	0.0577647	0.0597575	0.0596419	0.0578819	0.0568251	0.0565678	0.0565112	0.0568279	0.0565381	0.0559589	0.0551362	0.0544938	0.0536028	0.0523784	0.05137	0.0505801	0.0507073	0.0503969	0.0502145	0.0500094	0.0504485	0.0499082	0.049876	0.0492808	0.0482463	0.0481032	0.0475167	0.0466797	0.0461055	0.0448351	0.0444864	0.0436664	0.0426624	0.0422105	0.0417454	0.0409864	0.0407579	0.0401778	0.039148	0.0379846	0.0375741	0.0366498	0.0361125	0.0413948	0.0520327	0.0649987	0.0740096	0.0629467	0.0359239	0.0327674	0.0324219	0.032097	0.0317054	0.0312935	0.0305842	0.0432728	0.0606464	0.0486448	0.0587465	0.0627213	0.0574292	0.0504715	0.0421815	0.0375929	0.0348936	0.0362646	0.0358193	0.0356031	0.033284	0.0367099	0.0345833	0.0375739	0.0285427	0.0292612	0.0537266	0.0541885	0.0332826	0.0310157	0.0315542	0.0301309	0.0350505	0.0350916	0.0324709	0.0331831	0.0347922	0.0379587	0.0470795	0.0453938	0.0409475	0.0391679	0.0384334	0.0368664	0.0354515	0.0337754	0.0326626	0.0319135	0.0311612	0.0310015	0.0307449	0.0301898	0.0292923	0.0284065	0.0278901	0.0276444	0.0275927	0.0269635	0.0263966	0.0258271	0.0256091	0.0250461	0.0246925	0.0243659	0.0241925	0.02446	0.0242509	0.0248744	0.0253762	0.0259536	0.025609	0.0274222	0.0299505	0.0314783	0.028986	0.027213	0.0281057	0.0273708	

91	28.845	24	3	task-3:0.035	task-0:0.37	task-1:0.466923	task-2:0.0551923	|	0.0904332	0.0899961	0.0899958	0.0880117	0.0937615	0.0958772	0.0576533	0.0801305	0.0821548	0.0719371	0.0572475	0.0850082	0.0842452	0.0632623	0.0582159	0.0580501	0.0579917	0.0579707	0.05719	0.0572466	0.0572011	0.0571625	0.0571476	0.0570983	0.0570347	0.0569866	0.0569086	0.0567992	0.0566587	0.0564791	0.0562635	0.0559839	0.0556359	0.0550916	0.054022	0.0535704	0.0534094	0.0530815	0.0529018	0.0527129	0.0524198	0.0526311	0.0523301	0.0519867	0.0515653	0.0509807	0.0501623	0.0510768	0.0507939	0.0510814	0.0516132	0.0521062	0.0523507	0.0527469	0.0524384	0.063125	0.0604843	0.063249	0.0630184	0.0546541	0.0535631	0.0610252	0.0605507	0.0680271	0.0678083	0.0594723	0.0688459	0.068877	0.0704244	0.047496	0.053889	0.049745	0.0457485	0.0736223	0.0911685	0.0472483	0.0424953	0.0441034	0.045512	0.057193	0.0762223	0.052414	0.0522396	0.0420357	0.0429206	0.0583077	0.0567007	0.0502341	0.0450325	0.0472863	0.0479949	

80	26.489	24	0	task-3:0.035	task-0:0.265185	task-1:0.427037	task-2:0.0535185	|	0.0682518	0.159996	0.159993	0.148523	0.0662903	0.0617528	0.0683876	0.0732228	0.0584462	0.0630824	0.0620769	0.0582496	0.0573288	0.0573334	0.0566001	0.055938	0.0546264	0.0532812	0.0521285	0.050772	0.0494519	0.0481261	0.0461667	0.0448469	0.0455089	0.0452143	0.0457268	0.0441249	0.0439961	0.0421252	0.0400628	0.0397383	0.0402512	0.0407593	0.0411914	0.0411915	0.0419029	0.0413549	0.0410502	0.040945	0.0406402	0.040497	0.0402601	0.0402897	0.0401286	0.0394074	0.0387478	0.0378662	0.0366396	0.0344599	0.0337918	0.0319914	0.0293272	0.0269082	0.0247411	0.025509	0.0306314	0.0377704	0.0433504	0.0554373	0.0468555	0.037103	0.0347221	0.033802	0.0316516	0.0278116	0.030818	0.0306791	0.0267557	0.0270935	0.0258058	0.0326342	0.0327765	0.0265132	0.027514	0.0294619	0.0298335	0.0297618	0.0308058	0.0323128	

100	34.164	24	0	task-3:0.035	task-0:0.269107	task-1:0.379286	task-2:0.0528571	|	0.0754332	0.15937	0.159324	0.113867	0.0613302	0.0572717	0.0822084	0.0858676	0.0835588	0.0707326	0.0592179	0.0591203	0.059779	0.0597719	0.0580182	0.0596809	0.0595003	0.0581282	0.0581203	0.0581734	0.057871	0.058149	0.0582371	0.0582558	0.0584259	0.0586232	0.0588441	0.0591449	0.0594967	0.05992	0.0604882	0.0612492	0.0619218	0.059888	0.0595784	0.059005	0.0567288	0.0551333	0.0555449	0.0562867	0.0563467	0.0570132	0.0552036	0.053405	0.0514979	0.0494691	0.04792	0.046324	0.0457306	0.0443741	0.0432961	0.0419265	0.040693	0.0400361	0.0396074	0.0395167	0.0403439	0.0399371	0.0393322	0.0388176	0.0385351	0.0381754	0.0378688	0.0374969	0.0370741	0.0370231	0.0365818	0.0361309	0.0358675	0.0354792	0.035002	0.0348404	0.0347718	0.0344219	0.0335132	0.0328323	0.0323739	0.0318864	0.0315803	0.031629	0.0315121	0.0312766	0.0312093	0.0312115	0.0312066	0.0316214	0.0315924	0.0318577	0.0319168	0.0321997	0.0326698	0.0333218	0.0343087	0.0345151	0.0341009	0.0342505	0.0341133	0.0344129	0.0340133	0.0333195	

132	45.319	24	0	task-3:0.0344828	task-0:0.235862	task-1:0.257586	task-2:0.0494828	|	0.144009	0.089994	0.089993	0.0840662	0.136508	0.0856142	0.057521	0.0586398	0.0612773	0.0610149	0.0577925	0.0612518	0.0612298	0.0586918	0.0579617	0.0579959	0.0581278	0.0582973	0.0582862	0.0583841	0.0584366	0.0583703	0.0579364	0.0566556	0.0543509	0.0543731	0.0534396	0.052476	0.0537436	0.0493091	0.0480234	0.0506725	0.0478828	0.044178	0.0553045	0.0651391	0.0845181	0.0870122	0.0549322	0.0522825	0.0500984	0.0459827	0.0471749	0.0454075	0.0427522	0.0410928	0.0400462	0.0411839	0.0420678	0.0417434	0.039556	0.0366363	0.0324961	0.0313272	0.0277774	0.0340724	0.0351971	0.0350204	0.0331465	0.0323134	0.0422759	0.0349826	0.0197987	0.0242242	0.0240263	0.0205093	0.0191395	0.0188564	0.0176236	0.0205448	0.0222776	0.0225021	0.0224393	0.0223767	0.0223307	0.0223316	0.0222666	0.0222432	0.0222409	0.0221221	0.0221902	0.0223324	0.0223023	0.0222708	0.0222268	0.0222258	0.0223713	0.0228226	0.0226831	0.0229272	0.0236552	0.025005	0.0245039	0.0233589	0.0227195	0.0226606	0.0228418	0.0232561	0.0234756	0.0235007	0.0232585	0.0233217	0.0234409	0.0229927	0.0229864	0.0230426	0.0231611	0.0233066	0.0234057	0.02337	0.0226929	0.0224005	0.0219951	0.0211973	0.0202637	0.019697	0.0194534	0.019463	0.0196736	0.0195268	0.019641	0.0197768	0.01965	0.0195815	0.0195376	0.0193928	0.0192463	0.0189693	0.0186853	0.0193581	0.0205774	0.0203248	

116	40.748	24	1	task-3:0.0346667	task-0:0.2335	task-1:0.3215	task-2:0.0478333	|	0.0738179	0.0899994	0.0899993	0.0892197	0.0915554	0.0894701	0.0670627	0.0666181	0.0653135	0.0645187	0.0831542	0.0832676	0.0691992	0.0658031	0.0658161	0.0601558	0.0734752	0.0741673	0.0614748	0.0596409	0.061304	0.0595894	0.0604707	0.0608523	0.0597976	0.0598099	0.0598517	0.059798	0.0596441	0.059627	0.0595649	0.0594479	0.0592145	0.0587782	0.0581711	0.0576838	0.0570539	0.0565466	0.0560805	0.0553447	0.0544001	0.0538361	0.0522697	0.0467469	0.048148	0.0464097	0.0390851	0.0390298	0.0379389	0.0377211	0.0378305	0.0382474	0.0371506	0.0368744	0.0358954	0.0365688	0.0407364	0.0406031	0.0390843	0.0405484	0.039083	0.0376071	0.0371637	0.0367859	0.0361084	0.0355414	0.0354695	0.0358527	0.0382784	0.0418681	0.0444361	0.047616	0.0497084	0.0513065	0.0522234	0.0509082	0.0509834	0.051204	0.0519304	0.0543823	0.0577157	0.0599682	0.0613215	0.0618907	0.0596814	0.0561569	0.0520186	0.0494245	0.0477546	0.0453688	0.0438683	0.0413458	0.0390162	0.0361977	0.0331493	0.0304149	0.0289026	0.0287588	0.0308162	0.0311908	0.0309782	0.0307242	0.0296647	0.0284251	0.0285699	0.0284542	0.0287105	0.0286372	0.0285431	0.0282527	0.0280125	0.0278624	0.0278691	0.0280142	0.0274355	0.0269417	

132	47.736	24	8	task-3:0.0348387	task-0:0.243065	task-1:0.26371	task-2:0.0477419	|	0.0668752	0.159994	0.159993	0.157709	0.0615846	0.0825987	0.0890526	0.0819819	0.0672731	0.0873013	0.0597865	0.0593145	0.0582561	0.0567883	0.0534535	0.0544326	0.0592809	0.0637379	0.0592301	0.0553244	0.0548851	0.0533675	0.0525667	0.054505	0.0534808	0.0515213	0.0510818	0.0509006	0.0506606	0.0504657	0.0503974	0.0503511	0.0504425	0.0505925	0.0505601	0.0506754	0.0506333	0.0505629	0.0504556	0.0503166	0.0501656	0.0498725	0.0495208	0.0492095	0.0487841	0.0481513	0.0471538	0.0465093	0.0457725	0.0450475	0.0442969	0.0436007	0.0429928	0.042217	0.0414205	0.0407962	0.0400865	0.0392873	0.0383902	0.0378773	0.0370308	0.0367179	0.0358872	0.0396032	0.0385525	0.0360997	0.036246	0.0364053	0.0358701	0.0356277	0.0354027	0.0352028	0.0349988	0.0347911	0.0345716	0.0343872	0.0342571	0.0341817	0.034195	0.0336005	0.0326936	0.0322572	0.0321251	0.0320037	0.0308167	0.0306743	0.0303479	0.0301303	0.0299788	0.0299197	0.0297726	0.0296919	0.0293887	0.0296453	0.0361542	0.0360224	0.0368438	0.0368419	0.0359069	0.0359732	0.0359168	0.0357989	0.0358035	0.0356841	0.0354914	0.035401	0.035265	0.0351548	0.0350195	0.0347897	0.0345797	0.0343617	0.0341258	0.0338264	0.0334522	0.0329612	0.0323271	0.0315636	0.033081	0.0800578	0.074727	0.0413441	0.0380046	0.0433748	0.0448599	0.0331898	0.0416102	0.0407142	0.0322464	0.033522	0.0333186	0.0306311	

83	31.293	24	0	task-3:0.035	task-0:0.247344	task-1:0.350781	task-2:0.0559375	|	0.0695815	0.089934	0.0899213	0.0858419	0.0806303	0.0893119	0.0589613	0.0765467	0.0768608	0.0659454	0.0581508	0.057993	0.0603674	0.060991	0.0589282	0.0579162	0.058014	0.0580326	0.0581659	0.0582164	0.0583213	0.0583777	0.0583747	0.0583047	0.0578522	0.0573703	0.0559813	0.0541605	0.0526619	0.0504125	0.0477801	0.0464993	0.0475724	0.0456225	0.0442639	0.0455417	0.0380049	0.0471854	0.0533558	0.0542148	0.0550628	0.0577535	0.102262	0.0929413	0.112692	0.113209	0.101112	0.047378	0.0889071	0.0845207	0.0487283	0.0607765	0.052647	0.038089	0.0429525	0.0398747	0.0372274	0.0491627	0.044907	0.0367456	0.0456341	0.0511263	0.0496141	0.0547983	0.0852559	0.0797176	0.0602856	0.0586682	0.0565936	0.0561131	0.0548299	0.0527887	0.0483174	0.0370901	0.0371457	0.063301	0.0637175	0.0465038	0.0394168	0.0381665	0.0328437	0.0302858	0.0297019	

145	57.361	24	1	task-3:0.0343939	task-0:0.285303	task-1:0.308788	task-2:0.0518182	|	0.0774059	0.159999	0.159999	0.158382	0.0659733	0.0582882	0.0831462	0.0630205	0.064254	0.0638563	0.0549665	0.0668195	0.0660528	0.0560709	0.0557294	0.0556629	0.0545	0.0544024	0.0539935	0.0538378	0.0534005	0.052921	0.052564	0.052164	0.0517112	0.0512369	0.0507454	0.0502159	0.0495904	0.0478964	0.0494001	0.0524894	0.0564742	0.0557305	0.0530591	0.0521555	0.049729	0.0489242	0.0480135	0.0440331	0.0461678	0.0460232	0.0441661	0.0441781	0.0441242	0.043801	0.0430506	0.0407269	0.0504679	0.0548324	0.0564467	0.0497605	0.0487054	0.0474206	0.0420192	0.0419281	0.0418712	0.0417453	0.0415307	0.0414601	0.0412779	0.0400092	0.0397749	0.0400434	0.0404207	0.0409423	0.045903	0.0469502	0.051335	0.0538059	0.0483394	0.0414509	0.0393673	0.0405932	0.0413692	0.0424044	0.0437141	0.0434529	0.042243	0.0420269	0.0430417	0.0443492	0.0466921	0.0460073	0.0446622	0.044431	0.0443303	0.0437723	0.0426339	0.0411785	0.0411657	0.042808	0.0433003	0.0420146	0.0416397	0.0406642	0.039329	0.0394449	0.0389092	0.0390541	0.0396441	0.039409	0.0390842	0.0392832	0.0397111	0.0404312	0.0404747	0.040222	0.0400579	0.0398984	0.0397204	0.0396395	0.0396361	0.0396838	0.0398224	0.0398371	0.0398245	0.0399161	0.040176	0.0400879	0.0400762	0.0400226	0.0400495	0.0401226	0.040245	0.0401803	0.0370243	0.0363928	0.037707	0.0400309	0.0399073	0.0375675	0.0367924	0.0364491	0.0365049	0.0397234	0.0397153	0.0398282	0.0397528	0.039576	0.0392945	0.0392503	0.0396537	0.0401695	0.0405176	

134	55.474	24	3	task-3:0.0358824	task-0:0.249265	task-1:0.312794	task-2:0.0486765	|	0.0600317	0.159969	0.159964	0.150341	0.0578778	0.0647408	0.0568586	0.0587099	0.0570682	0.0570742	0.0569817	0.0570599	0.0568358	0.0568263	0.0567925	0.0567517	0.0567137	0.0566616	0.0563846	0.057276	0.0589951	0.0587203	0.0575932	0.0583367	0.0551471	0.0534517	0.0534868	0.0539639	0.053041	0.0535178	0.0527146	0.0516772	0.0511873	0.0499083	0.0474078	0.0478059	0.0488787	0.0503104	0.0498663	0.0492016	0.0490213	0.0486653	0.0482426	0.0479235	0.0475836	0.0472241	0.0468107	0.0463503	0.045923	0.0448073	0.0440359	0.0400697	0.0452139	0.0463177	0.0676006	0.0692484	0.075303	0.0679968	0.0595069	0.0586942	0.0391971	0.0420455	0.0405107	0.0586036	0.0546826	0.0398306	0.0387566	0.0370916	0.036243	0.0386163	0.0344825	0.0339681	0.0333443	0.0334766	0.0330567	0.032744	0.032486	0.0323128	0.0320312	0.0318055	0.0311324	0.0300101	0.0277804	0.0278573	0.0292693	0.0288193	0.0293629	0.0306089	0.0299592	0.0296114	0.0298028	0.0291871	0.0284505	0.0284862	0.0298614	0.0319454	0.0290888	0.0266792	0.0344348	0.0373191	0.037864	0.0379393	0.0543093	0.0485787	0.0436217	0.0429209	0.0528081	0.0452778	0.0499379	0.0486764	0.0420067	0.0455951	0.0484428	0.0477872	0.0321308	0.0302906	0.0294187	0.0391581	0.0301499	0.0281761	0.0289276	0.0279422	0.0272662	0.0262755	0.0245474	0.0225998	0.0238386	0.0236344	0.0223608	0.0211492	0.0208894	0.0203937	0.0206035	0.020492	

134	56.285	24	1	task-3:0.035	task-0:0.278	task-1:0.385429	task-2:0.0487143	|	0.074666	0.159998	0.159998	0.158367	0.0616539	0.0664124	0.0597752	0.0926589	0.0818376	0.0553692	0.059224	0.0538697	0.0527063	0.0508713	0.049528	0.0496338	0.0486887	0.0457809	0.0433787	0.0415198	0.0401602	0.0410275	0.0422744	0.0430239	0.0427881	0.0428246	0.0421866	0.0406723	0.0383148	0.0365826	0.0361876	0.0371515	0.0366633	0.0370259	0.036949	0.0361497	0.035833	0.03577	0.036983	0.0394884	0.0382732	0.0361589	0.0357638	0.0351313	0.0345792	0.0343679	0.0335801	0.0325537	0.0318166	0.0313924	0.0313767	0.0307689	0.0300845	0.0294448	0.0289303	0.0282623	0.0277623	0.027226	0.0270902	0.026648	0.0259505	0.0250335	0.0245257	0.0240329	0.0237682	0.0239189	0.0237085	0.0236378	0.0235974	0.0235705	0.0235111	0.0236845	0.0249316	0.0247322	0.0234493	0.0237365	0.0245351	0.0257704	0.0253402	0.0247006	0.0244103	0.0245272	0.0252183	0.0274649	0.0272254	0.0244417	0.0231829	0.0252315	0.0240802	0.0221358	0.0280337	0.0322211	0.0291339	0.026249	0.0235116	0.0230359	0.0229076	0.0230395	0.0235999	0.0237317	0.0232338	0.023243	0.0238026	0.0241119	0.0244935	0.0244616	0.0243293	0.0240456	0.0236669	0.0232209	0.0225688	0.0218941	0.021358	0.0212427	0.0209413	0.0207464	0.0206798	0.0207018	0.0207537	0.0207517	0.0207257	0.0207939	0.020868	0.0209419	0.0210533	0.0212225	0.0213233	0.0212865	0.0212749	0.0212174	0.0211798	0.0211443	0.0212141	0.0214711	

121	50.888	24	0	task-3:0.0334722	task-0:0.235833	task-1:0.270972	task-2:0.0481944	|	0.0948832	0.0899937	0.089993	0.0856491	0.0823133	0.0638458	0.0622738	0.0599052	0.0621696	0.0600045	0.0888786	0.0882906	0.0546517	0.0650798	0.0635847	0.0579816	0.0576928	0.0574769	0.0554693	0.0561736	0.0548847	0.0546216	0.0546037	0.0542751	0.054226	0.0539651	0.0536634	0.0535881	0.0537837	0.0537985	0.053616	0.0534445	0.0534086	0.0532331	0.0530507	0.0529978	0.0528994	0.0527393	0.0525629	0.0524035	0.0522955	0.0521085	0.0514002	0.05115	0.0510253	0.0508756	0.0509222	0.0502795	0.0496335	0.0491399	0.0485749	0.0478584	0.0471759	0.046534	0.0458101	0.0456747	0.0456587	0.0454531	0.0453154	0.0462382	0.0479852	0.0473114	0.0464251	0.0447789	0.043189	0.0427991	0.0428565	0.0419843	0.0419533	0.0411793	0.0390631	0.0370113	0.0358308	0.035181	0.0341345	0.0345921	0.0344451	0.0343916	0.0339992	0.0333921	0.0327818	0.0325733	0.0325757	0.0324936	0.0324673	0.0325976	0.032928	0.0333426	0.0330695	0.0328538	0.0325635	0.0327254	0.033375	0.0346705	0.0358074	0.0359782	0.0361741	0.0361012	0.03563	0.0352347	0.0350842	0.0345399	0.0339409	0.0335729	0.0332319	0.0333012	0.0332628	0.033135	0.0330035	0.0328416	0.0325649	0.0323178	0.0323478	0.032255	0.0320889	0.0318063	0.0315265	0.0312332	0.0308736	0.0304817	0.0299681	

129	54.741	24	0	task-3:0.037027	task-0:0.275811	task-1:0.35973	task-2:0.0510811	|	0.0857192	0.0899892	0.0899887	0.087925	0.0871701	0.109651	0.0605144	0.0673108	0.0673645	0.0610805	0.0598179	0.0595051	0.0588171	0.0585649	0.0583618	0.0581204	0.0571515	0.0558237	0.0544008	0.0529065	0.0512683	0.0492566	0.0470472	0.0482292	0.0489727	0.0500636	0.0462372	0.043572	0.0429359	0.0426695	0.0421058	0.0421255	0.0427449	0.0420346	0.0437574	0.0422896	0.0427059	0.0436751	0.0398631	0.0408203	0.0392715	0.0385102	0.0358828	0.0350055	0.0380781	0.0376613	0.0364146	0.0353524	0.0349335	0.0351666	0.0361106	0.0358081	0.0351313	0.0343417	0.0343598	0.0346597	0.0348856	0.0347671	0.0345119	0.0342368	0.0341835	0.0342676	0.0343647	0.0345015	0.0345389	0.0347059	0.0346162	0.0340224	0.0335756	0.0332457	0.0332951	0.0334436	0.0332134	0.0326674	0.0319939	0.0315301	0.0308652	0.0305874	0.0306922	0.0310179	0.0312335	0.031327	0.0313616	0.0313149	0.0313645	0.0314595	0.0315165	0.0315791	0.031686	0.0318495	0.032071	0.0323443	0.0327218	0.0331953	0.0337785	0.0345007	0.0349032	0.0351605	0.0350314	0.0349353	0.0350186	0.0350966	0.0353898	0.03575	0.0359356	0.0359282	0.0355941	0.0353256	0.0345314	0.0334753	0.0324794	0.0311908	0.0299767	0.0283866	0.0335048	0.0321568	0.0326435	0.0341835	0.0362327	0.0359941	0.0323518	0.0338438	0.0345589	0.038991	0.0336253	0.0273025	0.0239218	0.023412	0.0268849	

149	65.832	24	0	task-3:0.035	task-0:0.263947	task-1:0.288947	task-2:0.0481579	|	0.0850296	0.0899999	0.0899999	0.0897852	0.0961719	0.10542	0.0591886	0.0599576	0.0638808	0.0620726	0.0569968	0.0591482	0.0590106	0.0571151	0.0568373	0.0567541	0.056325	0.056498	0.0563595	0.0559375	0.0554669	0.054994	0.0546097	0.0542947	0.0541517	0.0531848	0.0526828	0.0516016	0.049515	0.0438035	0.0544692	0.0679984	0.0626259	0.057664	0.0528062	0.0495614	0.0480786	0.0466743	0.0461635	0.0465379	0.0458974	0.0462789	0.0452241	0.0548311	0.0659683	0.0587436	0.0611951	0.0612959	0.0579574	0.0600842	0.0531964	0.0501213	0.0616638	0.059179	0.0586542	0.0431706	0.0414461	0.0432906	0.0428566	0.042089	0.0417205	0.0416023	0.0459578	0.046142	0.0459334	0.0457914	0.0459315	0.0457362	0.045236	0.042585	0.0424918	0.0390482	0.0441267	0.0424171	0.0384551	0.0382397	0.038163	0.0380929	0.0386533	0.0452338	0.0448998	0.0416757	0.0413627	0.0430247	0.0426024	0.0409683	0.0405595	0.040075	0.0394238	0.0389119	0.0390911	0.0395569	0.040019	0.0393353	0.0389514	0.0383333	0.0385214	0.0416553	0.0444022	0.0456394	0.0475888	0.0498751	0.0542011	0.0547253	0.0548354	0.0539391	0.0523802	0.0515161	0.051311	0.0512426	0.0512672	0.0514709	0.0460496	0.0439956	0.0436527	0.0429974	0.041993	0.0410018	0.0406738	0.0406873	0.0405804	0.0407086	0.0486941	0.04849	0.0770338	0.0711181	0.0472321	0.0477778	0.0407823	0.04065	0.0472402	0.0462128	0.0436479	0.0387402	0.0390116	0.039988	0.0407823	0.0395842	0.0412956	0.0405384	0.037966	0.036996	0.0367677	0.0364494	0.0364738	0.0364495	0.0363472	0.0363794	0.0363518	

148	70.497	24	6	task-3:0.035	task-0:0.264615	task-1:0.297949	task-2:0.0534615	|	0.0857465	0.159994	0.159994	0.156852	0.0594823	0.0587141	0.081596	0.0651795	0.0590161	0.0579869	0.0609845	0.0614074	0.0579456	0.0584695	0.0582701	0.0573942	0.0586798	0.0582721	0.0568881	0.0571915	0.0548718	0.0568771	0.0584227	0.0600924	0.0606977	0.0601855	0.0593101	0.0574937	0.0548113	0.0539458	0.0533281	0.0528015	0.0525932	0.0524526	0.054023	0.0703501	0.0666452	0.0582583	0.0560461	0.0520038	0.0489124	0.0455104	0.0401495	0.040846	0.0423256	0.0426068	0.0383826	0.0350334	0.0331127	0.0357744	0.0417136	0.0441896	0.0405951	0.0398868	0.0464953	0.0466195	0.0460605	0.0460351	0.0468659	0.0473039	0.0508474	0.0526339	0.0537742	0.0544064	0.0554094	0.0563549	0.0571324	0.0577081	0.0580732	0.0581502	0.0587241	0.0595674	0.0602686	0.0607163	0.0607271	0.0605001	0.0600338	0.0600046	0.0592549	0.0586761	0.0582194	0.05752	0.0565536	0.0554125	0.0541564	0.0528665	0.0513998	0.0497862	0.0481131	0.0468417	0.0456254	0.0429345	0.0435374	0.0423875	0.0415541	0.0411503	0.0400879	0.039633	0.0392959	0.0387766	0.0383607	0.0365586	0.036393	0.0362701	0.0359095	0.0358257	0.0356908	0.0351324	0.0346863	0.03445	0.0342334	0.0339205	0.033582	0.0332593	0.0329809	0.0325014	0.0320242	0.0313503	0.0306181	0.0299077	0.028963	0.0287697	0.0283711	0.0278237	0.0290416	0.028774	0.0284404	0.0281573	0.0279858	0.0277196	0.0272767	0.0268851	0.0269845	0.0268133	0.0267695	0.0267487	0.0269345	0.0272288	0.0282438	0.0276107	0.0277255	0.0272706	0.0271843	0.0269939	0.0268432	0.0267773	0.0266561	0.0265176	

118	56.877	24	0	task-3:0.035	task-0:0.272625	task-1:0.318625	task-2:0.052	|	0.12998	0.0899863	0.0899856	0.0864739	0.0823917	0.0765984	0.0616745	0.0598607	0.0672197	0.0654923	0.0762816	0.0762816	0.064801	0.0678856	0.0678856	0.0579577	0.0671334	0.0672832	0.058976	0.0592934	0.059262	0.0562947	0.0600526	0.0599327	0.0570772	0.0563928	0.0563564	0.0563679	0.0571	0.0569538	0.0563991	0.0560284	0.0558137	0.0556354	0.0553289	0.0549597	0.0545729	0.0539819	0.0526887	0.0587703	0.0569271	0.0520492	0.0521331	0.0524682	0.0527317	0.0522388	0.0524375	0.0524456	0.0523869	0.0521107	0.0508592	0.0493012	0.0470125	0.0465494	0.0466649	0.046059	0.0444176	0.0429786	0.041305	0.0447793	0.0411792	0.0401227	0.0436174	0.0528989	0.0498657	0.0446175	0.0423467	0.0406171	0.0406462	0.0432277	0.0474065	0.0529281	0.0589092	0.0580382	0.0607245	0.0576812	0.0523123	0.0494497	0.0525242	0.0553356	0.0515095	0.0493061	0.0487371	0.0479277	0.047186	0.0461567	0.0451405	0.0449804	0.0453471	0.0451968	0.0455906	0.0461498	0.0466677	0.0470565	0.0477704	0.0483585	0.0463764	0.0453909	0.0455615	0.045241	0.04408	0.0438731	0.0426865	0.0422057	0.042973	0.0423594	0.0410162	0.0403788	0.0397591	0.0392532	0.0388381	0.0396727	0.0399033	0.0394246	0.0394045	0.0395714	0.0397833	0.040256	

90	45.614	24	1	task-3:0.035	task-0:0.241585	task-1:0.386707	task-2:0.0489024	|	0.0648	0.0899991	0.089999	0.0887285	0.13782	0.125317	0.0616895	0.071454	0.0654462	0.0595947	0.0592324	0.0585133	0.0580381	0.0573899	0.0565724	0.0556102	0.0548442	0.0543105	0.0529265	0.0508548	0.05082	0.0516418	0.050464	0.0501281	0.0501041	0.0494584	0.0482672	0.0475484	0.0466893	0.0457369	0.0453702	0.0441743	0.0428838	0.041963	0.0412021	0.0404306	0.0396885	0.0392204	0.0414174	0.0392328	0.0392161	0.0400358	0.0406143	0.039605	0.0394362	0.0394928	0.0396427	0.0399519	0.0407818	0.0431789	0.0439905	0.0423629	0.0428479	0.0439387	0.0450888	0.09	0.09	0.0574451	0.0454069	0.0467875	0.0472407	0.0641061	0.0637626	0.0498562	0.0467078	0.0513387	0.0511491	0.0471906	0.0462579	0.0484508	0.05015	0.0502893	0.0508694	0.0499683	0.0442175	0.044991	0.0457547	0.045772	0.0442687	0.0508	0.0511493	0.0459343	0.0429315	0.0424645	0.0423067	0.0424096	0.0426456	0.043047	0.0430856	0.0430519	

122	60.638	24	2	task-3:0.0336905	task-0:0.267857	task-1:0.284048	task-2:0.0490476	|	0.0607273	0.0899852	0.089983	0.0850894	0.0996204	0.100651	0.0676437	0.0663874	0.0639692	0.0571221	0.0708261	0.0580663	0.0732296	0.0767803	0.0669782	0.0587533	0.0560459	0.0555888	0.0562678	0.0564401	0.0553141	0.0560189	0.0644203	0.0637013	0.0611315	0.0598517	0.0590375	0.0572416	0.0553084	0.0530916	0.0507372	0.0486946	0.0480365	0.0475539	0.045909	0.0443627	0.0433153	0.0424369	0.041541	0.0415181	0.0418455	0.0413431	0.0412626	0.0408284	0.040555	0.0396554	0.0387729	0.037941	0.0377664	0.0380878	0.0373928	0.0366065	0.0359091	0.0353251	0.0348949	0.0345858	0.0337981	0.0332146	0.0324572	0.0317983	0.0312611	0.0290864	0.0299524	0.0325225	0.0313282	0.029856	0.0296408	0.029902	0.0304833	0.0310802	0.0308637	0.0307743	0.0309259	0.0310434	0.0310539	0.0311264	0.0309416	0.0311558	0.0314116	0.0312614	0.031076	0.0309115	0.0306472	0.0305712	0.0304415	0.0303818	0.0304232	0.0304422	0.0304261	0.0305825	0.0307984	0.0305921	0.0303167	0.0300896	0.0299614	0.0298955	0.0298608	0.0298259	0.0296837	0.0294941	0.0292758	0.0290481	0.0289106	0.0288259	0.0286387	0.0284965	0.028328	0.0281194	0.0277497	0.0275278	0.0273803	0.0272396	0.0271235	0.0269871	0.026629	0.0261677	0.0256484	0.0250286	0.024469	0.0237153	0.0231896	0.0225487	

103	53.072	24	0	task-3:0.0351163	task-0:0.3	task-1:0.346395	task-2:0.0515116	|	0.0751535	0.0899779	0.0899732	0.0788616	0.144609	0.140181	0.0946279	0.0678348	0.071157	0.0605571	0.0705608	0.0795806	0.0714256	0.0588508	0.0676923	0.0695642	0.0631601	0.0584179	0.0612296	0.0592941	0.0582243	0.0583104	0.058152	0.0582157	0.0581711	0.0581555	0.0580815	0.0578968	0.0571789	0.0569881	0.0565644	0.0555371	0.0548026	0.053783	0.0522638	0.0509374	0.0501019	0.0496097	0.0488245	0.048523	0.0480644	0.0497906	0.0484125	0.0482965	0.0483861	0.0462437	0.0479655	0.0468737	0.0468667	0.0462006	0.0451084	0.0455553	0.0459264	0.0451791	0.0460663	0.0463664	0.0468717	0.047751	0.0475696	0.0472154	0.0471347	0.0471126	0.0472567	0.0470645	0.0477288	0.0497553	0.0485578	0.0563665	0.0576205	0.056736	0.0506111	0.0493282	0.0506915	0.0507391	0.0496638	0.0490904	0.0489403	0.0488252	0.0488598	0.0490368	0.0490279	0.0491047	0.0491382	0.0487681	0.048249	0.0477228	0.0474537	0.0473453	0.0477261	0.05053	0.0557697	0.0636763	0.0572782	0.0434203	0.0398211	0.0390922	0.0396221	0.0404989	0.0398514	0.0384778	0.0387626	0.0396801	0.0398458	

103	53.508	24	5	task-3:0.0342045	task-0:0.314545	task-1:0.44	task-2:0.121932	|	0.0672261	0.09	0.09	0.0899513	0.0556107	0.139409	0.152738	0.113664	0.0699448	0.0626617	0.0556811	0.0668973	0.0754554	0.0676008	0.0554344	0.0529202	0.0471228	0.0435722	0.0603459	0.0706548	0.0598301	0.0481964	0.0470023	0.0471246	0.0453648	0.0451769	0.0436824	0.0426109	0.0421706	0.0418444	0.0413006	0.0404311	0.0395627	0.038874	0.0380072	0.0370667	0.0360266	0.034986	0.0343056	0.0337301	0.0333133	0.0327034	0.0319395	0.0312004	0.0302345	0.0291516	0.0292419	0.0273768	0.0273018	0.0257623	0.0226569	0.0229865	0.0226749	0.0210366	0.0296176	0.0483599	0.0472551	0.0339677	0.0231341	0.0414272	0.0398496	0.0245062	0.027055	0.0263721	0.0166372	0.0282824	0.0274892	0.0139168	0.0124715	0.0123644	0.0162445	0.0193832	0.0194503	0.0192772	0.0191516	0.0190394	0.0189249	0.0188326	0.0186971	0.0187117	0.0197642	0.0193918	0.0188518	0.018377	0.0180353	0.0181248	0.0184623	0.017889	0.0179177	0.0232047	0.0219188	0.0233812	0.019583	0.0182062	0.0181982	0.0184976	0.0187951	0.0187624	0.0182121	0.017945	0.0180066	0.0179294	0.0179422	

120	65.567	24	3	task-3:0.0347778	task-0:0.248444	task-1:0.321667	task-2:0.0567778	|	0.13628	0.0899755	0.0899733	0.0852981	0.117648	0.11715	0.0610838	0.0714605	0.0671945	0.058845	0.0663517	0.0663586	0.0597587	0.0592527	0.0592668	0.0585858	0.0586092	0.0585732	0.0584424	0.0583479	0.0582581	0.0581819	0.0580921	0.058011	0.0579513	0.0579515	0.0581241	0.0587609	0.0584863	0.0578191	0.0570601	0.0529578	0.0513231	0.0532039	0.0520113	0.0493885	0.0451951	0.0419326	0.0407725	0.0410934	0.0423309	0.0420489	0.0464965	0.0476394	0.0449489	0.0431503	0.0425952	0.0422429	0.0420269	0.0415466	0.0413136	0.0413969	0.0416225	0.0422053	0.0432937	0.0446138	0.0456263	0.0466416	0.0489155	0.0465808	0.0498776	0.0499044	0.0475972	0.0461779	0.0456724	0.0463375	0.0472045	0.051881	0.0709923	0.0603446	0.0439631	0.0437058	0.0522297	0.0584515	0.0580786	0.0529136	0.0549123	0.0598313	0.0618362	0.0613591	0.0584598	0.0561142	0.0514065	0.0416212	0.0415595	0.039784	0.0396202	0.0395995	0.0391177	0.0384251	0.0382778	0.0381993	0.0379267	0.0376375	0.0373209	0.0370134	0.0367865	0.0366289	0.0369631	0.038226	0.0382308	0.0377946	0.0378814	0.0380265	0.0381806	0.0404139	0.0449826	0.0510762	0.0600065	0.0662621	0.0604766	0.0601157	0.0605206	0.0602918	0.0598594	0.057802	0.05191	0.0497096	0.0485811	0.0495781	

88	47.658	24	2	task-3:0.035	task-0:0.324239	task-1:0.493152	task-2:0.0506522	|	0.0909526	0.0899901	0.089989	0.08876	0.0637254	0.062539	0.0663709	0.0678939	0.0583181	0.0645139	0.0642431	0.0588576	0.058213	0.0579337	0.0572651	0.0569558	0.0562742	0.0553504	0.0539152	0.0513142	0.05026	0.0468504	0.0457269	0.0436229	0.0433059	0.0427871	0.0435759	0.0439086	0.0433098	0.0434657	0.0437125	0.0439218	0.0440036	0.0418235	0.0421546	0.041423	0.0388526	0.0431532	0.0529726	0.0516585	0.047678	0.0455811	0.0453113	0.0456978	0.0461687	0.0449745	0.0467019	0.044685	0.0446015	0.0475966	0.0489762	0.0501049	0.0512725	0.057799	0.0527348	0.0656954	0.0689285	0.0647629	0.063615	0.0495483	0.0602073	0.0688289	0.045788	0.0639024	0.0798499	0.0493868	0.0585091	0.0598836	0.0517724	0.0510099	0.0495823	0.0486517	0.0494658	0.0492251	0.0483872	0.0479579	0.048191	0.0490059	0.050019	0.050492	0.0503069	0.0504117	0.0503199	0.0504498	0.0507235	0.0510453	0.0515332	0.0521024	

88	57.502	24	1	task-3:0.035	task-0:0.261383	task-1:0.344468	task-2:0.0551064	|	0.0626648	0.0899995	0.0899995	0.089368	0.0629408	0.0595708	0.0666544	0.066685	0.0592421	0.0643471	0.0681233	0.0599558	0.0597721	0.0598173	0.0586536	0.0597187	0.0594625	0.0586932	0.0560049	0.0592979	0.0639968	0.062737	0.0618342	0.0591496	0.0583152	0.0565479	0.0568377	0.0546134	0.0539064	0.0520167	0.0501144	0.0498588	0.0486592	0.0497838	0.0485109	0.0469308	0.0459871	0.0447194	0.0436167	0.0441894	0.044234	0.0436249	0.0429914	0.0422335	0.0407683	0.0399025	0.0381118	0.0374096	0.0367896	0.0361135	0.0356881	0.0355626	0.0357908	0.0357828	0.035736	0.0372017	0.0434233	0.0426917	0.0414602	0.0368301	0.0411469	0.0423853	0.0420134	0.0420058	0.0418266	0.0414377	0.0432944	0.0509318	0.0516361	0.0520447	0.0521471	0.0522259	0.0525594	0.0530809	0.042872	0.0319262	0.0311277	0.0311521	0.0310341	0.030877	0.0307697	0.0306445	0.0305015	0.0303955	0.030259	0.0301046	0.0301678	0.0384579	

108	62.634	24	1	task-3:0.0365625	task-0:0.2525	task-1:0.336562	task-2:0.0539583	|	0.107839	0.0899983	0.0899982	0.0894306	0.0645917	0.0641964	0.0700251	0.0697339	0.0597143	0.0592853	0.058821	0.0581947	0.0571491	0.0575358	0.0569352	0.0565777	0.0564529	0.0558806	0.0551292	0.0542163	0.0530381	0.0518423	0.0508126	0.0502197	0.0499878	0.0499092	0.045687	0.0472446	0.0506671	0.0502855	0.0477613	0.0454254	0.0453275	0.0455412	0.0453931	0.0450728	0.0448274	0.0448149	0.0451952	0.0456598	0.0461514	0.0466156	0.0471008	0.0473065	0.0472751	0.046084	0.0421619	0.0379201	0.037368	0.0349705	0.0333423	0.0318986	0.0306813	0.0288656	0.0399998	0.0479416	0.057911	0.0547019	0.0456152	0.0414308	0.0432586	0.0439955	0.0453534	0.0444038	0.0434899	0.0463068	0.0457651	0.0426546	0.0335628	0.0314883	0.0324648	0.0387439	0.0422195	0.0443468	0.0403754	0.0384909	0.0359604	0.0365226	0.0362041	0.0358688	0.0385323	0.0387703	0.0387378	0.0390036	0.0395015	0.0397306	0.0405417	0.0412658	0.0417465	0.0422767	0.0429598	0.0438972	0.045339	0.0457024	0.0453535	0.0450349	0.0443584	0.0438287	0.0431862	0.0426127	0.0419577	0.0413158	0.0405937	0.0399185	0.0391237	0.0382889	0.0374372	0.0368604	

149	86.455	24	20	task-3:0.0335714	task-0:0.279082	task-1:0.32449	task-2:0.0461224	|	0.1174	0.0899993	0.0899983	0.0860341	0.147587	0.126488	0.058565	0.0577397	0.05711	0.0569096	0.0564662	0.0560999	0.0557654	0.0693891	0.0813058	0.0765928	0.0605416	0.0574425	0.0602053	0.0561962	0.0571097	0.0591682	0.056499	0.0553412	0.055287	0.0549811	0.0547569	0.0545023	0.0541718	0.0538047	0.0534646	0.0530247	0.0525322	0.0519892	0.0513359	0.0507219	0.0500655	0.0492147	0.0482146	0.047237	0.046486	0.045363	0.0440969	0.0428436	0.0418113	0.0412181	0.0411395	0.0415779	0.0411347	0.0412988	0.0412145	0.0413167	0.0413652	0.0414868	0.0414588	0.0418345	0.0425287	0.0412848	0.0399115	0.0394043	0.0392909	0.0391484	0.0392885	0.0396552	0.0396062	0.0396552	0.0397037	0.0398808	0.0533841	0.0532606	0.0533203	0.0538595	0.0548198	0.0557868	0.0569212	0.0551575	0.0514174	0.0487281	0.0478654	0.0484546	0.0486711	0.0481623	0.0479174	0.0480986	0.0488614	0.0495428	0.04898	0.0485713	0.0481463	0.0474665	0.0474922	0.0483052	0.0475774	0.0469	0.0464906	0.046252	0.0459269	0.045643	0.0453958	0.0451544	0.0449036	0.0446689	0.0444292	0.044202	0.0440009	0.0457339	0.0455315	0.0453533	0.0452455	0.0451616	0.0451065	0.0451661	0.0449615	0.0498209	0.0491298	0.0483578	0.0477659	0.0474901	0.0473794	0.0472208	0.0470667	0.0468343	0.046616	0.0464602	0.0462977	0.0461335	0.0459912	0.0458502	0.0456896	0.0455111	0.045375	0.0452425	0.0450926	0.0449582	0.0448369	0.0446724	0.0445189	0.0443302	0.0441304	0.0438905	0.0436064	0.0432674	0.0440075	0.0440549	0.0439265	0.0436818	0.0431231	0.0418813	0.0410741	

168	98.015	24	4	task-3:0.0349	task-0:0.256	task-1:0.2983	task-2:0.054	|	0.144769	0.089902	0.0898793	0.0762207	0.094223	0.0989638	0.0650972	0.0642108	0.0647403	0.0577058	0.0644919	0.0678124	0.0623697	0.0582174	0.0603771	0.0598577	0.0579665	0.0584533	0.0583107	0.057332	0.0570626	0.0612215	0.0637113	0.0696299	0.0726863	0.0711144	0.0591826	0.0503516	0.0504277	0.0488133	0.0483233	0.0459908	0.0477791	0.0473039	0.0444277	0.0453626	0.0446957	0.0452406	0.044616	0.0425591	0.0415148	0.0413326	0.0414212	0.0409057	0.0406453	0.0404793	0.0402245	0.0399596	0.0393392	0.0386739	0.0381733	0.037395	0.0340944	0.0341261	0.0479696	0.0468227	0.0553771	0.0671657	0.0549144	0.0361678	0.0384553	0.0384582	0.0408976	0.0362608	0.0329571	0.0292176	0.0276173	0.0263922	0.025096	0.0245547	0.0247119	0.024473	0.0242448	0.0244074	0.0244247	0.0244899	0.0243651	0.0287695	0.0284413	0.0285974	0.0286031	0.0282308	0.0281465	0.027915	0.0278104	0.027853	0.0306984	0.0328021	0.0332506	0.0332676	0.0332713	0.0306503	0.0309305	0.0320738	0.0316409	0.0295996	0.02895	0.0282386	0.0276102	0.0269531	0.0265585	0.0262452	0.0257534	0.025176	0.0249891	0.0247296	0.0248764	0.024604	0.0245528	0.024783	0.0248191	0.0250902	0.025018	0.0247631	0.0247541	0.0247263	0.0244765	0.024195	0.0235158	0.0229352	0.0226036	0.0222316	0.0219035	0.021579	0.0215906	0.0214207	0.0214162	0.0213036	0.0211649	0.0210483	0.0211368	0.0217494	0.0228608	0.0238897	0.0244334	0.0245701	0.0245157	0.0244147	0.0243239	0.0242102	0.0240919	0.0239891	0.022527	0.0193912	0.0189013	0.0184794	0.0230157	0.0228375	0.0194503	0.018514	0.0184139	0.0181989	0.0180332	0.0180705	0.0196953	0.0292212	0.0289174	0.02243	0.0224123	0.0218645	0.0220422	0.0212362	0.0249823	0.0297208	0.0273135	0.027503	0.0276408	0.0277528	

155	91.682	24	2	task-3:0.0336275	task-0:0.240098	task-1:0.276373	task-2:0.0454902	|	0.144935	0.0899727	0.0899669	0.0775337	0.108853	0.0666173	0.058459	0.0576907	0.0588452	0.0593359	0.0587878	0.0577112	0.0577687	0.057376	0.0573941	0.0572777	0.0570628	0.0570439	0.0569266	0.0566785	0.056481	0.0561518	0.0559282	0.0556901	0.0554811	0.0553953	0.0553421	0.0550101	0.0548075	0.0543124	0.0534931	0.052383	0.0509143	0.0490433	0.0474503	0.047217	0.0474177	0.0453309	0.0437393	0.0414177	0.0424287	0.0429684	0.0417154	0.0420167	0.042032	0.0434987	0.0431779	0.0442537	0.0429289	0.0427634	0.0432135	0.0434627	0.0412823	0.0406462	0.0358546	0.0333201	0.0336768	0.031181	0.0312016	0.0302263	0.0288492	0.0287182	0.0293439	0.0300657	0.0296065	0.0296024	0.0299562	0.030194	0.0299434	0.0295197	0.0291271	0.0287368	0.0282837	0.0278443	0.0276345	0.0269003	0.0262239	0.0250662	0.0248759	0.0247346	0.0252163	0.0261993	0.0274445	0.0278665	0.0271108	0.0238539	0.0252583	0.0292115	0.074534	0.075756	0.0353715	0.0282316	0.0286089	0.0285054	0.0284504	0.0280568	0.0234215	0.0336359	0.0339052	0.0244754	0.0253505	0.0243678	0.0222716	0.0239184	0.0241063	0.0231061	0.0229164	0.0227287	0.0225063	0.022621	0.0227492	0.0228365	0.0229796	0.0231786	0.0234442	0.0238075	0.0242508	0.0247532	0.0252546	0.0255941	0.025172	0.0380693	0.0380214	0.0380945	0.0381538	0.0225905	0.0244621	0.038886	0.0394354	0.0301685	0.0239813	0.0226348	0.0236159	0.0239559	0.0222275	0.0225166	0.0224702	0.0217497	0.0218855	0.0214778	0.0240474	0.0240927	0.0242106	0.0242483	0.0244357	0.0245149	0.024116	0.0238422	0.0237974	0.0237852	0.0238337	0.0239358	0.0238904	0.028161	0.0286224	

132	81.573	24	1	task-3:0.035	task-0:0.257212	task-1:0.277596	task-2:0.0489423	|	0.0585629	0.159987	0.159985	0.156648	0.0614716	0.0579227	0.0615597	0.0615609	0.0584072	0.062935	0.0669589	0.0599978	0.0580498	0.0579463	0.0573511	0.057168	0.0566779	0.0563698	0.0559063	0.0547007	0.0737905	0.0734032	0.0607668	0.0588169	0.0586694	0.0533279	0.0480768	0.0466046	0.0464753	0.0496941	0.0495747	0.0469639	0.0413216	0.0393635	0.0402262	0.0424194	0.0423108	0.0414734	0.0403137	0.0401722	0.0402487	0.0402611	0.0401993	0.0400565	0.0397272	0.0402244	0.0400415	0.039715	0.0398723	0.0401755	0.0401904	0.0399778	0.0396387	0.0391921	0.0389684	0.0396254	0.0402736	0.0404451	0.0399548	0.0393647	0.0389891	0.0389684	0.0389101	0.0385731	0.0384141	0.0383408	0.0383124	0.0384319	0.0383301	0.0384332	0.037907	0.0377019	0.0378809	0.0381064	0.0382192	0.0379207	0.0377319	0.0373691	0.0372467	0.0371853	0.0370667	0.0369206	0.0367581	0.036595	0.036562	0.0365463	0.0366717	0.0369517	0.0365634	0.0365244	0.0364283	0.0364379	0.0363488	0.0365685	0.0370291	0.0368992	0.0368853	0.0366797	0.0367819	0.0368274	0.0373481	0.037268	0.0372704	0.0373411	0.03717	0.036608	0.0361928	0.0360931	0.0360114	0.0346143	0.0343509	0.0341687	0.0338597	0.0334261	0.0346389	0.0332098	0.0328738	0.0325485	0.0325558	0.0320167	0.0317468	0.0323338	0.0318199	0.0316713	0.0315516	0.0314934	0.0322663	0.0339884	0.0359765	0.0370031	0.0366862	0.0360773	

119	76.144	24	2	task-3:0.0346226	task-0:0.270094	task-1:0.309906	task-2:0.0458491	|	0.0669015	0.159994	0.159992	0.157601	0.0585763	0.0585875	0.0637615	0.0591262	0.0575822	0.0566902	0.0565657	0.0563131	0.0576712	0.0588935	0.0566915	0.0562372	0.0562948	0.056158	0.0562498	0.0561897	0.0561895	0.0561943	0.0562065	0.0562368	0.0562721	0.0563773	0.0565161	0.0564782	0.0562775	0.0558739	0.0555168	0.0549309	0.0542871	0.0537267	0.0532414	0.0528693	0.0524729	0.0520878	0.0499551	0.0514797	0.0620018	0.0527059	0.051969	0.0576145	0.061374	0.0554701	0.0600492	0.062955	0.0522576	0.0531253	0.0538472	0.0529062	0.0535694	0.0534123	0.0544062	0.0625119	0.0625424	0.0617615	0.0593506	0.0612675	0.0551757	0.0523508	0.0538581	0.0495858	0.0482305	0.0460927	0.0434268	0.0416663	0.0399575	0.0369377	0.0352085	0.0330415	0.0351679	0.0390013	0.0358884	0.0334619	0.0363949	0.0361415	0.0357894	0.0377528	0.036122	0.0349006	0.0364422	0.0367716	0.0364733	0.0361194	0.0355752	0.0337882	0.0316421	0.0317011	0.0309066	0.0318782	0.0345008	0.0360097	0.0364983	0.0368804	0.0368117	0.0370589	0.0373953	0.0425005	0.0440017	0.0438935	0.0438181	0.0436331	0.0434657	0.043279	0.0431621	0.0428241	0.0430894	0.0524703	0.0466565	0.0471817	0.047422	0.0440723	0.0590384	0.0581625	0.0498173	0.0409926	0.0366691	

109	67.891	24	3	task-3:0.0375	task-0:0.24	task-1:0.383796	task-2:0.0534259	|	0.0743049	0.0898883	0.0898731	0.0802682	0.0841776	0.090239	0.0717085	0.0659602	0.0687067	0.0600604	0.0647476	0.0646825	0.0603276	0.0616929	0.0630573	0.0602968	0.058887	0.0593665	0.0595236	0.059414	0.0589535	0.0580329	0.0574211	0.0569485	0.0562301	0.0551215	0.0535933	0.0519134	0.0496934	0.0475341	0.0449483	0.0420089	0.0396696	0.0381592	0.0375249	0.0416303	0.037147	0.0367669	0.038841	0.040044	0.0378334	0.0399475	0.0418448	0.039929	0.0393648	0.039347	0.0398054	0.0387859	0.0374184	0.0358683	0.0345384	0.034221	0.0335782	0.0338245	0.0342838	0.0353363	0.0367345	0.0555755	0.046274	0.0402745	0.0403645	0.0372713	0.0469688	0.0463489	0.0401281	0.0373686	0.0373902	0.0378203	0.0405633	0.0404465	0.0387413	0.0375834	0.0375594	0.0378991	0.037854	0.0376031	0.0373942	0.0373043	0.0373162	0.0372934	0.0372408	0.0372651	0.0372717	0.0372639	0.0372507	0.0372856	0.0373295	0.0374023	0.0374975	0.0375421	0.0375681	0.0375482	0.0375584	0.0375528	0.0369889	0.0359633	0.0355669	0.0356649	0.0358283	0.0360522	0.0360872	0.0358797	0.0355633	0.0350698	0.0344939	0.0340316	0.0341314	0.034067	0.0338551	

130	85.364	24	2	task-3:0.0372727	task-0:0.247091	task-1:0.326818	task-2:0.0457273	|	0.104875	0.0899986	0.0899984	0.0893494	0.0929904	0.0916524	0.0573109	0.0574575	0.0706573	0.059187	0.102322	0.0970509	0.0621934	0.0594047	0.0644366	0.0586853	0.0635221	0.0615981	0.0664302	0.0605961	0.0583748	0.0602853	0.0589251	0.058809	0.0588382	0.0576103	0.0568152	0.0564949	0.0558225	0.0549835	0.0541364	0.0531039	0.0518142	0.0502514	0.0482875	0.0458728	0.0430747	0.0400898	0.037568	0.035292	0.0341475	0.0332638	0.0330663	0.0320894	0.0314368	0.0302433	0.0309348	0.0293066	0.0281913	0.0276967	0.0270281	0.0265895	0.026599	0.0257527	0.0256192	0.0255441	0.0252503	0.0251348	0.0249159	0.0248333	0.0246318	0.0246866	0.0248202	0.0244598	0.0244749	0.0246913	0.0247212	0.0245547	0.0246647	0.0245262	0.0249758	0.0254878	0.0253842	0.0251431	0.0249332	0.0248793	0.0248734	0.0249195	0.0250287	0.0250932	0.0250513	0.0248326	0.0241832	0.0231698	0.0229382	0.0223733	0.021662	0.0218559	0.0215847	0.0220101	0.0211905	0.0214571	0.0223084	0.0228809	0.0230579	0.0229139	0.0233118	0.0237609	0.0245348	0.0249283	0.0247443	0.0248939	0.0251509	0.0256697	0.0252316	0.0249625	0.0244934	0.0237985	0.0232036	0.0225804	0.0220265	0.0214245	0.0206726	0.0198584	0.0190674	0.018679	0.0181564	0.0181243	0.0180236	0.0179612	0.0178904	0.0184084	0.0183082	0.0183419	0.018522	0.0187037	0.0189634	0.0192923	0.0195201	0.0195074	

155	102.991	24	6	task-3:0.03375	task-0:0.238036	task-1:0.261339	task-2:0.0435714	|	0.0589681	0.0899998	0.0899998	0.0897463	0.0676754	0.072134	0.0590846	0.0566114	0.0697136	0.0687097	0.0730766	0.0687869	0.0631585	0.0691533	0.0636816	0.0534678	0.0525873	0.0537428	0.0533263	0.0530545	0.0529105	0.0525442	0.0526996	0.0525269	0.0523624	0.0525437	0.0529605	0.053383	0.0525415	0.0518998	0.0511098	0.0499743	0.0488144	0.0486085	0.0481684	0.0458097	0.046679	0.0469827	0.045872	0.0449825	0.0448937	0.0446399	0.0442047	0.0438817	0.0438192	0.044128	0.0431447	0.0426052	0.0424081	0.0419513	0.0417346	0.0415613	0.0412804	0.0409178	0.0405348	0.04069	0.0408341	0.0409523	0.0408995	0.0408366	0.0406357	0.0403494	0.0406223	0.0406081	0.0397477	0.0400192	0.0403979	0.0404114	0.0401116	0.0400528	0.040013	0.0398729	0.0398825	0.0398202	0.0396091	0.0401813	0.0397397	0.0395543	0.039298	0.0394895	0.0396148	0.0398582	0.0398899	0.0395203	0.0392741	0.0393968	0.0393414	0.0394537	0.0394936	0.0393707	0.039311	0.0392734	0.0391514	0.0390052	0.0390794	0.0389833	0.0388737	0.0387066	0.0384301	0.0383883	0.038489	0.0386349	0.0384178	0.0381594	0.0380751	0.0380093	0.0379341	0.0380326	0.0381065	0.0381931	0.0383184	0.0382711	0.038233	0.0382758	0.0383759	0.0384731	0.0386256	0.0386248	0.038727	0.038556	0.0386436	0.0387732	0.0387569	0.0388384	0.0388359	0.0387602	0.038853	0.0389265	0.0390624	0.0391644	0.039282	0.0393252	0.0393093	0.0391683	0.0389096	0.0384273	0.0377519	0.0374233	0.0371738	0.0366933	0.036315	0.0362559	0.0363607	0.0363596	0.0364125	0.0364738	0.0362891	0.0362543	0.0363338	0.0364882	0.0363788	0.0363443	0.036327	0.0363273	0.0363971	

112	75.817	24	4	task-3:0.035	task-0:0.272193	task-1:0.272456	task-2:0.0479825	|	0.086001	0.0899985	0.0899984	0.0890931	0.0708731	0.0843005	0.0583015	0.0581316	0.0682285	0.0672758	0.0577046	0.0571871	0.0623327	0.0621357	0.0577791	0.0577419	0.0576033	0.0566777	0.0568051	0.0568702	0.0563078	0.0556848	0.0553595	0.0551336	0.0550808	0.0548181	0.0546488	0.0547867	0.054925	0.0550832	0.0552697	0.0557166	0.056265	0.0685087	0.0597606	0.057756	0.0666129	0.0595912	0.0590272	0.0590018	0.0596062	0.0595566	0.0577681	0.0574291	0.0570356	0.0560061	0.0545031	0.0534935	0.0527689	0.0522944	0.0519641	0.0518285	0.0514079	0.0512185	0.0508594	0.0502966	0.0501174	0.0497941	0.0495053	0.0491365	0.048809	0.0484385	0.0480523	0.0477593	0.0472872	0.0466407	0.046051	0.0477461	0.0506155	0.0504242	0.0506143	0.0509367	0.0514368	0.0522606	0.0525392	0.0531839	0.053172	0.0463951	0.0441524	0.042009	0.0404039	0.0407746	0.0418246	0.0410348	0.0411971	0.0414746	0.0419239	0.0424778	0.0428507	0.0428958	0.0428813	0.0429899	0.0431515	0.0430222	0.0425431	0.0420839	0.0418572	0.0417732	0.0415706	0.0413583	0.0411358	0.0408998	0.0406926	0.0405295	0.040359	0.0401842	0.0400675	0.0399471	0.0398211	0.0396493	0.0393595	0.0390549	

98	67.673	24	0	task-3:0.035	task-0:0.318879	task-1:0.371983	task-2:0.0522414	|	0.061423	0.0899967	0.089996	0.089443	0.0586695	0.0583045	0.0665511	0.0662594	0.056265	0.0563268	0.0601631	0.0601358	0.0577281	0.0569113	0.0577938	0.0578576	0.0570947	0.0764125	0.0752984	0.0638763	0.0597159	0.0587881	0.0577446	0.0666348	0.0656522	0.0727436	0.0725195	0.0715451	0.0697514	0.0682721	0.0644336	0.0612271	0.0578109	0.0553178	0.0558122	0.0535074	0.0514551	0.0484086	0.0502122	0.0507111	0.0493921	0.0494582	0.0486972	0.056913	0.0547784	0.0529973	0.0509425	0.0472615	0.0425684	0.0395317	0.0358364	0.0386893	0.033849	0.0377623	0.0294799	0.0422892	0.0496644	0.0608661	0.0678757	0.066137	0.0664834	0.0623775	0.0590258	0.0541535	0.0496133	0.0461058	0.0415568	0.0410262	0.0406301	0.0409966	0.0409943	0.0398071	0.0393764	0.0396115	0.0396833	0.0392198	0.0386859	0.0381149	0.0369758	0.0352091	0.0348824	0.0350768	0.0346818	0.0340259	0.0352494	0.0377873	0.0622751	0.0652458	0.0573534	0.0467041	0.0302791	0.034872	0.0390333	0.0423622	0.0433861	0.0442405	0.0449651	0.0456715	

105	74.428	24	3	task-3:0.0354237	task-0:0.281271	task-1:0.351102	task-2:0.0511017	|	0.130877	0.0899989	0.0899989	0.0883014	0.110015	0.0961379	0.0643462	0.0707603	0.0680377	0.060053	0.0590885	0.0584813	0.0576961	0.0581465	0.0575818	0.0571476	0.0572648	0.0573122	0.0571563	0.0571072	0.0570645	0.0569642	0.0568984	0.0568306	0.0567089	0.0564424	0.0556056	0.0548948	0.054432	0.0543098	0.0538143	0.0533779	0.0527825	0.0519415	0.0509489	0.0496034	0.047994	0.0488187	0.0466354	0.0466512	0.0462646	0.0451965	0.0451576	0.0440985	0.0436173	0.0436736	0.0429928	0.0424802	0.0419141	0.0413766	0.040852	0.0403169	0.0397674	0.0392749	0.0390994	0.0389371	0.0389062	0.0393337	0.0392528	0.0392751	0.0392561	0.039215	0.039118	0.0391798	0.0391359	0.0390444	0.0391541	0.0391847	0.0391929	0.0392487	0.0393211	0.0394024	0.0393597	0.039434	0.0395406	0.0396297	0.0396235	0.0396282	0.0394638	0.0388427	0.038694	0.0396445	0.0451404	0.0396313	0.0563648	0.0615603	0.0507632	0.0578074	0.0572359	0.0410542	0.0368548	0.0350926	0.0319616	0.0357448	0.0327069	0.0306217	0.0309747	0.0319893	0.0340014	0.0365673	0.0392419	0.0416799	0.0430044	0.0416744	0.0435898	

110	81.385	24	3	task-3:0.035	task-0:0.24225	task-1:0.41825	task-2:0.0495833	|	0.105651	0.0899973	0.0899971	0.0891716	0.0599557	0.0582529	0.106099	0.108563	0.086775	0.086924	0.0662265	0.0898322	0.081513	0.0682804	0.0636885	0.0637146	0.059845	0.0601651	0.0582814	0.0597589	0.0586407	0.0576397	0.0573497	0.0570418	0.056861	0.0567617	0.0557158	0.0545994	0.0536567	0.0524216	0.0530576	0.0520131	0.0510172	0.0511883	0.0514822	0.0504534	0.0511064	0.0503962	0.0499066	0.0498411	0.049452	0.0495759	0.048965	0.0482832	0.0474099	0.0465332	0.0454645	0.0441791	0.0447255	0.0432159	0.0420597	0.0411765	0.0408196	0.0398304	0.0389669	0.0383444	0.0380036	0.037457	0.0368128	0.0361218	0.0354587	0.0348729	0.0343003	0.0339923	0.03374	0.0384505	0.0375515	0.0340151	0.0336912	0.0339692	0.0336925	0.0305358	0.0299467	0.0278153	0.0274882	0.0276755	0.0260511	0.0245537	0.0247085	0.0255139	0.0249793	0.0248712	0.0246065	0.0241591	0.0241183	0.0247035	0.0258491	0.027313	0.0265845	0.0270455	0.0279873	0.0289979	0.0300411	0.0297851	0.0303884	0.0315911	0.0318517	0.0315096	0.0305379	0.0293641	0.0277236	0.025791	0.0251911	0.0248224	0.0248826	0.0256467	0.0271128	0.0270977	0.0263353	0.025648	

