7	0.171	40	0	task-3:0.14	task-0:0.185	task-1:0.095	task-2:0.11	|	0.053656	0.14	0.139998	0.0487378	0.0595903	0.0466684	0.0125376	

9	0.234	40	0	task-3:0.015	task-0:0.165	task-1:0.05	task-2:0.005	|	0.113092	0.06	0.06	0.0599651	0.0693093	0.0510069	0.0515663	0.0500892	0.024974	

9	0.203	40	0	task-3:0.14	task-0:0.165	task-1:0.135	task-2:0	|	0.0885747	0.0599999	0.0599998	0.058472	0.0985168	0.0873811	0.0592843	0.0420899	0.0351878	

5	0.109	40	0	task-3:0.86	task-0:0.1	task-1:0.83	task-2:0	|	0.101686	0.06	0.06	0.0599869	0.0391006	

8	0.187	40	0	task-3:0	task-0:0.155	task-1:0.165	task-2:0	|	0.105561	0.06	0.06	0.0599799	0.0423382	0.0450218	0.0467394	0.0259035	

7	0.172	40	0	task-3:0.34	task-0:0.305	task-1:0.68	task-2:0	|	0.0885135	0.06	0.0599998	0.0584169	0.125204	0.110049	0.0148823	

6	0.141	40	0	task-3:0.86	task-0:0.285	task-1:0.83	task-2:0	|	0.0950248	0.06	0.06	0.0599701	0.0444126	0.0364056	

5	0.125	40	0	task-3:0.86	task-0:0.44	task-1:0.83	task-2:0.005	|	0.111357	0.06	0.06	0.0599933	0.0399695	

7	0.172	40	0	task-3:0.19	task-0:0.245	task-1:0.285	task-2:0	|	0.115134	0.06	0.0599996	0.0565886	0.125358	0.0978387	0.0366548	

7	0.172	40	0	task-3:0.14	task-0:0.36	task-1:0.07	task-2:0	|	0.0990729	0.06	0.06	0.0599989	0.0483598	0.0530927	0.0382362	

5	0.124	40	0	task-3:0.86	task-0:0.505	task-1:0.17	task-2:0.02	|	0.104669	0.06	0.06	0.0599996	0.0365236	

5	0.109	40	0	task-3:0.86	task-0:0.51	task-1:0.17	task-2:0.01	|	0.0959854	0.06	0.06	0.0599996	0.0338039	

7	0.171	40	0	task-3:0.025	task-0:0.34	task-1:0.14	task-2:0	|	0.0922277	0.06	0.06	0.0599993	0.0404185	0.053264	0.018526	

9	0.218	40	0	task-3:0.005	task-0:0.145	task-1:0.045	task-2:0	|	0.105633	0.06	0.06	0.0599989	0.0501919	0.0553314	0.0448221	0.0407866	0.00575354	

7	0.187	40	0	task-3:0.035	task-0:0.415	task-1:0.05	task-2:0	|	0.0986122	0.06	0.06	0.0599986	0.0432115	0.0511684	0.0262239	

7	0.187	40	0	task-3:0.14	task-0:0.24	task-1:0.17	task-2:0.005	|	0.136243	0.0599995	0.0599991	0.0584555	0.0877207	0.0680249	0.0311501	

7	0.172	40	0	task-3:0.14	task-0:0.08	task-1:0.17	task-2:0	|	0.137158	0.0599999	0.0599995	0.0588075	0.0623118	0.042963	0.00723278	

7	0.171	40	0	task-3:0.14	task-0:0.225	task-1:0.17	task-2:0	|	0.135304	0.0599998	0.0599993	0.0586732	0.0807688	0.0662093	0.0245096	

7	0.171	40	0	task-3:0.14	task-0:0.08	task-1:0.17	task-2:0	|	0.137563	0.0599998	0.0599992	0.0586312	0.0769079	0.0533685	0.00983049	

7	0.172	40	0	task-3:0.14	task-0:0.09	task-1:0.17	task-2:0	|	0.1374	0.0599999	0.0599995	0.0589292	0.0810693	0.0475241	0.0173693	

6	0.156	40	0	task-3:0.14	task-0:0.255	task-1:0.17	task-2:0	|	0.13676	0.0599999	0.0599995	0.0586172	0.0769566	0.0357192	

7	0.171	40	0	task-3:0.015	task-0:0.105	task-1:0.2	task-2:0	|	0.0599335	0.06	0.06	0.0813857	0.098428	0.0441374	0.00660506	

7	0.14	40	0	task-3:0.125	task-0:0.16	task-1:0.17	task-2:0	|	0.0632191	0.06	0.06	0.0601376	0.0700807	0.0409254	0.000985555	

5	0.125	40	0	task-3:0.175	task-0:0.045	task-1:0.83	task-2:0.025	|	0.0603024	0.06	0.0600016	0.0785183	0.00168166	

6	0.141	40	0	task-3:0.14	task-0:0.03	task-1:0.385	task-2:0.115	|	0.0697284	0.06	0.06	0.0559652	0.0545911	0.0245185	

5	0.125	40	0	task-3:0.03	task-0:0.07	task-1:0.83	task-2:0	|	0.0591216	0.0599999	0.064251	0.0797645	0.000229799	

7	0.156	40	0	task-3:0.08	task-0:0.015	task-1:0.17	task-2:0.01	|	0.0567545	0.06	0.06	0.0527896	0.113833	0.0433189	0.00280237	

7	0.156	40	0	task-3:0.05	task-0:0.325	task-1:0.17	task-2:0	|	0.0842289	0.06	0.06	0.0599936	0.0790804	0.0808681	0.0365692	

10	0.25	40	0	task-3:0.055	task-0:0.2	task-1:0.035	task-2:0	|	0.0738089	0.06	0.06	0.0599981	0.0641864	0.0526512	0.0482292	0.0571074	0.0451583	0.0147024	

6	0.14	40	0	task-3:0.86	task-0:0.305	task-1:0.17	task-2:0.005	|	0.0832209	0.06	0.06	0.0599939	0.0442764	0.0326972	

5	0.14	40	0	task-3:0.86	task-0:0.375	task-1:0.17	task-2:0.195	|	0.0706105	0.06	0.06	0.0599975	0.0328469	

7	0.172	40	0	task-3:0.02	task-0:0.155	task-1:0.385	task-2:0	|	0.0768652	0.06	0.06	0.0599975	0.0508439	0.0731529	0.0284214	

5	0.109	40	0	task-3:0.565	task-0:0.295	task-1:0.83	task-2:0.195	|	0.056194	0.0599999	0.0599865	0.0552355	0.0125958	

4	0.11	40	0	task-3:0.13	task-0:0.3	task-1:0.17	task-2:0.195	|	0.0481317	0.0599999	0.0599959	0.037704	

5	0.124	40	0	task-3:0.535	task-0:0.23	task-1:0.83	task-2:0.195	|	0.0552212	0.0599994	0.0596107	0.133384	0.0176468	

4	0.094	40	0	task-3:0.125	task-0:0.615	task-1:0.17	task-2:0.195	|	0.0489653	0.06	0.0599996	0.012928	

6	0.141	40	0	task-3:0.29	task-0:0.345	task-1:0.83	task-2:0.005	|	0.0514345	0.0599995	0.0597686	0.121712	0.0441115	0.0219948	

7	0.172	40	0	task-3:0.115	task-0:0.36	task-1:0.385	task-2:0	|	0.0510459	0.06	0.06	0.0585167	0.0989113	0.0616097	0.0365644	

4	0.094	40	0	task-3:0.115	task-0:0.605	task-1:0.17	task-2:0.195	|	0.0528306	0.06	0.0599999	0.0313891	

4	0.109	40	0	task-3:0.14	task-0:0.25	task-1:0.17	task-2:0.21	|	0.0625532	0.06	0.0599675	0.0338106	

4	0.109	40	0	task-3:0.14	task-0:0.165	task-1:0.17	task-2:0.03	|	0.0605979	0.06	0.0599805	0.0235169	

4	0.093	40	0	task-3:0.14	task-0:0.275	task-1:0.17	task-2:0	|	0.0705629	0.06	0.0599992	0.0395446	

6	0.109	40	0	task-3:0.015	task-0:0.32	task-1:0.83	task-2:0.005	|	0.0672988	0.06	0.06	0.0590717	0.0676082	0.0391113	

5	0.125	40	0	task-3:0.14	task-0:0.36	task-1:0.805	task-2:0	|	0.0617696	0.06	0.059999	0.079226	0.0319478	

5	0.125	40	0	task-3:0.14	task-0:0.14	task-1:0.83	task-2:0	|	0.0664884	0.06	0.0599996	0.0475827	0.0344712	

5	0.125	40	0	task-3:0.14	task-0:0.275	task-1:0.83	task-2:0.005	|	0.0667472	0.06	0.0599876	0.0522501	0.0240544	

4	0.094	40	0	task-3:0.14	task-0:0.21	task-1:0.17	task-2:0.17	|	0.057591	0.0598251	0.063595	0.0243337	

5	0.125	40	0	task-3:0.23	task-0:0.3	task-1:0.15	task-2:0.22	|	0.0545614	0.043012	0.0599988	0.0563604	0.0214945	

5	0.125	40	0	task-3:0.035	task-0:0.055	task-1:0.095	task-2:0.45	|	0.058637	0.0552822	0.10069	0.0537585	0.00676274	

6	0.141	40	0	task-3:0.11	task-0:0.03	task-1:0.17	task-2:0.12	|	0.0613047	0.0599607	0.0584068	0.137164	0.0627983	0.00271366	

6	0.141	40	0	task-3:0.07	task-0:0.025	task-1:0.17	task-2:0.005	|	0.0594363	0.0593546	0.0579459	0.139305	0.0753884	0.00138402	

2	0.047	40	0	task-3:0.14	task-0:0.695	task-1:0.17	task-2:0.195	|	0.0580442	0.035824	

7	0.171	40	0	task-3:0.08	task-0:0.1	task-1:0.065	task-2:0.005	|	0.0678494	0.0599992	0.0599967	0.0587107	0.0858631	0.0405811	0.00553912	

5	0.109	40	0	task-3:0.015	task-0:0.135	task-1:0.2	task-2:0.035	|	0.0534684	0.108612	0.0709226	0.0429192	0.00348152	

5	0.124	40	0	task-3:0.475	task-0:0.115	task-1:0.06	task-2:0.095	|	0.0539728	0.0577645	0.0433108	0.0483406	0.0108076	

1	0.016	40	0	task-3:0.14	task-0:0.305	task-1:0.17	task-2:0.195	|	0.0360524	

8	0.202	40	0	task-3:0.105	task-0:0.07	task-1:0.17	task-2:0	|	0.0401775	0.06	0.06	0.061962	0.073284	0.0449846	0.0402057	0.0158454	

8	0.203	40	0	task-3:0.015	task-0:0.305	task-1:0.17	task-2:0.005	|	0.0433969	0.06	0.06	0.0610299	0.0837112	0.0541045	0.0555816	0.0112103	

1	0.031	40	0	task-3:0.14	task-0:0.305	task-1:0.17	task-2:0.195	|	0.0274677	

1	0.016	40	0	task-3:0.14	task-0:0.305	task-1:0.17	task-2:0.195	|	0.0393187	

