4	0.016	0	0	task-3:0.005	task-0:0.04	task-1:0.13	task-2:0.135	|	0.0478	0.0315792	0.0126135	0.00284693	0.00101627	

4	0.015	0	0	task-3:0.015	task-0:0.045	task-1:0.82	task-2:0.1	|	0.0531382	0.0397405	0.0165265	0.00626595	0.00116087	

6	0.016	0	0	task-3:0.03	task-0:0.005	task-1:0.11	task-2:0.135	|	0.0656132	0.0386387	0.0251116	0.0110415	0.0059585	0.00272135	0.000868976	

6	0.016	0	0	task-3:0.01	task-0:0	task-1:0.085	task-2:0.125	|	0.0674084	0.0454513	0.0327046	0.0209368	0.0135159	0.00473156	0.00158017	

6	0	0	0	task-3:0.005	task-0:0.03	task-1:0.11	task-2:0.135	|	0.0690528	0.0356804	0.0227739	0.00884644	0.00537203	0.00271505	0.000959272	

6	0.016	0	0	task-3:0.01	task-0:0.005	task-1:0.11	task-2:0.105	|	0.0728408	0.046123	0.0305832	0.0137306	0.00590097	0.00255754	0.00109023	

6	0.015	0	0	task-3:0.02	task-0:0	task-1:0.13	task-2:0.135	|	0.0724357	0.0479928	0.0324264	0.0154006	0.00750323	0.00364673	0.00175155	

5	0.016	0	0	task-3:0.01	task-0:0.025	task-1:0.17	task-2:0.135	|	0.0769086	0.0408769	0.0207689	0.00569573	0.00262366	0.000935815	

6	0.016	0	0	task-3:0.025	task-0:0	task-1:0.09	task-2:0.135	|	0.0656978	0.0434926	0.0310439	0.0163951	0.00800031	0.00319728	0.0011248	

5	0	0	0	task-3:0.01	task-0:0.03	task-1:0.135	task-2:0.135	|	0.0748549	0.0390602	0.0204954	0.00650925	0.00357423	0.00107118	

5	0	0	0	task-3:0.115	task-0:0.025	task-1:0.135	task-2:0.135	|	0.0641952	0.0376156	0.0224483	0.00879575	0.0039614	0.0013326	

6	0.016	0	0	task-3:0	task-0:0.025	task-1:0.115	task-2:0.125	|	0.0763781	0.0359908	0.0252705	0.0114499	0.00617378	0.00323045	0.00113749	

5	0.015	0	0	task-3:0.015	task-0:0.015	task-1:0.125	task-2:0.135	|	0.0739029	0.0326126	0.0195548	0.00802617	0.00349741	0.00125337	

6	0.016	0	0	task-3:0.005	task-0:0	task-1:0.1	task-2:0.135	|	0.0731641	0.0412669	0.0283128	0.0149816	0.00678071	0.0032641	0.0016214	

5	0.016	0	0	task-3:0	task-0:0.01	task-1:0.145	task-2:0.135	|	0.0626865	0.0402779	0.0227171	0.00853571	0.00430438	0.00161625	

7	0.015	0	0	task-3:0.015	task-0:0	task-1:0.18	task-2:0.08	|	0.0651066	0.037437	0.0278005	0.0160381	0.0111725	0.00716806	0.003196	0.00150107	

5	0.016	0	0	task-3:0.005	task-0:0.025	task-1:0.1	task-2:0.135	|	0.0630423	0.0336612	0.0211443	0.00912808	0.00486649	0.00171966	

5	0.015	0	0	task-3:0.025	task-0:0.005	task-1:0.15	task-2:0.135	|	0.0767999	0.0573716	0.035334	0.011603	0.00565604	0.00200734	

5	0.016	0	0	task-3:0.01	task-0:0.045	task-1:0.095	task-2:0.135	|	0.0748029	0.0428526	0.0236416	0.00788806	0.00500867	0.00214476	

5	0	0	0	task-3:0.005	task-0:0.065	task-1:0.16	task-2:0.135	|	0.0661345	0.0366345	0.0224093	0.00788842	0.0044519	0.00176618	

5	0	0	0	task-3:0.165	task-0:0.025	task-1:0.14	task-2:0.135	|	0.0601685	0.0249751	0.0147949	0.00588759	0.00282882	0.00132269	

4	0.015	0	0	task-3:0.055	task-0:0.055	task-1:0.565	task-2:0.105	|	0.0705717	0.0356845	0.0167561	0.00476642	0.00227492	

5	0.016	0	0	task-3:0.015	task-0:0.02	task-1:0.135	task-2:0.135	|	0.0596574	0.0373844	0.0221253	0.00910428	0.00475861	0.00200769	

5	0.015	0	0	task-3:0.01	task-0:0.03	task-1:0.16	task-2:0.135	|	0.0676038	0.0366628	0.0217273	0.00773934	0.00459349	0.00177036	

6	0.016	0	0	task-3:0.005	task-0:0	task-1:0.13	task-2:0.135	|	0.0727205	0.0411878	0.0271896	0.0134857	0.00663015	0.00322065	0.00130945	

6	0.016	0	0	task-3:0.005	task-0:0	task-1:0.09	task-2:0.135	|	0.0690569	0.0381299	0.0253344	0.0114944	0.00635064	0.00254097	0.00100371	

5	0	0	0	task-3:0.01	task-0:0.07	task-1:0.135	task-2:0.135	|	0.0834139	0.0508715	0.0323605	0.00962619	0.00337584	0.00117574	

5	0	0	0	task-3:0.02	task-0:0.035	task-1:0.135	task-2:0.135	|	0.0695838	0.0368357	0.0201104	0.00627982	0.00336095	0.00126156	

5	0.016	0	0	task-3:0	task-0:0.05	task-1:0.155	task-2:0.135	|	0.0659547	0.0317481	0.0185184	0.00538921	0.00312765	0.00108286	

5	0.015	0	0	task-3:0.005	task-0:0.05	task-1:0.16	task-2:0.135	|	0.0687998	0.0347521	0.021482	0.00702877	0.00341749	0.0015086	

6	0.016	0	0	task-3:0.015	task-0:0.03	task-1:0.09	task-2:0.135	|	0.0691159	0.0411218	0.0300375	0.0110843	0.00624457	0.00340559	0.00135351	

5	0.016	0	0	task-3:0.005	task-0:0.035	task-1:0.1	task-2:0.135	|	0.0705802	0.0414788	0.0245717	0.00885365	0.00445943	0.00224509	

6	0.015	0	0	task-3:0.025	task-0:0.01	task-1:0.1	task-2:0.135	|	0.0699279	0.0376559	0.0235146	0.00981048	0.00616355	0.00271426	0.0010517	

6	0.016	0	0	task-3:0.005	task-0:0.025	task-1:0.11	task-2:0.135	|	0.071616	0.0392626	0.0252893	0.013092	0.0068099	0.00341759	0.00173471	

6	0.015	0	0	task-3:0.01	task-0:0.005	task-1:0.08	task-2:0.135	|	0.0649661	0.040199	0.0257938	0.0129298	0.00616817	0.00313942	0.000993619	

5	0.016	0	0	task-3:0.01	task-0:0.005	task-1:0.155	task-2:0.135	|	0.0693789	0.0424908	0.0259112	0.0113222	0.00579343	0.00199215	

5	0	0	0	task-3:0.015	task-0:0.02	task-1:0.16	task-2:0.135	|	0.0620931	0.0360812	0.0235991	0.011441	0.00632793	0.0022772	

6	0	0	0	task-3:0.005	task-0:0	task-1:0.05	task-2:0.125	|	0.0681999	0.0402477	0.0271303	0.0125977	0.00700875	0.00367888	0.00136913	

4	0	0	0	task-3:0.055	task-0:0.03	task-1:0.23	task-2:0.115	|	0.0664696	0.0294455	0.0155394	0.00495714	0.00196826	

6	0.016	0	0	task-3:0.015	task-0:0.035	task-1:0.07	task-2:0.135	|	0.0633119	0.0346818	0.024272	0.0113064	0.00691878	0.00269593	0.00105436	

5	0.015	0	0	task-3:0.15	task-0:0.01	task-1:0.155	task-2:0.135	|	0.0691071	0.0387042	0.0244695	0.0113725	0.00401389	0.00150126	

5	0.016	0	0	task-3:0.01	task-0:0	task-1:0.125	task-2:0.135	|	0.0868123	0.045728	0.0316846	0.0115146	0.00473021	0.00171714	

6	0.016	0	0	task-3:0.025	task-0:0	task-1:0.085	task-2:0.13	|	0.0675669	0.0411746	0.0283244	0.0153863	0.00911568	0.00427997	0.0014602	

5	0.015	0	0	task-3:0.02	task-0:0.05	task-1:0.155	task-2:0.135	|	0.062832	0.0437954	0.0292175	0.0125278	0.00562393	0.00224173	

7	0.016	0	0	task-3:0.01	task-0:0.07	task-1:0.11	task-2:0.125	|	0.0807514	0.0518633	0.0372819	0.0208754	0.0115718	0.00467244	0.00278012	0.00115393	

5	0.015	0	0	task-3:0.01	task-0:0.03	task-1:0.15	task-2:0.135	|	0.0693759	0.0399874	0.0217003	0.00559286	0.00308252	0.00114553	

5	0	0	0	task-3:0.01	task-0:0.095	task-1:0.09	task-2:0.135	|	0.0603533	0.0307967	0.0194303	0.00780473	0.0040338	0.00155539	

5	0	0	0	task-3:0.02	task-0:0.035	task-1:0.125	task-2:0.135	|	0.0715098	0.0395527	0.0225258	0.00830505	0.00312959	0.00110052	

5	0	0	0	task-3:0.04	task-0:0.01	task-1:0.165	task-2:0.135	|	0.0642095	0.0388316	0.0237101	0.00909177	0.00474262	0.00188574	

5	0.015	0	0	task-3:0.005	task-0:0.045	task-1:0.125	task-2:0.135	|	0.087186	0.0445867	0.0256048	0.00783157	0.00254555	0.00131184	

5	0.016	0	0	task-3:0	task-0:0.03	task-1:0.165	task-2:0.135	|	0.0638035	0.0358928	0.0208699	0.00860466	0.00432054	0.00174394	

6	0.015	0	0	task-3:0.005	task-0:0.11	task-1:0.085	task-2:0.135	|	0.069708	0.035727	0.0248189	0.0149777	0.00988069	0.00518124	0.00158631	

4	0.016	0	0	task-3:0.055	task-0:0.025	task-1:0.62	task-2:0.115	|	0.0719366	0.0334517	0.0166706	0.00469048	0.00196261	

6	0.016	0	0	task-3:0	task-0:0.01	task-1:0.085	task-2:0.13	|	0.0750207	0.0459247	0.0309397	0.0138085	0.00611874	0.00317954	0.00141333	

5	0.015	0	0	task-3:0.025	task-0:0.03	task-1:0.165	task-2:0.135	|	0.0650391	0.0419986	0.0232463	0.00895091	0.00461429	0.0018074	

5	0	0	0	task-3:0.005	task-0:0.02	task-1:0.125	task-2:0.135	|	0.0587702	0.0371341	0.0228778	0.010835	0.00478265	0.00161029	

4	0	0	0	task-3:0	task-0:0.045	task-1:0.14	task-2:0.1	|	0.0636385	0.0380527	0.0177981	0.00624084	0.00160805	

4	0.015	0	0	task-3:0.005	task-0:0.06	task-1:0.125	task-2:0.075	|	0.0546631	0.0360006	0.0162832	0.00529154	0.0017823	

5	0.016	0	0	task-3:0.015	task-0:0.05	task-1:0.14	task-2:0.135	|	0.0695941	0.0407697	0.0230348	0.0106518	0.005469	0.00206401	

6	0.016	0	0	task-3:0	task-0:0.01	task-1:0.065	task-2:0.135	|	0.0667115	0.0465959	0.0337122	0.0186735	0.00694291	0.00256026	0.00143655	

