4	0.016	0	0	task-3:0.37	task-0:0.02	task-1:0.83	task-2:0	|	0.0667218	0.0522041	0.0233504	0.00565187	0.00151251	

5	0.015	0	0	task-3:0.04	task-0:0.025	task-1:0.115	task-2:0	|	0.0740231	0.0365453	0.0192544	0.00606549	0.00315348	0.00116088	

6	0.016	0	0	task-3:0.02	task-0:0	task-1:0.125	task-2:0	|	0.0805522	0.0454679	0.0318843	0.0145875	0.00684127	0.00372232	0.00192747	

5	0	0	0	task-3:0.01	task-0:0.04	task-1:0.17	task-2:0	|	0.0779416	0.0361362	0.025498	0.00589597	0.00278672	0.00158573	

6	0.015	0	0	task-3:0.005	task-0:0.025	task-1:0.09	task-2:0	|	0.0845976	0.0481525	0.0334734	0.00830196	0.00430951	0.00300664	0.00130766	

5	0.016	0	0	task-3:0.015	task-0:0.03	task-1:0.17	task-2:0	|	0.0778003	0.0460476	0.0342049	0.00971024	0.00468533	0.00249327	

5	0.016	0	0	task-3:0.025	task-0:0.025	task-1:0.145	task-2:0	|	0.0833662	0.0427541	0.0323535	0.00544517	0.00292637	0.00159567	

6	0.015	0	0	task-3:0.03	task-0:0.02	task-1:0.125	task-2:0	|	0.0814618	0.0506808	0.0366425	0.0114218	0.00568195	0.00308666	0.00171734	

4	0	0	0	task-3:0.405	task-0:0.04	task-1:0.8	task-2:0	|	0.084737	0.0409941	0.0302443	0.00357284	0.00195521	

6	0.016	0	0	task-3:0.025	task-0:0.05	task-1:0.12	task-2:0	|	0.0808391	0.0405528	0.0352452	0.00933342	0.00573302	0.00355951	0.00212607	

5	0.015	0	0	task-3:0.02	task-0:0.005	task-1:0.17	task-2:0	|	0.0874324	0.0485793	0.0365752	0.0125228	0.00805025	0.00245045	

5	0.016	0	0	task-3:0.02	task-0:0.015	task-1:0.165	task-2:0	|	0.0796992	0.0408844	0.0318857	0.00782369	0.00391256	0.00226	

6	0	0	0	task-3:0.025	task-0:0.01	task-1:0.135	task-2:0	|	0.0824322	0.041334	0.032134	0.00927967	0.00452011	0.00269406	0.00103734	

5	0.016	0	0	task-3:0.02	task-0:0.045	task-1:0.165	task-2:0.005	|	0.0805431	0.0437859	0.0293575	0.00625285	0.003178	0.00147592	

5	0.015	0	0	task-3:0.035	task-0:0.04	task-1:0.17	task-2:0	|	0.0743634	0.0396809	0.0282436	0.00592648	0.00382742	0.00196897	

6	0.016	0	0	task-3:0.025	task-0:0.04	task-1:0.07	task-2:0	|	0.0759622	0.040717	0.0303305	0.00719204	0.00429343	0.00280318	0.00112047	

5	0.015	0	0	task-3:0.01	task-0:0.025	task-1:0.13	task-2:0	|	0.0786393	0.0441668	0.0333137	0.00806791	0.00360201	0.00194455	

5	0.016	0	0	task-3:0.015	task-0:0.035	task-1:0.165	task-2:0	|	0.0783597	0.0463476	0.0333178	0.00841639	0.00455898	0.0022547	

6	0.016	0	0	task-3:0.01	task-0:0.015	task-1:0.14	task-2:0	|	0.0738669	0.0416602	0.0334663	0.0153788	0.00841371	0.00468256	0.00243267	

5	0.015	0	0	task-3:0.025	task-0:0.04	task-1:0.165	task-2:0	|	0.0873241	0.0500758	0.0339635	0.00745848	0.00316368	0.00143754	

5	0	0	0	task-3:0.02	task-0:0.045	task-1:0.17	task-2:0	|	0.0850912	0.0388114	0.0289326	0.00459753	0.00253007	0.00155224	

5	0	0	0	task-3:0.025	task-0:0.035	task-1:0.17	task-2:0.005	|	0.0824179	0.0420554	0.0371813	0.00923037	0.00406624	0.00229477	

5	0	0	0	task-3:0.015	task-0:0.04	task-1:0.17	task-2:0	|	0.07436	0.0387706	0.026884	0.00776365	0.00464829	0.00215394	

8	0.016	0	0	task-3:0.01	task-0:0.025	task-1:0.1	task-2:0.005	|	0.0770883	0.047826	0.0387398	0.0178557	0.0123951	0.00762728	0.00453062	0.00267789	0.00109272	

5	0	0	0	task-3:0.01	task-0:0.05	task-1:0.17	task-2:0.005	|	0.077409	0.0409979	0.027851	0.00484885	0.00255169	0.00116878	

6	0.015	0	0	task-3:0.045	task-0:0.035	task-1:0.07	task-2:0	|	0.0796978	0.0446808	0.0325445	0.00805839	0.0048368	0.0031034	0.00127642	

5	0.016	0	0	task-3:0.02	task-0:0.08	task-1:0.155	task-2:0	|	0.0758563	0.0448709	0.0288916	0.00731084	0.00414101	0.00172881	

5	0.015	0	0	task-3:0.03	task-0:0.03	task-1:0.095	task-2:0	|	0.0825201	0.0419394	0.0352162	0.00880194	0.0041119	0.00208795	

5	0	0	0	task-3:0.03	task-0:0.035	task-1:0.165	task-2:0	|	0.0754516	0.0402594	0.0292566	0.00883406	0.00436815	0.00246052	

7	0.016	0	0	task-3:0.005	task-0:0.025	task-1:0.125	task-2:0	|	0.0790695	0.0439955	0.034554	0.0166708	0.0117468	0.00455882	0.00326238	0.00194522	

5	0.016	0	0	task-3:0.025	task-0:0.03	task-1:0.135	task-2:0	|	0.0760582	0.0409997	0.0264855	0.0056101	0.00335403	0.00153133	

4	0.015	0	0	task-3:0.425	task-0:0.065	task-1:0.775	task-2:0	|	0.0791438	0.041101	0.0317387	0.00339371	0.00217729	

5	0.016	0	0	task-3:0.015	task-0:0.045	task-1:0.17	task-2:0	|	0.0742295	0.0343504	0.0250582	0.00906446	0.00444056	0.00192196	

5	0	0	0	task-3:0.025	task-0:0.005	task-1:0.17	task-2:0	|	0.0792596	0.0419854	0.0300791	0.00924958	0.00401742	0.0020735	

5	0	0	0	task-3:0.095	task-0:0.005	task-1:0.13	task-2:0	|	0.0905083	0.0627749	0.038621	0.00955592	0.00557427	0.00217653	

5	0.016	0	0	task-3:0.08	task-0:0.04	task-1:0.085	task-2:0.005	|	0.0853383	0.0541406	0.0240596	0.00702563	0.00373814	0.00161753	

5	0.016	0	0	task-3:0.025	task-0:0.01	task-1:0.09	task-2:0.005	|	0.0920107	0.0584934	0.0357209	0.00695769	0.00370011	0.00166413	

5	0.015	0	0	task-3:0.04	task-0:0.025	task-1:0.155	task-2:0	|	0.0748336	0.0512368	0.0264835	0.00990487	0.00500419	0.00245698	

4	0.016	0	0	task-3:0.145	task-0:0.075	task-1:0.15	task-2:0	|	0.0824425	0.0483093	0.0208912	0.00496438	0.00249072	

6	0.015	0	0	task-3:0.04	task-0:0	task-1:0.04	task-2:0	|	0.0790869	0.0541553	0.0305661	0.0112031	0.00659962	0.00335596	0.00139126	

5	0.016	0	0	task-3:0.085	task-0:0.05	task-1:0.135	task-2:0	|	0.0801548	0.0541884	0.027168	0.00979888	0.00417266	0.00206462	

5	0.016	0	0	task-3:0.065	task-0:0.015	task-1:0.125	task-2:0.005	|	0.0735536	0.0468963	0.0229477	0.00544545	0.00253174	0.00103705	

5	0	0	0	task-3:0.045	task-0:0.005	task-1:0.15	task-2:0.005	|	0.0806973	0.0526555	0.0334982	0.0117995	0.00525008	0.00228477	

6	0	0	0	task-3:0.02	task-0:0.01	task-1:0.06	task-2:0	|	0.0745308	0.0489314	0.0280714	0.0112993	0.0065423	0.00309233	0.00111978	

5	0	0	0	task-3:0.045	task-0:0.03	task-1:0.06	task-2:0	|	0.077633	0.0515363	0.020634	0.00793753	0.00382712	0.00158006	

5	0.015	0	0	task-3:0.035	task-0:0.015	task-1:0.17	task-2:0.005	|	0.0715945	0.0491516	0.0318293	0.0137047	0.00559777	0.00189093	

5	0.016	0	0	task-3:0.07	task-0:0.06	task-1:0.125	task-2:0	|	0.0879207	0.0536317	0.0183093	0.00738051	0.00252366	0.00109649	

4	0.016	0	0	task-3:0.24	task-0:0.04	task-1:0.17	task-2:0	|	0.0693495	0.0429706	0.0135406	0.00542417	0.00240305	

5	0.015	0	0	task-3:0.085	task-0:0.01	task-1:0.075	task-2:0.005	|	0.0726235	0.0470144	0.0248026	0.00794439	0.00368626	0.00170059	

5	0	0	0	task-3:0.075	task-0:0.04	task-1:0.08	task-2:0.005	|	0.0810052	0.0545215	0.0225423	0.00612659	0.0030982	0.00133078	

4	0.016	0	0	task-3:0.105	task-0:0.02	task-1:0.17	task-2:0	|	0.0735721	0.0485738	0.0233196	0.00622849	0.00229484	

5	0	0	0	task-3:0.055	task-0:0.025	task-1:0.095	task-2:0.005	|	0.0778738	0.0540721	0.0288288	0.0105554	0.00540969	0.00233597	

5	0.015	0	0	task-3:0.04	task-0:0.01	task-1:0.105	task-2:0.005	|	0.0758698	0.0510646	0.0327693	0.012911	0.00637243	0.00236462	

5	0	0	0	task-3:0.04	task-0:0.01	task-1:0.13	task-2:0	|	0.0887098	0.0585964	0.0296267	0.00868082	0.00441919	0.00226497	

6	0.016	0	0	task-3:0.035	task-0:0	task-1:0.095	task-2:0	|	0.0894454	0.0567318	0.0296338	0.00865116	0.00570082	0.00276919	0.00100667	

5	0.016	0	0	task-3:0.08	task-0:0.01	task-1:0.15	task-2:0	|	0.0804813	0.0536567	0.0212964	0.00668477	0.00279627	0.00127368	

4	0.015	0	0	task-3:0.08	task-0:0.015	task-1:0.09	task-2:0.005	|	0.0829186	0.0509266	0.0191653	0.00568406	0.00238183	

4	0	0	0	task-3:0.2	task-0:0.03	task-1:0.17	task-2:0.005	|	0.0819075	0.0509885	0.0173367	0.00399289	0.00195624	

6	0.016	0	0	task-3:0.025	task-0:0	task-1:0.06	task-2:0.005	|	0.0881833	0.0569433	0.0371983	0.0153916	0.00681598	0.00300732	0.00160833	

5	0.015	0	0	task-3:0.07	task-0:0.04	task-1:0.1	task-2:0.005	|	0.0742984	0.0493899	0.0290153	0.00999289	0.00470602	0.00168013	

