13	0.12	32	0	task-3:0.525	task-0:0.41	task-1:0.495	task-2:0.49	|	0.0471941	0.0998422	0.0850813	0.097676	0.0859944	0.0575123	0.0713959	0.0625511	0.0457603	0.0411094	0.04211	0.0402947	0.0379533	

29	0.257	32	0	task-3:0.31	task-0:0.19	task-1:0.18	task-2:0.325	|	0.0938639	0.0999968	0.0999838	0.0893983	0.080462	0.0631342	0.0485671	0.0494079	0.0498237	0.0498407	0.0495135	0.049422	0.0494498	0.0493671	0.0493051	0.0492793	0.0493047	0.0520158	0.0499544	0.0493286	0.0497354	0.0492655	0.04822	0.0472573	0.046026	0.0453775	0.0434965	0.0423045	0.0375843	

35	0.303	32	0	task-3:0.195	task-0:0.28	task-1:0.405	task-2:0.205	|	0.0706275	0.1	0.0999997	0.0992336	0.0547539	0.0512488	0.0499436	0.0499397	0.0501758	0.0491043	0.0495695	0.049368	0.0489498	0.0490203	0.0489122	0.0488196	0.0487448	0.0487146	0.0486456	0.0485831	0.0485374	0.0485317	0.0486884	0.0491554	0.0503849	0.0519785	0.0559544	0.0548283	0.0488709	0.0481831	0.0491927	0.0485713	0.0445009	0.0412916	0.0360531	

32	0.288	32	0	task-3:0.315	task-0:0.32	task-1:0.34	task-2:0.42	|	0.0844443	0.1	0.0999999	0.0990581	0.0758033	0.0581658	0.0552867	0.0527142	0.0495635	0.0507192	0.049524	0.0492926	0.0482826	0.0475791	0.0477912	0.0474499	0.0468532	0.0460766	0.0459421	0.0466037	0.0452879	0.0448147	0.0437897	0.0428345	0.0423505	0.0418697	0.0429491	0.0412021	0.0402632	0.0401755	0.0401558	0.0379563	

17	0.154	32	0	task-3:0.46	task-0:0.38	task-1:0.485	task-2:0.485	|	0.0529112	0.0999822	0.0981522	0.0659944	0.048345	0.0797914	0.0800691	0.070281	0.0606953	0.0549636	0.049795	0.0480087	0.047241	0.0457635	0.043407	0.0413703	0.0394001	

25	0.227	32	0	task-3:0.39	task-0:0.26	task-1:0.415	task-2:0.485	|	0.0980594	0.0999984	0.0999932	0.0770534	0.0925138	0.070953	0.0516637	0.0505991	0.0494904	0.0490297	0.048617	0.0484451	0.0480543	0.0471621	0.0472223	0.0467712	0.0458756	0.0452601	0.0449009	0.0446966	0.0446014	0.0452775	0.0474565	0.0446315	0.0384956	

29	0.22	32	0	task-3:0.415	task-0:0.35	task-1:0.44	task-2:0.43	|	0.0582937	0.1	0.1	0.099971	0.0826905	0.0740527	0.0615165	0.0497948	0.0545572	0.0545055	0.0506976	0.0496271	0.0494995	0.0490647	0.0485015	0.0480098	0.0475876	0.0471314	0.0467748	0.0459748	0.0454491	0.0482608	0.0465084	0.0432729	0.0426386	0.0417256	0.0408404	0.0400888	0.039314	

33	0.279	32	0	task-3:0.29	task-0:0.145	task-1:0.33	task-2:0.215	|	0.0611589	0.0999999	0.0999994	0.0990509	0.0524049	0.0579497	0.0503164	0.0553753	0.0558247	0.0509451	0.0500811	0.0498465	0.0491221	0.0488777	0.048503	0.0484611	0.0483825	0.0482185	0.048361	0.049038	0.0523337	0.0491715	0.0474518	0.0473406	0.0470224	0.0464922	0.0456793	0.0453193	0.0447379	0.0439758	0.0431216	0.0407356	0.038191	

17	0.149	32	0	task-3:0.445	task-0:0.39	task-1:0.48	task-2:0.52	|	0.0795912	0.0999994	0.0999942	0.097825	0.0515726	0.050792	0.0534304	0.0510474	0.0499862	0.0496334	0.0490197	0.0482117	0.0469412	0.0451193	0.0429621	0.0402736	0.0376344	

23	0.165	32	0	task-3:0.22	task-0:0.26	task-1:0.34	task-2:0.335	|	0.0507309	0.099999	0.0999856	0.0971702	0.0499262	0.0772973	0.0698305	0.0531365	0.0505323	0.0502935	0.0493526	0.0464635	0.0452684	0.0463792	0.049626	0.0475438	0.0474057	0.0475782	0.0465093	0.0476579	0.0456262	0.0427819	0.0388451	

21	0.124	32	0	task-3:0.47	task-0:0.295	task-1:0.465	task-2:0.485	|	0.0581999	0.1	0.0999997	0.0985908	0.0693201	0.0680595	0.0519589	0.0490575	0.0489794	0.0488508	0.0486164	0.0487338	0.0480662	0.0481005	0.0478471	0.0466906	0.0469379	0.0459705	0.0435935	0.0409753	0.0391566	

20	0.149	32	0	task-3:0.39	task-0:0.415	task-1:0.585	task-2:0.415	|	0.047474	0.099999	0.0999816	0.091059	0.0709646	0.0696736	0.0531863	0.0547604	0.0572703	0.0513415	0.0505307	0.0494847	0.0468652	0.0456056	0.0452063	0.0439962	0.0422905	0.041003	0.0404689	0.0396855	

18	0.144	32	0	task-3:0.385	task-0:0.325	task-1:0.33	task-2:0.495	|	0.0600559	0.1	0.1	0.0996774	0.0596769	0.0506445	0.0517555	0.0495038	0.049467	0.0491789	0.0485297	0.0475739	0.0465627	0.0454742	0.0440428	0.0420695	0.0405257	0.0397428	

14	0.128	32	0	task-3:0.5	task-0:0.345	task-1:0.45	task-2:0.445	|	0.0525315	0.099931	0.0963579	0.0789236	0.0595567	0.0521754	0.0496762	0.0487861	0.0482966	0.0473022	0.0444065	0.0427052	0.0412508	0.0392103	

26	0.23	32	0	task-3:0.315	task-0:0.315	task-1:0.51	task-2:0.385	|	0.0803728	0.0999999	0.0999993	0.0982121	0.0691421	0.0617939	0.0519349	0.0501455	0.0502305	0.0503177	0.0492419	0.0499916	0.0497944	0.0487051	0.0485327	0.0483581	0.0479765	0.0476328	0.0469751	0.0458853	0.0443056	0.0450945	0.0430674	0.0449011	0.0423459	0.0367205	

32	0.279	32	0	task-3:0.505	task-0:0.265	task-1:0.375	task-2:0.395	|	0.0804508	0.1	0.0999995	0.0986396	0.0604741	0.0544793	0.047199	0.0487297	0.0485952	0.0486556	0.0486809	0.0486301	0.0487895	0.0486855	0.0483732	0.0480117	0.0476748	0.0472645	0.0468344	0.0473566	0.0556258	0.05754	0.0544087	0.049244	0.0488283	0.0470354	0.0448772	0.0449164	0.0437316	0.0493424	0.0436393	0.0333844	

30	0.262	32	0	task-3:0.34	task-0:0.115	task-1:0.405	task-2:0.385	|	0.0488728	0.1	0.0999995	0.0986313	0.0627514	0.0573581	0.0492202	0.0498645	0.0500033	0.049598	0.0497745	0.0497025	0.0493652	0.049284	0.0492206	0.0490675	0.0491054	0.0490424	0.0491877	0.0495392	0.0505082	0.0507368	0.0523912	0.0510515	0.052437	0.0509484	0.0492461	0.0464158	0.0435525	0.0390711	

19	0.138	32	0	task-3:0.43	task-0:0.32	task-1:0.405	task-2:0.48	|	0.0747933	0.0999994	0.099991	0.0981818	0.0489439	0.0836812	0.0752702	0.0586002	0.050647	0.0526937	0.0517528	0.0492691	0.0502125	0.0494221	0.047787	0.0469001	0.0451954	0.0424549	0.0393442	

29	0.192	32	0	task-3:0.555	task-0:0.39	task-1:0.44	task-2:0.465	|	0.0694191	0.0999998	0.0999989	0.0992993	0.0502103	0.0951186	0.0895622	0.071976	0.0550572	0.0501576	0.0508055	0.0502933	0.0503534	0.0494674	0.0491217	0.0486708	0.0483685	0.048041	0.0476397	0.0473027	0.0479076	0.0471297	0.0470935	0.0438458	0.0417931	0.0405904	0.0451723	0.0431789	0.039759	

25	0.193	32	0	task-3:0.345	task-0:0.42	task-1:0.505	task-2:0.445	|	0.0937703	0.0999994	0.0999965	0.0900671	0.0869705	0.0668658	0.0496037	0.0508599	0.0497765	0.0493143	0.04894	0.0481478	0.0477984	0.0477145	0.0475765	0.0467006	0.0452914	0.0447446	0.0441473	0.0435381	0.0427893	0.042002	0.041018	0.0401583	0.0399777	

27	0.228	32	0	task-3:0.46	task-0:0.155	task-1:0.18	task-2:0.51	|	0.053849	0.0999994	0.0999891	0.0909202	0.0764539	0.0685071	0.0517909	0.0500897	0.0509654	0.0508108	0.051425	0.0509813	0.0505297	0.0506818	0.0505351	0.0505554	0.0506603	0.050384	0.0505228	0.0541129	0.0511323	0.04651	0.0454437	0.0442737	0.0431977	0.0418309	0.037549	

34	0.307	32	0	task-3:0.265	task-0:0.39	task-1:0.285	task-2:0.28	|	0.0801683	0.0999991	0.0999904	0.092313	0.0726332	0.0666005	0.0515007	0.0559218	0.0533439	0.049617	0.0501545	0.0496299	0.048894	0.0487955	0.0487439	0.0486324	0.0483443	0.0480863	0.0478447	0.0457483	0.0469543	0.043836	0.0441258	0.0456005	0.0451749	0.043904	0.0422975	0.0423198	0.0431635	0.0437296	0.0435227	0.0429604	0.0412199	0.0392865	

22	0.202	32	0	task-3:0.28	task-0:0.38	task-1:0.385	task-2:0.375	|	0.0626209	0.1	0.0999991	0.0982922	0.0503821	0.0477829	0.050773	0.0501835	0.0487644	0.0472188	0.0471762	0.0465021	0.0453355	0.0452419	0.0453535	0.0453623	0.0459008	0.0456953	0.0445728	0.0429297	0.0407319	0.038361	

20	0.184	32	0	task-3:0.49	task-0:0.365	task-1:0.285	task-2:0.405	|	0.0949738	0.0999988	0.0999906	0.0965617	0.0576606	0.0560586	0.0518344	0.0496944	0.0493372	0.0481804	0.0477806	0.047475	0.0469997	0.0464771	0.0461013	0.0457697	0.0450477	0.0438337	0.0416999	0.0392232	

13	0.119	32	0	task-3:0.68	task-0:0.45	task-1:0.6	task-2:0.49	|	0.0508082	0.0999994	0.0999933	0.0925845	0.0703164	0.0603834	0.0474592	0.0484705	0.0473651	0.0455896	0.0435933	0.0409726	0.0389115	

18	0.16	32	0	task-3:0.47	task-0:0.405	task-1:0.545	task-2:0.47	|	0.0622054	0.1	0.0999997	0.0989934	0.0585305	0.0548121	0.0500726	0.049297	0.0495439	0.04894	0.0482169	0.0481535	0.0478042	0.0469416	0.0459745	0.0445454	0.0425558	0.0394789	

29	0.241	32	0	task-3:0.27	task-0:0.22	task-1:0.27	task-2:0.275	|	0.0759147	0.0999997	0.0999964	0.0957468	0.0746839	0.057527	0.0566779	0.0548844	0.0511571	0.0495394	0.0498277	0.0497671	0.0493945	0.0490771	0.0485579	0.0477327	0.0475131	0.0469957	0.0477291	0.0557189	0.0542141	0.0470549	0.0458965	0.0823814	0.0730726	0.0410075	0.0451407	0.0414874	0.0359726	

41	0.372	32	0	task-3:0.11	task-0:0.255	task-1:0.39	task-2:0.135	|	0.0554532	0.0999999	0.0999987	0.0992378	0.056642	0.0750042	0.0609553	0.050236	0.0505879	0.0495311	0.0493741	0.0492158	0.0491915	0.049169	0.0487806	0.0486762	0.0492428	0.0506034	0.0505313	0.0515541	0.0503903	0.0508777	0.0484282	0.0505041	0.0485618	0.0468024	0.043939	0.0453801	0.0470413	0.0456188	0.0474304	0.0447431	0.0444142	0.0449164	0.0437336	0.043157	0.042364	0.0408569	0.041678	0.0409946	0.0399614	

29	0.226	32	0	task-3:0.515	task-0:0.28	task-1:0.225	task-2:0.44	|	0.0524228	0.0999983	0.0999881	0.0972196	0.0485127	0.0572935	0.047817	0.0471572	0.049977	0.0491047	0.0477849	0.0479454	0.047685	0.0475652	0.047393	0.0472216	0.0470434	0.0467924	0.0466295	0.0469605	0.0515615	0.0509139	0.0522007	0.0541677	0.0543104	0.0519082	0.0512154	0.0496379	0.0392491	

15	0.126	32	0	task-3:0.535	task-0:0.4	task-1:0.43	task-2:0.505	|	0.0560079	0.1	0.0999992	0.098925	0.0459387	0.0518914	0.0440266	0.0453737	0.0463739	0.0456024	0.0439344	0.0421677	0.0410042	0.0400697	0.0396354	

16	0.147	32	0	task-3:0.48	task-0:0.31	task-1:0.495	task-2:0.5	|	0.063018	0.0999999	0.0999992	0.0983804	0.05311	0.0511904	0.0508561	0.0500643	0.048468	0.046644	0.0456993	0.0451865	0.0444103	0.042725	0.0407945	0.0391816	

29	0.267	32	0	task-3:0.325	task-0:0.29	task-1:0.33	task-2:0.3	|	0.0829618	0.0999981	0.0999587	0.0942315	0.0512905	0.0526534	0.050664	0.0507962	0.0499571	0.0497748	0.0497757	0.0493472	0.0491355	0.048932	0.0486406	0.0483182	0.0482207	0.0479933	0.0479477	0.0475906	0.0440707	0.0448355	0.0474473	0.0465682	0.0440341	0.0413126	0.0401676	0.0403646	0.0394884	

30	0.246	32	0	task-3:0.365	task-0:0.3	task-1:0.43	task-2:0.205	|	0.0894473	0.0999963	0.0999725	0.0870914	0.0799048	0.0729032	0.0539991	0.049506	0.0504542	0.0495818	0.0489646	0.0490362	0.0489365	0.0487343	0.0477855	0.0473157	0.0476913	0.0485984	0.0490234	0.0495235	0.0489389	0.0478423	0.0454089	0.0459825	0.0466594	0.0447328	0.0541897	0.0492332	0.0411211	0.0398045	

28	0.25	32	0	task-3:0.24	task-0:0.27	task-1:0.275	task-2:0.375	|	0.0499807	0.0994188	0.0429713	0.0998194	0.0996242	0.0929242	0.0541621	0.0744833	0.0838083	0.0731361	0.0535737	0.04996	0.0508626	0.0471849	0.0472273	0.0468069	0.046487	0.0462246	0.046183	0.0453919	0.0456332	0.0454757	0.0455131	0.0444646	0.0445233	0.0429275	0.04095	0.0396561	

38	0.348	32	0	task-3:0.275	task-0:0.32	task-1:0.215	task-2:0.34	|	0.0697842	0.1	0.0999996	0.0993112	0.0501167	0.0793918	0.05713	0.0505803	0.0512774	0.0488439	0.0483295	0.0483717	0.0483733	0.0480994	0.0473582	0.0460733	0.0449544	0.0443599	0.0442947	0.0473663	0.0472503	0.0487742	0.0480536	0.0522814	0.0509881	0.0552764	0.0542098	0.0516931	0.050011	0.0487085	0.0481971	0.04732	0.0463848	0.0450957	0.0437123	0.0422053	0.0411351	0.0393095	

20	0.182	32	0	task-3:0.4	task-0:0.395	task-1:0.5	task-2:0.545	|	0.0504488	0.0999999	0.0999994	0.0995523	0.0627302	0.0652662	0.0554177	0.0505406	0.0505413	0.049056	0.0490639	0.0486716	0.0477327	0.046919	0.0466296	0.0452316	0.0444263	0.0417931	0.0410592	0.0393302	

39	0.327	32	0	task-3:0.14	task-0:0.475	task-1:0.35	task-2:0.195	|	0.0578113	0.0999999	0.0999991	0.0981654	0.0573492	0.0579076	0.0495774	0.0492634	0.0493057	0.049485	0.0493702	0.0491824	0.0484075	0.048355	0.0490696	0.0505816	0.0499108	0.0486648	0.0474862	0.0473475	0.0440915	0.0437907	0.0471636	0.046899	0.0446023	0.0443134	0.0442473	0.0436526	0.0445949	0.0444949	0.0437246	0.0433442	0.0432215	0.043159	0.0428505	0.0423504	0.0416456	0.0402812	0.0377283	

17	0.141	32	0	task-3:0.46	task-0:0.46	task-1:0.455	task-2:0.51	|	0.0938866	0.0999999	0.0999996	0.0985907	0.0707421	0.0542636	0.0578453	0.0556914	0.0500989	0.0503598	0.0499242	0.0486726	0.0475108	0.0463436	0.0445853	0.0422122	0.0392773	

15	0.142	32	0	task-3:0.505	task-0:0.455	task-1:0.495	task-2:0.495	|	0.0558484	0.0999999	0.0999994	0.0990576	0.0505867	0.0749331	0.0584248	0.0502843	0.0502955	0.0490195	0.0484157	0.0474027	0.0456952	0.0421566	0.0381594	

28	0.251	32	0	task-3:0.36	task-0:0.295	task-1:0.335	task-2:0.245	|	0.0513002	0.1	0.0999995	0.0989025	0.0504236	0.0475071	0.0515017	0.048962	0.0485869	0.0491641	0.049427	0.0495502	0.0494539	0.0490364	0.0482314	0.0476175	0.0473249	0.04745	0.0488046	0.0541742	0.0516027	0.0551831	0.0767103	0.0700021	0.0547304	0.0452675	0.0430616	0.0340484	

22	0.193	32	0	task-3:0.305	task-0:0.315	task-1:0.31	task-2:0.41	|	0.0528682	0.0999993	0.0999885	0.0862004	0.0767965	0.058892	0.0529986	0.0561351	0.0543171	0.0506398	0.0496925	0.0497583	0.0481475	0.0464552	0.0453079	0.0443167	0.0434915	0.0429699	0.0422677	0.0414393	0.0405148	0.039251	

30	0.276	32	0	task-3:0.46	task-0:0.325	task-1:0.365	task-2:0.35	|	0.0718365	0.0999996	0.0999939	0.0962271	0.0569559	0.0547252	0.0509822	0.0497514	0.0505616	0.0498761	0.0489669	0.0490092	0.0487259	0.048555	0.0484489	0.0481234	0.0475915	0.0469612	0.0466965	0.0460813	0.0453492	0.0451242	0.0447424	0.0443416	0.0443706	0.0470543	0.045161	0.0424294	0.0411025	0.0382859	

23	0.21	32	0	task-3:0.295	task-0:0.3	task-1:0.22	task-2:0.185	|	0.0534932	0.0999998	0.0999946	0.0967043	0.0540427	0.0511742	0.050339	0.0497914	0.0500267	0.0500339	0.0498366	0.0497198	0.0489226	0.048299	0.0482089	0.0477068	0.0509864	0.0461299	0.0430332	0.0439482	0.0436884	0.0402131	0.0379302	

25	0.16	32	0	task-3:0.465	task-0:0.455	task-1:0.47	task-2:0.505	|	0.0656106	0.0999997	0.0999969	0.0932421	0.0888342	0.0655706	0.0520106	0.0507492	0.0504562	0.0514095	0.0507741	0.0499994	0.0491296	0.0488098	0.0487982	0.0485966	0.0482056	0.0476364	0.0470415	0.0464885	0.0461931	0.0448188	0.0425319	0.0403229	0.0397853	

35	0.278	32	0	task-3:0.265	task-0:0.22	task-1:0.29	task-2:0.31	|	0.0642442	0.0999981	0.0999246	0.0921974	0.0513589	0.0530641	0.0469931	0.045986	0.0474341	0.046469	0.0467095	0.0462782	0.0453087	0.0448031	0.044591	0.0445788	0.044291	0.0437906	0.0435608	0.0435953	0.0438673	0.0443454	0.0449412	0.0456265	0.0462724	0.046237	0.044406	0.0603392	0.0509886	0.0461087	0.0468675	0.0440136	0.0547565	0.0496812	0.0318813	

33	0.292	32	0	task-3:0.405	task-0:0.23	task-1:0.57	task-2:0.355	|	0.0507228	0.0999994	0.0999907	0.0861277	0.0673561	0.0500313	0.055397	0.0553215	0.0517499	0.0484617	0.0486462	0.047934	0.049689	0.0495826	0.0482327	0.0479079	0.0480296	0.0476477	0.0480996	0.048631	0.0510937	0.0486628	0.0477878	0.0481643	0.0467989	0.0466062	0.0468362	0.0469091	0.0465349	0.0515379	0.0605113	0.05746	0.0274608	

31	0.279	32	0	task-3:0.37	task-0:0.25	task-1:0.205	task-2:0.43	|	0.0820434	0.0999998	0.0999984	0.0981495	0.0674368	0.0639177	0.0523807	0.0515322	0.0505329	0.0508462	0.0528805	0.0526464	0.0501715	0.0501895	0.049616	0.0488967	0.049455	0.0501607	0.0538662	0.056308	0.0591208	0.056805	0.0489696	0.0471338	0.0453141	0.043204	0.04155	0.0414736	0.0411724	0.041045	0.039374	

36	0.314	32	0	task-3:0.23	task-0:0.205	task-1:0.21	task-2:0.155	|	0.0873496	0.1	0.0999996	0.0996204	0.0533297	0.0838151	0.0677605	0.0526762	0.0502545	0.0500359	0.0492105	0.0491073	0.0490641	0.0492429	0.0489835	0.0487949	0.0489107	0.0489406	0.0491998	0.0500295	0.0519947	0.0539711	0.0553079	0.0544806	0.0569375	0.0527579	0.0555757	0.0512714	0.0468358	0.0457611	0.0449685	0.0463246	0.0457156	0.0450094	0.0423423	0.0381464	

22	0.196	32	0	task-3:0.285	task-0:0.2	task-1:0.375	task-2:0.255	|	0.0684125	0.0999998	0.0999977	0.0965299	0.0719148	0.063151	0.05085	0.0502721	0.049973	0.0493364	0.0489054	0.0488289	0.0483795	0.0483689	0.0479532	0.0469167	0.0453948	0.042575	0.0428247	0.0432751	0.0420254	0.0399684	

17	0.153	32	0	task-3:0.36	task-0:0.385	task-1:0.465	task-2:0.43	|	0.0895138	0.0999995	0.0999958	0.0909701	0.0766932	0.0558405	0.0528741	0.0506894	0.0488086	0.0481851	0.0474478	0.0471114	0.0460129	0.0442633	0.0422201	0.0404935	0.0394502	

25	0.199	32	0	task-3:0.43	task-0:0.38	task-1:0.305	task-2:0.385	|	0.0687074	0.1	0.0999999	0.099389	0.0461787	0.0624818	0.050724	0.0501693	0.0504023	0.0494377	0.0497546	0.0496106	0.0488859	0.0483872	0.0476962	0.0471696	0.0462023	0.0447697	0.0437461	0.0421779	0.0431321	0.042499	0.0420955	0.0406222	0.0395402	

25	0.222	32	0	task-3:0.435	task-0:0.295	task-1:0.35	task-2:0.39	|	0.0516226	0.0999991	0.0999942	0.0953985	0.053823	0.0501214	0.0490428	0.0488744	0.0492402	0.050291	0.0492612	0.0494378	0.0494677	0.0491535	0.0490406	0.0489972	0.0490417	0.0490464	0.048954	0.0488066	0.0492958	0.0502334	0.0478273	0.0449456	0.0387375	

22	0.186	32	0	task-3:0.45	task-0:0.305	task-1:0.425	task-2:0.43	|	0.090309	0.0999997	0.099998	0.0942297	0.0854712	0.0678561	0.0484642	0.0515785	0.0515569	0.0509947	0.048905	0.0495992	0.0492646	0.0484531	0.0481221	0.0472291	0.0460702	0.0448213	0.0433542	0.0419407	0.0405799	0.0394034	

15	0.136	32	0	task-3:0.46	task-0:0.345	task-1:0.255	task-2:0.485	|	0.0539855	0.1	0.0999997	0.099353	0.0489961	0.076109	0.0571858	0.0483551	0.0503403	0.0488383	0.0459689	0.0443251	0.0428361	0.0412829	0.0395185	

25	0.226	32	0	task-3:0.415	task-0:0.445	task-1:0.465	task-2:0.55	|	0.0504589	0.0999967	0.0998455	0.0441439	0.0511287	0.0793543	0.0630556	0.0470681	0.0566708	0.0535616	0.0474301	0.0497374	0.0480305	0.0466374	0.0465788	0.0458341	0.0456501	0.0474295	0.0466939	0.0481882	0.0463182	0.0490552	0.0471593	0.0422905	0.0389346	

30	0.261	32	0	task-3:0.375	task-0:0.245	task-1:0.16	task-2:0.345	|	0.0904209	0.0999999	0.0999989	0.0993257	0.0579247	0.0778001	0.0560635	0.0508397	0.0508298	0.0493578	0.0495683	0.0500468	0.0496839	0.0495236	0.0493016	0.049267	0.0494364	0.0533529	0.0527215	0.0496196	0.0521633	0.0511339	0.0490553	0.0477416	0.0462019	0.0437425	0.0422463	0.042366	0.040857	0.0385609	

26	0.215	32	0	task-3:0.385	task-0:0.4	task-1:0.26	task-2:0.395	|	0.0604065	0.1	0.0999996	0.0987088	0.0604746	0.0517195	0.04896	0.0481385	0.0483833	0.0479044	0.0471914	0.0459237	0.0462349	0.0456679	0.0444423	0.043723	0.0432097	0.0427666	0.0429524	0.0434031	0.0431984	0.0458779	0.044464	0.0447882	0.046014	0.0396197	

38	0.344	32	0	task-3:0.17	task-0:0.275	task-1:0.24	task-2:0.145	|	0.0537723	0.1	0.1	0.0998295	0.0495051	0.0933886	0.0771932	0.0520677	0.0510188	0.0510195	0.0494985	0.0498271	0.0497646	0.0491089	0.0486742	0.048816	0.0486066	0.0486472	0.0488975	0.0494885	0.0495125	0.04734	0.0458187	0.0494785	0.0482339	0.0440515	0.0441541	0.0432477	0.0427387	0.0423495	0.0420216	0.0415123	0.0422539	0.0485587	0.0424443	0.042828	0.0426959	0.0391189	

39	0.349	32	0	task-3:0.34	task-0:0.42	task-1:0.285	task-2:0.39	|	0.0756423	0.0999965	0.0999727	0.0909418	0.0734063	0.0656769	0.0535865	0.050718	0.0524418	0.0525883	0.0501404	0.0505855	0.0504839	0.0496172	0.0496371	0.0496723	0.0495367	0.0493613	0.0491751	0.0487904	0.0484418	0.0487617	0.0493514	0.0483653	0.0471477	0.0467603	0.0460043	0.0452404	0.0441986	0.0432541	0.0425672	0.0420117	0.0415668	0.0413856	0.0415205	0.0412422	0.0409972	0.0402405	0.0397578	

34	0.247	32	0	task-3:0.375	task-0:0.215	task-1:0.13	task-2:0.215	|	0.0544891	0.1	0.0999999	0.0995455	0.0547419	0.0501804	0.0560319	0.0514177	0.0493144	0.0494192	0.0495722	0.0501507	0.0497387	0.0493493	0.0491701	0.0490942	0.0488891	0.0487911	0.0500537	0.0494766	0.0500496	0.0503245	0.0500539	0.0493765	0.0491011	0.0486661	0.0479581	0.047467	0.0468654	0.0466264	0.0460961	0.0455931	0.0447852	0.0395396	

