54	0.032	8	task-0:0.495	|	0.23064	0.397188	0.378703	0.221736	0.223754	0.224239	0.201692	0.193481	0.183875	0.174507	0.169607	0.153064	0.131265	0.11446	0.102964	0.0872686	0.0698752	0.0524471	0.0374121	0.022931	0.017536	0.0124826	0.00921741	0.00993034	0.00663533	0.00485459	0.00369861	0.00271861	0.00199735	0.00147844	0.000698263	0.000369313	0.000172289	7.24306e-005	3.81898e-005	2.50846e-005	1.24625e-005	9.75843e-006	5.8196e-006	4.31253e-006	3.11072e-006	1.6451e-006	1.64315e-006	8.88675e-007	6.26735e-007	4.23329e-007	2.67576e-007	1.54332e-007	7.9844e-008	3.83222e-008	2.23981e-008	1.69995e-008	8.33016e-009	5.61373e-009	
54	0.032	8	task-0:0.515	|	0.326099	0.398027	0.397622	0.358337	0.241604	0.239968	0.217257	0.202487	0.196384	0.191777	0.17635	0.167685	0.159188	0.149913	0.141332	0.134299	0.119736	0.105973	0.0919261	0.0755494	0.0575638	0.0653051	0.0409587	0.0366919	0.0327971	0.030263	0.0207439	0.0180281	0.016495	0.0196028	0.0135816	0.0122677	0.011497	0.0119803	0.0117891	0.0077466	0.00683575	0.00647784	0.00699927	0.0103205	0.00525586	0.00496118	0.00554726	0.00837877	0.00517399	0.00536495	0.00603403	0.00767009	0.0052439	0.0050613	0.00544658	0.00636706	0.00613397	0.00714882	
55	0.032	8	task-0:0.44	|	0.325579	0.396766	0.396009	0.353482	0.241371	0.238207	0.2099	0.191739	0.178218	0.168172	0.169999	0.143665	0.114877	0.111062	0.11553	0.122063	0.10346	0.0893966	0.0755963	0.0630078	0.0523886	0.0444681	0.0403997	0.0207394	0.0170606	0.060798	0.0530402	0.0188694	0.0161417	0.0181098	0.0236187	0.0210084	0.0180475	0.0156873	0.0139906	0.0131459	0.0101178	0.0146673	0.00722136	0.00657506	0.00689084	0.00919408	0.0141187	0.00860897	0.00919549	0.010788	0.0133648	0.0091407	0.00872447	0.00964974	0.0113294	0.0143126	0.010929	0.0108378	0.0113319	
56	0.034	8	task-0:0.475	|	0.231624	0.59509	0.589804	0.44553	0.239963	0.239319	0.256965	0.247278	0.214453	0.214152	0.193347	0.177798	0.167467	0.145391	0.127369	0.110974	0.0933578	0.0742378	0.0571594	0.0426031	0.0293619	0.0186339	0.0135961	0.0120606	0.00705622	0.00551658	0.00335998	0.00205168	0.00128423	0.00060576	0.000270349	0.000102094	3.16952e-005	8.3143e-006	1.70056e-005	2.98165e-006	1.02863e-005	1.02863e-005	2.56612e-006	3.89255e-006	3.89255e-006	2.10656e-006	1.91473e-006	1.96783e-006	1.49756e-006	1.27496e-006	1.26437e-006	1.15997e-006	1.06221e-006	8.09848e-007	6.39071e-007	4.93288e-007	3.77401e-007	2.87274e-007	2.13472e-007	1.48329e-007	
55	0.033	8	task-0:0.475	|	0.320477	0.395876	0.395037	0.360397	0.240357	0.260404	0.225618	0.207965	0.186332	0.176004	0.152839	0.131954	0.119843	0.108616	0.0999693	0.0814236	0.0656316	0.0498455	0.0431835	0.03404	0.0276917	0.0217494	0.0205893	0.0150519	0.0124804	0.0100527	0.00814028	0.00810089	0.00537728	0.00458557	0.00462344	0.00535617	0.00323316	0.00269548	0.0022881	0.0019396	0.00169429	0.00168575	0.00129913	0.00128281	0.0012263	0.00150596	0.000742675	0.000688154	0.000674251	0.000819947	0.00164206	0.000869953	0.000918838	0.00110403	0.000675485	0.000626571	0.000629494	0.000697636	0.000908783	
55	0.034	8	task-0:0.485	|	0.232062	0.566857	0.449884	0.267496	0.267429	0.25407	0.253994	0.230551	0.229487	0.226392	0.22301	0.219826	0.216092	0.208937	0.199345	0.186095	0.172668	0.154716	0.135568	0.115393	0.101475	0.0956551	0.095007	0.0873928	0.0842859	0.0752123	0.0690759	0.0642098	0.0571418	0.0518389	0.0454487	0.0385603	0.0324877	0.0264903	0.0206396	0.0154551	0.0110468	0.00758175	0.00480369	0.00309921	0.00171142	0.0024336	0.00108624	0.00201822	0.00201822	0.00106127	0.00121318	0.00121318	0.000962806	0.000940786	0.000887648	0.00083571	0.00077732	0.000712494	0.000641601	
54	0.038	8	task-0:0.525	|	0.274718	0.597755	0.597168	0.527866	0.251066	0.313787	0.293675	0.261939	0.243581	0.244588	0.242935	0.236089	0.228448	0.209979	0.193842	0.173034	0.176341	0.16278	0.136848	0.12214	0.10717	0.0920802	0.0903677	0.0790957	0.0676489	0.0596651	0.05424	0.0495267	0.0372611	0.0286154	0.0201111	0.0127978	0.00736776	0.00380764	0.00427477	0.00201967	0.00564935	0.00564935	0.00197433	0.00226283	0.00226283	0.00174444	0.0017727	0.0020562	0.00170685	0.00139606	0.00133264	0.00125448	0.00116842	0.00107443	0.000972689	0.000863834	0.000749315	0.00063204	
54	0.051	8	task-0:0.49	|	0.259206	0.39618	0.387459	0.241373	0.240745	0.240458	0.202598	0.192396	0.177044	0.169442	0.169795	0.160612	0.149351	0.141356	0.133041	0.123446	0.112035	0.0988634	0.0994112	0.102007	0.0783368	0.0665758	0.0664419	0.065667	0.0699869	0.0494536	0.0488675	0.0471057	0.0479564	0.0516015	0.0440838	0.0435608	0.0453591	0.0501437	0.0586821	0.0315057	0.0387057	0.0625289	0.0552711	0.0485527	0.046348	0.0468897	0.0489917	0.0528939	0.058879	0.0637764	0.0413042	0.0490082	0.0516008	0.0555873	0.0611867	0.0673876	0.0461942	0.0553613	
54	0.052	8	task-0:0.475	|	0.308795	0.397364	0.396855	0.349391	0.267655	0.267635	0.258984	0.258969	0.24216	0.238202	0.226381	0.213344	0.199705	0.186502	0.174883	0.163712	0.157795	0.147919	0.140288	0.133871	0.127432	0.119912	0.111973	0.113036	0.100773	0.096281	0.0995133	0.0881691	0.0853634	0.0922737	0.103905	0.098854	0.0926902	0.0840947	0.0716769	0.0576248	0.043872	0.0326803	0.0258158	0.0189292	0.0166065	0.0135233	0.011917	0.0105776	0.00791601	0.00672375	0.0047788	0.00328288	0.0020787	0.00132437	0.000750807	0.000315932	0.000119398	3.78707e-005	
57	0.05	8	task-0:0.525	|	0.257563	0.396172	0.395495	0.358609	0.236789	0.313607	0.297868	0.241903	0.2386	0.236136	0.226942	0.227677	0.22452	0.219471	0.214731	0.208009	0.199718	0.191968	0.184331	0.168976	0.155199	0.139535	0.123018	0.115381	0.109256	0.0813792	0.0619502	0.0589697	0.0356672	0.0288001	0.0150494	0.00756982	0.00431214	0.00137751	0.00039341	8.46556e-005	2.46525e-005	1.41802e-005	4.99935e-006	2.61899e-006	8.75933e-007	1.35865e-007	1.67291e-008	1.90514e-009	2.04767e-010	1.17043e-011	6.87474e-012	1.07612e-012	8.03442e-012	8.03442e-012	6.2995e-013	3.93204e-013	2.60728e-013	1.22386e-013	1.1215e-013	1.1215e-013	9.71271e-014	
54	0.032	8	task-0:0.475	|	0.296447	0.39726	0.396828	0.346098	0.251527	0.252013	0.218598	0.203537	0.193533	0.188503	0.17898	0.174506	0.17423	0.172332	0.173027	0.169218	0.159416	0.148071	0.135532	0.128404	0.125844	0.1209	0.114791	0.111221	0.100438	0.0862574	0.0740704	0.0714412	0.0473576	0.0449166	0.054027	0.0427415	0.0360077	0.0334146	0.0341406	0.0364956	0.0249364	0.0214059	0.0191183	0.017761	0.0180328	0.0234038	0.0158277	0.0153626	0.0163526	0.0126206	0.0123115	0.0128683	0.0146596	0.0181708	0.0145886	0.0147257	0.0156358	0.0176054	
59	0.035	8	task-0:0.525	|	0.388168	0.390675	0.386488	0.309731	0.300706	0.30066	0.247776	0.251795	0.239837	0.232452	0.219937	0.205371	0.18757	0.169155	0.148966	0.132107	0.117558	0.105721	0.100008	0.0839131	0.0788176	0.0855189	0.0777976	0.0712279	0.0650521	0.0648676	0.0656339	0.0715848	0.0536214	0.0471035	0.0471751	0.0474812	0.0514193	0.0363675	0.0344231	0.0356971	0.0403643	0.0462804	0.0333611	0.0309358	0.0304852	0.0331941	0.040474	0.0529918	0.044193	0.0443565	0.0481032	0.0406857	0.0396111	0.0399172	0.0414565	0.0444361	0.049202	0.0562681	0.0663608	0.0574209	0.0572969	0.0640688	0.0707165	
58	0.035	8	task-0:0.525	|	0.356914	0.394866	0.394226	0.316722	0.280655	0.280625	0.235477	0.235369	0.232974	0.228809	0.217669	0.210498	0.200268	0.186741	0.173738	0.16312	0.154915	0.142019	0.132608	0.129182	0.122798	0.115971	0.1094	0.10432	0.102405	0.0739186	0.0718423	0.0929036	0.0809598	0.0743724	0.069479	0.0667335	0.0670487	0.0710289	0.050141	0.0589461	0.0851407	0.0701732	0.0669523	0.0661065	0.067986	0.0742294	0.0845447	0.0985396	0.0983957	0.106113	0.114561	0.123076	0.131436	0.140005	0.149461	0.145284	0.149468	0.183962	0.141695	0.172008	0.192182	0.207441	
60	0.036	8	task-0:0.38	|	0.253897	0.394655	0.349332	0.231472	0.244759	0.244938	0.234523	0.23865	0.236344	0.219568	0.205197	0.205419	0.187603	0.177219	0.160131	0.141997	0.124876	0.101379	0.206346	0.148911	0.13571	0.135704	0.112876	0.10247	0.0806576	0.0623065	0.050938	0.0480185	0.039937	0.0398436	0.0379905	0.0330281	0.0306014	0.0279758	0.0248211	0.0220834	0.0189245	0.0158603	0.0129925	0.0106063	0.00795108	0.00581272	0.00386762	0.00234499	0.00104692	0.00030611	5.6102e-005	2.36254e-005	3.50396e-006	1.03195e-006	1.5168e-007	2.09032e-008	9.25834e-009	1.22982e-009	4.32661e-010	8.85205e-011	2.40218e-011	3.02572e-012	3.46513e-013	7.50502e-014	
57	0.035	8	task-0:0.42	|	0.257647	0.589333	0.546486	0.21526	0.213598	0.335281	0.324873	0.212511	0.22835	0.228162	0.199793	0.210346	0.206629	0.194401	0.194351	0.191471	0.188865	0.187175	0.1834	0.176529	0.160949	0.14217	0.123701	0.106537	0.0962545	0.0860952	0.0795269	0.0732732	0.0662877	0.059734	0.0508316	0.0423464	0.0336898	0.025134	0.0194626	0.013386	0.00905276	0.00566718	0.00324754	0.00173864	0.000845677	0.000370694	0.000160871	5.38552e-005	1.68611e-005	3.92445e-006	6.37031e-007	7.4202e-008	1.04233e-008	1.29393e-008	1.56885e-009	1.18955e-007	1.18955e-007	2.85305e-009	2.12781e-009	2.12781e-009	1.03736e-009	
54	0.032	8	task-0:0.475	|	0.513362	0.302281	0.282773	0.246444	0.259214	0.2454	0.244484	0.244335	0.240529	0.239851	0.237695	0.233559	0.228584	0.226213	0.224222	0.221621	0.2189	0.215714	0.212107	0.210176	0.20946	0.209797	0.21192	0.216907	0.220432	0.226668	0.232841	0.237379	0.23975	0.240466	0.24036	0.240079	0.240017	0.24002	0.240008	0.240008	0.240001	0.240001	0.240001	0.240001	0.24	0.240001	0.240001	0.24	0.24	0.24	0.24	0.24	0.24	0.24	0.24	0.24	0.24	0.24	
54	0.032	8	task-0:0.475	|	0.421341	0.393833	0.39308	0.329237	0.257122	0.257846	0.225998	0.214929	0.203242	0.189767	0.171587	0.158572	0.149309	0.140172	0.131662	0.123778	0.117655	0.0965788	0.0915129	0.0833197	0.0767591	0.0737156	0.0539066	0.056143	0.0601012	0.0392378	0.037852	0.0435086	0.0498191	0.0358028	0.0335333	0.0332837	0.0350898	0.040308	0.048225	0.0367077	0.0365909	0.0391502	0.0449515	0.0446109	0.042129	0.0456406	0.0494985	0.0387092	0.0370601	0.0419397	0.0471313	0.0547012	0.0476816	0.0473126	0.0476929	0.0489045	0.0510566	0.0542827	
55	0.033	8	task-0:0.475	|	0.246304	0.584084	0.54347	0.297604	0.296109	0.314742	0.307629	0.246778	0.233711	0.213257	0.201533	0.173708	0.150282	0.130377	0.112607	0.0956903	0.0816562	0.0587416	0.0510329	0.0514518	0.0452156	0.0374708	0.0306241	0.0248053	0.0202864	0.0168208	0.0148836	0.00690247	0.00493677	0.00509711	0.00914211	0.00322997	0.00237825	0.00298959	0.00157055	0.00143994	0.00152837	0.0019716	0.00270439	0.00162826	0.00158247	0.00172273	0.00200725	0.0025996	0.00177648	0.00172786	0.0018136	0.00202035	0.00237467	0.00296342	0.00360439	0.00436773	0.00532529	0.00677358	0.00908496	
58	0.035	8	task-0:0.52	|	0.260771	0.592986	0.591567	0.493728	0.23589	0.23552	0.290538	0.288273	0.242144	0.235831	0.235153	0.232141	0.231559	0.230084	0.228904	0.22722	0.225552	0.223532	0.220765	0.217137	0.212627	0.207243	0.199179	0.188944	0.178429	0.168488	0.151968	0.135926	0.114427	0.0941178	0.0864197	0.0827154	0.0731596	0.0672391	0.0584949	0.0553269	0.0497062	0.0442845	0.0394728	0.0347534	0.0302642	0.0260845	0.0210971	0.0166505	0.0128321	0.00928806	0.00648964	0.00431787	0.00302517	0.00157761	0.000816759	0.000383434	0.000177957	3.93617e-005	1.0114e-005	2.0131e-006	9.88428e-008	1.1644e-008	
55	0.032	8	task-0:0.475	|	0.260034	0.391708	0.388024	0.32911	0.235258	0.275402	0.270501	0.231496	0.26317	0.251152	0.219233	0.224729	0.217685	0.205431	0.195532	0.184645	0.172118	0.167615	0.153576	0.139229	0.121609	0.0989791	0.0847351	0.0650282	0.0469922	0.0323577	0.0194912	0.0226437	0.010798	0.0170837	0.0170837	0.0102188	0.0121785	0.0121785	0.00946104	0.00902996	0.00882252	0.00791333	0.00716361	0.00637352	0.00558257	0.00485868	0.00431733	0.00339297	0.00254508	0.00186126	0.00129352	0.000853905	0.000524167	0.000251691	0.00011531	4.54419e-005	1.49634e-005	4.12014e-006	8.07175e-007	
54	0.032	8	task-0:0.525	|	0.307569	0.592833	0.591947	0.498984	0.238413	0.310117	0.289095	0.240123	0.244904	0.244969	0.229876	0.231494	0.227914	0.225395	0.224488	0.220929	0.216361	0.210433	0.203015	0.19299	0.180606	0.165732	0.148041	0.128066	0.106912	0.115423	0.0915743	0.0931838	0.0850212	0.0746299	0.0737232	0.0670961	0.061256	0.058672	0.0563774	0.0501487	0.0471383	0.043707	0.0397177	0.0369139	0.0364157	0.0317297	0.0298069	0.0277159	0.0251437	0.00975237	0.00494269	0.0187758	0.0129178	0.00191105	0.00121021	0.0010765	0.00126861	0.00047977	
55	0.033	8	task-0:0.565	|	0.236299	0.393169	0.35654	0.252638	0.231834	0.23502	0.211554	0.208813	0.192967	0.179325	0.177652	0.166031	0.156055	0.143848	0.130037	0.115361	0.100667	0.0875047	0.0736756	0.0676553	0.0588034	0.0551172	0.0467635	0.0414815	0.0363602	0.0308153	0.0259722	0.0209849	0.0165041	0.0122777	0.00875843	0.00578489	0.00353318	0.00200831	0.00100198	0.00043888	0.00016737	5.2154e-005	1.22841e-005	2.14415e-006	2.72827e-007	2.28053e-008	1.17327e-009	3.08658e-011	4.13997e-013	0	0	0	0	0	0	0	0	0	0	
54	0.032	8	task-0:0.475	|	0.377254	0.380659	0.376012	0.30946	0.257045	0.255678	0.230611	0.213536	0.201432	0.190401	0.177887	0.176647	0.169754	0.167823	0.168507	0.164918	0.16182	0.158216	0.1497	0.141462	0.13214	0.121889	0.110985	0.109716	0.108292	0.111612	0.103254	0.102964	0.105686	0.111079	0.118234	0.126287	0.137159	0.121066	0.119485	0.134045	0.15076	0.181281	0.14274	0.136221	0.133074	0.149068	0.171457	0.171331	0.154121	0.148754	0.144364	0.169777	0.193329	0.189351	0.195428	0.199686	0.201956	0.202612	
55	0.033	8	task-0:0.565	|	0.239916	0.575949	0.496407	0.28362	0.283619	0.210961	0.210917	0.189888	0.189849	0.178072	0.179283	0.172832	0.169263	0.164532	0.159969	0.155408	0.150481	0.145288	0.13415	0.118239	0.102484	0.0632509	0.0389728	0.0271899	0.0313654	0.0231277	0.0229076	0.0244352	0.0207273	0.0197365	0.0189353	0.0181905	0.017431	0.016751	0.0166209	0.014633	0.0132212	0.011733	0.0107948	0.00844983	0.00730933	0.00528961	0.00420615	0.00395361	0.00321771	0.00240025	0.00256239	0.00184693	0.00169813	0.00148411	0.00150067	0.00145672	0.00100329	0.000954964	0.000789447	
57	0.033	8	task-0:0.525	|	0.318722	0.510419	0.480302	0.293741	0.248129	0.248034	0.238042	0.237843	0.23681	0.236408	0.235287	0.234618	0.232724	0.230209	0.226857	0.222813	0.218659	0.215098	0.212761	0.211218	0.21051	0.209289	0.209434	0.209471	0.209238	0.209342	0.209643	0.210844	0.214817	0.218534	0.221697	0.225814	0.230395	0.234523	0.238655	0.239657	0.240018	0.240026	0.24	0.24	0.240005	0.240005	0.240001	0.240001	0.240001	0.24	0.240001	0.240001	0.24	0.24	0.24	0.24	0.24	0.24	0.24	0.24	0.24	
54	0.032	8	task-0:0.51	|	0.251892	0.395037	0.370451	0.20483	0.225296	0.216822	0.183068	0.171384	0.161548	0.153507	0.151102	0.130461	0.108203	0.0955065	0.0873506	0.0751047	0.0606948	0.0460228	0.0312443	0.025343	0.0200759	0.0159349	0.0145555	0.0105101	0.0062475	0.00393876	0.00226118	0.00120986	0.000573365	0.000191646	5.35086e-005	1.23832e-005	2.16291e-006	2.73908e-007	2.29803e-008	9.87383e-010	2.49023e-011	3.04784e-013	0	0	0	0	0	0	0	0	0	0	0	0	0	0	0	0	
56	0.034	8	task-0:0.485	|	0.309254	0.580044	0.575231	0.424413	0.236251	0.2347	0.247557	0.240119	0.214601	0.214206	0.19736	0.191923	0.1854	0.17119	0.158915	0.145732	0.133842	0.121943	0.112412	0.0979988	0.0892092	0.0840467	0.0804785	0.0671472	0.0607976	0.0546631	0.0484034	0.0433132	0.0426703	0.0335461	0.0297204	0.0259963	0.0222532	0.0194702	0.0203054	0.014308	0.0127222	0.0121173	0.0144986	0.0102095	0.0097665	0.010333	0.0100322	0.00963642	0.00996292	0.00727934	0.00701545	0.00723387	0.00827508	0.0105065	0.00819934	0.00774207	0.00784175	0.00847218	0.00961892	0.00767268	
56	0.034	8	task-0:0.59	|	0.255427	0.590231	0.587566	0.466963	0.222676	0.221722	0.247476	0.246284	0.202809	0.20672	0.198889	0.191724	0.190708	0.1845	0.178837	0.172982	0.166464	0.158307	0.149673	0.14284	0.138669	0.128204	0.116268	0.103149	0.0796113	0.0619987	0.0495345	0.0365102	0.0363751	0.0255324	0.0263261	0.0218427	0.0199902	0.0186912	0.0165317	0.0153135	0.0139816	0.0120383	0.0107389	0.00950744	0.00827439	0.00702531	0.00605905	0.00565707	0.00463348	0.00392886	0.00330882	0.00271046	0.00213242	0.00159238	0.00111593	0.000734123	0.000475402	0.000304436	0.000252802	0.000150921	
59	0.035	8	task-0:0.645	|	0.292708	0.585415	0.583414	0.459475	0.247492	0.306581	0.297725	0.260038	0.229737	0.240491	0.221152	0.218721	0.215865	0.207815	0.202657	0.196524	0.185752	0.172565	0.1602	0.146597	0.132804	0.120687	0.100808	0.0649529	0.0545077	0.0281532	0.021556	0.00959508	0.00712918	0.00471119	0.00333389	0.00213013	0.00119336	0.000601856	0.000572383	0.000250186	0.000158954	8.86846e-005	4.67078e-005	2.09025e-005	8.11115e-006	2.59396e-006	6.60212e-007	1.28188e-007	1.81627e-008	1.74386e-009	1.12498e-010	4.69088e-012	8.63912e-014	2.34292e-011	1.43693e-013	2.8499e-014	2.8499e-014	0	0	0	0	0	0	
54	0.031	8	task-0:0.475	|	0.476823	0.337852	0.316156	0.251578	0.26078	0.260548	0.236438	0.236473	0.231729	0.22136	0.216229	0.211018	0.205961	0.201807	0.198384	0.197694	0.198396	0.199173	0.199711	0.199945	0.200016	0.200024	0.200027	0.200041	0.200177	0.201062	0.205734	0.218055	0.232725	0.241972	0.245471	0.245984	0.245441	0.244591	0.243636	0.242636	0.241651	0.240776	0.24016	0.240029	0.240029	0.240013	0.240013	0.240001	0.240001	0.240002	0.240002	0.24	0.240001	0.240001	0.24	0.24	0.24	0.24	
57	0.033	8	task-0:0.525	|	0.245405	0.588114	0.584942	0.442049	0.243069	0.245227	0.232209	0.229719	0.216039	0.200631	0.187964	0.173664	0.162302	0.156739	0.1594	0.127042	0.103351	0.0877208	0.0691688	0.10373	0.0624859	0.0731892	0.0553986	0.0466222	0.0566978	0.0388594	0.0384459	0.0447015	0.0510738	0.046959	0.0494063	0.054653	0.063102	0.0747975	0.0892871	0.108266	0.133852	0.126742	0.136351	0.148475	0.1613	0.17348	0.183678	0.191813	0.197879	0.201606	0.235915	0.247578	0.245575	0.244574	0.242873	0.241196	0.240128	0.240269	0.240269	0.240007	0.2402	
55	0.032	8	task-0:0.345	|	0.305887	0.388861	0.383775	0.327925	0.234692	0.240263	0.219904	0.206631	0.195369	0.183659	0.15095	0.123026	0.0966217	0.0871393	0.0706744	0.0568405	0.0496959	0.0368599	0.0318608	0.0263116	0.0218762	0.0178585	0.0139266	0.0104446	0.00664921	0.00406398	0.00230515	0.00117309	0.000514936	0.000164987	4.72749e-005	1.08985e-005	2.00086e-006	2.04324e-007	1.50577e-008	6.6616e-010	1.64998e-011	1.74568e-013	0	0	0	0	0	0	0	0	0	0	0	0	0	0	0	0	0	
54	0.032	8	task-0:0.49	|	0.255479	0.3984	0.395747	0.322376	0.224773	0.225089	0.202655	0.192664	0.183132	0.18037	0.171565	0.164749	0.154154	0.136472	0.117579	0.114435	0.130452	0.132192	0.124219	0.122017	0.12781	0.13464	0.137856	0.137872	0.142407	0.140131	0.127796	0.115444	0.104174	0.104324	0.111268	0.121884	0.128401	0.134189	0.143108	0.159601	0.14933	0.152845	0.158947	0.168271	0.181725	0.173352	0.177661	0.183244	0.188719	0.193139	0.196264	0.198657	0.207912	0.2226	0.233922	0.238498	0.239535	0.240248	
54	0.033	8	task-0:0.575	|	0.379433	0.377878	0.369203	0.292977	0.251038	0.250153	0.237305	0.229501	0.217706	0.207768	0.19994	0.195413	0.193445	0.192588	0.192275	0.192242	0.192517	0.193185	0.194207	0.195483	0.197375	0.204834	0.223605	0.240137	0.196647	0.246263	0.231194	0.21892	0.204933	0.20016	0.248015	0.247861	0.247558	0.247185	0.246749	0.246245	0.245666	0.245008	0.244274	0.243471	0.242619	0.241758	0.240953	0.240313	0.240004	0.240271	0.240271	0.240052	0.240015	0.240015	0.240003	0.240003	0.240001	0.240001	
54	0.034	8	task-0:0.475	|	0.416134	0.392043	0.390667	0.324742	0.264914	0.264791	0.249355	0.249353	0.241491	0.238495	0.227182	0.214323	0.200522	0.187442	0.177802	0.173054	0.16252	0.153062	0.147817	0.133627	0.124443	0.112238	0.107637	0.102106	0.0787504	0.0633669	0.0547741	0.0463467	0.0286828	0.0217216	0.0157295	0.00670002	0.00280212	0.00146154	0.000345475	7.5443e-005	1.74248e-005	1.6929e-006	1.74361e-007	7.31836e-009	1.93571e-010	3.08731e-012	0	0	0	0	0	0	0	0	0	0	0	0	
54	0.034	8	task-0:0.525	|	0.295421	0.579288	0.566178	0.40111	0.238649	0.266585	0.245255	0.222133	0.226313	0.211888	0.200849	0.190061	0.177318	0.160584	0.127756	0.10032	0.0712386	0.0551806	0.0744631	0.0493216	0.0580993	0.0505843	0.0375448	0.0367423	0.0310283	0.0258026	0.0222872	0.0188303	0.0159443	0.013137	0.0103237	0.00775144	0.00606701	0.00445265	0.00323264	0.00213168	0.00126384	0.000831554	0.000406812	0.000195322	7.87921e-005	3.56983e-005	8.41954e-006	1.95091e-006	3.58329e-007	4.18005e-008	3.2233e-009	2.15526e-010	1.07965e-009	5.16754e-011	2.33192e-009	2.33192e-009	3.21807e-011	8.4558e-011	
71	0.044	8	task-0:0.36	|	0.218169	0.35932	0.158645	0.512703	0.505704	0.253119	0.183003	0.182995	0.109747	0.140825	0.0983854	0.0915496	0.0918295	0.0796967	0.0865755	0.0819549	0.0728521	0.0693013	0.0656641	0.0620273	0.0581851	0.0539283	0.0483206	0.0410374	0.0339497	0.0276007	0.0245971	0.0197591	0.0145701	0.0105	0.00766334	0.00508893	0.00297513	0.00164215	0.000721479	0.000259366	7.88679e-005	1.61822e-005	2.23038e-006	2.0823e-007	2.64536e-006	1.55775e-007	5.20508e-007	5.20508e-007	2.36347e-008	4.55284e-008	2.26335e-008	1.50344e-008	1.50344e-008	1.3216e-008	1.46567e-008	1.20762e-008	1.03289e-008	8.63804e-009	7.07101e-009	5.64623e-009	4.34093e-009	3.18079e-009	2.19601e-009	1.41306e-009	8.14604e-010	4.18884e-010	1.9066e-010	7.43209e-011	2.40536e-011	6.24646e-012	1.24266e-012	1.81892e-013	0	0	0	
56	0.034	8	task-0:0.475	|	0.303456	0.396811	0.396218	0.367472	0.254482	0.302764	0.278399	0.246124	0.240202	0.240333	0.240089	0.240081	0.239536	0.239574	0.239736	0.239808	0.239804	0.239896	0.239957	0.239971	0.239998	0.240006	0.240001	0.240004	0.240004	0.24	0.240001	0.240001	0.24	0.240001	0.240001	0.24	0.24	0.24	0.24	0.24	0.24	0.24	0.24	0.24	0.24	0.24	0.24	0.24	0.24	0.24	0.24	0.24	0.24	0.24	0.24	0.24	0.24	0.24	0.24	0.24	
57	0.036	8	task-0:0.475	|	0.320052	0.391251	0.388006	0.348891	0.249968	0.369147	0.363137	0.288771	0.242357	0.252979	0.241153	0.234094	0.233465	0.228729	0.222637	0.217037	0.215978	0.213478	0.204261	0.195015	0.185111	0.178047	0.174699	0.175709	0.180655	0.187889	0.19485	0.200311	0.205281	0.211613	0.22024	0.229357	0.235998	0.23909	0.23975	0.239812	0.239989	0.240153	0.240153	0.240038	0.240002	0.240002	0.240006	0.240006	0.24	0.240003	0.240003	0.24	0.240001	0.240001	0.24	0.24	0.24	0.24	0.24	0.24	0.24	
60	0.036	8	task-0:0.48	|	0.441573	0.386494	0.381881	0.294021	0.311228	0.308286	0.245661	0.269577	0.265179	0.239844	0.247157	0.246299	0.233098	0.225894	0.217604	0.205837	0.192294	0.177486	0.159534	0.145441	0.133257	0.12659	0.117975	0.109909	0.0939135	0.0860536	0.0869719	0.0913278	0.0725116	0.0625081	0.0533479	0.0454659	0.0397508	0.0212117	0.0163536	0.0112117	0.00804117	0.00445059	0.00323327	0.00219575	0.00183953	0.00449657	0.0011671	0.000598873	0.000400916	0.000286563	0.000306645	0.000528774	0.000188026	0.000178615	0.000177153	0.000264952	0.000708225	0.00027745	0.000295536	0.000381927	0.000534057	0.000277826	0.000275587	0.000316636	
59	0.037	8	task-0:0.56	|	0.301079	0.515601	0.480577	0.340599	0.243487	0.276401	0.274785	0.253987	0.2409	0.250771	0.250396	0.241053	0.240845	0.240594	0.238709	0.239828	0.239088	0.237066	0.236217	0.235275	0.233977	0.233027	0.231985	0.230936	0.230164	0.229355	0.228389	0.227248	0.225832	0.224086	0.221992	0.219625	0.217081	0.21447	0.2119	0.209482	0.207333	0.205571	0.204142	0.203062	0.202379	0.247603	0.247666	0.247385	0.247054	0.246666	0.246216	0.245698	0.245105	0.244438	0.2437	0.242904	0.242078	0.241272	0.240568	0.240095	0.240048	0.240048	0.240002	
54	0.033	8	task-0:0.525	|	0.352859	0.391386	0.390058	0.327386	0.243248	0.242526	0.229474	0.218464	0.205473	0.18985	0.178395	0.142537	0.112643	0.121976	0.0870278	0.0641253	0.0698277	0.0399751	0.0242024	0.0169636	0.00476951	0.00203739	0.000334271	0.000201465	5.57669e-005	8.80458e-005	6.06412e-005	2.75398e-005	2.8769e-005	2.18783e-005	1.58528e-005	1.00716e-005	6.16556e-006	3.64882e-006	2.63166e-006	1.68435e-006	5.63106e-007	1.74728e-007	4.92678e-008	1.15829e-008	2.06102e-009	2.39315e-010	1.75507e-011	3.64851e-012	1.35161e-012	2.1224e-013	1.13648e-011	1.13648e-011	2.58313e-013	2.74349e-013	2.74349e-013	1.27193e-013	3.76741e-013	3.76741e-013	
56	0.035	8	task-0:0.485	|	0.306012	0.582948	0.576481	0.424849	0.242921	0.242544	0.238445	0.230465	0.216427	0.206586	0.188123	0.166741	0.142903	0.117262	0.0905664	0.0632683	0.0376851	0.0176784	0.078622	0.00729039	0.116841	0.116841	0.0170514	0.0123878	0.0123878	0.00549697	0.00549697	0.00598303	0.00599528	0.00520416	0.00507396	0.00489502	0.00470193	0.00450417	0.00418623	0.00388302	0.00356074	0.00322897	0.00290712	0.00250162	0.0020833	0.00173686	0.00143919	0.00109997	0.000798154	0.000579867	0.000356491	0.000240215	0.000177969	0.000111546	4.79588e-005	2.27917e-005	1.06692e-005	3.70115e-006	9.24782e-007	1.7744e-007	
57	0.035	8	task-0:0.475	|	0.331494	0.397799	0.397283	0.374673	0.251162	0.318215	0.302921	0.261821	0.236274	0.238088	0.236646	0.229341	0.230455	0.230317	0.228779	0.231262	0.233905	0.235851	0.238461	0.239661	0.23977	0.239909	0.239995	0.240011	0.240014	0.24	0.24	0.240003	0.240003	0.240001	0.24	0.24	0.24	0.24	0.24	0.24	0.24	0.24	0.24	0.24	0.24	0.24	0.24	0.24	0.24	0.24	0.24	0.24	0.24	0.24	0.24	0.24	0.24	0.24	0.24	0.24	0.24	
62	0.039	8	task-0:0.35	|	0.237575	0.226312	0.523192	0.214076	0.392291	0.392291	0.253105	0.30188	0.30188	0.121091	0.164818	0.12035	0.100109	0.0999263	0.0889755	0.0839507	0.0751908	0.0675245	0.0589543	0.0506518	0.0435829	0.039203	0.0340247	0.0286192	0.0235217	0.0201393	0.0159907	0.0125112	0.00920345	0.00641215	0.00411948	0.00230447	0.00116563	0.000496223	0.000166809	4.77549e-005	1.27939e-005	2.63615e-006	7.90725e-005	5.37058e-006	3.15098e-006	3.15098e-006	6.11262e-007	1.19902e-006	5.68705e-007	4.8632e-007	4.86314e-007	3.98126e-007	4.1776e-007	3.68307e-007	3.32896e-007	3.08653e-007	2.85011e-007	2.63496e-007	2.44319e-007	1.97759e-007	1.67915e-007	1.44171e-007	1.26262e-007	1.07635e-007	9.39645e-008	8.35008e-008	
54	0.034	8	task-0:0.505	|	0.533957	0.288847	0.266696	0.24375	0.243233	0.223206	0.214133	0.203994	0.193812	0.184552	0.158942	0.13746	0.11454	0.114605	0.0852688	0.0826329	0.0562171	0.0383682	0.02341	0.0213865	0.0121191	0.00890119	0.00761039	0.00776086	0.00371952	0.00273488	0.00202071	0.0015173	0.00144821	0.00130636	0.000476818	0.000351941	0.000251676	0.000166302	9.99816e-005	6.17099e-005	0.000178005	4.15878e-005	4.96758e-005	6.71366e-005	2.55819e-005	2.32858e-005	2.19517e-005	2.34677e-005	3.67424e-005	0.000100199	4.08124e-005	4.45924e-005	5.95364e-005	3.21242e-005	3.00005e-005	3.06444e-005	3.57392e-005	5.23957e-005	
55	0.035	8	task-0:0.49	|	0.246568	0.398528	0.396066	0.328675	0.20803	0.285691	0.255837	0.168271	0.224836	0.211894	0.143795	0.162474	0.155368	0.130005	0.130159	0.122923	0.106853	0.0985832	0.0868674	0.0721834	0.0584757	0.0440181	0.0303436	0.0179949	0.00896616	0.00353522	0.000987729	0.000162767	1.35948e-005	3.67234e-005	3.04306e-006	1.08584e-006	7.96596e-007	4.23273e-007	4.17512e-007	3.36404e-007	2.60036e-007	1.72745e-007	1.06112e-007	5.85665e-008	2.86294e-008	1.27801e-008	5.27616e-009	1.26151e-008	3.30886e-009	5.94966e-009	5.94966e-009	2.37671e-009	2.54734e-009	2.24646e-009	1.56399e-009	1.24049e-009	9.81581e-010	6.98041e-010	4.95304e-010	
54	0.033	8	task-0:0.475	|	0.394078	0.392472	0.390258	0.333522	0.268596	0.267567	0.23471	0.214011	0.192861	0.187412	0.173376	0.169811	0.169302	0.172377	0.177798	0.183589	0.188559	0.192068	0.194268	0.195683	0.196781	0.197844	0.198789	0.199456	0.200032	0.200004	0.202533	0.226034	0.243719	0.247433	0.248132	0.247834	0.247072	0.246077	0.244963	0.243778	0.242572	0.241435	0.24051	0.24002	0.24029	0.24029	0.24004	0.240043	0.240043	0.24	0.240058	0.240058	0.240014	0.240001	0.240001	0.240002	0.240002	0.24	
52	0.033	8	task-0:0.525	|	0.2454	0.379454	0.189056	0.517795	0.461951	0.0613297	0.390881	0.389114	0.191854	0.0867571	0.0867571	0.0606914	0.0606914	0.0552101	0.0552181	0.0516499	0.0502925	0.0481655	0.0464608	0.0444144	0.0411804	0.037317	0.0331788	0.0290621	0.0249296	0.0209497	0.0169085	0.0131494	0.0112085	0.00967557	0.00811918	0.0078654	0.006434	0.0056105	0.00490204	0.00414226	0.00353724	0.00298716	0.00216186	0.00156813	0.00108154	0.000706024	0.000396304	0.000210764	9.90167e-005	4.05961e-005	1.26503e-005	3.24935e-006	6.24828e-007	8.34516e-008	7.35663e-009	4.67293e-010	
54	0.033	8	task-0:0.525	|	0.266371	0.396325	0.378156	0.195158	0.269556	0.268947	0.199583	0.208744	0.208648	0.180869	0.187356	0.181233	0.172581	0.169009	0.162621	0.155304	0.146661	0.136483	0.124736	0.111212	0.0946257	0.0859739	0.0762518	0.0675432	0.0601679	0.0526379	0.0412148	0.0325676	0.0250628	0.0187255	0.0118792	0.00733445	0.00414013	0.00226301	0.000833312	0.000269559	7.37321e-005	1.54741e-005	2.84707e-006	5.32121e-006	9.45907e-007	8.13564e-006	8.13564e-006	7.18178e-007	1.23387e-006	1.23387e-006	6.11429e-007	4.79923e-007	4.51337e-007	3.12202e-007	2.29857e-007	1.63844e-007	1.13899e-007	7.48572e-008	
56	0.034	8	task-0:0.525	|	0.335491	0.557614	0.531866	0.341806	0.240706	0.243219	0.226937	0.220847	0.212617	0.203427	0.190293	0.179617	0.166481	0.153956	0.145932	0.141395	0.137376	0.108248	0.0495904	0.0285213	0.0705591	0.0509988	0.0173939	0.0163859	0.0128037	0.0105109	0.0122115	0.00685174	0.00365941	0.00221651	0.00145876	0.00137329	0.000538736	0.000339829	0.000207588	0.000120261	8.73483e-005	0.000223004	5.43353e-005	2.79684e-005	2.2748e-005	2.17198e-005	8.31211e-006	6.18462e-006	5.11044e-006	5.71526e-006	9.13794e-006	3.28324e-006	2.46585e-006	2.08509e-006	2.09471e-006	9.55225e-007	7.74502e-007	6.99032e-007	7.38967e-007	8.97271e-007	
54	0.033	8	task-0:0.405	|	0.284572	0.397099	0.396747	0.347039	0.24402	0.242856	0.215932	0.195763	0.172476	0.155297	0.138838	0.121989	0.106388	0.0998286	0.0894967	0.0697499	0.0582072	0.0501713	0.0386744	0.0267321	0.0174395	0.0105685	0.00657646	0.00599645	0.0037081	0.00284622	0.00185164	0.00168503	0.00122021	0.000900155	0.000640457	0.000451062	0.000303091	0.000252593	0.000186143	0.000140367	0.000103564	7.5077e-005	5.73347e-005	5.22149e-005	3.39976e-005	2.41817e-005	1.69321e-005	1.20929e-005	9.81137e-006	8.79641e-006	5.57094e-006	3.91295e-006	2.78575e-006	2.12532e-006	1.46562e-006	1.22011e-006	8.26277e-007	6.16557e-007	
54	0.033	8	task-0:0.595	|	0.258639	0.394951	0.370204	0.225917	0.251302	0.251498	0.21515	0.219411	0.213891	0.194533	0.184891	0.184369	0.175932	0.165475	0.156921	0.146508	0.141861	0.136306	0.133725	0.136378	0.126976	0.113436	0.108212	0.118985	0.127927	0.140652	0.171332	0.143407	0.144054	0.148767	0.129519	0.1341	0.149166	0.162312	0.152173	0.152668	0.155458	0.160684	0.168872	0.161083	0.161995	0.165393	0.171424	0.1793	0.187351	0.194033	0.198826	0.219393	0.230341	0.236857	0.239431	0.239845	0.239869	0.240002	
55	0.034	8	task-0:0.565	|	0.267501	0.390283	0.387492	0.337635	0.234278	0.249736	0.221887	0.221536	0.212148	0.198173	0.195887	0.184474	0.170763	0.154454	0.136902	0.123439	0.0970511	0.0761681	0.0680703	0.0532914	0.044436	0.038432	0.0345693	0.0256622	0.0213747	0.0174276	0.0137124	0.0109474	0.0109428	0.00672305	0.00536737	0.00416319	0.00307346	0.00234652	0.00274837	0.0012998	0.00102116	0.000765746	0.000529688	0.000371213	0.000509167	0.000203842	0.000159344	0.000147465	0.000320496	0.000109144	0.000106277	0.00014649	6.60674e-005	5.61521e-005	5.27771e-005	5.94124e-005	8.14325e-005	3.9404e-005	3.44505e-005	
54	0.033	8	task-0:0.525	|	0.233523	0.59264	0.590503	0.482134	0.241711	0.295449	0.261797	0.240374	0.237945	0.239511	0.240406	0.240562	0.23973	0.240364	0.240151	0.239288	0.238921	0.238849	0.238912	0.239003	0.239119	0.239328	0.239552	0.239734	0.239861	0.23994	0.23998	0.239995	0.239999	0.24	0.24	0.24	0.24	0.24	0.24	0.24	0.24	0.24	0.24	0.24	0.24	0.24	0.24	0.24	0.24	0.24	0.24	0.24	0.24	0.24	0.24	0.24	0.24	0.24	
55	0.034	8	task-0:0.525	|	0.307259	0.397527	0.397357	0.359061	0.239742	0.237742	0.220547	0.207688	0.198106	0.196288	0.190631	0.191924	0.194837	0.197119	0.198689	0.199878	0.199987	0.200093	0.203154	0.219777	0.237653	0.244666	0.245582	0.244702	0.243459	0.242195	0.241059	0.240241	0.240021	0.240021	0.240029	0.240029	0.24	0.240031	0.240031	0.240007	0.240001	0.240001	0.240001	0.240001	0.24	0.24	0.24	0.24	0.24	0.24	0.24	0.24	0.24	0.24	0.24	0.24	0.24	0.24	0.24	
54	0.033	8	task-0:0.38	|	0.243384	0.590932	0.589566	0.50784	0.247207	0.303269	0.299496	0.275292	0.251694	0.241742	0.239699	0.239111	0.232501	0.210683	0.182816	0.156174	0.135354	0.119752	0.101805	0.0849215	0.0764191	0.062978	0.0538629	0.0441809	0.0428304	0.0342907	0.0281398	0.0236342	0.0194241	0.0166103	0.0148436	0.0105329	0.00888758	0.00729918	0.00566099	0.00415743	0.00324443	0.00421101	0.00193494	0.00150181	0.00116763	0.000974568	0.00122524	0.000541988	0.000438353	0.000346755	0.000258869	0.000212778	0.000544679	0.000178678	0.000205545	0.000319309	0.000139209	0.000129061	
56	0.034	8	task-0:0.525	|	0.360376	0.395087	0.393788	0.310634	0.306236	0.305747	0.24529	0.27555	0.26411	0.233424	0.237936	0.232538	0.217772	0.209835	0.20005	0.187578	0.175679	0.163597	0.152304	0.14264	0.134508	0.126364	0.116901	0.105596	0.0948371	0.0812341	0.0702956	0.0589606	0.0529193	0.0447274	0.0387336	0.0417372	0.0348745	0.0304551	0.028299	0.025484	0.0236105	0.0217621	0.0177569	0.0139291	0.0107031	0.0079813	0.00577994	0.00385556	0.0021586	0.00111432	0.000500861	0.000194954	6.26741e-005	1.4642e-005	2.66541e-006	3.41294e-007	2.8399e-008	1.41385e-009	3.94546e-011	5.81127e-013	
59	0.036	8	task-0:0.405	|	0.251034	0.394346	0.356389	0.239677	0.24198	0.24242	0.237584	0.233989	0.215643	0.173322	0.191111	0.159039	0.147897	0.144695	0.123937	0.108969	0.0951889	0.0806496	0.0677692	0.05552	0.0454649	0.0361542	0.038604	0.0304444	0.0268661	0.024734	0.0222209	0.019674	0.0170245	0.0153957	0.01407	0.0127686	0.0114117	0.00991194	0.00865543	0.00799855	0.00709408	0.00610533	0.00501084	0.00380176	0.00253276	0.00135882	0.000596567	0.000693815	0.000273498	0.000104387	7.61898e-005	3.46095e-005	1.17334e-005	2.50394e-006	2.8438e-007	2.83577e-008	9.17273e-010	4.61801e-010	2.76609e-011	7.72681e-012	1.0521e-012	8.66429e-014	0	
56	0.035	8	task-0:0.48	|	0.239709	0.598667	0.598548	0.533707	0.242884	0.2555	0.220198	0.201542	0.183577	0.169479	0.161992	0.156435	0.150509	0.146463	0.138676	0.130607	0.123306	0.117884	0.110101	0.10066	0.0927762	0.0861939	0.0788663	0.0710427	0.0668592	0.0630967	0.0597109	0.0564371	0.053443	0.0471375	0.0427199	0.0388518	0.034901	0.0306488	0.0261011	0.0216439	0.0183457	0.0171958	0.0123904	0.0121469	0.0102002	0.00786771	0.00621549	0.004908	0.00393655	0.00308135	0.00256456	0.00222105	0.00188561	0.00146193	0.00137045	0.0010613	0.000884438	0.000763721	0.000698214	0.000485605	
