66	0.065	8	task-0:0.115	|	0.268559	0.589146	0.568335	0.357514	0.225923	0.235499	0.213226	0.160915	0.134275	0.0933519	0.0604759	0.0267511	0.01245	0.00389275	0.00113888	0.000179976	1.32009e-005	4.59865e-007	6.58885e-009	2.59777e-010	1.79403e-010	4.35028e-012	1.20183e-009	1.20086e-009	1.21161e-011	7.65238e-012	7.6525e-012	2.05616e-012	2.0243e-012	1.05014e-012	5.70835e-013	2.99445e-013	1.38984e-013	3.75838e-014	5.34142e-014	2.11415e-014	2.6505e-014	2.6505e-014	0	0	0	0	0	0	0	0	0	0	0	0	0	0	0	0	0	0	0	0	0	0	0	0	0	0	0	0	
66	0.063	8	task-0:0.175	|	0.304537	0.519004	0.481198	0.346891	0.246611	0.261977	0.259212	0.241431	0.236186	0.231432	0.226351	0.221627	0.202294	0.170709	0.130476	0.101911	0.0801462	0.0609016	0.112828	0.0576507	0.0294046	0.0356569	0.00651203	0.00102991	1.62512e-005	5.30159e-006	2.77869e-007	4.80503e-008	7.46484e-009	2.60993e-008	9.87873e-010	3.79788e-010	1.3258e-010	1.13713e-010	7.34657e-012	1.18238e-012	9.29876e-011	2.54313e-012	3.99771e-013	3.99592e-013	2.58647e-013	5.43009e-013	2.66938e-013	1.32764e-013	4.00554e-014	3.7629e-014	0	0	0	0	0	0	0	0	0	0	0	0	0	0	0	0	0	0	0	0	
76	0.071	8	task-0:0.175	|	0.23656	0.3973	0.396481	0.365356	0.238582	0.363772	0.36214	0.275436	0.228509	0.226443	0.218485	0.210184	0.200781	0.192814	0.17723	0.167654	0.1555	0.135515	0.117797	0.099767	0.0797742	0.060588	0.0432808	0.0257745	0.0144283	0.00794074	0.00331654	0.00121833	0.000354888	9.45764e-005	1.1827e-006	5.74093e-010	0	0	0	0	0	0	0	0	0	0	0	0	0	0	0	0	0	0	0	0	0	0	0	0	0	0	0	0	0	0	0	0	0	0	0	0	0	0	0	0	0	0	0	0	
76	0.073	8	task-0:0.205	|	0.25381	0.399207	0.398689	0.365834	0.256336	0.255378	0.261043	0.259222	0.234668	0.251236	0.246364	0.230777	0.233531	0.231985	0.223901	0.219582	0.215378	0.210208	0.204455	0.197258	0.188828	0.179186	0.167264	0.152419	0.134674	0.0970912	0.0443266	0.108536	0.034823	0.0883034	0.0330275	0.0206821	0.0359047	0.0513914	0.0156843	0.0236405	0.0283594	0.00959295	0.0116657	0.0118042	0.0037015	0.00161085	0.00174116	0.00180802	0.000453641	0.000155499	3.78751e-005	5.52951e-006	4.01595e-007	8.11243e-007	2.86351e-009	3.29238e-011	7.02385e-011	5.96374e-013	3.68839e-013	1.05111e-013	0	0	0	0	0	0	0	0	0	0	0	0	0	0	0	0	0	0	0	0	
70	0.068	8	task-0:0.12	|	0.237851	0.397858	0.396486	0.346036	0.229573	0.228543	0.222912	0.204275	0.167357	0.139503	0.106487	0.0739091	0.042979	0.0209892	0.00845333	0.00269408	0.000492696	0.00989048	9.4799e-005	0.000115411	3.52168e-005	5.02468e-006	1.19851e-005	1.24339e-006	6.12391e-007	2.62489e-007	9.96743e-008	2.85413e-008	6.61349e-009	1.13429e-009	1.26252e-010	9.4728e-012	5.98242e-012	4.42846e-013	1.03068e-013	0	0	0	0	0	0	0	0	0	0	0	0	0	0	0	0	0	0	0	0	0	0	0	0	0	0	0	0	0	0	0	0	0	0	0	
63	0.062	8	task-0:0.13	|	0.250903	0.585947	0.556627	0.252001	0.219837	0.219624	0.185718	0.179121	0.147832	0.117435	0.0902936	0.0528212	0.0254073	0.00408897	0.00024704	3.77228e-006	6.97657e-009	2.94821e-013	0	0	0	0	0	0	0	0	0	0	0	0	0	0	0	0	0	0	0	0	0	0	0	0	0	0	0	0	0	0	0	0	0	0	0	0	0	0	0	0	0	0	0	0	0	
72	0.072	8	task-0:0.13	|	0.230693	0.585322	0.561382	0.342531	0.224522	0.231665	0.20748	0.145145	0.101134	0.0491992	0.0135132	0.00126083	3.33122e-005	6.71964e-007	0.000257942	1.94662e-007	1.04053e-006	1.02927e-006	3.98354e-008	8.62915e-007	8.62915e-007	1.6088e-008	2.16866e-008	1.44468e-008	6.2538e-009	5.88145e-009	3.41876e-009	1.6568e-009	7.58697e-010	3.28084e-010	1.25182e-010	4.5605e-011	1.5946e-011	4.29567e-012	1.75034e-012	7.56931e-013	2.84139e-013	1.74302e-013	5.64992e-014	0	0	0	0	0	0	0	0	0	0	0	0	0	0	0	0	0	0	0	0	0	0	0	0	0	0	0	0	0	0	0	0	0	
72	0.069	8	task-0:0.175	|	0.244675	0.396572	0.390504	0.285934	0.22953	0.229542	0.208708	0.206444	0.191518	0.181237	0.168284	0.15419	0.140108	0.124955	0.106031	0.08573	0.060136	0.0527979	0.0227456	0.0421474	0.0229903	0.015559	0.0155541	0.0123255	0.012869	0.00995551	0.00772983	0.00643078	0.00525948	0.00417997	0.00322874	0.0024147	0.00164398	0.00105259	0.000614345	0.00031748	0.000140205	4.78655e-005	1.27524e-005	2.37402e-006	3.17445e-007	2.06324e-008	1.62275e-009	6.79697e-011	4.4347e-012	8.35807e-013	0	0	0	0	0	0	0	0	0	0	0	0	0	0	0	0	0	0	0	0	0	0	0	0	0	0	
63	0.062	8	task-0:0.16	|	0.251122	0.586707	0.545831	0.244051	0.227543	0.227215	0.19542	0.177458	0.150622	0.120064	0.08453	0.0492505	0.0115095	0.00199141	0.000778123	2.76892e-005	3.38722e-007	8.67706e-009	1.07003e-009	9.79687e-013	0	0	0	0	0	0	0	0	0	0	0	0	0	0	0	0	0	0	0	0	0	0	0	0	0	0	0	0	0	0	0	0	0	0	0	0	0	0	0	0	0	0	0	
77	0.075	8	task-0:0.21	|	0.382799	0.394522	0.3929	0.31435	0.299136	0.299063	0.243898	0.23907	0.232635	0.221501	0.210877	0.20484	0.193305	0.183326	0.175067	0.162772	0.150688	0.136953	0.122135	0.106362	0.0899417	0.0770422	0.0669082	0.0570627	0.0496603	0.0424873	0.0324709	0.00903403	0.00101699	0.000281076	0.000210065	8.68354e-007	1.57875e-007	2.15872e-008	0.00045763	0.000166762	5.92819e-008	6.48839e-009	4.05462e-009	1.75866e-009	2.69861e-009	8.86913e-009	1.52992e-010	6.11912e-011	1.56098e-010	1.29726e-011	2.09539e-012	4.54562e-014	0	0	0	0	0	0	0	0	0	0	0	0	0	0	0	0	0	0	0	0	0	0	0	0	0	0	0	0	0	
66	0.047	8	task-0:0.155	|	0.341916	0.397237	0.396324	0.351515	0.240462	0.243532	0.240947	0.22996	0.209641	0.195841	0.166689	0.133886	0.0969751	0.0484647	0.0260788	0.0168266	0.010419	0.00633556	0.00358367	0.00163737	0.000589471	0.000170516	3.69072e-005	1.29724e-005	2.70436e-006	5.51778e-007	7.3904e-008	1.47849e-008	1.37739e-009	1.1578e-010	6.90425e-012	1.09442e-012	0	0	0	0	0	0	0	0	0	0	0	0	0	0	0	0	0	0	0	0	0	0	0	0	0	0	0	0	0	0	0	0	0	0	
79	0.055	8	task-0:0.16	|	0.262055	0.384778	0.307013	0.53551	0.535446	0.281079	0.327644	0.326054	0.245602	0.278007	0.264793	0.219215	0.217133	0.204078	0.190614	0.181428	0.168815	0.161826	0.155094	0.139914	0.117853	0.0909004	0.0636325	0.0467414	0.0434981	0.0323125	0.0256649	0.0158192	0.00975737	0.00673867	0.00456037	0.00274516	0.00161162	0.000909649	0.000484973	0.000244717	0.000143381	7.78965e-005	4.42529e-005	1.3639e-005	5.92952e-006	2.51783e-005	3.11151e-006	1.47853e-006	7.93297e-007	4.88531e-007	5.8979e-007	7.65005e-008	2.60066e-008	8.5456e-009	1.16035e-008	1.47678e-009	6.77831e-010	2.66877e-010	8.71555e-011	2.29251e-011	1.66188e-011	6.65078e-013	4.24546e-011	6.53095e-013	2.10232e-013	2.10232e-013	1.17554e-013	1.59092e-012	1.59092e-012	1.67233e-013	8.30625e-014	9.31652e-014	4.01208e-014	0	0	0	0	0	0	0	0	0	0	
75	0.05	8	task-0:0.22	|	0.514563	0.279171	0.252605	0.241235	0.241271	0.240348	0.240147	0.238875	0.237645	0.235945	0.230707	0.214564	0.165105	0.117541	0.107873	0.148898	0.175421	0.183091	0.191475	0.198871	0.200009	0.188057	0.163768	0.119589	0.0101358	0.000283861	5.34825e-006	0.000850136	0.000111031	1.33559e-007	1.13019e-007	4.43121e-008	3.58236e-007	7.26658e-008	1.49431e-009	2.74664e-010	1.20694e-010	4.28998e-011	4.48954e-012	2.34139e-013	0	0	0	0	0	0	0	0	0	0	0	0	0	0	0	0	0	0	0	0	0	0	0	0	0	0	0	0	0	0	0	0	0	0	0	
87	0.081	8	task-0:0.145	|	0.231627	0.169764	0.593957	0.53234	0.326836	0.326836	0.0906299	0.0906299	0.163916	0.163916	0.0902763	0.102315	0.102315	0.079178	0.0851811	0.0811653	0.0712597	0.067949	0.0635155	0.0579151	0.0525872	0.0465375	0.0400667	0.0334225	0.0269265	0.0209643	0.0158812	0.0119647	0.00946427	0.00701642	0.00516414	0.00339257	0.00209866	0.00110899	0.000503835	0.000191392	5.96018e-005	1.61456e-005	2.72442e-006	4.40501e-007	1.0195e-007	4.12692e-008	7.58775e-009	2.38709e-009	4.73719e-010	6.99867e-011	6.89386e-012	4.45587e-013	0	0	0	0	0	0	0	0	0	0	0	0	0	0	0	0	0	0	0	0	0	0	0	0	0	0	0	0	0	0	0	0	0	0	0	0	0	0	0	
71	0.061	8	task-0:0.255	|	0.406139	0.387856	0.381964	0.284863	0.271855	0.270522	0.234604	0.267473	0.264522	0.23666	0.230628	0.228363	0.222296	0.216636	0.206779	0.191085	0.162185	0.0916885	0.0850165	0.0503058	0.02402	0.00524439	0.0200055	0.00136846	0.000926182	0.000275574	6.53798e-005	1.23805e-005	1.98317e-006	1.76132e-007	4.07003e-008	0.00118946	0.000456151	1.52159e-008	1.50957e-008	1.53205e-008	1.45712e-006	1.60268e-007	6.80174e-009	6.41958e-009	5.42703e-009	4.81133e-009	8.98721e-009	3.65197e-008	9.21724e-009	4.57734e-009	3.24557e-009	2.99744e-009	2.94613e-009	6.139e-010	2.48411e-010	2.76617e-010	2.85383e-010	5.21705e-011	4.14792e-012	6.1941e-013	2.01722e-013	6.0655e-014	0	0	0	0	0	0	0	0	0	0	0	0	0	
63	0.06	8	task-0:0.16	|	0.283442	0.575596	0.568044	0.385581	0.236714	0.233046	0.222849	0.206946	0.189126	0.175934	0.16169	0.131409	0.0536982	0.00704628	0.00060384	1.91947e-005	1.98402e-006	1.15265e-007	2.38665e-008	7.1147e-009	6.96666e-010	1.66352e-010	6.58663e-011	2.08645e-011	5.14165e-012	1.19228e-012	1.62026e-013	0	0	0	0	0	0	0	0	0	0	0	0	0	0	0	0	0	0	0	0	0	0	0	0	0	0	0	0	0	0	0	0	0	0	0	0	
77	0.057	8	task-0:0.14	|	0.247392	0.391974	0.34536	0.367848	0.367765	0.195232	0.19328	0.167305	0.146737	0.124824	0.100582	0.0754826	0.0521477	0.0409942	0.0276936	0.0168302	0.00886505	0.00586357	0.00297446	0.00170002	0.000936699	0.000528316	0.000309901	0.000147694	6.53011e-005	2.55596e-005	7.663e-006	1.87043e-006	3.33835e-007	4.02479e-008	3.04136e-009	1.31881e-010	3.23275e-012	3.6096e-014	5.56716e-012	0	0	0	0	0	0	0	0	0	0	0	0	0	0	0	0	0	0	0	0	0	0	0	0	0	0	0	0	0	0	0	0	0	0	0	0	0	0	0	0	0	0	
63	0.056	8	task-0:0.125	|	0.238299	0.590985	0.559269	0.247825	0.230604	0.230096	0.201502	0.180819	0.154038	0.123655	0.0922388	0.0619183	0.0256393	0.0102066	0.00120262	0.000250669	7.27584e-006	1.88287e-007	5.82708e-009	9.80151e-008	5.92375e-010	1.78049e-008	1.77888e-008	4.53885e-010	1.5847e-009	1.5847e-009	1.30704e-010	3.26147e-010	2.38326e-010	8.27795e-011	7.7865e-011	5.8998e-011	3.30885e-011	1.88303e-011	1.15019e-011	5.51658e-012	2.34053e-012	8.4128e-013	2.41609e-013	5.28105e-014	0	0	0	0	0	0	0	0	0	0	0	0	0	0	0	0	0	0	0	0	0	0	0	
74	0.063	8	task-0:0.165	|	0.249625	0.399115	0.398923	0.377018	0.243015	0.395205	0.354645	0.26072	0.232371	0.231662	0.230543	0.228015	0.220998	0.214967	0.201466	0.18554	0.18095	0.168323	0.157346	0.149176	0.137363	0.122541	0.0823251	0.04472	0.00717042	0.00581612	0.000152773	0.000109243	8.58125e-007	2.42517e-007	4.97132e-010	2.3841e-012	0	0	0	0	0	0	0	0	0	0	0	0	0	0	0	0	0	0	0	0	0	0	0	0	0	0	0	0	0	0	0	0	0	0	0	0	0	0	0	0	0	0	
57	0.046	8	task-0:0.11	|	0.232897	0.154812	0.172975	0.305074	0.0979914	0.266954	0.266079	0.0326273	0.13185	0.13118	0.0258691	0.0446286	0.0446286	0.019701	0.028146	0.0268162	0.0174581	0.0157758	0.0140234	0.0122169	0.0104119	0.00839609	0.00631767	0.00441884	0.00282925	0.00161968	0.000810916	0.000345551	0.000119853	3.28824e-005	1.17277e-005	7.37021e-006	1.8036e-006	1.79909e-006	5.03387e-007	2.01413e-007	8.52979e-008	3.27606e-008	1.10591e-008	3.04861e-009	7.12058e-010	1.7347e-010	4.0398e-011	5.38174e-012	7.87797e-013	3.91166e-014	8.03326e-013	0	0	0	0	0	0	0	0	0	0	
84	0.073	8	task-0:0.125	|	0.240114	0.394048	0.3453	0.396889	0.396852	0.183985	0.200827	0.150637	0.139093	0.115836	0.0977857	0.0845188	0.0710133	0.0574207	0.0405517	0.0246652	0.0128044	0.00592562	0.0088736	0.00309521	0.00649233	0.00463218	0.00175376	0.00169183	0.00118704	0.000873264	0.000604678	0.000402692	0.000252329	0.000148912	7.51561e-005	3.79519e-005	1.7798e-005	7.70123e-006	2.87195e-006	9.34374e-007	2.48887e-007	7.19177e-008	1.42074e-008	1.22668e-008	2.0061e-009	7.38689e-010	2.30663e-010	5.69745e-011	1.06929e-011	1.55022e-012	1.57472e-013	0	0	0	0	0	0	0	0	0	0	0	0	0	0	0	0	0	0	0	0	0	0	0	0	0	0	0	0	0	0	0	0	0	0	0	0	0	
64	0.054	8	task-0:0.13	|	0.291516	0.581505	0.575626	0.482795	0.284314	0.255949	0.249434	0.2383	0.232302	0.21458	0.175643	0.089313	0.0170135	0.00566323	0.00335356	0.00191261	0.000515072	7.1686e-005	9.70057e-006	1.0987e-006	1.68813e-007	1.0849e-008	1.08455e-009	1.10281e-010	4.31376e-011	9.04749e-012	1.19776e-012	2.84518e-013	7.14132e-014	2.08534e-014	2.21558e-014	0	0	0	0	0	0	0	0	0	0	0	0	0	0	0	0	0	0	0	0	0	0	0	0	0	0	0	0	0	0	0	0	0	
62	0.038	8	task-0:0.3	|	0.384638	0.396629	0.39414	0.34759	0.235828	0.231679	0.22071	0.188093	0.157263	0.128884	0.10535	0.0729709	0.0310419	0.012912	0.0819245	0.00964052	0.00453457	0.0226403	0.00308616	0.00473657	0.00710916	0.00173292	0.0015693	0.00465562	0.00182186	0.00110101	0.000708506	0.000862867	0.00133369	0.000296185	0.000266708	0.000273062	0.000426453	0.000127014	8.23956e-005	5.84499e-005	4.86359e-005	5.13078e-005	6.11068e-006	1.56536e-006	1.46035e-006	1.13875e-006	1.08988e-007	1.99489e-008	3.00534e-009	3.77329e-010	5.09493e-011	3.61218e-013	2.28807e-013	0	0	0	0	0	0	0	0	0	0	0	0	0	
62	0.058	8	task-0:0.14	|	0.235386	0.590785	0.560768	0.261182	0.225982	0.225444	0.198503	0.186913	0.160776	0.126699	0.0791667	0.0220249	0.00299429	0.000411306	1.94652e-005	8.26502e-007	2.05369e-008	2.96642e-010	1.96362e-012	0	0	0	0	0	0	0	0	0	0	0	0	0	0	0	0	0	0	0	0	0	0	0	0	0	0	0	0	0	0	0	0	0	0	0	0	0	0	0	0	0	0	0	
65	0.047	8	task-0:0.165	|	0.359003	0.393214	0.391341	0.340314	0.240337	0.241074	0.245367	0.233062	0.213844	0.197956	0.167726	0.131424	0.0894385	0.0489224	0.0199185	0.00578385	0.00701406	0.000892466	0.000377446	0.000163952	8.27344e-005	1.34515e-005	3.1476e-006	4.96532e-006	5.79935e-007	3.05071e-007	1.83182e-007	2.63587e-008	6.23088e-009	1.10437e-009	1.48876e-010	1.50591e-010	1.14567e-011	9.1512e-012	1.13593e-012	2.35061e-013	3.12227e-014	0	0	0	0	0	0	0	0	0	0	0	0	0	0	0	0	0	0	0	0	0	0	0	0	0	0	0	0	
71	0.065	8	task-0:0.105	|	0.253115	0.397245	0.395985	0.366392	0.255269	0.283527	0.262323	0.236452	0.240169	0.237075	0.228192	0.224415	0.215425	0.198747	0.177129	0.149878	0.0991674	0.0700964	0.0400237	0.0361865	0.0132549	0.00704951	0.000959115	0.000657377	0.000104128	7.62883e-005	9.35878e-005	5.97592e-006	1.01307e-006	3.21606e-007	1.63035e-007	5.60372e-008	4.86621e-009	2.19049e-010	1.48684e-011	1.09653e-012	6.14627e-014	0	0	0	0	0	0	0	0	0	0	0	0	0	0	0	0	0	0	0	0	0	0	0	0	0	0	0	0	0	0	0	0	0	0	
84	0.077	8	task-0:0.155	|	0.262286	0.399047	0.398569	0.364865	0.263076	0.261821	0.268243	0.266814	0.24375	0.257324	0.2548	0.239452	0.239038	0.237319	0.230868	0.228121	0.224787	0.221287	0.218797	0.213702	0.207145	0.200395	0.192737	0.183986	0.170901	0.137362	0.083367	0.142418	0.134024	0.118075	0.106236	0.0940365	0.0792628	0.0651835	0.0130962	0.003788	0.074504	0.0734212	0.00222682	0.00176942	0.0261174	0.0212369	0.00190662	0.00102379	0.000888615	0.000944237	0.00399949	0.00276464	0.000608274	0.00042897	0.000449259	0.000448471	0.000380635	0.000333572	0.000132891	6.35458e-005	2.67221e-005	9.49997e-006	2.7195e-006	5.97857e-007	9.65671e-008	1.13301e-008	9.09911e-010	3.89837e-011	6.24999e-013	4.81226e-012	0	0	0	0	0	0	0	0	0	0	0	0	0	0	0	0	0	0	
67	0.061	8	task-0:0.155	|	0.303458	0.397643	0.397203	0.342217	0.27604	0.275141	0.255302	0.251512	0.233128	0.222741	0.20677	0.190714	0.171471	0.151504	0.129916	0.108919	0.0700635	0.0377922	0.0280121	0.0139928	0.0141102	0.00681017	0.00622143	0.00309423	0.00187702	0.000999211	0.000528578	0.000252625	8.77597e-005	2.07281e-005	3.43043e-006	3.59335e-007	2.1729e-008	8.42219e-010	2.33148e-009	1.33456e-011	2.44599e-012	2.18196e-013	0	0	0	0	0	0	0	0	0	0	0	0	0	0	0	0	0	0	0	0	0	0	0	0	0	0	0	0	0	
64	0.057	8	task-0:0.15	|	0.315296	0.565055	0.55833	0.365569	0.245167	0.243936	0.218312	0.193455	0.156392	0.119171	0.0888154	0.0331393	0.00295657	3.00325e-005	1.44919e-005	3.1275e-006	6.22919e-006	1.24065e-006	2.31936e-006	3.53344e-007	5.50904e-007	4.90437e-007	1.76553e-007	1.63601e-007	1.10364e-007	6.55841e-008	3.91001e-008	2.18852e-008	1.10589e-008	5.00183e-009	2.00298e-009	6.78339e-010	2.01848e-010	5.0827e-011	1.11212e-011	2.17437e-012	2.95069e-013	4.40361e-013	4.23471e-014	2.3275e-014	0	0	0	0	0	0	0	0	0	0	0	0	0	0	0	0	0	0	0	0	0	0	0	0	
70	0.056	8	task-0:0.155	|	0.27611	0.395877	0.394987	0.34304	0.245721	0.247938	0.241155	0.232612	0.21951	0.20385	0.173979	0.131813	0.0809317	0.0346785	0.0132172	0.0186941	0.00365902	0.00908488	0.00371877	0.00161846	0.00161846	0.00121631	0.00142529	0.00097228	0.000732663	0.00062441	0.000494962	0.000368903	0.000262951	0.000176044	0.000107962	6.00623e-005	2.9828e-005	1.31873e-005	4.94349e-006	1.54562e-006	3.80147e-007	6.14859e-008	8.573e-009	1.00544e-009	1.75236e-010	9.4076e-012	6.94967e-013	3.60113e-013	0	0	0	0	0	0	0	0	0	0	0	0	0	0	0	0	0	0	0	0	0	0	0	0	0	0	
105	0.092	8	task-0:0.325	|	0.341592	0.379983	0.371376	0.323763	0.256711	0.243888	0.239577	0.231846	0.227404	0.219516	0.210013	0.197374	0.180505	0.149544	0.0986573	0.061175	0.199557	0.0851345	0.0519953	0.119454	0.162411	0.197196	0.219894	0.232143	0.237195	0.238519	0.239476	0.239985	0.240065	0.240082	0.240001	0.240001	0.240016	0.240016	0.240002	0.240002	0.240002	0.24	0.24	0.24	0.239998	0.239992	0.23996	0.239744	0.237779	0.221729	0.207605	0.201749	0.136834	0.0715193	0.0434372	2.14058e-005	0.0704952	0.0703743	0.00528159	2.29383e-007	1.57874e-008	0	0	0	0	0	0	0	0	0	0	0	0	0	0	0	0	0	0	0	0	0	0	0	0	0	0	0	0	0	0	0	0	0	0	0	0	0	0	0	0	0	0	0	0	0	0	0	0	
69	0.056	8	task-0:0.15	|	0.244294	0.575139	0.46001	0.205518	0.20516	0.105925	0.105925	0.106444	0.106444	0.086724	0.0837436	0.0765329	0.069805	0.0625513	0.0538776	0.0441767	0.0338647	0.0238264	0.0149321	0.00805533	0.00371808	0.001358	0.000396283	9.30946e-005	1.653e-005	6.00263e-006	6.0992e-007	7.58365e-008	8.82666e-009	7.51723e-010	4.56737e-011	1.40707e-012	0	0	0	0	0	0	0	0	0	0	0	0	0	0	0	0	0	0	0	0	0	0	0	0	0	0	0	0	0	0	0	0	0	0	0	0	0	
136	0.086	8	task-0:0.28	|	0.301066	0.377682	0.358292	0.294144	0.239152	0.30436	0.295519	0.258253	0.239865	0.248775	0.248246	0.239883	0.240214	0.240022	0.237961	0.239133	0.238509	0.23651	0.235006	0.233647	0.232145	0.229875	0.226485	0.221887	0.215964	0.209336	0.203865	0.201349	0.200207	0.200115	0.200111	0.2	0.2	0.200024	0.200024	0.200004	0.200002	0.200002	0.2	0.2	0.199995	0.15009	0.199999	0.2	0.199999	0.199828	0.150021	0.2	0.199987	0.149993	0.14734	0.099951	0.0500157	0.0500055	0.0967143	0.0963134	0.0499612	0.0499401	0.0499149	0.0982313	0.0980114	0.0676953	0.0497524	0.0496897	0.053271	0.0877442	0.0858967	0.0634862	0.0496272	0.0494964	0.0534261	0.0660259	0.0695583	0.0683604	0.0674424	0.066825	0.066542	0.0666444	0.0672038	0.0683131	0.0456215	0.0527801	0.0530212	0.0539686	0.0559684	0.0344879	0.0418291	0.0444803	0.0290545	0.0208287	0.0330424	0.0199926	0.015279	0.011467	0.0161573	0.0127393	0.00726873	0.00473991	0.00309447	0.00180474	0.000901999	0.000365639	0.0001146	2.81174e-005	0.109391	0.00529118	1.1982e-005	1.1919e-005	7.96395e-006	0.00844712	0.00673495	4.60145e-005	7.62045e-006	7.4058e-006	6.09579e-006	2.32617e-005	1.71049e-005	4.97231e-006	3.93424e-006	3.32073e-006	2.95262e-006	2.58756e-006	2.19917e-006	1.89176e-006	1.14192e-006	7.78992e-007	5.08109e-007	3.07039e-007	1.65768e-007	7.5853e-008	2.72214e-008	6.86965e-009	1.09836e-009	1.14822e-010	2.46215e-011	2.98788e-012	
64	0.045	8	task-0:0.195	|	0.334845	0.396497	0.395444	0.344167	0.246219	0.245922	0.244351	0.232733	0.216893	0.209725	0.189516	0.168312	0.144317	0.0696505	0.0181254	0.0121331	0.00258724	0.000231468	0.00924294	3.74512e-005	0.000119045	9.68363e-006	5.95079e-006	4.04745e-006	2.94289e-005	2.38508e-006	1.90409e-006	2.36624e-006	6.62088e-006	7.43827e-006	6.80764e-007	6.39984e-007	6.1789e-007	4.16894e-006	9.11173e-007	1.25822e-006	3.06701e-006	6.16404e-007	6.56355e-007	7.63663e-007	1.26383e-006	3.46809e-006	7.52673e-007	5.70303e-007	4.93929e-007	4.75127e-007	5.16681e-007	6.77118e-007	1.18488e-006	2.73794e-006	2.31008e-007	2.8142e-007	1.16669e-006	7.4765e-007	6.96227e-007	8.46074e-007	1.37403e-006	3.46459e-007	2.23451e-007	1.50967e-007	1.90596e-007	2.25949e-007	3.21801e-007	5.63214e-007	
78	0.053	8	task-0:0.165	|	0.249251	0.24193	0.463894	0.165471	0.36904	0.359103	0.145132	0.380037	0.380037	0.130795	0.177848	0.177848	0.101815	0.12079	0.110104	0.086515	0.0882519	0.0794134	0.0681073	0.0613997	0.0532733	0.0447341	0.0368646	0.0283966	0.0200557	0.0128056	0.00718211	0.00342824	0.00135397	0.000440317	0.000121321	3.56014e-005	6.77696e-006	2.77278e-005	1.60716e-006	3.00748e-005	3.00748e-005	2.75767e-006	2.33416e-006	2.27626e-006	1.07668e-006	1.21652e-006	8.63195e-007	6.49495e-007	5.12279e-007	3.75462e-007	2.49777e-007	1.57418e-007	9.04138e-008	4.62708e-008	2.08209e-008	7.89562e-009	2.42901e-009	5.83042e-010	1.03303e-010	1.26307e-011	9.96704e-013	2.47256e-014	2.65567e-012	5.43426e-014	0	0	0	0	0	0	0	0	0	0	0	0	0	0	0	0	0	0	
62	0.051	8	task-0:0.16	|	0.253875	0.573188	0.51997	0.235557	0.232455	0.232414	0.206778	0.187115	0.160482	0.128616	0.0940225	0.049231	0.0170386	0.00115533	0.000341565	1.20184e-007	8.1324e-010	8.47312e-007	1.22066e-010	7.53301e-008	7.53301e-008	4.41273e-011	7.34499e-010	7.34499e-010	3.91027e-012	4.26641e-011	2.9214e-011	2.27957e-012	5.99589e-012	5.07663e-012	1.19284e-012	1.75392e-012	1.37781e-012	7.12934e-013	5.08131e-013	3.48861e-013	2.17825e-013	1.24777e-013	6.31592e-014	0	0	0	0	0	0	0	0	0	0	0	0	0	0	0	0	0	0	0	0	0	0	0	
87	0.073	8	task-0:0.13	|	0.267244	0.586391	0.556879	0.371689	0.254159	0.232276	0.224575	0.196897	0.16132	0.10742	0.0517151	0.0177654	0.00374928	0.000505245	0.0199034	0.000169933	0.000441103	0.00043924	7.8667e-005	0.000458481	0.000458292	4.46464e-005	5.5519e-005	4.42106e-005	2.66551e-005	2.23491e-005	1.5632e-005	9.73912e-006	5.86055e-006	3.09928e-006	1.37644e-006	5.02944e-007	1.52968e-007	4.37893e-008	1.10704e-008	2.26106e-009	3.41001e-010	3.01772e-011	9.62602e-012	1.25152e-012	1.82715e-013	2.25393e-013	2.80375e-014	5.94957e-014	5.94957e-014	2.02113e-014	4.32447e-014	4.32447e-014	0	0	0	0	0	0	0	0	0	0	0	0	0	0	0	0	0	0	0	0	0	0	0	0	0	0	0	0	0	0	0	0	0	0	0	0	0	0	0	
86	0.067	8	task-0:0.135	|	0.247106	0.586324	0.565384	0.395852	0.25096	0.224693	0.215306	0.182663	0.155335	0.0921593	0.0717304	0.0263707	0.0580014	0.0579675	0.0215314	0.0206413	0.0174009	0.0107123	0.00732117	0.00454614	0.00248176	0.0012015	0.000475334	0.000140501	2.9642e-005	4.27734e-006	4.08809e-007	6.43536e-007	3.51183e-008	8.33916e-009	1.79605e-009	4.23213e-010	7.03181e-011	7.62147e-012	6.2185e-013	3.58587e-014	5.30235e-014	0	0	0	0	0	0	0	0	0	0	0	0	0	0	0	0	0	0	0	0	0	0	0	0	0	0	0	0	0	0	0	0	0	0	0	0	0	0	0	0	0	0	0	0	0	0	0	0	0	
77	0.074	8	task-0:0.165	|	0.28761	0.591322	0.589495	0.503773	0.243759	0.312433	0.307717	0.257272	0.243401	0.243233	0.232989	0.230932	0.221536	0.211904	0.199379	0.183584	0.164117	0.141745	0.117532	0.0953349	0.0776865	0.0578415	0.0496449	0.0504839	0.054973	0.0392445	0.033049	0.0281767	0.0243388	0.022089	0.0217338	0.0250778	0.00895279	0.00846465	0.0153201	0.00875205	0.00673616	0.00628177	0.00706429	0.00926336	0.0144344	0.00635322	0.00543247	0.00538215	0.00625403	0.00876571	0.0162965	0.00820492	0.00903476	0.0120646	0.00736179	0.00701529	0.00734551	0.00858444	0.0114802	0.0176375	0.0112187	0.0108116	0.0110597	0.0120926	0.0142453	0.00755033	0.00567158	0.00451562	0.00562948	0.00640018	0.00794079	0.0110162	0.0169165	0.00757278	0.00552743	0.00427676	0.00695137	0.0100098	0.0162137	0.00726918	0.00539344	
81	0.078	8	task-0:0.23	|	0.272474	0.569374	0.499532	0.264202	0.230104	0.232611	0.233088	0.230635	0.225181	0.223115	0.222903	0.223868	0.225805	0.228052	0.228443	0.226505	0.22424	0.22062	0.183797	0.145582	0.13626	0.159996	0.119329	0.0657804	0.101664	0.0983649	0.070196	0.0677233	0.0740232	0.0731428	0.0672796	0.0502066	0.0320607	0.0132325	0.00591703	0.000511174	8.31704e-005	3.10952e-006	3.49507e-007	4.82311e-008	5.91763e-009	1.47794e-009	7.90268e-011	1.49674e-011	1.70556e-012	1.90846e-013	2.38491e-014	0	0	0	0	0	0	0	0	0	0	0	0	0	0	0	0	0	0	0	0	0	0	0	0	0	0	0	0	0	0	0	0	0	0	
78	0.074	8	task-0:0.135	|	0.248023	0.581886	0.540996	0.247787	0.215462	0.219479	0.204525	0.189692	0.164358	0.12942	0.0733514	0.0315435	0.00996744	0.00208636	0.000407711	0.000102918	4.27618e-005	1.2248e-005	2.82934e-006	4.96157e-007	6.01467e-008	5.00389e-009	3.4509e-009	2.46452e-010	5.70177e-011	1.09215e-011	1.80193e-012	2.00526e-013	0	0	0	0	0	0	0	0	0	0	0	0	0	0	0	0	0	0	0	0	0	0	0	0	0	0	0	0	0	0	0	0	0	0	0	0	0	0	0	0	0	0	0	0	0	0	0	0	0	0	
115	0.109	8	task-0:0.18	|	0.346425	0.377022	0.368753	0.292396	0.247167	0.245981	0.242255	0.238731	0.234416	0.229879	0.222179	0.21162	0.19668	0.178306	0.118212	0.0234842	0.00991934	0.00116536	0.0544848	0.0475705	0.000445818	0.000218193	9.94111e-005	5.20249e-005	0.00114125	0.00029115	2.49211e-005	2.38178e-005	1.86306e-005	1.39895e-005	1.00245e-005	6.83359e-006	4.54284e-006	4.47238e-006	3.39296e-005	2.82771e-006	2.82267e-006	5.87283e-006	1.43899e-006	1.2617e-006	1.59932e-006	4.77233e-006	2.88006e-006	1.11766e-006	1.42068e-006	4.26956e-006	1.24763e-005	1.49798e-006	9.48914e-007	7.78687e-007	7.35547e-007	1.43215e-006	3.38005e-006	9.64214e-006	3.19639e-005	9.8956e-006	1.13364e-005	2.25805e-005	5.7e-005	4.76947e-005	5.47338e-005	5.31164e-005	6.11742e-005	2.46434e-005	1.6875e-005	1.19139e-005	8.46623e-006	7.54327e-006	6.39851e-006	5.70091e-006	3.58976e-006	2.51024e-006	3.53948e-006	1.34084e-006	3.84696e-007	1.31261e-007	3.85828e-008	2.16704e-008	7.54871e-009	1.63875e-009	2.40113e-010	2.04125e-011	8.03884e-013	0	0	0	0	0	0	0	0	0	0	0	0	0	0	0	0	0	0	0	0	0	0	0	0	0	0	0	0	0	0	0	0	
71	0.066	8	task-0:0.225	|	0.262338	0.397078	0.396134	0.367946	0.268235	0.259916	0.249803	0.236691	0.244865	0.243759	0.234916	0.230221	0.228484	0.228014	0.227058	0.225459	0.224384	0.220217	0.200913	0.148491	0.118653	0.113202	0.142271	0.177187	0.192512	0.207311	0.219841	0.228604	0.233781	0.236608	0.238761	0.23977	0.239881	0.240228	0.240247	0.240053	0.24001	0.24001	0.240004	0.240004	0.24	0.24	0.240001	0.240001	0.24	0.24	0.24	0.24	0.24	0.24	0.24	0.24	0.24	0.239982	0.188002	0.24	0.24	0.24	0.24	0.24	0.24	0.24	0.233177	0.168001	0.24	0.24	0.24	0.24	0.24	0.24	0.239315	
66	0.064	8	task-0:0.165	|	0.26869	0.585502	0.574317	0.414242	0.242325	0.240203	0.22831	0.205132	0.175628	0.155585	0.117873	0.0869789	0.0634798	0.050326	0.0341815	0.00463234	0.000199744	2.8371e-005	5.21704e-006	4.31357e-007	1.06567e-007	2.46418e-008	6.18173e-009	1.33758e-009	3.29759e-010	1.85023e-011	1.059e-012	2.73564e-014	5.7386e-013	0	0	0	0	0	0	0	0	0	0	0	0	0	0	0	0	0	0	0	0	0	0	0	0	0	0	0	0	0	0	0	0	0	0	0	0	0	
79	0.069	8	task-0:0.155	|	0.240222	0.398616	0.395285	0.25238	0.294838	0.294762	0.19855	0.280071	0.280069	0.208124	0.203583	0.202815	0.191458	0.188334	0.179391	0.169223	0.157644	0.14469	0.129464	0.111017	0.0909545	0.0694529	0.0478014	0.0278101	0.0166138	0.00508593	0.00229106	0.000201918	5.70054e-005	1.24911e-006	4.91034e-008	6.45212e-007	8.82531e-008	3.81026e-009	2.65269e-009	7.55684e-010	2.41659e-010	2.08414e-009	4.67987e-010	1.46726e-011	3.47916e-012	1.06952e-012	5.19876e-013	8.2139e-014	0	0	0	0	0	0	0	0	0	0	0	0	0	0	0	0	0	0	0	0	0	0	0	0	0	0	0	0	0	0	0	0	0	0	0	
76	0.074	8	task-0:0.165	|	0.238975	0.392814	0.357993	0.300175	0.300045	0.231414	0.229949	0.201516	0.188822	0.178917	0.167393	0.146943	0.127849	0.111425	0.0986285	0.0888727	0.062555	0.0417479	0.0245549	0.0206856	0.00984023	0.00411474	0.00243717	0.00120763	0.00059687	0.000254039	2.5585e-005	6.06241e-006	1.76375e-006	8.30693e-008	1.92017e-008	1.02636e-009	1.83289e-011	3.86411e-013	0	0	0	0	0	0	0	0	0	0	0	0	0	0	0	0	0	0	0	0	0	0	0	0	0	0	0	0	0	0	0	0	0	0	0	0	0	0	0	0	0	0	
76	0.075	8	task-0:0.14	|	0.237711	0.238776	0.310939	0.12514	0.471069	0.352336	0.0463798	0.0463798	0.0918178	0.0918178	0.0410521	0.0515607	0.0512178	0.0382597	0.0358294	0.0330822	0.0297476	0.0267642	0.0230964	0.0192409	0.0154539	0.011872	0.00860668	0.00581692	0.00362284	0.00205541	0.0010827	0.000789856	0.0004431	0.000310663	0.000190854	0.000102496	5.10449e-005	2.29022e-005	9.21106e-006	3.25545e-006	8.88124e-007	3.14067e-007	5.58699e-008	7.94827e-009	7.45291e-010	3.59399e-011	7.75509e-013	4.47827e-013	0	0	0	0	0	0	0	0	0	0	0	0	0	0	0	0	0	0	0	0	0	0	0	0	0	0	0	0	0	0	0	0	
135	0.124	8	task-0:0.27	|	0.287133	0.384733	0.380867	0.322138	0.244282	0.296293	0.280766	0.248173	0.239222	0.239152	0.2406	0.24075	0.239508	0.23977	0.239906	0.239741	0.240102	0.240077	0.239752	0.239559	0.239343	0.238967	0.238317	0.237111	0.23471	0.229796	0.220605	0.215326	0.21254	0.209995	0.207851	0.206187	0.204957	0.204004	0.203156	0.202315	0.201484	0.200727	0.20017	0.200014	0.200014	0.199779	0.150936	0.199982	0.200017	0.199999	0.195239	0.149548	0.10178	0.148945	0.100022	0.136082	0.100028	0.0829149	0.053432	0.0481168	0.0479741	0.0966872	0.0963358	0.0478887	0.0478887	0.0599333	0.0753735	0.0550534	0.0612179	0.0609568	0.0614497	0.0627616	0.0650012	0.0682701	0.0725737	0.0777161	0.0490037	0.0650883	0.0714843	0.0550168	0.047892	0.0656237	0.0768256	0.0735181	0.0610877	0.0553438	0.0529141	0.0502351	0.0472661	0.0439676	0.0403056	0.0362565	0.0318153	0.0270046	0.0130719	0.130553	0.114745	0.0110693	0.0110684	0.0102905	0.122094	0.121807	0.0711312	0.0102991	0.0102967	0.013969	0.0378498	0.0221572	0.0101503	0.0100898	0.0119206	0.0146615	0.0177102	0.0223895	0.0168994	0.0154226	0.0139973	0.0128425	0.0118203	0.0108712	0.0100167	0.0172039	0.0119488	0.0110787	0.0102601	0.00950928	0.0153165	0.0239289	0.0152949	0.0136303	0.0120239	0.0106279	0.00940303	0.00835759	0.020177	0.0114657	0.0101599	0.00899414	0.00798524	
106	0.098	8	task-0:0.34	|	0.239435	0.587791	0.551967	0.274617	0.228832	0.231691	0.23226	0.231572	0.228025	0.228014	0.229949	0.232347	0.234465	0.236259	0.23776	0.238802	0.239458	0.239807	0.239949	0.239989	0.239998	0.24	0.24	0.24	0.24	0.24	0.24	0.24	0.24	0.24	0.24	0.24	0.24	0.239998	0.208002	0.207995	0.207987	0.207977	0.207965	0.20795	0.207933	0.207881	0.175774	0.207854	0.207821	0.207773	0.20678	0.175326	0.136208	0.103796	0.103778	0.103756	0.103643	0.0710803	0.0326955	0.0479747	0.0326844	0.00252107	0.0662473	0.0657187	0.00239173	0.0165935	0.0152469	3.27678e-014	0	0	0	0	0	0	0	0	0	0	0	0	0	0	0	0	0	0	0	0	0	0	0	0	0	0	0	0	0	0	0	0	0	0	0	0	0	0	0	0	0	0	
82	0.086	8	task-0:0.15	|	0.293587	0.398915	0.398415	0.359055	0.26188	0.261868	0.261515	0.261491	0.234617	0.250307	0.242172	0.228018	0.233641	0.23056	0.220301	0.214525	0.209232	0.201874	0.19418	0.184535	0.173155	0.160406	0.147572	0.133385	0.118771	0.10188	0.083269	0.06386	0.0448404	0.0282243	0.0154566	0.0102075	0.00454478	0.00298415	0.000871509	8.84246e-005	5.12944e-006	1.33289e-005	1.08121e-005	2.2695e-009	3.13005e-010	1.32218e-011	2.4802e-005	1.87527e-005	2.99035e-008	1.30883e-011	1.11552e-011	6.54162e-012	2.923e-011	3.55286e-013	3.13116e-014	0	0	0	0	0	0	0	0	0	0	0	0	0	0	0	0	0	0	0	0	0	0	0	0	0	0	0	0	0	0	0	
69	0.072	8	task-0:0.165	|	0.381193	0.386553	0.383486	0.293236	0.277059	0.277071	0.237357	0.236303	0.219707	0.210018	0.193162	0.178946	0.160906	0.139175	0.119253	0.101297	0.0903359	0.0713322	0.0508122	0.0136565	0.000712176	7.6643e-006	0.221694	0.213166	0.016026	1.36523e-005	1.36523e-005	2.37239e-006	0.0219891	0.0161018	5.99043e-006	1.57705e-006	1.21788e-006	6.30739e-007	1.557e-006	4.0491e-007	5.85242e-008	3.76395e-008	1.80549e-008	1.35231e-009	3.24309e-010	1.41836e-009	1.46252e-010	1.62347e-011	4.97986e-012	1.2628e-012	3.37947e-013	2.41571e-013	2.12529e-014	6.85493e-014	0	0	0	0	0	0	0	0	0	0	0	0	0	0	0	0	0	0	0	
71	0.07	8	task-0:0.165	|	0.247286	0.396812	0.389928	0.298977	0.236601	0.270162	0.255167	0.21493	0.211843	0.189473	0.161504	0.12983	0.0916925	0.0533366	0.0222993	0.0126972	0.00599302	0.00332726	0.00183213	0.000463935	0.000159923	3.23096e-005	5.61169e-006	7.84869e-007	5.00167e-008	1.49076e-009	2.47723e-011	1.46785e-012	0	0	0	0	0	0	0	0	0	0	0	0	0	0	0	0	0	0	0	0	0	0	0	0	0	0	0	0	0	0	0	0	0	0	0	0	0	0	0	0	0	0	0	
71	0.071	8	task-0:0.16	|	0.268175	0.398684	0.398487	0.375919	0.241677	0.367966	0.338318	0.266703	0.227702	0.225268	0.209096	0.190553	0.167835	0.143964	0.115451	0.0954877	0.0788925	0.0640966	0.0502897	0.0391494	0.0230888	0.00754409	0.0046701	0.0015594	0.000246261	5.69228e-005	2.25528e-006	3.04838e-007	1.46763e-008	4.826e-010	2.4381e-010	1.44001e-011	2.30166e-013	0	0	0	0	0	0	0	0	0	0	0	0	0	0	0	0	0	0	0	0	0	0	0	0	0	0	0	0	0	0	0	0	0	0	0	0	0	0	
68	0.067	8	task-0:0.13	|	0.231423	0.594323	0.572404	0.261667	0.207142	0.207543	0.176399	0.167323	0.136575	0.102498	0.0793125	0.0444706	0.0284902	0.016482	0.00850651	0.00626305	0.00345046	0.00217924	0.000868081	0.000228259	3.91556e-005	4.17084e-006	2.21759e-007	8.37281e-009	1.64565e-010	2.24483e-012	0	0	0	0	0	0	0	0	0	0	0	0	0	0	0	0	0	0	0	0	0	0	0	0	0	0	0	0	0	0	0	0	0	0	0	0	0	0	0	0	0	0	
75	0.072	8	task-0:0.2	|	0.300259	0.586255	0.584828	0.484294	0.244629	0.307087	0.291849	0.250467	0.23603	0.233854	0.230492	0.227662	0.221696	0.215377	0.204319	0.190941	0.175066	0.152425	0.117307	0.0754311	0.0650107	0.0574768	0.0378074	0.029291	0.0232492	0.0156939	0.00969769	0.00802748	0.0077102	0.00337687	0.00264553	0.00257763	0.00689226	0.00181906	0.00159608	0.00181907	0.000733922	0.000552804	0.000464642	0.000665255	0.000182313	0.000107542	7.22386e-005	0.000101149	1.73309e-005	1.03746e-005	6.0528e-006	3.49194e-006	4.70899e-006	4.64392e-005	3.73254e-006	9.0365e-007	8.97227e-007	7.11691e-007	5.38944e-007	3.86377e-007	2.61072e-007	1.8473e-007	5.87595e-007	1.94217e-007	2.63103e-007	5.33278e-007	1.44028e-007	1.13841e-007	1.10476e-007	1.33458e-007	1.81965e-007	5.63463e-008	4.30039e-008	4.36597e-008	5.85232e-008	9.63382e-008	2.05261e-007	8.12805e-008	7.62097e-008	
73	0.05	8	task-0:0.15	|	0.308533	0.396044	0.395129	0.341056	0.255002	0.253485	0.256018	0.255269	0.235206	0.239037	0.233209	0.219023	0.214278	0.209122	0.199171	0.191314	0.183207	0.173856	0.161393	0.146124	0.120752	0.0940588	0.0485714	0.0197812	0.126721	0.0102693	0.00525758	0.00324814	0.00178283	0.00217715	0.00107574	0.00064892	0.000439991	0.0169926	0.004597	0.000307238	0.000298158	0.000240304	0.000179501	0.000130707	0.000324664	0.000105636	0.000108757	9.52806e-005	8.08486e-005	7.74347e-005	0.000114816	4.2983e-005	3.48605e-005	3.22065e-005	9.00401e-005	1.60501e-005	9.8078e-006	9.09815e-006	4.72204e-006	1.51089e-006	2.26007e-007	1.39128e-007	3.20053e-008	1.25095e-008	8.3105e-009	1.65304e-009	2.95539e-010	1.31583e-010	3.78797e-011	2.95614e-011	1.71235e-011	4.48256e-012	9.00373e-013	1.56997e-013	3.465e-014	0	0	
78	0.076	8	task-0:0.13	|	0.233734	0.587567	0.567587	0.412323	0.268586	0.223337	0.211362	0.175414	0.144917	0.081998	0.0427779	0.00567764	0.00221203	5.64856e-005	8.05516e-006	6.68487e-005	2.02502e-006	2.44966e-006	7.6148e-007	2.60318e-007	5.20042e-007	8.08783e-008	2.48344e-008	1.23142e-008	4.9152e-009	1.66908e-009	4.64907e-010	9.62863e-011	1.5779e-011	5.56237e-012	1.99852e-012	6.27398e-013	1.80224e-013	2.20705e-014	5.96886e-014	0	0	0	0	0	0	0	0	0	0	0	0	0	0	0	0	0	0	0	0	0	0	0	0	0	0	0	0	0	0	0	0	0	0	0	0	0	0	0	0	0	0	0	
65	0.062	8	task-0:0.16	|	0.279252	0.562851	0.544018	0.373971	0.239242	0.235232	0.217835	0.195779	0.17021	0.152367	0.110782	0.0750664	0.034288	0.0166293	0.00431282	0.00102502	0.000299747	0.000148379	2.10498e-005	2.22571e-006	1.98702e-007	1.38064e-008	4.39916e-010	5.18443e-012	2.02321e-014	5.29549e-013	0	0	0	0	0	0	0	0	0	0	0	0	0	0	0	0	0	0	0	0	0	0	0	0	0	0	0	0	0	0	0	0	0	0	0	0	0	0	0	
77	0.07	8	task-0:0.17	|	0.430387	0.392291	0.38826	0.311173	0.271004	0.270941	0.251445	0.247891	0.232237	0.225984	0.211623	0.205005	0.199757	0.187265	0.176343	0.163175	0.1484	0.132895	0.116724	0.0993357	0.0817497	0.0647751	0.0493735	0.0362314	0.0256679	0.0179486	0.0123061	0.00785842	0.00674349	0.00127917	2.83143e-005	1.99064e-006	0.00753016	0.00749366	3.89327e-007	3.71017e-007	0.00142843	0.00116973	4.92584e-006	7.60716e-008	4.00376e-008	1.81045e-008	1.65293e-006	4.49557e-007	9.02739e-010	1.96153e-010	5.44806e-011	2.51314e-010	1.19115e-011	0	0	0	0	0	0	0	0	0	0	0	0	0	0	0	0	0	0	0	0	0	0	0	0	0	0	0	0	
71	0.068	8	task-0:0.165	|	0.33496	0.397342	0.39657	0.331075	0.286521	0.284372	0.235132	0.230675	0.221544	0.211952	0.206913	0.204649	0.194618	0.186436	0.176378	0.16188	0.135922	0.0905657	0.0630334	0.0535683	0.0373325	0.017284	0.00990844	0.0123496	0.00677633	0.00205184	0.00102503	0.000419683	0.000161686	9.54388e-005	3.77225e-005	2.70629e-006	1.8891e-007	1.29861e-008	7.55285e-010	2.34264e-011	3.70868e-013	7.5775e-014	0	0	0	0	0	0	0	0	0	0	0	0	0	0	0	0	0	0	0	0	0	0	0	0	0	0	0	0	0	0	0	0	0	
