68	0.047	0	0	task-3:0.03	task-0:0.015	task-1:0.005	task-2:0.02	|	0.0308259	0.0298824	0.0277258	0.0255887	0.0244453	0.0232188	0.0210792	0.0174938	0.0158069	0.0140261	0.0135762	0.0127167	0.011262	0.00963101	0.0126244	0.00912508	0.00900574	0.00894808	0.00884345	0.00863825	0.00826058	0.00761518	0.00661785	0.00600997	0.0181235	0.00999455	0.0328356	0.0056579	0.00510116	0.00506765	0.0050277	0.00500362	0.00497961	0.00492494	0.00482321	0.00476187	0.00480762	0.00467123	0.00465713	0.00462978	0.00458156	0.00451293	0.00450371	0.00448432	0.00444802	0.00439865	0.00430483	0.00436247	0.00423403	0.00420142	0.00419567	0.0041816	0.00415145	0.00408944	0.0039659	0.00372773	0.00329149	0.00339513	0.0232985	0.0027779	0.0027267	0.00261018	0.00260167	0.00258647	0.00257319	0.00256803	0.00255593	0.0025319	0.00248819	

20	0.015	0	0	task-3:0.03	task-0:0.075	task-1:0.0525	task-2:0.0475	|	0.0259259	0.0253352	0.0239468	0.0220655	0.0198734	0.0184235	0.0155478	0.0106903	0.00682827	0.0227204	0.00588269	0.0057967	0.00562123	0.00528502	0.00468921	0.0037544	0.00325722	0.00789087	0.00297852	0.00265779	0.00248756	

41	0.078	0	0	task-3:0.0216667	task-0:0.0733333	task-1:0.0266667	task-2:0.0166667	|	0.025923	0.0251204	0.0233599	0.0216902	0.0204427	0.0192207	0.0172092	0.0141465	0.0130819	0.0115685	0.0110856	0.0101899	0.00873211	0.00930225	0.00774721	0.00756882	0.00727596	0.00672659	0.00580433	0.00501214	0.0163206	0.00444422	0.00429243	0.00421295	0.00412924	0.00397938	0.00375192	0.00347504	0.00321237	0.00330898	0.00319859	0.00304157	0.00303326	0.00302468	0.0030087	0.00299264	0.00295891	0.00291895	0.00287436	0.00278855	0.0026363	0.00240742	

9	0.032	0	0	task-3:0.5	task-0:0.0725	task-1:0.32625	task-2:0.19375	|	0.0226399	0.0217024	0.0196487	0.0171417	0.0150478	0.0137652	0.0111684	0.00689728	0.00323164	0.00175936	

14	0.063	0	0	task-3:0.3	task-0:0.059	task-1:0.076	task-2:0.271	|	0.0234856	0.022684	0.0209029	0.0187772	0.017051	0.0159016	0.0135577	0.00942259	0.00493399	0.00750715	0.00347357	0.00302212	0.00278572	0.0025592	0.00246694	

20	0.109	0	0	task-3:0.0183333	task-0:0.0275	task-1:0.00583333	task-2:0.0191667	|	0.0242137	0.0229534	0.0202921	0.0179376	0.0167261	0.0153852	0.0127957	0.00868418	0.00678874	0.0108882	0.00521671	0.0050723	0.00480619	0.00443469	0.00398283	0.00328732	0.00264678	0.00721071	0.00264223	0.002674	0.00235823	

17	0.109	0	0	task-3:0.5	task-0:0.0271429	task-1:0.246429	task-2:0.0164286	|	0.0256407	0.024499	0.0219865	0.019641	0.0180148	0.0163456	0.0135044	0.00942983	0.00990272	0.00789191	0.00692742	0.00661539	0.00643835	0.00611686	0.00561395	0.00491562	0.00378731	0.00243145	

49	0.343	0	0	task-3:0.010625	task-0:0.144375	task-1:0.001875	task-2:0.00375	|	0.0318878	0.0302658	0.0263627	0.0227904	0.0206539	0.0174844	0.0138308	0.0113125	0.0084586	0.00863936	0.00663316	0.0063721	0.00633254	0.00622295	0.0059874	0.00555469	0.00487875	0.00502259	0.00983861	0.00421168	0.00406238	0.00398926	0.00396559	0.00391847	0.00382732	0.00368186	0.00341803	0.00460439	0.00341806	0.00334215	0.00331512	0.00326677	0.00323314	0.00317875	0.00307791	0.00304416	0.00300897	0.00293744	0.00292369	0.00289624	0.00284303	0.00274233	0.00277618	0.00274508	0.00261265	0.00259377	0.0025825	0.00255992	0.00251526	0.00242856	

28	0.156	0	0	task-3:0.303889	task-0:0.0683333	task-1:0.00222222	task-2:0.015	|	0.0352196	0.0327113	0.0260847	0.0215835	0.0199759	0.0176916	0.0158706	0.0153581	0.014158	0.0119913	0.00982555	0.0071588	0.00703301	0.0102917	0.00584669	0.00580341	0.00476476	0.00464792	0.00452671	0.00441604	0.00421834	0.00395741	0.00377357	0.00356595	0.00320764	0.00275005	0.00266141	0.00265208	0.00243071	

10	0.094	0	0	task-3:0.2625	task-0:0.1275	task-1:0.495	task-2:0.284	|	0.0275582	0.0262252	0.0231252	0.0195606	0.0168262	0.0146464	0.0109212	0.00577659	0.00405231	0.00469499	0.00240631	

20	0.218	0	0	task-3:0.0127273	task-0:0.104545	task-1:0.490455	task-2:0.505	|	0.0257788	0.0246662	0.0222256	0.0199031	0.0183421	0.0167636	0.013878	0.00939698	0.00889776	0.00643722	0.00595913	0.00554167	0.00486978	0.00385565	0.0035181	0.00298952	0.00281716	0.00273426	0.00267616	0.00254232	0.00227828	

124	1.263	0	0	task-3:0.48125	task-0:0.0208333	task-1:0.505	task-2:0.00333333	|	0.0254331	0.0249183	0.0237819	0.0225487	0.0216258	0.0209235	0.0195389	0.0170737	0.0145575	0.01703	0.0135451	0.0134205	0.0132314	0.01284	0.0121124	0.0109236	0.0100724	0.0129128	0.00944884	0.00906393	0.00900819	0.0089141	0.00879626	0.00857654	0.00842319	0.00815347	0.00807686	0.00783133	0.00777811	0.00777395	0.00775846	0.00771325	0.00761703	0.00745312	0.00729078	0.00703793	0.00712344	0.00686194	0.00681823	0.00682301	0.00681138	0.00678131	0.00672685	0.00667079	0.00662982	0.00658828	0.00651223	0.00644799	0.00636807	0.00623739	0.00600772	0.00607059	0.00674721	0.0057189	0.00570011	0.00566163	0.0055876	0.00549748	0.00552537	0.00544615	0.00543865	0.00542345	0.00539458	0.00534481	0.0052714	0.00520423	0.00512314	0.00514391	0.00508855	0.00507402	0.00504627	0.00500549	0.00494128	0.00482497	0.00503799	0.00476782	0.00474139	0.00473992	0.0047371	0.00473131	0.00472079	0.00470511	0.00468818	0.00465734	0.00460293	0.00456019	0.00455416	0.00451854	0.0045054	0.00448533	0.00445935	0.00443267	0.00439256	0.00433207	0.00421307	0.00398569	0.00359273	0.0101354	0.00362825	0.00348874	0.00347081	0.00346672	0.00345874	0.00344417	0.00342071	0.00340737	0.00339847	0.00339124	0.00337829	0.00335789	0.0033304	0.0033139	0.00330221	0.00329604	0.00328994	0.00327764	0.00325359	0.00320778	0.0031266	0.00297096	0.00268596	0.00553139	0.0082578	0.00257904	0.00245342	

8	0.062	0	0	task-3:0.5	task-0:0.095	task-1:0.505	task-2:0.505	|	0.0228273	0.0216235	0.0189993	0.0158395	0.0141833	0.0129119	0.0101956	0.00585869	0.00214136	

12	0.093	0	0	task-3:0.5	task-0:0.149643	task-1:0.495	task-2:0.0196429	|	0.0240138	0.0229105	0.02049	0.0180557	0.0159993	0.014144	0.0109959	0.00629649	0.00470592	0.00334392	0.00275164	0.00253536	0.00217376	

16	0.172	0	0	task-3:0.0256667	task-0:0.0956667	task-1:0.478667	task-2:0.028	|	0.0362709	0.0335347	0.0260729	0.0201715	0.0178705	0.0136504	0.00952019	0.00668768	0.00591884	0.00556938	0.00490916	0.00427071	0.0041262	0.0038568	0.00343341	0.00288823	0.00208445	

13	0.203	0	0	task-3:0.0171875	task-0:0.102813	task-1:0.018125	task-2:0.495	|	0.0240569	0.0234999	0.0220909	0.0197288	0.0173925	0.0151666	0.0107942	0.00573196	0.00677158	0.00495825	0.00379179	0.00332352	0.00257949	0.00174645	

18	0.266	0	0	task-3:0.0308824	task-0:0.0261765	task-1:0.395	task-2:0.505	|	0.0250868	0.0237128	0.0208307	0.0184969	0.0173264	0.0159109	0.0132955	0.00933526	0.0081159	0.0066894	0.0054884	0.00520739	0.00466992	0.00377681	0.00308851	0.00298858	0.00260862	0.00254551	0.00242772	

119	1.7	0	0	task-3:0.00333333	task-0:0.0266667	task-1:0.00166667	task-2:0.00277778	|	0.0285868	0.0270288	0.0235266	0.0211403	0.0203494	0.0188385	0.0162862	0.0122752	0.0101103	0.0356412	0.00823192	0.00812706	0.00797484	0.00775135	0.00742307	0.00734951	0.00711182	0.00703811	0.00689222	0.00662278	0.00630413	0.00664006	0.00615624	0.0060721	0.00599131	0.00593804	0.00590832	0.00584749	0.0057551	0.00569401	0.00559326	0.00544926	0.00545078	0.00541853	0.00538998	0.00534181	0.0052885	0.00526009	0.00525392	0.00522749	0.00517745	0.00510197	0.00507004	0.00504443	0.00499112	0.0048851	0.0047576	0.00485316	0.00469716	0.00466203	0.00462701	0.00459956	0.00456536	0.00449194	0.00444891	0.00437277	0.00437387	0.00436513	0.00435275	0.00432901	0.00429588	0.00428547	0.00427435	0.00425392	0.00421274	0.00412281	0.00412908	0.00405304	0.0040447	0.00404169	0.00403219	0.00400567	0.00395234	0.00385062	0.00376774	0.00459905	0.00369252	0.00368138	0.00366214	0.00366007	0.00366703	0.0036626	0.00365264	0.00363291	0.00359993	0.00359056	0.00356877	0.00352489	0.00343872	0.00327458	0.00375208	0.00480373	0.0031551	0.00308431	0.0030599	0.00304972	0.0030467	0.0030427	0.00303779	0.00300454	0.00299761	0.00298549	0.00295445	0.00289311	0.00277511	0.00296586	0.00496269	0.00265281	0.00261401	0.00259673	0.00259179	0.00258507	0.00257169	0.00254516	0.00257366	0.00250961	0.00251423	0.00251334	0.00251181	0.00248925	

81	1.264	0	0	task-3:0.473947	task-0:0.0194737	task-1:0.00131579	task-2:0.00421053	|	0.0258335	0.0252033	0.023883	0.0228186	0.0222421	0.0215116	0.0201727	0.0180198	0.0186311	0.0170165	0.0165338	0.0160263	0.0157262	0.0155383	0.0153222	0.0148213	0.0138194	0.0121228	0.0123523	0.0178744	0.0100193	0.00988444	0.0096873	0.00954253	0.00951969	0.00945017	0.00930841	0.00910653	0.00895973	0.00886168	0.00866125	0.00827728	0.00782344	0.0080085	0.00767619	0.00731208	0.00726312	0.00720397	0.00708427	0.00684962	0.00640829	0.00563391	0.0044207	0.0178804	0.00450996	0.00454946	0.00403615	0.00401637	0.0039893	0.00397078	0.00395356	0.0039313	0.00390538	0.00385152	0.0037443	0.00354029	0.00325336	0.00804498	0.00318426	0.00317551	0.00315818	0.00312529	0.00306682	0.00306682	0.00301635	0.00299924	0.00298849	0.00297389	0.00294877	0.00290974	0.00283323	0.00274882	0.00314724	0.00269591	0.00268398	0.00266332	0.00263953	0.00259451	0.00251877	0.0025626	0.00254608	0.00243072	

22	0.39	0	0	task-3:0.00975	task-0:0.0175	task-1:0.012	task-2:0.007	|	0.0228636	0.0221955	0.0207473	0.0191703	0.0179221	0.0167828	0.0146275	0.0112804	0.00760273	0.00800857	0.0206974	0.00693661	0.0293534	0.00439344	0.00426813	0.00421691	0.00419868	0.00415956	0.00408005	0.00392524	0.00364024	0.00317305	0.00244394	

16	0.172	0	0	task-3:0.435714	task-0:0.108095	task-1:0.124286	task-2:0.0302381	|	0.032042	0.0297609	0.0241646	0.0195954	0.0175138	0.0138807	0.00923243	0.00681059	0.00590425	0.00521498	0.0050245	0.00466419	0.00404749	0.00314035	0.00272351	0.00290103	0.00216815	

59	1.108	0	0	task-3:0.5	task-0:0.0218182	task-1:0.00431818	task-2:0.00159091	|	0.0220369	0.0217094	0.0209301	0.0196909	0.0185234	0.0179415	0.0165078	0.0137451	0.0103112	0.0133345	0.0089946	0.00875484	0.00831108	0.00760354	0.00757111	0.0071286	0.00688296	0.00682111	0.00670718	0.00648972	0.00637237	0.00614242	0.00571356	0.00623974	0.00543829	0.00534132	0.00532943	0.00528963	0.00520229	0.00502618	0.00469736	0.00436982	0.00523938	0.00417503	0.00414221	0.00407502	0.00394386	0.00370234	0.0035117	0.00412984	0.00333191	0.00328378	0.00322595	0.00318913	0.00316613	0.00311406	0.00302736	0.00297302	0.00289491	0.0028423	0.0027519	0.00267185	0.00265484	0.00260767	0.002581	0.00257052	0.002555	0.00254636	0.00251462	0.00247309	

36	0.733	0	0	task-3:0.00521739	task-0:0.0197826	task-1:0.00586957	task-2:0.505	|	0.0293686	0.0280067	0.024893	0.0221468	0.0205511	0.0184271	0.0152848	0.0120147	0.00943156	0.0101262	0.00800852	0.00781654	0.00748985	0.00713266	0.00688856	0.00648013	0.00578155	0.00501671	0.00540522	0.00524135	0.00437619	0.00407831	0.00407995	0.00405257	0.0039977	0.00390558	0.00377901	0.00353809	0.00330484	0.00317123	0.00302726	0.00301659	0.00298505	0.00293368	0.0028252	0.00262146	0.00226826	

16	0.343	0	0	task-3:0.0297917	task-0:0.0635417	task-1:0.495	task-2:0.3125	|	0.0314359	0.0290078	0.0231623	0.018795	0.0170001	0.0136983	0.00895493	0.00532533	0.00823266	0.00407489	0.00391035	0.00378304	0.00356021	0.0031629	0.00253899	0.00254058	0.00199171	

18	0.436	0	0	task-3:0.5	task-0:0.0252	task-1:0.2062	task-2:0.0268	|	0.0236522	0.0234356	0.0228425	0.0217108	0.0201486	0.0186985	0.0158378	0.0108153	0.0073914	0.0128477	0.00567345	0.00547058	0.00510289	0.00467432	0.0043752	0.00389617	0.00311005	0.00254692	0.00243456	

33	0.577	0	0	task-3:0.00673077	task-0:0.0494231	task-1:0.00153846	task-2:0.495	|	0.035396	0.0330379	0.026863	0.0224545	0.0210517	0.0187784	0.0169621	0.016691	0.0158978	0.014104	0.011114	0.00993693	0.00886945	0.00804712	0.00777793	0.00724994	0.00631855	0.00516348	0.00649751	0.00495734	0.00470158	0.00455614	0.00443606	0.00420949	0.00386989	0.00342269	0.00368021	0.00312507	0.00302338	0.003006	0.00295739	0.00285278	0.00264609	0.00227255	

24	0.593	0	0	task-3:0.0114815	task-0:0.0862963	task-1:0.505	task-2:0.0127778	|	0.0317925	0.0295585	0.0242314	0.0206659	0.0196158	0.0174857	0.0139113	0.0091631	0.0105061	0.0190096	0.00935296	0.0188602	0.00531558	0.00472944	0.00458666	0.00450968	0.00434902	0.00403598	0.00373132	0.00344003	0.00307197	0.00255847	0.00275917	0.00326872	0.00226973	

16	0.281	0	0	task-3:0.0458929	task-0:0.075	task-1:0.126071	task-2:0.505	|	0.0283348	0.0263546	0.0220383	0.019318	0.0183347	0.0164739	0.0134761	0.00989371	0.00612099	0.0115182	0.00572091	0.00403973	0.00396464	0.00383391	0.00358778	0.00314226	0.00241719	

36	0.827	0	0	task-3:0.00431034	task-0:0.0384483	task-1:0.00137931	task-2:0.00706897	|	0.0243711	0.0238024	0.0225458	0.0210693	0.0199026	0.0191273	0.0174075	0.0140294	0.00938372	0.0120849	0.00694234	0.00660651	0.00618972	0.00561805	0.00534015	0.00519761	0.00492419	0.00453357	0.0043701	0.00422785	0.00407595	0.00403621	0.00395828	0.00385318	0.00377641	0.00365942	0.00346626	0.00329617	0.00309958	0.00306103	0.00302048	0.00297564	0.00290741	0.00285734	0.00278555	0.0026587	0.00245965	

8	0.234	0	0	task-3:0.5	task-0:0.193167	task-1:0.495	task-2:0.495	|	0.022668	0.0216325	0.0193659	0.0166482	0.0143379	0.0128295	0.0100129	0.00555741	0.0021357	

13	0.266	0	0	task-3:0.5	task-0:0.0359677	task-1:0.495	task-2:0.118871	|	0.0287045	0.0275436	0.0248662	0.0217848	0.0199122	0.0183974	0.0152285	0.00987655	0.00477326	0.00705058	0.0181527	0.00385774	0.00266505	0.00193325	

18	0.437	0	0	task-3:0.5	task-0:0.0226562	task-1:0.0139063	task-2:0.0335937	|	0.0242837	0.0238134	0.0227709	0.0215617	0.02073	0.02012	0.018719	0.015999	0.0126236	0.00776617	0.00730861	0.0309614	0.00334235	0.00323069	0.00309225	0.00294319	0.00281998	0.00262355	0.00232634	

15	0.484	0	0	task-3:0.065	task-0:0.0959091	task-1:0.089697	task-2:0.482576	|	0.025326	0.0239212	0.0208736	0.0181368	0.016211	0.0142183	0.0111404	0.00722201	0.00755746	0.00552067	0.00490223	0.0044676	0.00409473	0.00368495	0.00303791	0.00210762	

28	0.827	0	0	task-3:0.005	task-0:0.0991176	task-1:0.0169118	task-2:0.00941176	|	0.0279131	0.0262025	0.0223499	0.0194795	0.0182054	0.0160876	0.0133471	0.011657	0.00960705	0.00741473	0.00888027	0.0066785	0.00588216	0.00574743	0.00567174	0.00553152	0.00530976	0.00500456	0.00449094	0.00387272	0.00582325	0.00382843	0.00373355	0.00368031	0.00358563	0.00346765	0.00326735	0.00289591	0.00227716	

66	1.934	0	0	task-3:0.00571429	task-0:0.0435714	task-1:0.483429	task-2:0.000285714	|	0.0242347	0.0234972	0.0218844	0.0201472	0.0187345	0.0176021	0.0153784	0.0116566	0.00839338	0.021708	0.00754283	0.00742446	0.00723223	0.00700019	0.00675728	0.00638277	0.00576719	0.00557698	0.00553852	0.00508369	0.00501833	0.00490005	0.00477638	0.00458613	0.00445302	0.00444753	0.00431956	0.00427178	0.00426438	0.00425142	0.00423484	0.00422348	0.00415547	0.00406301	0.00405764	0.00406399	0.00405037	0.0040191	0.00395506	0.00383521	0.00368464	0.00342385	0.00435842	0.0047139	0.00330493	0.00311253	0.00310761	0.00310127	0.00308921	0.00306879	0.00300642	0.00300851	0.00298574	0.00294119	0.00286831	0.00273729	0.00278429	0.00299523	0.00261312	0.00259379	0.00256548	0.00256606	0.00257642	0.00256789	0.00255019	0.00251773	0.00249895	

24	0.702	0	0	task-3:0.5	task-0:0.02125	task-1:0.484861	task-2:0.453194	|	0.0256263	0.0252296	0.0242372	0.0226179	0.0212996	0.0202037	0.0178243	0.0142522	0.013318	0.011998	0.0108944	0.0101524	0.00914826	0.00757415	0.00633268	0.00717565	0.00561341	0.00530555	0.00513416	0.00498475	0.00476365	0.00451979	0.00407401	0.00334564	0.0023404	

20	0.53	0	0	task-3:0.5	task-0:0.0514865	task-1:0.00581081	task-2:0.0640541	|	0.0228582	0.0219679	0.0200214	0.017936	0.0162677	0.0146837	0.0119237	0.00826131	0.00881566	0.00663585	0.0058152	0.00560402	0.00530175	0.00514242	0.00494168	0.00461013	0.00414074	0.00336424	0.00318083	0.00462516	0.00245876	

10	0.343	0	0	task-3:0.5	task-0:0.154605	task-1:0.206053	task-2:0.495	|	0.0331222	0.0310254	0.025731	0.0208355	0.0181568	0.0137303	0.00831873	0.00469725	0.00362661	0.00259792	0.00212335	

27	0.967	0	0	task-3:0.00602564	task-0:0.0585897	task-1:0.495	task-2:0.00320513	|	0.0313396	0.0295011	0.0250674	0.0214025	0.0199111	0.01721	0.0134194	0.0105132	0.010276	0.00880324	0.00851921	0.00810887	0.00748664	0.00660587	0.00593134	0.00594788	0.0055647	0.00530604	0.00518684	0.00497613	0.00458071	0.0038922	0.00286976	0.00261321	0.0102645	0.00293436	0.00499274	0.00189032	

16	0.577	0	0	task-3:0.5	task-0:0.12125	task-1:0.495	task-2:0.02125	|	0.0246627	0.0239876	0.0224396	0.0204218	0.0192126	0.0186534	0.0172709	0.0142413	0.00943331	0.00766769	0.00602897	0.0053417	0.00503546	0.00450731	0.00371024	0.00254485	0.00218619	

53	1.918	0	0	task-3:0.5	task-0:0.0840244	task-1:0.00182927	task-2:0.491463	|	0.0257316	0.0249158	0.0231456	0.0214342	0.0199227	0.0185536	0.0163065	0.013076	0.0133661	0.0119063	0.0110377	0.0107156	0.0104954	0.0101501	0.00975757	0.00917916	0.00871548	0.00794387	0.00685296	0.006036	0.0173978	0.00817716	0.0336908	0.0055821	0.0055834	0.00550977	0.00545226	0.00535726	0.00524057	0.00512299	0.00498328	0.00470804	0.00419029	0.00330357	0.00916999	0.00334481	0.00326084	0.00325039	0.00323539	0.00320077	0.00313181	0.00301016	0.00289194	0.0027873	0.002778	0.0027144	0.00268314	0.00267892	0.00267028	0.00265606	0.00263981	0.00260937	0.00254692	0.00242364	

42	1.467	0	0	task-3:0.00404762	task-0:0.0332143	task-1:0.505	task-2:0.000357143	|	0.0222189	0.0221039	0.0217615	0.0209783	0.0193671	0.0163477	0.0115972	0.0065191	0.0117439	0.00735781	0.00585493	0.00495457	0.00473314	0.00468675	0.00459928	0.00450201	0.00437001	0.00414272	0.00440478	0.00400846	0.00396047	0.00395401	0.00393296	0.00388704	0.00379466	0.00362184	0.00332832	0.00348558	0.00995755	0.00294487	0.00293529	0.00291692	0.00288613	0.00282657	0.00271508	0.00315251	0.00276055	0.00262113	0.00261593	0.00260604	0.00258635	0.00254729	0.00247085	

81	2.418	0	0	task-3:0.5	task-0:0.0237209	task-1:0.000697674	task-2:0.495	|	0.0276917	0.0260305	0.0223464	0.019651	0.0182574	0.016132	0.0137821	0.0125152	0.0112234	0.0101674	0.00956745	0.00939533	0.00902563	0.0088378	0.00876589	0.00862706	0.00841462	0.00811193	0.00760062	0.00772192	0.00725884	0.00717305	0.00701173	0.00673497	0.0066024	0.00645651	0.00621802	0.00596582	0.00559858	0.0062183	0.00554937	0.00549325	0.00542303	0.005396	0.00537882	0.00535129	0.00532328	0.00526577	0.00515509	0.00497141	0.0049455	0.00477745	0.0047261	0.0047061	0.00467117	0.00458875	0.00443579	0.00426314	0.00423615	0.00423595	0.0040353	0.00400261	0.00397358	0.00391547	0.00381243	0.0036232	0.0034252	0.00499282	0.00333118	0.00328106	0.00326172	0.00325349	0.00323681	0.00320526	0.00315144	0.00306989	0.00310035	0.00304688	0.0030192	0.00298968	0.00297432	0.00296572	0.00293677	0.00289655	0.00288224	0.00287674	0.00285433	0.00281715	0.00278739	0.00272898	0.00261768	0.00242424	

16	0.452	0	0	task-3:0.490341	task-0:0.0253409	task-1:0.00579545	task-2:0.00613636	|	0.0288549	0.0278257	0.0254924	0.0230657	0.0219513	0.0209197	0.0188315	0.0148729	0.0104588	0.00557842	0.00505483	0.0153399	0.00603836	0.0241653	0.00323603	0.00260258	0.0023486	

21	0.78	0	0	task-3:0.00533333	task-0:0.0361111	task-1:0.505	task-2:0.0223333	|	0.0317498	0.0297602	0.0250317	0.0212206	0.0196665	0.0169519	0.0132308	0.0105824	0.00821976	0.00852055	0.00749621	0.00670997	0.00647822	0.00631688	0.00601749	0.00552747	0.00483606	0.0038709	0.00259428	0.0052002	0.00817982	0.00236953	

20	0.687	0	0	task-3:0.5	task-0:0.0631522	task-1:0.495	task-2:0.429348	|	0.029433	0.0278512	0.0242923	0.0214358	0.0198334	0.0175089	0.0141885	0.0113646	0.00719047	0.00738069	0.0058815	0.00395851	0.00362445	0.00337784	0.00334263	0.00327537	0.00316595	0.00304141	0.00282569	0.00250953	0.00237473	

52	1.591	0	0	task-3:0.00276596	task-0:0.0341489	task-1:0.000957447	task-2:0.0240426	|	0.0266263	0.0260068	0.0245568	0.0227275	0.0205275	0.0190893	0.0165536	0.0123279	0.00986343	0.0119888	0.00850126	0.00829483	0.00800294	0.00773928	0.00762458	0.00744061	0.00708435	0.0064804	0.005889	0.00698999	0.00559876	0.00551122	0.00543939	0.00533576	0.00514834	0.00486702	0.00452858	0.00450562	0.00443188	0.00430644	0.0042112	0.00402944	0.00396995	0.00376626	0.00375189	0.00374077	0.0037228	0.00367581	0.0035829	0.00341249	0.00312513	0.00342625	0.00310803	0.00302168	0.00293973	0.00292628	0.00294424	0.00292617	0.002885	0.00280275	0.00265821	0.00260386	0.00246341	

22	0.843	0	0	task-3:0.0065625	task-0:0.0267708	task-1:0.0386458	task-2:0.505	|	0.0371476	0.0346957	0.0278902	0.0219924	0.0202951	0.0173219	0.0149691	0.0138593	0.0117678	0.0093673	0.00789094	0.00711458	0.00647995	0.00625687	0.00582409	0.00505889	0.00388073	0.00432114	0.00474788	0.00286908	0.0025374	0.0025199	0.00248425	

74	2.964	0	0	task-3:0.478776	task-0:0.0697959	task-1:0.000918367	task-2:0.000306122	|	0.0226056	0.0225165	0.0222532	0.0216588	0.0204564	0.0182118	0.0146283	0.0100392	0.0231418	0.0110174	0.0281192	0.0097249	0.00948112	0.00924156	0.00909409	0.00903659	0.0089238	0.00877347	0.008606	0.00825283	0.00761322	0.00719588	0.00762008	0.00673628	0.00661678	0.00650179	0.00636502	0.00617252	0.00591857	0.00583947	0.0058302	0.00578514	0.00568614	0.005507	0.00528758	0.00490082	0.00452858	0.00828152	0.00431966	0.00429755	0.00425327	0.0041741	0.00404729	0.00397462	0.00388981	0.00385996	0.00381758	0.00375803	0.00364539	0.00345393	0.00365022	0.00335841	0.00329773	0.00329034	0.00327292	0.0032338	0.00315651	0.00301382	0.00291496	0.00386077	0.00279601	0.00278323	0.00275755	0.00270748	0.00263922	0.00262575	0.0025911	0.0025606	0.00255349	0.00255116	0.00254618	0.00253723	0.00252523	0.00250947	0.00247797	

17	0.702	0	0	task-3:0.0065	task-0:0.0732	task-1:0.0317	task-2:0.3015	|	0.0282507	0.0272401	0.0248716	0.0221073	0.0199077	0.0182332	0.0152746	0.0102549	0.00668175	0.00979686	0.00554629	0.00549287	0.00539515	0.00519751	0.00483649	0.00424276	0.00336727	0.00236289	

34	1.373	0	0	task-3:0.00441176	task-0:0.0262745	task-1:0.00843137	task-2:0.000686275	|	0.025386	0.0247083	0.0232054	0.0214174	0.0202732	0.0194662	0.0176113	0.0141034	0.00956734	0.0115053	0.0121407	0.0067167	0.00629492	0.00607552	0.00598991	0.00584194	0.0055548	0.00504223	0.0042926	0.00503122	0.00411743	0.00362372	0.00356306	0.00347384	0.00330271	0.00300865	0.003107	0.00280639	0.00274722	0.00274178	0.00272702	0.0026963	0.00263808	0.00254136	0.00245721	

40	1.684	0	0	task-3:0.396346	task-0:0.0377885	task-1:0.00105769	task-2:0.000288462	|	0.0273361	0.0257216	0.0222215	0.020105	0.0194504	0.018155	0.0159023	0.0127949	0.0161845	0.0114361	0.0111745	0.0106665	0.00992572	0.00996585	0.00945747	0.00928806	0.00895087	0.00835781	0.00859924	0.00797587	0.00787919	0.00769171	0.00735341	0.00721313	0.00704153	0.0067057	0.00621647	0.00672225	0.00608293	0.00598675	0.00586284	0.00580582	0.00575701	0.00567642	0.00553968	0.00541544	0.00517367	0.00472259	0.00393907	0.00273261	0.0013118	

15	0.686	0	0	task-3:0.0301887	task-0:0.116887	task-1:0.00924528	task-2:0.0101887	|	0.0245783	0.0242618	0.0234513	0.0220583	0.0203696	0.0191665	0.016668	0.0118934	0.00640463	0.00949963	0.00529006	0.00458939	0.00424121	0.00372151	0.00297397	0.00243574	

35	1.591	0	0	task-3:0.437407	task-0:0.0881481	task-1:0.0012037	task-2:0.00231481	|	0.0242267	0.0240727	0.0236461	0.0228204	0.0216567	0.0206917	0.0189917	0.0159909	0.0136048	0.0121012	0.0114237	0.0108691	0.0102059	0.00978505	0.0095376	0.00926118	0.00866994	0.00766031	0.00673905	0.00661896	0.00615621	0.00608477	0.00593687	0.00564653	0.00532625	0.0050682	0.00475699	0.00433354	0.00372382	0.00321573	0.00515829	0.0028568	0.0028113	0.00272147	0.00255185	0.00234129	

41	1.919	0	0	task-3:0.5	task-0:0.0360909	task-1:0.00145455	task-2:0.00218182	|	0.0350241	0.0326828	0.0266636	0.0222786	0.0209391	0.0184743	0.015397	0.0122512	0.0114972	0.0100808	0.00939992	0.00869594	0.0078118	0.00679644	0.00681862	0.00601547	0.00585157	0.00582469	0.00574635	0.00558078	0.00531082	0.00506985	0.00473318	0.0045317	0.00441189	0.00428373	0.00423393	0.00415022	0.00401441	0.00375718	0.00339643	0.00423229	0.00331491	0.00325449	0.00320555	0.00319602	0.00317634	0.00313745	0.00306417	0.00292144	0.00266224	0.0023965	

14	0.718	0	0	task-3:0.5	task-0:0.146071	task-1:0.0735714	task-2:0.495	|	0.028384	0.0266188	0.0226421	0.0192207	0.017379	0.015095	0.0115431	0.00749172	0.00793556	0.0069065	0.00628938	0.00578063	0.00482385	0.00336304	0.00238102	

44	2.153	0	0	task-3:0.5	task-0:0.014386	task-1:0.000789474	task-2:0.426842	|	0.0265689	0.0255196	0.02321	0.0209808	0.0196777	0.018338	0.0157434	0.0115458	0.00972717	0.0182164	0.00784837	0.00757084	0.00735225	0.00721194	0.00707827	0.00693431	0.00663689	0.00608826	0.00519888	0.00447968	0.0159299	0.00411371	0.00407296	0.00402826	0.00398295	0.00393113	0.00383116	0.00376369	0.00364951	0.00348882	0.0033819	0.00354773	0.00328482	0.00325869	0.0032158	0.00317381	0.00312544	0.00303123	0.00285357	0.00281042	0.00390624	0.00258149	0.00256664	0.00253853	0.00248993	

10	0.561	0	0	task-3:0.5	task-0:0.0896552	task-1:0.373879	task-2:0.495	|	0.0210765	0.020787	0.0199868	0.0184379	0.0161649	0.0136021	0.00905709	0.00382512	0.00564143	0.00288623	0.00205851	

25	1.306	0	0	task-3:0.0040678	task-0:0.0498305	task-1:0.0183898	task-2:0.00127119	|	0.0214263	0.0210759	0.0202218	0.0188226	0.0172279	0.0160298	0.0135123	0.00953566	0.00769294	0.00785903	0.00623312	0.00602255	0.00561887	0.00491421	0.00446469	0.00398178	0.00389006	0.00378733	0.00373249	0.00359361	0.00333711	0.00297948	0.00287358	0.00261144	0.0025497	0.00244011	

54	2.656	0	0	task-3:0.006	task-0:0.0108333	task-1:0.505	task-2:0.000416667	|	0.0295568	0.0281458	0.0248551	0.0216451	0.0200835	0.018251	0.0153001	0.0112142	0.0105617	0.00949783	0.00861522	0.00833184	0.008091	0.00778099	0.00749443	0.00699572	0.0062385	0.00582239	0.010602	0.00546881	0.0054173	0.00537581	0.00534764	0.00532638	0.00529015	0.00521957	0.00510079	0.00511404	0.00499405	0.00497759	0.0049804	0.00496651	0.00493762	0.0048885	0.00484865	0.00477277	0.00463559	0.00487636	0.00476368	0.00449369	0.00446087	0.00445397	0.00444002	0.00441217	0.00435725	0.00425037	0.00404555	0.00366872	0.00300989	0.00896114	0.0145675	0.00684828	0.00345385	0.0093095	0.00248137	

