52	0.047	0	0	task-3:0.08	task-0:0.035	task-1:0.015	task-2:0.02	|	0.0239464	0.0232724	0.0216835	0.0200886	0.0188295	0.017315	0.015388	0.0138137	0.0111786	0.0106146	0.00981438	0.00824372	0.00803219	0.0076024	0.00682807	0.00581307	0.00650158	0.00578551	0.00488889	0.00481145	0.0047171	0.00453586	0.0042811	0.0040733	0.0040152	0.00397069	0.00390881	0.00383093	0.00378746	0.00370284	0.0035468	0.00328434	0.00357615	0.00314636	0.00306202	0.00305561	0.0030518	0.00304353	0.00302774	0.00300206	0.0029743	0.00292817	0.002875	0.00283719	0.00282461	0.00280153	0.00276051	0.00271424	0.0026736	0.00265514	0.00261891	0.00255668	0.00248445	

34	0.031	0	0	task-3:0.04	task-0:0.045	task-1:0.065	task-2:0.025	|	0.0258872	0.0257004	0.0251805	0.0241183	0.0223631	0.0205202	0.0183301	0.0166962	0.0151613	0.0140102	0.0119594	0.00969578	0.0111849	0.00874694	0.00863887	0.00842722	0.00808641	0.00768946	0.00725688	0.00687299	0.00641679	0.00589425	0.00538766	0.00547555	0.00513586	0.00511876	0.00508233	0.00501448	0.00490812	0.00477271	0.00453727	0.00424529	0.003737	0.00297216	0.00211222	

47	0.032	0	0	task-3:0.085	task-0:0.035	task-1:0.015	task-2:0.025	|	0.0287242	0.0281792	0.0267949	0.0249479	0.0229119	0.0211081	0.0185587	0.0157738	0.0137916	0.0123977	0.0120699	0.0114528	0.0104439	0.0092381	0.00827723	0.00856161	0.00749812	0.00732817	0.0070256	0.00655457	0.00588502	0.00568657	0.00535036	0.00523312	0.00513856	0.00500999	0.00484698	0.00474023	0.00460921	0.00444423	0.00432982	0.0041528	0.00383809	0.00337044	0.00437378	0.00343159	0.00301499	0.00298597	0.00294445	0.00292624	0.00290807	0.00287747	0.00283945	0.00278071	0.00273069	0.00267582	0.00260787	0.00247854	

39	0.031	0	0	task-3:0.04	task-0:0.035	task-1:0.03	task-2:0.025	|	0.0232739	0.0231437	0.0227641	0.0219355	0.0203847	0.0176022	0.0135461	0.0117104	0.0157989	0.00967722	0.00895397	0.0088112	0.00852197	0.00798178	0.00772702	0.00734751	0.00717325	0.00701014	0.00669193	0.00611346	0.00568282	0.00548831	0.00523081	0.00513581	0.0049945	0.00478765	0.00461963	0.00431423	0.0041814	0.00408865	0.00387546	0.00383032	0.00375366	0.00362533	0.00351072	0.00329611	0.0029223	0.00304233	0.00552385	0.00245866	

36	0.031	0	0	task-3:0.045	task-0:0.035	task-1:0.005	task-2:0.025	|	0.0225441	0.0224278	0.0220833	0.0213035	0.0197389	0.0169325	0.0127301	0.0132134	0.013147	0.00892923	0.00849623	0.00823853	0.00775247	0.00711267	0.00654467	0.00610998	0.00577051	0.0056807	0.00557003	0.00551053	0.00538967	0.00518107	0.00495904	0.00458408	0.00395267	0.00368098	0.00861785	0.00310961	0.00308028	0.00302264	0.00291604	0.00291796	0.00282432	0.00279903	0.00274713	0.00264497	0.00245343	

32	0.031	0	0	task-3:0.035	task-0:0.035	task-1:0.015	task-2:0.025	|	0.0270755	0.0264232	0.0248156	0.0229679	0.0213343	0.0195683	0.0172951	0.0152995	0.0123765	0.00891354	0.0138414	0.00769223	0.0074444	0.00699777	0.00647689	0.0055816	0.00447051	0.00997014	0.00426833	0.00424562	0.00420627	0.00414631	0.0040826	0.00397112	0.00385794	0.00376174	0.00368247	0.00352678	0.00324369	0.00281738	0.0034516	0.00509809	0.00235667	

47	0.047	0	0	task-3:0.02	task-0:0.045	task-1:0.015	task-2:0.025	|	0.0248293	0.0244046	0.0233732	0.0220178	0.0203228	0.0190338	0.0168145	0.0135567	0.0137125	0.0120554	0.0114225	0.0109324	0.0107001	0.010358	0.0100675	0.00965745	0.00904	0.00853897	0.00785913	0.00692691	0.00676741	0.00620755	0.006023	0.00595856	0.00585572	0.00565637	0.00539808	0.00523389	0.0051905	0.00508373	0.00485911	0.00443774	0.00374877	0.00395517	0.00887304	0.00297429	0.00293949	0.00289335	0.00285411	0.00284941	0.00283512	0.00280516	0.00275894	0.0027177	0.00263975	0.00256525	0.00252734	0.00249811	

35	0.031	0	0	task-3:0.015	task-0:0.035	task-1:0.025	task-2:0.025	|	0.0259968	0.0258033	0.0252649	0.0241688	0.0223449	0.0204017	0.0181158	0.0165421	0.0150531	0.0139261	0.0119034	0.00914648	0.00899465	0.0123322	0.00641559	0.00600136	0.0059381	0.00580997	0.00556461	0.00511721	0.00438117	0.00353132	0.0104637	0.00345022	0.0033265	0.00328474	0.00325566	0.00319907	0.00311919	0.00306237	0.00301148	0.00291132	0.0027274	0.0025778	0.0033889	0.00246268	

46	0.047	0	0	task-3:0.005	task-0:0.035	task-1:0.03	task-2:0.02	|	0.0239379	0.023448	0.0222845	0.0209109	0.0194554	0.018303	0.0163954	0.0137242	0.0135712	0.0122796	0.011513	0.0109898	0.0105973	0.0101894	0.00987509	0.00921864	0.00812718	0.00749482	0.00740916	0.00675936	0.00661105	0.00635148	0.00594757	0.00527383	0.00540632	0.00497171	0.00456714	0.00451087	0.00439723	0.00418015	0.00383131	0.00407975	0.00362051	0.00356297	0.00354234	0.00349203	0.00339518	0.00324325	0.00324077	0.00313662	0.00310434	0.00303827	0.00291118	0.00268517	0.00292821	0.00280654	0.00244102	

43	0.031	0	0	task-3:0.02	task-0:0.035	task-1:0	task-2:0.02	|	0.0250815	0.0247745	0.0239981	0.0229674	0.0220535	0.0203939	0.0180699	0.0161497	0.0149678	0.0138839	0.0121437	0.0104661	0.00994236	0.00945152	0.00927535	0.00895313	0.0084508	0.00781594	0.00673207	0.00582443	0.00825129	0.00529008	0.0052125	0.00505986	0.00477594	0.0042925	0.00413722	0.00510782	0.0036703	0.00359817	0.00354223	0.00348369	0.00341852	0.0033252	0.00328558	0.00321536	0.0030826	0.00283924	0.00314348	0.00286477	0.0025776	0.00256002	0.00252316	0.00245004	

33	0.015	0	0	task-3:0.02	task-0:0.035	task-1:0.02	task-2:0.02	|	0.0276102	0.0269721	0.0253866	0.0235164	0.0217926	0.0199818	0.0176382	0.0155505	0.01265	0.0101381	0.0137494	0.00918112	0.00853083	0.00833076	0.00794131	0.00729829	0.00631175	0.00666089	0.00594066	0.0053931	0.00531265	0.0052295	0.00506554	0.0047585	0.00422694	0.0034989	0.00758589	0.00345212	0.00338406	0.00334689	0.00327051	0.00312196	0.00285199	0.00242217	

26	0.016	0	0	task-3:0.025	task-0:0.06	task-1:0.04	task-2:0.035	|	0.0256473	0.0251809	0.0240437	0.0225831	0.0208696	0.0196773	0.0176142	0.0145408	0.0140677	0.0129775	0.0122319	0.0116462	0.0113436	0.0109361	0.0106445	0.0101537	0.00937935	0.00872814	0.00799646	0.00697826	0.00541238	0.00350307	0.00303581	0.023066	0.00431626	0.0423402	0.00241827	

34	0.016	0	0	task-3:0.025	task-0:0.035	task-1:0.015	task-2:0.025	|	0.028382	0.0278446	0.0264859	0.0246829	0.0226734	0.0209101	0.018375	0.01553	0.0136751	0.0122723	0.011872	0.011171	0.0101632	0.00932913	0.00891306	0.00875055	0.00839081	0.00776802	0.00716764	0.00682938	0.00666271	0.00652176	0.00631096	0.00604609	0.00556333	0.0047452	0.00358755	0.00620418	0.010359	0.00274755	0.00261173	0.00257941	0.0025544	0.00252033	0.00246895	

45	0.015	0	0	task-3:0.02	task-0:0.035	task-1:0.01	task-2:0.02	|	0.0247644	0.0245549	0.0239924	0.0230264	0.0217392	0.0193908	0.0159272	0.0141202	0.0146907	0.0124667	0.0119424	0.0113803	0.0107063	0.00946813	0.00748543	0.00599203	0.0147804	0.00509005	0.00501296	0.00486609	0.00460827	0.00424464	0.00418604	0.00402355	0.00383887	0.00379782	0.00373085	0.00361366	0.00354855	0.00342631	0.0033412	0.00324606	0.00322024	0.003172	0.00309046	0.00297269	0.00289435	0.00282843	0.00281975	0.002808	0.00278704	0.00275683	0.00271989	0.00264644	0.00250465	0.00224945	

26	0.016	0	0	task-3:0.04	task-0:0.035	task-1:0.02	task-2:0.065	|	0.0240655	0.0239274	0.0235174	0.0225853	0.020704	0.0173288	0.0124234	0.00935529	0.0230692	0.00909942	0.014746	0.00705079	0.00689455	0.0065726	0.00598884	0.00503595	0.00378276	0.00639466	0.00849742	0.0028763	0.00277095	0.0027355	0.00270748	0.00266535	0.00259629	0.00250738	0.00244805	

37	0.031	0	0	task-3:0.02	task-0:0.035	task-1:0.015	task-2:0.025	|	0.0272232	0.027061	0.0265838	0.0255211	0.0234704	0.0201505	0.0167525	0.0148962	0.0135733	0.0132025	0.0125748	0.0117149	0.0107046	0.01014	0.00912662	0.00847781	0.00785079	0.00764444	0.00726032	0.00661884	0.006109	0.00609967	0.00570555	0.00554458	0.00541646	0.00524015	0.00497227	0.00471714	0.00462267	0.00456187	0.00445383	0.00434235	0.00423511	0.0041371	0.00395484	0.00362232	0.00311545	0.00235986	

47	0.047	0	0	task-3:0.02	task-0:0.035	task-1:0.01	task-2:0.025	|	0.0235728	0.0233671	0.0228201	0.0219072	0.0207012	0.0185557	0.0155826	0.0144369	0.0134601	0.0128669	0.0125237	0.0122169	0.0116468	0.010881	0.00986678	0.00854095	0.00746248	0.00771273	0.00683303	0.00671116	0.00648766	0.00613262	0.00569614	0.00537294	0.00508403	0.00494617	0.00492447	0.00487362	0.00476572	0.00460261	0.00446429	0.00425855	0.00409981	0.00401097	0.00395576	0.00384625	0.00364659	0.00349414	0.00350677	0.00333263	0.00329856	0.00324006	0.00314684	0.00296931	0.00267346	0.003326	0.00263247	0.00247743	

46	0.047	0	0	task-3:0.02	task-0:0.035	task-1:0.015	task-2:0.025	|	0.023727	0.0235303	0.0230093	0.0221446	0.0210453	0.0190974	0.0163999	0.0149565	0.0139848	0.0135235	0.0125889	0.0109276	0.00865258	0.013597	0.0079418	0.00773892	0.00753581	0.00722026	0.00663424	0.00599889	0.00583873	0.00565646	0.00548492	0.00532573	0.00517179	0.00493211	0.00463406	0.0041759	0.00399721	0.00435825	0.00357652	0.00352783	0.00343617	0.0032757	0.00317208	0.00310444	0.00303116	0.00300057	0.00298268	0.00294649	0.00287523	0.00273962	0.00266548	0.0026724	0.0025245	0.00250279	0.00246553	

62	0.031	0	0	task-3:0.01	task-0:0.035	task-1:0.02	task-2:0.165	|	0.0262023	0.0259799	0.0253803	0.0242477	0.0224716	0.0208554	0.0187367	0.0167004	0.0153027	0.0152378	0.014853	0.0140073	0.0130736	0.0123756	0.0120942	0.0117883	0.0110896	0.00990018	0.00885309	0.00832432	0.00803424	0.0078476	0.00749522	0.00689537	0.00620521	0.0061689	0.00597523	0.00587749	0.0057233	0.00565046	0.00560906	0.00553552	0.00543336	0.00533994	0.00516408	0.00490484	0.00474346	0.00461106	0.00448587	0.00439014	0.00433915	0.0042533	0.00412099	0.00400838	0.00382187	0.00366861	0.0036282	0.00353474	0.00348173	0.00345271	0.0033963	0.00333144	0.00330359	0.00324399	0.00313037	0.00294516	0.00315133	0.00285912	0.00284324	0.00280906	0.00273846	0.00260054	0.00234742	

60	0.031	0	0	task-3:0.015	task-0:0.045	task-1:0.015	task-2:0.045	|	0.0255355	0.0250584	0.0238828	0.0226401	0.0220739	0.0209164	0.0188513	0.0159364	0.014688	0.0138318	0.0131081	0.0126824	0.0121925	0.011376	0.0104922	0.00999038	0.00902843	0.00789364	0.00754143	0.00738991	0.00714024	0.00688227	0.00672495	0.00649819	0.00624961	0.00584051	0.00523526	0.00527904	0.00478334	0.00465484	0.00462955	0.00457516	0.00446674	0.0043153	0.00419517	0.00408945	0.00389341	0.00361022	0.0036967	0.00354285	0.0035274	0.00349563	0.00344425	0.00340872	0.00337503	0.00332714	0.00327862	0.00319105	0.00306446	0.0030425	0.00296736	0.0029355	0.0028736	0.00276614	0.00275798	0.00266533	0.00264118	0.0026053	0.00254916	0.00252857	0.00248974	

39	0.031	0	0	task-3:0.02	task-0:0.035	task-1:0.015	task-2:0.02	|	0.0259842	0.0257099	0.0249947	0.0239129	0.0227622	0.0206122	0.0173322	0.0148179	0.015452	0.013082	0.0124392	0.0114203	0.0102754	0.00890834	0.0077568	0.00781617	0.00707947	0.00694508	0.00670331	0.00633519	0.00590322	0.00561419	0.00528597	0.00477154	0.00480426	0.00450742	0.00419506	0.00414719	0.00405545	0.00389181	0.00374256	0.00346905	0.00301122	0.00451314	0.00343309	0.0026354	0.00261375	0.00258777	0.0025375	0.00249721	

31	0.016	0	0	task-3:0.035	task-0:0.035	task-1:0.02	task-2:0.025	|	0.0239714	0.0235415	0.0225123	0.0212109	0.0196392	0.0184898	0.0164426	0.0132586	0.0128713	0.0109478	0.0104419	0.00973596	0.00874539	0.00805087	0.00749947	0.00725204	0.00713425	0.0069591	0.00658868	0.00589602	0.00478906	0.00503022	0.0110179	0.00358591	0.00354096	0.00345502	0.00330506	0.00304043	0.00260583	0.00315904	0.00613822	0.00214732	

34	0.031	0	0	task-3:0.04	task-0:0.035	task-1:0.09	task-2:0.025	|	0.0272465	0.0266786	0.0252733	0.0235448	0.0217567	0.0201866	0.0179003	0.01527	0.0136806	0.0123455	0.0119054	0.0110594	0.00958613	0.00738134	0.00804926	0.0122777	0.00536508	0.00504884	0.00498048	0.0048827	0.00476528	0.00458807	0.00440707	0.00422916	0.00406025	0.0038381	0.00345068	0.00343826	0.00442193	0.00294519	0.00291598	0.00285765	0.00274656	0.00255214	0.00221712	

58	0.031	0	0	task-3:0.01	task-0:0.045	task-1:0.01	task-2:0.025	|	0.0270391	0.0266878	0.0257888	0.024421	0.0225523	0.0211307	0.0189754	0.0163007	0.0150522	0.0142623	0.0132315	0.0127494	0.0120333	0.0109164	0.00971938	0.00887762	0.0083772	0.00813416	0.00790734	0.00764777	0.00730063	0.00698749	0.00674846	0.00660585	0.00640426	0.00607242	0.00575725	0.00524126	0.00518518	0.00488814	0.00465717	0.00460448	0.00456609	0.00448963	0.00434651	0.00410192	0.00384326	0.00405154	0.0037185	0.00365776	0.00357893	0.00352249	0.00347712	0.00340383	0.00333109	0.00327583	0.00324698	0.00319164	0.00310501	0.00302975	0.00293286	0.00276539	0.0029336	0.00265811	0.00262661	0.00261686	0.00259259	0.00254562	0.00247072	

31	0.031	0	0	task-3:0.02	task-0:0.04	task-1:0.01	task-2:0.065	|	0.0272214	0.0269386	0.026188	0.0249881	0.0236407	0.0210737	0.0170015	0.0139199	0.0158641	0.0119117	0.0115112	0.0108616	0.00994406	0.00863021	0.00820575	0.00744639	0.00720009	0.00683845	0.00639245	0.00609793	0.00557128	0.00474151	0.00541975	0.00526849	0.0039408	0.00387314	0.00381042	0.00369984	0.00349154	0.00312396	0.00254247	0.00237673	

33	0.016	0	0	task-3:0.02	task-0:0.03	task-1:0.02	task-2:0.025	|	0.0236251	0.0232744	0.0224243	0.0212454	0.0197118	0.0185705	0.0166443	0.0138685	0.0133967	0.012506	0.0118512	0.011327	0.0110717	0.0107018	0.0103931	0.00994476	0.00927388	0.00873457	0.00808991	0.00696647	0.00623791	0.00784205	0.00547036	0.00527591	0.00519625	0.00512175	0.00500498	0.00487068	0.00466525	0.00448977	0.00416651	0.00363131	0.00282732	0.00186326	

25	0.016	0	0	task-3:0.045	task-0:0.045	task-1:0.12	task-2:0.015	|	0.0241711	0.024006	0.0235419	0.0226208	0.0210954	0.0183331	0.0142576	0.0119413	0.0176026	0.0092948	0.008969	0.00847092	0.00777793	0.00705525	0.00586075	0.00423916	0.0065072	0.0150659	0.00300085	0.00285344	0.0028182	0.00279189	0.00274764	0.00266336	0.0025121	0.00238596	

29	0.015	0	0	task-3:0.025	task-0:0.035	task-1:0.04	task-2:0.03	|	0.0245214	0.0243697	0.0239247	0.022939	0.0210586	0.0180877	0.0151872	0.0137101	0.0126769	0.0124486	0.0121864	0.0116653	0.010705	0.00915633	0.00832556	0.0084748	0.00729227	0.00701487	0.00680847	0.00648612	0.00593354	0.0052312	0.00601524	0.00496014	0.00489855	0.00476238	0.00449171	0.00400799	0.00329206	0.00233492	

37	0.016	0	0	task-3:0.04	task-0:0.035	task-1:0.02	task-2:0.025	|	0.0261309	0.0257402	0.0247604	0.0233776	0.0215732	0.0201622	0.0178943	0.0148938	0.0141228	0.0128256	0.0119787	0.0112334	0.0104813	0.00984028	0.00868388	0.00723448	0.00906101	0.0069177	0.00674212	0.00655935	0.00636137	0.00609047	0.00561534	0.00490114	0.00384257	0.00444414	0.0152237	0.00277444	0.00272601	0.00271007	0.00270562	0.00269675	0.00268152	0.00266242	0.00264562	0.00260841	0.00254591	0.00247891	

48	0.015	0	0	task-3:0.02	task-0:0.035	task-1:0.02	task-2:0.025	|	0.0257095	0.0254788	0.0248635	0.0237345	0.0219745	0.0203523	0.0181857	0.0160883	0.014691	0.014304	0.0134172	0.0120879	0.0111267	0.0103911	0.00952449	0.00889547	0.00847614	0.00808188	0.0078073	0.00769969	0.00760695	0.00737359	0.00694164	0.0064029	0.00573113	0.00567456	0.00536044	0.00504221	0.00497013	0.0049103	0.00479133	0.00456625	0.00417008	0.00364381	0.00575698	0.00356284	0.00350457	0.00344544	0.0034	0.00334065	0.00325362	0.00314763	0.0030854	0.00302374	0.002905	0.00269566	0.00295721	0.00265735	0.00249331	

25	0	0	0	task-3:0.08	task-0:0.035	task-1:0.03	task-2:0.02	|	0.0259565	0.0254243	0.0241082	0.0227463	0.0222615	0.0212375	0.019328	0.0164058	0.0139116	0.0161187	0.0117612	0.0111718	0.010215	0.00851699	0.00601992	0.00377212	0.0386299	0.00359991	0.00357455	0.00334912	0.00332129	0.00328343	0.00320893	0.00306942	0.00281975	0.00242027	

47	0.031	0	0	task-3:0.02	task-0:0.04	task-1:0.015	task-2:0.025	|	0.0259626	0.025531	0.0244636	0.023021	0.0211951	0.0197613	0.0173893	0.0141361	0.0140758	0.0123511	0.0115978	0.0109558	0.0104441	0.0101878	0.00988995	0.00931415	0.00862194	0.00808238	0.00766721	0.00740704	0.00714908	0.00687515	0.00653076	0.0062693	0.00591309	0.00536917	0.00495289	0.0056286	0.00459535	0.00448536	0.00438593	0.00429431	0.00421774	0.0040966	0.00396836	0.00386144	0.003764	0.00360927	0.00354701	0.00345557	0.00341262	0.00334006	0.00327073	0.00322539	0.00313371	0.00296203	0.00267718	0.00239237	

40	0.016	0	0	task-3:0.02	task-0:0.045	task-1:0.03	task-2:0.03	|	0.0268254	0.0263019	0.0249856	0.0235072	0.0229219	0.0216929	0.019442	0.0161503	0.0150579	0.0150589	0.0129449	0.0127539	0.0123537	0.0116118	0.0105294	0.009091	0.00687714	0.00939755	0.00581024	0.00557438	0.0055037	0.00534288	0.0050439	0.00460455	0.00448059	0.00421668	0.00410414	0.00407886	0.00406001	0.00401196	0.00392363	0.00381325	0.00371034	0.00364654	0.00353532	0.00333059	0.00300403	0.0025208	0.00491782	0.00270414	0.00224312	

26	0.015	0	0	task-3:0.04	task-0:0.035	task-1:0.025	task-2:0.025	|	0.0254313	0.0251887	0.0245419	0.0234736	0.0221152	0.0195984	0.0158281	0.0129014	0.0192549	0.0111339	0.0105603	0.00990159	0.00926391	0.00821031	0.00699998	0.00708337	0.00634311	0.00617129	0.0058276	0.00521643	0.00432739	0.00313748	0.00432366	0.0179909	0.00339948	0.00615245	0.00200195	

46	0.032	0	0	task-3:0.02	task-0:0.035	task-1:0.01	task-2:0.025	|	0.0234054	0.0232368	0.022771	0.0218875	0.0205139	0.018032	0.0143963	0.0124241	0.0170925	0.0109704	0.0103671	0.0100622	0.00946664	0.00846458	0.00829076	0.00778768	0.00753789	0.00715957	0.00672707	0.0060099	0.00534985	0.00579919	0.00499621	0.00486096	0.00471044	0.00459313	0.00454889	0.00450149	0.00440345	0.00425631	0.00412224	0.00392854	0.00372861	0.00366906	0.0036109	0.00353992	0.00349601	0.003448	0.00338154	0.00330582	0.00315983	0.00290034	0.00279066	0.00409594	0.00253357	0.0025132	0.00247229	

45	0.015	0	0	task-3:0.02	task-0:0.035	task-1:0.015	task-2:0.025	|	0.0262691	0.026044	0.0254334	0.02436	0.0229057	0.0201943	0.0160277	0.0117305	0.0153572	0.0155008	0.00703254	0.0065724	0.00637823	0.00624354	0.00598162	0.00554529	0.00491236	0.00429843	0.0063898	0.00404231	0.00394821	0.00390101	0.00389743	0.00388848	0.00387045	0.00383821	0.00378775	0.00373104	0.00363472	0.00354661	0.00346252	0.00338383	0.00323595	0.0031096	0.00309774	0.00299089	0.00295226	0.00291536	0.00286232	0.0027832	0.00270621	0.00267074	0.00265549	0.00262379	0.00255883	0.00246474	

42	0.047	0	0	task-3:0.025	task-0:0.035	task-1:0.02	task-2:0.025	|	0.0251567	0.025012	0.0245832	0.0236132	0.0216733	0.0182541	0.0134867	0.0141705	0.0139254	0.00939791	0.00895891	0.00863496	0.00805503	0.00756937	0.00729034	0.00697452	0.00678772	0.00651139	0.00618852	0.0055977	0.00468375	0.00507388	0.00624221	0.00382585	0.00376883	0.00368529	0.00361229	0.00352714	0.00341198	0.00334666	0.00325246	0.00316258	0.00313304	0.00310118	0.00306148	0.00299407	0.00295973	0.00292212	0.00286772	0.00279444	0.00270555	0.00253856	0.00224568	

44	0.016	0	0	task-3:0.015	task-0:0.035	task-1:0.01	task-2:0.03	|	0.0244553	0.0243219	0.0239261	0.0230274	0.0212148	0.0179478	0.0130801	0.0119328	0.0187176	0.00890914	0.00824217	0.00770191	0.00751519	0.00725078	0.00683715	0.00650139	0.00615892	0.00578305	0.00513145	0.00478315	0.00541301	0.00426242	0.00416802	0.00406849	0.00396573	0.00387832	0.00373358	0.00352069	0.00346529	0.00334633	0.00324957	0.00322102	0.0031796	0.00309637	0.00296218	0.00293277	0.00283775	0.0028071	0.00278668	0.00275142	0.00270579	0.00267505	0.00262336	0.00254545	0.00239918	

56	0.046	0	0	task-3:0.02	task-0:0.05	task-1:0.015	task-2:0.02	|	0.0261538	0.0257104	0.0246166	0.0231474	0.0213028	0.0199041	0.0175867	0.0143892	0.0144152	0.0128115	0.0120005	0.0115423	0.0112757	0.0108835	0.0105678	0.0101239	0.00942406	0.00883901	0.00791967	0.00750729	0.007094	0.00682169	0.00667993	0.00658051	0.00644946	0.00637431	0.00623388	0.00598735	0.00573095	0.00538546	0.0049395	0.00464137	0.00494731	0.00430641	0.00424863	0.00414031	0.0039545	0.00381823	0.00372831	0.00367037	0.00359381	0.00352842	0.003489	0.00342288	0.00332291	0.00324121	0.00315208	0.00299589	0.00296673	0.00288034	0.00279456	0.00277351	0.00274127	0.00267877	0.00260639	0.0025337	0.00247819	

43	0.047	0	0	task-3:0.015	task-0:0.035	task-1:0.015	task-2:0.025	|	0.0240882	0.0237239	0.0228349	0.0218591	0.0212285	0.0200635	0.0183897	0.0166994	0.01413	0.0130653	0.011523	0.0108623	0.0106173	0.010371	0.00980194	0.00878671	0.00766086	0.00654892	0.00808779	0.00609413	0.00587105	0.00577255	0.00575607	0.005721	0.00565813	0.005567	0.00548486	0.00533167	0.00511617	0.00495568	0.00478587	0.00449185	0.00400323	0.00440352	0.00397492	0.00354523	0.00351112	0.00344003	0.00330571	0.00308751	0.00275414	0.00352548	0.00307015	0.00245875	

27	0.016	0	0	task-3:0.04	task-0:0.035	task-1:0.045	task-2:0.02	|	0.0267047	0.0265151	0.0259822	0.0249322	0.0232478	0.020168	0.0158516	0.0134678	0.0151271	0.0116735	0.0109147	0.0106324	0.0103258	0.0097509	0.00874899	0.00730996	0.00529826	0.00657131	0.0191003	0.00359296	0.00347321	0.00343563	0.00341321	0.00336775	0.00327834	0.00310877	0.00280558	0.00231485	

44	0.031	0	0	task-3:0.02	task-0:0.035	task-1:0.01	task-2:0.02	|	0.0243711	0.0240173	0.0231443	0.022132	0.0214023	0.0200342	0.0179624	0.0158695	0.0133588	0.00993308	0.00956523	0.0198092	0.00573006	0.00557951	0.00531133	0.00498312	0.00462097	0.00437462	0.00428452	0.00413243	0.00406844	0.0039785	0.00385616	0.00370577	0.00358181	0.00347433	0.00346027	0.00343465	0.0033839	0.00328859	0.00312412	0.00296038	0.00319862	0.00286877	0.00283438	0.00278372	0.00273929	0.00268086	0.00261226	0.00258306	0.00257681	0.0025679	0.00254706	0.00250717	0.00244731	

33	0.015	0	0	task-3:0.02	task-0:0.055	task-1:0.02	task-2:0.025	|	0.0268127	0.0265412	0.0258201	0.0246599	0.0233192	0.0207772	0.0167771	0.0124145	0.0174454	0.0134744	0.0100789	0.00974935	0.00923092	0.00823249	0.00657472	0.00493003	0.0112569	0.00452808	0.00444527	0.00434421	0.00428274	0.00418423	0.00401357	0.00379069	0.00340756	0.00352812	0.00345552	0.00296584	0.00293213	0.00287022	0.00277788	0.00268431	0.00251744	0.00249212	

48	0.047	0	0	task-3:0.065	task-0:0.035	task-1:0.01	task-2:0.03	|	0.0235604	0.0233908	0.0229292	0.0220916	0.0209047	0.0187555	0.0155723	0.0141159	0.0132013	0.0121849	0.0116799	0.0112605	0.0104781	0.00963187	0.00905052	0.00822598	0.00783022	0.00760812	0.00729778	0.00706539	0.00683804	0.00658109	0.0062844	0.0060353	0.00580582	0.00559818	0.00525045	0.00469474	0.00511269	0.0043671	0.00428111	0.00425385	0.00418428	0.00404655	0.00382136	0.00376443	0.00361032	0.00355746	0.00354122	0.0035168	0.00346638	0.00339258	0.00333235	0.00322395	0.00304806	0.00273889	0.00293233	0.00426933	0.00235225	

32	0.016	0	0	task-3:0.045	task-0:0.05	task-1:0.025	task-2:0.025	|	0.0269082	0.0267532	0.0262962	0.0252731	0.0232811	0.0201594	0.0171469	0.0147016	0.0161971	0.012953	0.0123474	0.0113041	0.00987543	0.00759183	0.00516825	0.0157121	0.00515925	0.0051232	0.00465633	0.00461742	0.00452826	0.00434083	0.00401282	0.00369316	0.00430756	0.00354328	0.00351732	0.00346835	0.00338529	0.00326109	0.00303026	0.0026357	0.00226599	

40	0.015	0	0	task-3:0.02	task-0:0.045	task-1:0.035	task-2:0.03	|	0.0241085	0.023918	0.0233938	0.0224209	0.0209019	0.0181655	0.0142701	0.0122813	0.0160067	0.0103931	0.010095	0.00965973	0.00881679	0.00774116	0.00734215	0.00704607	0.00677202	0.00654063	0.00621841	0.00568626	0.00504705	0.00512088	0.00460611	0.00449025	0.00442524	0.00430711	0.00411205	0.00391247	0.00364823	0.00347256	0.00360431	0.00328156	0.00324334	0.00317604	0.00306855	0.00286883	0.00269774	0.00338456	0.00254989	0.00252096	0.00248154	

47	0.015	0	0	task-3:0.02	task-0:0.035	task-1:0.035	task-2:0.03	|	0.0241431	0.023996	0.023563	0.0225971	0.0207247	0.0176501	0.0144231	0.0131298	0.0119332	0.0114023	0.0111168	0.0108786	0.0103111	0.00922431	0.00757726	0.0054237	0.014456	0.00518039	0.00513795	0.00510473	0.00503611	0.00490392	0.00468046	0.00492956	0.00455562	0.00448189	0.00438613	0.00426252	0.00411086	0.00386294	0.00355776	0.00342024	0.00390729	0.00314065	0.00309595	0.0030377	0.00298684	0.00297214	0.00293854	0.00287736	0.0027952	0.00273568	0.00267636	0.00266653	0.00265056	0.00261841	0.00255526	0.00243521	

37	0.032	0	0	task-3:0.03	task-0:0.035	task-1:0.015	task-2:0.015	|	0.0252302	0.0250984	0.024707	0.0238175	0.0220209	0.0188593	0.0140571	0.0117482	0.0202083	0.0097319	0.00916936	0.00830116	0.00808698	0.00773718	0.00721906	0.00690744	0.00644641	0.00566	0.00458818	0.00503181	0.00867394	0.00350249	0.00344713	0.00339107	0.00334396	0.00332063	0.00329262	0.00324182	0.00318769	0.00314497	0.00313058	0.00311285	0.00307583	0.00301951	0.00297023	0.00287407	0.00269349	0.00237542	

33	0.031	0	0	task-3:0.025	task-0:0.035	task-1:0.025	task-2:0.055	|	0.0252751	0.0247592	0.0234964	0.0222392	0.0217725	0.0208036	0.019025	0.0163778	0.0144189	0.0140428	0.012896	0.0122691	0.0114238	0.0104971	0.00947216	0.00773077	0.00536444	0.00730915	0.0193121	0.0035357	0.00339825	0.00335857	0.00332899	0.00327012	0.00315732	0.0029471	0.00305444	0.00292175	0.00268632	0.00266642	0.00262616	0.0025485	0.00250784	0.00245726	

43	0.031	0	0	task-3:0.02	task-0:0.035	task-1:0.025	task-2:0.025	|	0.0276152	0.0272869	0.0264311	0.025058	0.023059	0.0213173	0.0188894	0.0163268	0.0148088	0.0140929	0.0132656	0.0131091	0.0128128	0.0122515	0.011352	0.0102518	0.00847218	0.00864824	0.00785328	0.00658263	0.0064417	0.00615868	0.00567212	0.00537347	0.00516957	0.00500069	0.00491349	0.00480463	0.00462962	0.00450531	0.0043455	0.00410526	0.00392645	0.0039104	0.00374751	0.00368712	0.00363534	0.00355235	0.00340168	0.00315213	0.0027358	0.00261126	0.00991143	0.00217228	

40	0.031	0	0	task-3:0.02	task-0:0.035	task-1:0.025	task-2:0.025	|	0.0250533	0.0248793	0.0243914	0.0233797	0.0216627	0.0196838	0.0174473	0.0160486	0.0142829	0.0123105	0.0093977	0.00601586	0.0184108	0.00635865	0.00825428	0.00560888	0.00554769	0.00543578	0.00531953	0.00525369	0.00512303	0.00487727	0.00443903	0.00422888	0.00453316	0.00381608	0.00376734	0.00367285	0.0035002	0.00329284	0.00343002	0.00320311	0.00316193	0.00310257	0.00305435	0.00296652	0.00281901	0.00257255	0.00290536	0.00278024	0.00233616	

37	0.016	0	0	task-3:0.02	task-0:0.035	task-1:0.025	task-2:0.02	|	0.025168	0.0250094	0.0245587	0.0236148	0.0220269	0.0202294	0.0181464	0.0166529	0.0149445	0.0132186	0.0104725	0.0103807	0.00942773	0.00766303	0.00746312	0.00708287	0.0065262	0.0060637	0.00583805	0.00568059	0.0055809	0.0054348	0.00524149	0.00488253	0.00432944	0.00347415	0.00619158	0.00543837	0.00288869	0.00276263	0.00272279	0.00269109	0.00265849	0.00262337	0.0025717	0.00254681	0.00251902	0.00247871	

50	0.047	0	0	task-3:0.015	task-0:0.04	task-1:0.005	task-2:0.025	|	0.0258258	0.0256302	0.025084	0.0240288	0.0223152	0.0192432	0.0157016	0.0143425	0.0134496	0.0130688	0.0124815	0.0118637	0.0108622	0.00975818	0.00926558	0.0088705	0.00835723	0.00758023	0.00709121	0.0066905	0.00661229	0.0065643	0.0064666	0.00629529	0.00604898	0.00573999	0.00533375	0.00503405	0.00484188	0.00474611	0.00465903	0.00457065	0.00443602	0.00432299	0.00422881	0.00415814	0.00404973	0.00392437	0.0038374	0.00380517	0.00373303	0.00358926	0.00333276	0.00311853	0.00410613	0.00295641	0.00293346	0.00288763	0.002799	0.00263544	0.00240164	

37	0.031	0	0	task-3:0.04	task-0:0.035	task-1:0.01	task-2:0.025	|	0.0268348	0.0266214	0.0260415	0.0249236	0.0232155	0.0218456	0.0200242	0.0179327	0.0165304	0.0161489	0.0153241	0.0136822	0.0111851	0.00963766	0.012043	0.00790468	0.00767597	0.00723096	0.00643435	0.00518964	0.0047599	0.0115145	0.00397908	0.00371971	0.00363653	0.00360446	0.00356239	0.00347434	0.00329795	0.00299576	0.00317488	0.00353754	0.00266159	0.00263817	0.00259282	0.00251497	0.00251463	0.00246088	

50	0.031	0	0	task-3:0.02	task-0:0.035	task-1:0.01	task-2:0.07	|	0.0265954	0.026427	0.0259392	0.0248879	0.0230107	0.0205372	0.0181057	0.0172901	0.0159896	0.0138419	0.0115169	0.0117934	0.00975769	0.00934298	0.00867675	0.00783072	0.0074016	0.00709455	0.00658743	0.00614703	0.00576074	0.00556834	0.00551752	0.00539847	0.00517298	0.00485714	0.00473164	0.00453083	0.0044611	0.0043253	0.00407558	0.00367298	0.00365921	0.00462492	0.00318064	0.00314816	0.0030841	0.00296741	0.00293377	0.00283628	0.0028043	0.00279328	0.00277443	0.00273909	0.00269573	0.00266321	0.0026428	0.00260997	0.002569	0.00254014	0.00249964	

36	0.015	0	0	task-3:0.015	task-0:0.075	task-1:0.015	task-2:0.03	|	0.028538	0.0277962	0.0259235	0.0237638	0.0221288	0.0199172	0.0175703	0.0164576	0.0144261	0.0126856	0.0115361	0.0112743	0.0107558	0.00982385	0.00831238	0.00625613	0.00686499	0.0194256	0.00475741	0.00502882	0.00410424	0.00403463	0.00394315	0.00376183	0.00342892	0.00300647	0.00394445	0.00288459	0.00287052	0.00284615	0.00282426	0.00281947	0.00280436	0.00277391	0.00271834	0.00263207	0.00248026	

28	0.016	0	0	task-3:0.035	task-0:0.04	task-1:0.03	task-2:0.03	|	0.0269288	0.0266147	0.0258046	0.0245092	0.022697	0.0213622	0.0193702	0.0168848	0.0155531	0.0149782	0.0140894	0.0138225	0.0135618	0.0130723	0.0123311	0.0114974	0.0100025	0.00778897	0.00764357	0.0150417	0.00534002	0.00523062	0.00501395	0.00461292	0.00394079	0.00297514	0.00447805	0.0171686	0.00203885	

34	0.015	0	0	task-3:0.015	task-0:0.035	task-1:0.02	task-2:0.03	|	0.026509	0.0263488	0.025884	0.0248842	0.0230594	0.019833	0.0151957	0.0113031	0.0178527	0.0103219	0.0100457	0.00982661	0.00938286	0.00858522	0.00784188	0.00731465	0.00717645	0.00699389	0.00682658	0.00657992	0.00618298	0.00581752	0.0053465	0.00462804	0.00396053	0.00898145	0.00363181	0.00359813	0.00353084	0.00340109	0.00316338	0.00276451	0.00356178	0.00441481	0.00235775	

35	0.032	0	0	task-3:0.02	task-0:0.035	task-1:0.02	task-2:0.03	|	0.0290274	0.028354	0.0266423	0.0245387	0.0227575	0.0207226	0.0183078	0.0165265	0.0138234	0.0102312	0.00700927	0.0209439	0.0073667	0.013122	0.00584622	0.00572932	0.0055631	0.00543375	0.00518424	0.00473377	0.00400505	0.00400249	0.00791339	0.00319576	0.00308632	0.00306397	0.0030207	0.00295492	0.00287576	0.00276499	0.00272622	0.00266489	0.00264271	0.0025983	0.00251201	0.00235123	

50	0.015	0	0	task-3:0.085	task-0:0.035	task-1:0.01	task-2:0.025	|	0.0287702	0.0281223	0.0264819	0.0244509	0.0226552	0.0207513	0.0183717	0.0163363	0.0137243	0.011624	0.011419	0.01065	0.0100824	0.00976317	0.00960351	0.00933285	0.00899592	0.00860955	0.00794481	0.00728784	0.00660407	0.00660177	0.00634867	0.00621194	0.00604221	0.00601562	0.00598643	0.00592539	0.00581049	0.00562304	0.0053641	0.00489496	0.00463487	0.00493399	0.00422785	0.0041441	0.00405669	0.00395855	0.00385005	0.00366882	0.00345256	0.00319663	0.00385717	0.00309917	0.00305836	0.00300622	0.00297278	0.00291543	0.00282749	0.0026705	0.00245828	

