132	0.109	2	task-3:0.488	task-0:0.556	task-1:0.508	task-2:0.482	|	0.0552864	0.0551945	0.0550058	0.0547445	0.0544937	0.054304	0.0541732	0.0540994	0.0539919	0.0539066	0.0537975	0.0536675	0.0535578	0.0535156	0.0534956	0.0534783	0.0534498	0.0534322	0.0534074	0.0533666	0.0533337	0.0533148	0.0532751	0.0532241	0.0531677	0.0531692	0.0531381	0.0531284	0.0531128	0.0530951	0.0530797	0.0530498	0.0530132	0.0530238	0.0530013	0.0529949	0.0529819	0.0529716	0.0529628	0.0529611	0.0529562	0.0529474	0.0529362	0.052934	0.0529324	0.0529285	0.0529206	0.0529139	0.0529068	0.0529057	0.0529038	0.0529019	0.0528978	0.0528933	0.0528872	0.0528795	0.0528667	0.052874	

245	0.25	3	task-3:0.116	task-0:0.106	task-1:0.16	task-2:0.204	|	0.0543567	0.0543312	0.0542713	0.0541932	0.0541244	0.0540081	0.0537942	0.0536648	0.0537048	0.0535311	0.0535166	0.0534855	0.0534394	0.0533456	0.0532367	0.0531159	0.0529574	0.0527804	0.052668	0.0524788	0.0522097	0.0518732	0.0533624	0.0517943	0.0517779	0.0517416	0.051669	0.0516493	0.0516003	0.0515782	0.0515689	0.0515539	0.0515233	0.0514799	0.0513926	0.0512221	0.0512614	0.0511691	0.0502941	0.0499274	0.0490778	0.0474739	0.0456426	0.0464571	0.0440991	0.0435191	0.0431965	0.0426746	0.0418567	0.0411537	0.04075	0.0405477	0.0402587	0.0397087	0.0390713	0.0383396	0.0378497	0.0375961	0.0374062	0.037268	0.0371897	0.0369906	0.0367179	0.0363078	0.0358431	0.0354274	0.0352214	0.0351352	0.0349857	0.0348488	0.0345444	0.0339335	0.0336499	0.0334433	0.0332329	0.0331484	0.0330489	0.0328547	0.0326677	0.032462	0.0320269	0.0311488	0.029679	0.0367828	0.0294886	0.0294403	0.0294082	0.0293798	0.0293197	0.0292886	0.0292253	0.0291769	0.0291369	0.0291077	0.0290579	0.029023	0.0289801	0.028574	0.0282329	0.0272798	0.0252567	0.0215911	0.0162541	0.0118484	

255	0.36	3	task-3:0.274	task-0:0.196	task-1:0.306	task-2:0.328	|	0.0572227	0.0564844	0.055296	0.0550983	0.0550214	0.0548506	0.0545294	0.0540543	0.0536316	0.0563871	0.0534439	0.053424	0.0533867	0.0533487	0.0533171	0.0532659	0.0532861	0.0532413	0.053235	0.053226	0.0532064	0.0531672	0.0530959	0.0531076	0.0530341	0.0529325	0.0528709	0.0527401	0.0525019	0.0521842	0.0524698	0.0530134	0.0518689	0.0518555	0.0518296	0.0517881	0.0517072	0.0517244	0.0517814	0.0516204	0.0516117	0.0515946	0.0515756	0.0515625	0.0515576	0.0515053	0.0514421	0.0512788	0.0509156	0.0501819	0.04879	0.0466814	0.0461387	0.0457351	0.0455183	0.045056	0.0441195	0.0425087	0.0477378	0.0423063	0.0422751	0.0421422	0.0418871	0.0415175	0.0416501	0.0414171	0.0413677	0.0412743	0.0410853	0.040718	0.0404306	0.0403965	0.0403194	0.0403026	0.0402657	0.0401895	0.0400449	0.0399673	0.039976	0.0399398	0.0399215	0.039884	0.0398551	0.0396265	0.0394029	0.0387471	0.0374175	0.0352955	0.0349663	0.0341317	0.0334485	0.0332141	0.032875	0.0321503	0.0307357	0.0283174	0.0323834	0.031374	0.0265922	0.0264787	0.0262048	0.0257798	0.0250314	0.0239288	0.0251013	0.0239088	0.0233967	0.0233631	0.0232734	0.0230808	0.0227103	0.022091	

177	0.14	2	task-3:0.072	task-0:0.18	task-1:0.172	task-2:0.172	|	0.0547414	0.0545768	0.0543058	0.0542392	0.0542055	0.0541262	0.0539726	0.0537163	0.0533951	0.0545605	0.0533388	0.0533274	0.0533043	0.0532755	0.0532216	0.0531367	0.0530807	0.0531031	0.0530609	0.0530569	0.0530529	0.0530444	0.0530276	0.0526301	0.052342	0.0514952	0.0497311	0.0467455	0.0436089	0.0392288	0.0475941	0.0371786	0.0362639	0.0358674	0.0353176	0.034518	0.0336339	0.0329268	0.0326334	0.0320567	0.0313932	0.0303922	0.0286099	0.0291826	0.0310473	0.0270825	0.0270008	0.0268303	0.0265733	0.0261187	0.0253238	0.0250296	0.0253954	0.0244587	0.0244003	0.0242827	0.0241354	0.0241367	0.0240992	0.0240288	0.0239465	0.0238395	0.0238034	0.0237232	0.0235852	0.0234976	0.0235194	0.0234505	0.0233857	0.02326	0.023154	0.0229546	0.0229515	0.0229122	0.0228901	0.0228433	0.0227732	0.0227037	0.0226307	0.0225539	0.0223986	0.0221382	0.0222395	0.0221098	0.02211	0.0220998	0.0220861	0.0220571	0.0220023	0.0219959	0.0219666	0.0219725	0.021967	0.0214346	0.0212046	0.0205506	0.0191247	0.0164344	

164	0.094	2	task-3:0.088	task-0:0.18	task-1:0.174	task-2:0.172	|	0.0549949	0.0549376	0.0547882	0.0545289	0.0541454	0.0536938	0.0538792	0.0536032	0.0535228	0.053507	0.0534726	0.0534245	0.0533775	0.0533542	0.0533374	0.0533214	0.0533003	0.0532883	0.0529246	0.0526342	0.0517963	0.0500019	0.0468073	0.0425441	0.0431145	0.0407478	0.039414	0.0389198	0.0383151	0.0373296	0.0355979	0.0335484	0.0341035	0.0327342	0.0325206	0.0320863	0.0314631	0.030252	0.0281832	0.0286446	0.0287493	0.0268835	0.0267913	0.0266011	0.0262311	0.0256616	0.025518	0.0253757	0.0251596	0.0250188	0.024877	0.024592	0.0243219	0.0240026	0.0240689	0.023926	0.0238617	0.0237361	0.0234924	0.0230871	0.0226358	0.0228826	0.02274	0.0227186	0.0226927	0.0226383	0.022572	0.0225115	0.0224622	0.022428	0.0223578	0.0222522	0.0222788	0.0222519	0.0221961	0.0220976	0.0220077	0.021922	0.0219355	0.0219274	0.0219128	0.0218824	0.0218641	0.0218418	0.021844	0.0218397	0.021836	0.0218275	0.0212869	0.0210394	0.0203547	0.0189163	0.0162266	

178	0.125	2	task-3:0.07	task-0:0.21	task-1:0.174	task-2:0.19	|	0.058074	0.0568149	0.0548061	0.0545801	0.0545136	0.0544004	0.0542541	0.054133	0.0539464	0.0537814	0.0536602	0.0535715	0.0535364	0.0535085	0.0534738	0.0534335	0.053398	0.0533685	0.0533131	0.0532279	0.0534392	0.0531856	0.0531184	0.0527421	0.0524406	0.0515911	0.0498488	0.0470381	0.0444195	0.0413799	0.0414408	0.0391999	0.038221	0.0378478	0.0370688	0.0357476	0.0346687	0.0343434	0.0341091	0.033801	0.0332633	0.032667	0.0323787	0.0320437	0.0313837	0.0304394	0.0301178	0.0296977	0.0294217	0.0288974	0.0285053	0.0283155	0.0281739	0.0278697	0.0272987	0.0265133	0.026628	0.0262035	0.0261048	0.0258917	0.0254595	0.0246502	0.0248749	0.0241102	0.0238139	0.0238062	0.0237422	0.0236115	0.023401	0.0232983	0.0232704	0.0232243	0.0231629	0.0230288	0.0227645	0.0225724	0.0224414	0.0224742	0.0224653	0.0224485	0.0224291	0.0223915	0.02233	0.0222548	0.0222206	0.0222168	0.0222039	0.0221866	0.0221561	0.0215426	0.0211976	0.020555	0.0191895	0.0168285	0.013913	

163	0.094	2	task-3:0.152	task-0:0.172	task-1:0.182	task-2:0.168	|	0.058074	0.0568149	0.0548061	0.0545801	0.0545136	0.0544004	0.0542541	0.054133	0.0539464	0.0537814	0.0536602	0.0535715	0.0535364	0.0535085	0.0534738	0.0534335	0.053398	0.0533685	0.0533131	0.0532279	0.0534392	0.0531856	0.0531184	0.0527476	0.0524504	0.0516131	0.0498948	0.0471212	0.0445658	0.0411356	0.0405152	0.0387338	0.0372464	0.0367336	0.0363877	0.0356554	0.0343299	0.0322783	0.0295424	0.0329317	0.0285284	0.0285074	0.0282883	0.0279951	0.0274683	0.026439	0.0249236	0.0303926	0.0243784	0.0243226	0.0242438	0.0241164	0.0239518	0.023777	0.0235451	0.0236156	0.0235228	0.0234785	0.0234026	0.023251	0.0229865	0.0226453	0.0228513	0.0226826	0.0226618	0.0226168	0.022524	0.0223381	0.0221255	0.0222759	0.0221969	0.0221858	0.0221622	0.0221436	0.0221181	0.0221114	0.0220943	0.02208	0.0220761	0.0220634	0.022037	0.0217175	0.0215306	0.0210672	0.0200818	0.018251	0.0151815	

320	0.234	4	task-3:0.112	task-0:0.16	task-1:0.174	task-2:0.178	|	0.0543991	0.0542675	0.0540435	0.0539918	0.0539386	0.0538276	0.0536429	0.0534799	0.0533961	0.0534669	0.0533511	0.0533379	0.0533146	0.0532513	0.0531918	0.0531867	0.0531376	0.0531237	0.0531006	0.0530429	0.0529274	0.0527011	0.0523893	0.0534659	0.052308	0.0522804	0.0522393	0.0522055	0.0521837	0.0521318	0.0520361	0.0520141	0.0519777	0.0519171	0.051902	0.0518755	0.0518266	0.0517932	0.0517838	0.0515725	0.0512534	0.0503631	0.0485411	0.0455198	0.044125	0.0444865	0.0423693	0.0420437	0.0417855	0.0411819	0.0399448	0.0380522	0.0383505	0.0370566	0.0366424	0.0365131	0.0361977	0.0357246	0.0352835	0.0352671	0.0350428	0.0348399	0.0345859	0.0344031	0.0341166	0.0337524	0.0332904	0.0330302	0.0328945	0.0325959	0.0321225	0.0311558	0.0293734	0.0278583	0.0351495	0.0273468	0.0272497	0.0270663	0.026727	0.0262674	0.0267298	0.0261644	0.0261346	0.0260679	0.0259565	0.0258225	0.0256547	0.0254076	0.0252016	0.0250842	0.0250407	0.0250031	0.0249409	0.0247998	0.0245042	0.0241476	0.024421	0.0239752	0.0239363	0.0238691	0.0237331	0.0234749	0.0229613	0.0225953	0.0229581	0.0225134	0.0224947	0.0224505	0.0223573	0.0222333	0.0222756	0.0222346	0.022212	0.0221928	0.0221545	0.0221098	0.0221171	0.0221068	0.0220945	0.0218365	0.0215334	0.0206991	0.0189154	

165	0.078	2	task-3:0.254	task-0:0.134	task-1:0.188	task-2:0.126	|	0.055823	0.0557653	0.055598	0.0552379	0.0545996	0.0538222	0.0546302	0.0536544	0.0535671	0.0535407	0.0534972	0.0534251	0.0533291	0.0533107	0.0532745	0.0532312	0.0532215	0.0532063	0.0531752	0.0531224	0.0530494	0.0532861	0.0530386	0.0527829	0.0525731	0.051973	0.0507146	0.0486639	0.0469365	0.0459785	0.0451928	0.044015	0.0419085	0.038826	0.0378494	0.0393794	0.0353783	0.0352414	0.0349273	0.0344834	0.0335806	0.0318596	0.0306096	0.0405346	0.0294676	0.0294004	0.0293368	0.0292907	0.0292075	0.0290795	0.0291057	0.0290998	0.029069	0.0290265	0.0289582	0.0288979	0.028802	0.0288027	0.0287849	0.0287598	0.0287241	0.0286537	0.0285831	0.0285774	0.0284538	0.0284536	0.028446	0.0284326	0.0284044	0.0279309	0.0276589	0.0269901	0.0256513	0.0235625	0.0232254	0.0216918	0.0213904	0.0210438	0.0206388	0.0198539	0.0184405	0.0166596	0.0180455	0.0161431	0.0160265	0.0157205	0.0151509	0.0145138	0.0166265	0.0143112	0.0142268	0.0141819	0.0141145	0.0140572	0.0139622	0.0137864	0.0137538	0.0137325	0.0137214	0.0137038	0.0136454	0.0134709	

207	0.109	2	task-3:0.024	task-0:0.1	task-1:0.196	task-2:0.104	|	0.0554789	0.05501	0.0542133	0.0540249	0.053908	0.0536976	0.0535708	0.0534979	0.0534506	0.0534223	0.053383	0.0533407	0.0533224	0.0532855	0.0532313	0.0529122	0.0528334	0.0520822	0.0508032	0.0487329	0.0470154	0.045875	0.0449305	0.0432224	0.0413527	0.0427348	0.0400625	0.0396491	0.0391097	0.0381529	0.0363998	0.034189	0.0364848	0.0337856	0.0336868	0.0335421	0.0334127	0.033246	0.033111	0.0328292	0.0323607	0.0319325	0.0324603	0.0318207	0.0317913	0.0317266	0.0316209	0.0314571	0.0311436	0.0309019	0.0306806	0.0307146	0.0306814	0.0306175	0.0305198	0.0304457	0.0303896	0.0302741	0.0301006	0.0299269	0.0297664	0.0297777	0.0297397	0.0296637	0.029568	0.0295626	0.0295359	0.0294913	0.0294173	0.0293839	0.0293301	0.029272	0.0292445	0.0286928	0.0283323	0.0276417	0.0260855	0.0233149	0.019607	0.0177896	0.0171204	0.0160484	0.0156947	0.0154595	0.0152865	0.0149751	0.0144604	0.0139965	0.0137545	0.013742	0.0136295	0.013585	0.0136057	0.0135775	0.0134745	0.0133285	0.0131628	0.0139391	0.0131455	0.0132407	0.0133552	0.0131381	0.0128617	0.0123381	0.0125905	0.0137655	0.0123858	0.0124036	0.0124429	0.012585	0.0125985	0.0127614	0.012701	0.0127004	0.0127247	0.0127354	0.0127008	0.0126415	0.0125563	0.012513	0.0124872	0.0124732	0.0124418	0.0123993	0.0123767	0.0123313	0.0122455	0.0120512	0.0123982	

289	0.156	3	task-3:0.164	task-0:0.08	task-1:0.172	task-2:0.136	|	0.0580836	0.0569964	0.0552368	0.0549954	0.0548956	0.0547201	0.0545171	0.0543478	0.0541744	0.0540546	0.05397	0.0539138	0.0537998	0.0536647	0.0535223	0.0535365	0.0534646	0.0534423	0.0533965	0.053326	0.0532059	0.0530846	0.0537222	0.0529817	0.0528964	0.0528879	0.0528657	0.0528109	0.0527087	0.0525708	0.0524127	0.0524548	0.0523433	0.0523296	0.0522836	0.0521842	0.051981	0.0516359	0.0528702	0.0515464	0.0514684	0.0514615	0.0514395	0.051399	0.0513577	0.0513012	0.0512042	0.051046	0.0511398	0.0509731	0.0509061	0.0508943	0.0508731	0.0506435	0.0503702	0.0498026	0.0492349	0.0487035	0.048322	0.0479854	0.0475228	0.0470246	0.045989	0.044784	0.0453975	0.0442269	0.0439948	0.0435554	0.0430289	0.0423735	0.0410843	0.0392506	0.0466817	0.0388129	0.0386481	0.0385801	0.0384913	0.0383052	0.0380885	0.0375914	0.036603	0.0370205	0.0365843	0.0355543	0.035448	0.0352147	0.0347325	0.03411	0.0349597	0.0339462	0.0338704	0.0337179	0.0334627	0.0329657	0.0323659	0.0351696	0.0321258	0.0320764	0.0319583	0.0317437	0.0314376	0.031092	0.0312501	0.0310045	0.0309848	0.0309099	0.0307478	0.0305661	0.0305596	0.0304993	0.0304488	0.0303928	0.0302739	0.0301558	0.0301661	0.0301281	0.0300407	0.0299088	0.029865	0.0298275	0.0297847	0.0296886	0.029592	0.0295133	0.0295173	0.0294859	0.0294503	0.0293688	0.0291973	0.0288486	0.0281606	0.0282475	0.0297787	0.0272778	0.0272954	0.027328	0.0273787	0.027629	0.0273727	0.0273929	0.0273895	0.0273797	0.0273595	0.0273241	0.0272776	0.0272428	0.0269744	0.0267097	0.0259662	0.0243885	0.0214572	0.0170367	0.0124449	

275	0.157	3	task-3:0.118	task-0:0.154	task-1:0.152	task-2:0.312	|	0.0580836	0.0569964	0.0552368	0.0549954	0.0548956	0.0547201	0.0545171	0.0543478	0.0541744	0.0540546	0.05397	0.0539138	0.0537998	0.0536647	0.0535223	0.0535365	0.0534646	0.0534423	0.0533965	0.053326	0.0532059	0.0530846	0.0537222	0.0529817	0.0528964	0.0528879	0.0528657	0.0528109	0.0527087	0.0525708	0.0524127	0.0524548	0.0523433	0.0523296	0.0522836	0.0521842	0.051981	0.0516359	0.0528702	0.0515464	0.0514684	0.0514615	0.0514395	0.051399	0.0513577	0.0513012	0.0512042	0.051046	0.0511398	0.0509731	0.0509061	0.0508943	0.0508731	0.0505796	0.0502209	0.0494254	0.0481784	0.0469233	0.0448729	0.0429607	0.0452293	0.0420099	0.0417184	0.0411025	0.0401055	0.0382861	0.0370169	0.041542	0.0357732	0.0355528	0.0351387	0.0345609	0.0339515	0.0337662	0.0336439	0.0334833	0.0331585	0.0327454	0.0321518	0.0315603	0.031497	0.031125	0.0309773	0.0307692	0.0304062	0.0299095	0.029035	0.0289179	0.0289959	0.0279544	0.0278675	0.0277271	0.0274234	0.0268029	0.02585	0.0284707	0.0256357	0.0255856	0.0255169	0.0254323	0.0253664	0.0252574	0.0250429	0.0248683	0.02493	0.0248957	0.0248209	0.0247413	0.0246966	0.0245926	0.0243792	0.0242143	0.0242844	0.0242549	0.0241874	0.0240973	0.0240209	0.0239246	0.0238768	0.0238452	0.0238052	0.0237891	0.0237577	0.0237378	0.0237001	0.0236632	0.0235818	0.0234617	0.0234341	0.023433	0.0234144	0.0230467	0.0226661	0.0217543	0.0199274	

353	0.203	4	task-3:0.156	task-0:0.092	task-1:0.164	task-2:0.19	|	0.0580836	0.0569964	0.0552368	0.0549954	0.0548956	0.0547201	0.0545171	0.0543478	0.0541744	0.0540546	0.05397	0.0539138	0.0537998	0.0536647	0.0535223	0.0535365	0.0534646	0.0534423	0.0533965	0.053326	0.0532059	0.0530846	0.0537222	0.0529817	0.0528964	0.0528879	0.0528657	0.0528109	0.0527087	0.0525708	0.0524127	0.0524548	0.0523433	0.0523296	0.0522836	0.0521842	0.051981	0.0516359	0.0528702	0.0515464	0.0514684	0.0514615	0.0514395	0.051399	0.0513577	0.0513012	0.0512042	0.051046	0.0511398	0.0509731	0.0509061	0.0508943	0.0508731	0.0506499	0.0503837	0.0498345	0.0492805	0.0487633	0.0483772	0.0480316	0.0475951	0.0471121	0.046136	0.0451914	0.0452045	0.0445495	0.0442769	0.0438566	0.0433523	0.0429074	0.0421382	0.0418778	0.0414692	0.0412736	0.0408786	0.0405241	0.0403703	0.0402087	0.0399885	0.0395327	0.038943	0.0387068	0.0385596	0.0384048	0.038096	0.0378137	0.0377722	0.0376282	0.0374926	0.0371805	0.0365303	0.0353087	0.0330443	0.0471264	0.0326469	0.0324941	0.0324821	0.0324382	0.0323466	0.032212	0.031923	0.0314161	0.0318675	0.0312866	0.031246	0.0311567	0.030974	0.0306244	0.0302318	0.0310064	0.030147	0.0299502	0.0299243	0.0298606	0.029723	0.0294466	0.0293912	0.0293773	0.0292366	0.0292114	0.029157	0.0290437	0.028839	0.0286732	0.0287914	0.0285895	0.0285798	0.0285687	0.0285499	0.0285079	0.0284558	0.0283634	0.0283322	0.0283141	0.0283024	0.0282498	0.0281941	0.0280427	0.0277207	0.027134	0.0268039	0.0283784	0.0263271	0.0262614	0.026184	0.0260204	0.0257659	0.02603	0.0255595	0.025538	0.0255332	0.025461	0.0253653	0.0253348	0.0252578	0.0251962	0.0250527	0.0247544	0.0242929	0.0326735	0.0242779	0.0242422	0.0241917	0.0241537	0.0240848	0.0239387	0.0236893	0.0232133	0.0226316	0.0404037	0.0225445	0.0225028	0.0225028	0.0225011	0.022495	0.0224796	0.0224425	0.0224062	0.0223708	0.0223583	0.0223535	0.0223426	0.0223181	0.022026	0.0217593	0.0210009	0.019385	0.016405	0.011823	

270	0.156	3	task-3:0.122	task-0:0.164	task-1:0.164	task-2:0.206	|	0.0580836	0.0569964	0.0552368	0.0549954	0.0548956	0.0547201	0.0545171	0.0543478	0.0541744	0.0540546	0.05397	0.0539138	0.0537998	0.0536647	0.0535223	0.0535365	0.0534646	0.0534423	0.0533965	0.053326	0.0532059	0.0530846	0.0537222	0.0529817	0.0528964	0.0528879	0.0528657	0.0528109	0.0527087	0.0525708	0.0524127	0.0524548	0.0523433	0.0523296	0.0522836	0.0521842	0.051981	0.0516359	0.0528702	0.0515464	0.0514684	0.0514615	0.0514395	0.051399	0.0513577	0.0513012	0.0512042	0.051046	0.0511398	0.0509731	0.0509061	0.0508943	0.0508731	0.0505744	0.0502097	0.0493966	0.0481333	0.0468887	0.0448305	0.0428424	0.0452099	0.0419411	0.0416514	0.0410462	0.0400774	0.0382645	0.0390711	0.0372828	0.036685	0.0365407	0.0362433	0.0357208	0.0353022	0.0352176	0.0349844	0.0347386	0.0341912	0.0330669	0.030975	0.0272295	0.0540961	0.0267328	0.0265873	0.0265774	0.0265438	0.0264545	0.0263072	0.0260932	0.025822	0.025801	0.0256745	0.025622	0.0255042	0.0253477	0.0252936	0.0252468	0.0251705	0.0250237	0.0249365	0.0248905	0.024843	0.0247334	0.0245267	0.0241316	0.0235026	0.0251427	0.0234299	0.0234037	0.0233437	0.0232215	0.0230387	0.0229382	0.0229832	0.0229671	0.0229329	0.0228983	0.0228879	0.0228635	0.0228101	0.0227434	0.0227392	0.0227272	0.0227002	0.022687	0.0223631	0.0220505	0.0211715	0.0192818	

202	0.109	2	task-3:0.074	task-0:0.136	task-1:0.17	task-2:0.174	|	0.0597529	0.0579234	0.0548818	0.0545261	0.054466	0.0543439	0.0541403	0.0539266	0.0536855	0.0535709	0.0535116	0.0534672	0.0534275	0.0533938	0.0533604	0.053321	0.0532948	0.0532452	0.0532162	0.0532059	0.0531943	0.0528086	0.0524883	0.0516098	0.0497728	0.0466288	0.0431037	0.0380157	0.036834	0.0367077	0.0349403	0.0343884	0.033431	0.0324807	0.0318478	0.0317159	0.0314444	0.0310222	0.0304082	0.0296095	0.0287128	0.0285578	0.0282166	0.0280897	0.0278589	0.0276547	0.0275815	0.02744	0.0271457	0.026687	0.0260276	0.0263079	0.0257201	0.0256183	0.0254411	0.0252259	0.0250104	0.0248374	0.0247875	0.024697	0.0245053	0.0241244	0.0236662	0.0238713	0.0236796	0.0236381	0.0235786	0.0234531	0.0232165	0.0228348	0.0228964	0.0227168	0.0226837	0.0226064	0.0224529	0.0223776	0.0223259	0.0223173	0.0222836	0.0222295	0.0221577	0.0221416	0.022129	0.0221229	0.0221139	0.0220936	0.0220514	0.0219795	0.021492	0.0212889	0.0208229	0.0200129	0.0191354	0.0180039	0.0166516	0.0155518	0.0151726	0.0149934	0.0148832	0.0146358	0.014182	0.0136115	0.0128359	0.0117907	

192	0.094	2	task-3:0.08	task-0:0.196	task-1:0.172	task-2:0.166	|	0.0557649	0.0553998	0.0547612	0.0545405	0.0544131	0.0542229	0.0539606	0.053796	0.0538385	0.0536713	0.0536386	0.0535841	0.0535025	0.0533826	0.0532466	0.0540666	0.053212	0.0532043	0.0531877	0.0531591	0.0531046	0.0530366	0.0532869	0.0530245	0.0530228	0.0530192	0.0526474	0.0523491	0.0515054	0.0497028	0.0465052	0.042527	0.0404295	0.0418063	0.038211	0.0381063	0.0376513	0.0372352	0.0365952	0.0356308	0.0347938	0.0340953	0.0330817	0.0317181	0.0303533	0.0303236	0.0288547	0.0288072	0.0285868	0.0282977	0.0279969	0.0275996	0.0274142	0.0272866	0.0271027	0.0267536	0.0263982	0.0259124	0.0258387	0.0256376	0.0255924	0.0255313	0.0254878	0.0253941	0.0252272	0.0250875	0.024903	0.0246061	0.0243972	0.0241438	0.0240603	0.0239009	0.0238489	0.0237448	0.0236184	0.0235941	0.0235717	0.0235249	0.0234835	0.0233962	0.0232456	0.0231623	0.0229534	0.0229568	0.0229372	0.0228997	0.0228209	0.0227117	0.0225154	0.022458	0.02242	0.022407	0.0223967	0.0223802	0.0223478	0.0222839	0.0222026	0.0220942	0.0220022	0.0220501	0.0219995	0.0219948	0.0219839	0.021961	0.0219196	0.0218431	0.0218638	0.0218434	0.021834	0.0218145	0.0218005	0.0212508	0.0210232	0.0203786	0.0189753	0.0164733	0.0124949	

202	0.094	2	task-3:0.074	task-0:0.136	task-1:0.17	task-2:0.174	|	0.0597529	0.0579234	0.0548818	0.0545261	0.054466	0.0543439	0.0541403	0.0539266	0.0536855	0.0535709	0.0535116	0.0534672	0.0534275	0.0533938	0.0533604	0.053321	0.0532948	0.0532452	0.0532162	0.0532059	0.0531943	0.0528086	0.0524883	0.0516098	0.0497728	0.0466288	0.0431037	0.0380157	0.036834	0.0367077	0.0349403	0.0343884	0.033431	0.0324807	0.0318478	0.0317159	0.0314444	0.0310222	0.0304082	0.0296095	0.0287128	0.0285578	0.0282166	0.0280897	0.0278589	0.0276547	0.0275815	0.02744	0.0271457	0.026687	0.0260276	0.0263079	0.0257201	0.0256183	0.0254411	0.0252259	0.0250104	0.0248374	0.0247875	0.024697	0.0245053	0.0241244	0.0236662	0.0238713	0.0236796	0.0236381	0.0235786	0.0234531	0.0232165	0.0228348	0.0228964	0.0227168	0.0226837	0.0226064	0.0224529	0.0223776	0.0223259	0.0223173	0.0222836	0.0222295	0.0221577	0.0221416	0.022129	0.0221229	0.0221139	0.0220936	0.0220514	0.0219795	0.021492	0.0212889	0.0208229	0.0200129	0.0191354	0.0180039	0.0166516	0.0155518	0.0151726	0.0149934	0.0148832	0.0146358	0.014182	0.0136115	0.0128359	0.0117907	

201	0.109	2	task-3:0.08	task-0:0.21	task-1:0.164	task-2:0.168	|	0.0597529	0.0579234	0.0548818	0.0545261	0.054466	0.0543439	0.0541403	0.0539266	0.0536855	0.0535709	0.0535116	0.0534672	0.0534275	0.0533938	0.0533604	0.053321	0.0532948	0.0532452	0.0532162	0.0532059	0.0531943	0.0528081	0.0524879	0.0516097	0.0497733	0.0466304	0.0431056	0.0380164	0.0369504	0.0366726	0.0349556	0.034385	0.0334165	0.0324256	0.0317918	0.0316746	0.0314156	0.0310525	0.0303667	0.0291956	0.028128	0.0284763	0.0277419	0.0276061	0.027336	0.0269149	0.0262987	0.026098	0.0261457	0.0255447	0.025485	0.0253647	0.0251201	0.0246666	0.0245102	0.024284	0.0242812	0.0242456	0.0241757	0.024034	0.0237617	0.0234681	0.0232608	0.0233012	0.0232527	0.0231434	0.0229513	0.0227341	0.0225311	0.0226436	0.0226292	0.0225957	0.02256	0.0225339	0.0224838	0.022387	0.0222562	0.0223085	0.0222575	0.0222512	0.0222357	0.0222097	0.0221595	0.0220964	0.0220517	0.0219869	0.0220198	0.022016	0.022008	0.0219919	0.0219592	0.0219255	0.0219319	0.0219199	0.0219012	0.0218636	0.0217953	0.0217804	0.0212441	0.0210295	0.0204183	0.0190919	0.0166464	0.0128801	

195	0.11	2	task-3:0.082	task-0:0.136	task-1:0.168	task-2:0.174	|	0.0597529	0.0579234	0.0548818	0.0545261	0.054466	0.0543439	0.0541403	0.0539266	0.0536855	0.0535709	0.0535116	0.0534672	0.0534275	0.0533938	0.0533604	0.053321	0.0532948	0.0532452	0.0532162	0.0532059	0.0531943	0.0528086	0.0524883	0.0516098	0.0497728	0.0466288	0.0431037	0.0380157	0.036834	0.0367077	0.0349403	0.0343884	0.033431	0.0324807	0.0318478	0.0317159	0.0314444	0.0310222	0.0304082	0.0296095	0.0287128	0.0285578	0.0282166	0.0280897	0.0278589	0.0276547	0.0275815	0.02744	0.0271457	0.026687	0.0260276	0.0263079	0.0257201	0.0256183	0.0254411	0.0252259	0.0250104	0.0248374	0.0247875	0.024697	0.0245053	0.0241244	0.0236662	0.0238713	0.0236796	0.0236381	0.0235786	0.0234531	0.0232165	0.0228348	0.0228964	0.0227168	0.0226837	0.0226064	0.0224529	0.0223776	0.0223259	0.0223173	0.0222836	0.0222295	0.0221577	0.0221416	0.022129	0.0221229	0.0221139	0.0220936	0.0220514	0.0219795	0.0214898	0.0212861	0.0208192	0.0200063	0.019122	0.0179823	0.0166284	0.0155157	0.015112	0.0149817	0.0148537	0.0145921	0.0141214	0.0135599	0.0127169	0.0114445	

202	0.093	2	task-3:0.082	task-0:0.134	task-1:0.17	task-2:0.174	|	0.0597529	0.0579234	0.0548818	0.0545261	0.054466	0.0543439	0.0541403	0.0539266	0.0536855	0.0535709	0.0535116	0.0534672	0.0534275	0.0533938	0.0533604	0.053321	0.0532948	0.0532452	0.0532162	0.0532059	0.0531943	0.0528086	0.0524883	0.0516098	0.0497728	0.0466288	0.0431037	0.0380157	0.036834	0.0367077	0.0349403	0.0343884	0.033431	0.0324807	0.0318478	0.0317159	0.0314444	0.0310222	0.0304082	0.0296095	0.0287128	0.0285578	0.0282166	0.0280897	0.0278589	0.0276547	0.0275815	0.02744	0.0271457	0.026687	0.0260276	0.0263079	0.0257201	0.0256183	0.0254411	0.0252259	0.0250104	0.0248374	0.0247875	0.024697	0.0245053	0.0241244	0.0236662	0.0238713	0.0236796	0.0236381	0.0235786	0.0234531	0.0232165	0.0228348	0.0228964	0.0227168	0.0226837	0.0226064	0.0224529	0.0223776	0.0223259	0.0223173	0.0222836	0.0222295	0.0221577	0.0221416	0.022129	0.0221229	0.0221139	0.0220936	0.0220514	0.0219795	0.0214897	0.0212862	0.02082	0.0200081	0.0191238	0.0179848	0.016634	0.0155205	0.0151126	0.0149905	0.0148635	0.014607	0.0141429	0.013576	0.0127662	0.0116152	

195	0.094	2	task-3:0.082	task-0:0.136	task-1:0.168	task-2:0.174	|	0.0597529	0.0579234	0.0548818	0.0545261	0.054466	0.0543439	0.0541403	0.0539266	0.0536855	0.0535709	0.0535116	0.0534672	0.0534275	0.0533938	0.0533604	0.053321	0.0532948	0.0532452	0.0532162	0.0532059	0.0531943	0.0528086	0.0524883	0.0516098	0.0497728	0.0466288	0.0431037	0.0380157	0.036834	0.0367077	0.0349403	0.0343884	0.033431	0.0324807	0.0318478	0.0317159	0.0314444	0.0310222	0.0304082	0.0296095	0.0287128	0.0285578	0.0282166	0.0280897	0.0278589	0.0276547	0.0275815	0.02744	0.0271457	0.026687	0.0260276	0.0263079	0.0257201	0.0256183	0.0254411	0.0252259	0.0250104	0.0248374	0.0247875	0.024697	0.0245053	0.0241244	0.0236662	0.0238713	0.0236796	0.0236381	0.0235786	0.0234531	0.0232165	0.0228348	0.0228964	0.0227168	0.0226837	0.0226064	0.0224529	0.0223776	0.0223259	0.0223173	0.0222836	0.0222295	0.0221577	0.0221416	0.022129	0.0221229	0.0221139	0.0220936	0.0220514	0.0219795	0.0214898	0.0212861	0.0208192	0.0200063	0.019122	0.0179823	0.0166284	0.0155157	0.015112	0.0149817	0.0148537	0.0145921	0.0141214	0.0135599	0.0127169	0.0114445	

204	0.093	2	task-3:0.08	task-0:0.21	task-1:0.164	task-2:0.168	|	0.0597529	0.0579234	0.0548818	0.0545261	0.054466	0.0543439	0.0541403	0.0539266	0.0536855	0.0535709	0.0535116	0.0534672	0.0534275	0.0533938	0.0533604	0.053321	0.0532948	0.0532452	0.0532162	0.0532059	0.0531943	0.0528081	0.0524879	0.0516097	0.0497733	0.0466304	0.0431056	0.0380164	0.0369504	0.0366726	0.0349556	0.034385	0.0334165	0.0324256	0.0317918	0.0316746	0.0314156	0.0310525	0.0303667	0.0291956	0.028128	0.0284763	0.0277419	0.0276061	0.027336	0.0269149	0.0262987	0.026098	0.0261457	0.0255447	0.025485	0.0253647	0.0251201	0.0246666	0.0245102	0.024284	0.0242812	0.0242456	0.0241757	0.024034	0.0237617	0.0234681	0.0232608	0.0233012	0.0232527	0.0231434	0.0229513	0.0227341	0.0225311	0.0226436	0.0226292	0.0225957	0.02256	0.0225339	0.0224838	0.022387	0.0222562	0.0223085	0.0222575	0.0222512	0.0222357	0.0222097	0.0221595	0.0220964	0.0220517	0.0219869	0.0220198	0.022016	0.022008	0.0219919	0.0219592	0.0219255	0.0219319	0.0219199	0.0219012	0.0218636	0.0217953	0.0217804	0.0212364	0.0210195	0.0204023	0.0190622	0.0165912	0.0127891	

202	0.094	2	task-3:0.074	task-0:0.136	task-1:0.17	task-2:0.174	|	0.0597529	0.0579234	0.0548818	0.0545261	0.054466	0.0543439	0.0541403	0.0539266	0.0536855	0.0535709	0.0535116	0.0534672	0.0534275	0.0533938	0.0533604	0.053321	0.0532948	0.0532452	0.0532162	0.0532059	0.0531943	0.0528086	0.0524883	0.0516098	0.0497728	0.0466288	0.0431037	0.0380157	0.036834	0.0367077	0.0349403	0.0343884	0.033431	0.0324807	0.0318478	0.0317159	0.0314444	0.0310222	0.0304082	0.0296095	0.0287128	0.0285578	0.0282166	0.0280897	0.0278589	0.0276547	0.0275815	0.02744	0.0271457	0.026687	0.0260276	0.0263079	0.0257201	0.0256183	0.0254411	0.0252259	0.0250104	0.0248374	0.0247875	0.024697	0.0245053	0.0241244	0.0236662	0.0238713	0.0236796	0.0236381	0.0235786	0.0234531	0.0232165	0.0228348	0.0228964	0.0227168	0.0226837	0.0226064	0.0224529	0.0223776	0.0223259	0.0223173	0.0222836	0.0222295	0.0221577	0.0221416	0.022129	0.0221229	0.0221139	0.0220936	0.0220514	0.0219795	0.021492	0.0212889	0.0208229	0.0200129	0.0191354	0.0180039	0.0166516	0.0155518	0.0151726	0.0149934	0.0148832	0.0146358	0.014182	0.0136115	0.0128359	0.0117907	

201	0.094	2	task-3:0.074	task-0:0.136	task-1:0.17	task-2:0.174	|	0.0597529	0.0579234	0.0548818	0.0545261	0.054466	0.0543439	0.0541403	0.0539266	0.0536855	0.0535709	0.0535116	0.0534672	0.0534275	0.0533938	0.0533604	0.053321	0.0532948	0.0532452	0.0532162	0.0532059	0.0531943	0.0528086	0.0524883	0.0516098	0.0497728	0.0466288	0.0431037	0.0380157	0.036834	0.0367077	0.0349403	0.0343884	0.033431	0.0324807	0.0318478	0.0317159	0.0314444	0.0310222	0.0304082	0.0296095	0.0287128	0.0285578	0.0282166	0.0280897	0.0278589	0.0276547	0.0275815	0.02744	0.0271457	0.026687	0.0260276	0.0263079	0.0257201	0.0256183	0.0254411	0.0252259	0.0250104	0.0248374	0.0247875	0.024697	0.0245053	0.0241244	0.0236662	0.0238713	0.0236796	0.0236381	0.0235786	0.0234531	0.0232165	0.0228348	0.0228964	0.0227168	0.0226837	0.0226064	0.0224529	0.0223776	0.0223259	0.0223173	0.0222836	0.0222295	0.0221577	0.0221416	0.022129	0.0221229	0.0221139	0.0220936	0.0220514	0.0219795	0.0214938	0.0212913	0.020827	0.0200206	0.0191498	0.018024	0.0166756	0.0155815	0.0152067	0.0150185	0.0149075	0.0146548	0.0141941	0.0136331	0.012826	0.0116728	

186	0.093	2	task-3:0.068	task-0:0.174	task-1:0.178	task-2:0.168	|	0.0573931	0.0566175	0.0551727	0.0547635	0.0545797	0.0542474	0.0538067	0.0541442	0.0536722	0.0536472	0.0536098	0.0535342	0.0534149	0.0532658	0.0537659	0.0532352	0.0532267	0.053209	0.053183	0.052758	0.0524878	0.0515686	0.0498428	0.0472208	0.0449529	0.041598	0.0372272	0.050555	0.035029	0.0341483	0.0334106	0.0322064	0.0312734	0.0316688	0.0306672	0.0304498	0.0303178	0.0300148	0.029396	0.0282674	0.0273143	0.028211	0.0265938	0.0265507	0.026359	0.0259846	0.0254723	0.0254273	0.0252149	0.0251368	0.0249842	0.0247775	0.024651	0.0244902	0.0241668	0.0237257	0.0237757	0.0236452	0.023618	0.0235563	0.0234472	0.0232345	0.0228996	0.0230273	0.0228771	0.0228439	0.0227729	0.0226336	0.022494	0.0223586	0.0224272	0.0224123	0.0223798	0.0223221	0.0222587	0.0221314	0.0219746	0.0220271	0.0219871	0.0219676	0.0219455	0.0219	0.021822	0.0218159	0.0217993	0.0217936	0.0217882	0.0217848	0.0217759	0.0217571	0.0217428	0.0217136	0.0216703	0.0216941	0.0211427	0.0209043	0.0202382	0.01885	0.0162174	

177	0.078	2	task-3:0.068	task-0:0.174	task-1:0.178	task-2:0.168	|	0.0573931	0.0566175	0.0551727	0.0547635	0.0545797	0.0542474	0.0538067	0.0541442	0.0536722	0.0536472	0.0536098	0.0535342	0.0534149	0.0532658	0.0537659	0.0532352	0.0532267	0.053209	0.053183	0.052758	0.0524878	0.0515686	0.0498428	0.0472208	0.0449529	0.041598	0.0372272	0.050555	0.035029	0.0341483	0.0334106	0.0322064	0.0312734	0.0316688	0.0306672	0.0304498	0.0303178	0.0300148	0.029396	0.0282674	0.0273143	0.028211	0.0265938	0.0265507	0.026359	0.0259846	0.0254723	0.0254273	0.0252149	0.0251368	0.0249842	0.0247775	0.024651	0.0244902	0.0241668	0.0237257	0.0237757	0.0236452	0.023618	0.0235563	0.0234472	0.0232345	0.0228996	0.0230273	0.0228771	0.0228439	0.0227729	0.0226336	0.022494	0.0223586	0.0224272	0.0224123	0.0223798	0.0223221	0.0222587	0.0221314	0.0219746	0.0220271	0.0219871	0.0219676	0.0219455	0.0219	0.021822	0.0218159	0.0217993	0.0217936	0.0217882	0.0217848	0.0217759	0.0217571	0.0217428	0.0217136	0.0216703	0.0216941	0.0211496	0.0209129	0.0202515	0.0188728	0.0162534	

172	0.078	2	task-3:0.068	task-0:0.172	task-1:0.178	task-2:0.168	|	0.0573931	0.0566175	0.0551727	0.0547635	0.0545797	0.0542474	0.0538067	0.0541442	0.0536722	0.0536472	0.0536098	0.0535342	0.0534149	0.0532658	0.0537659	0.0532352	0.0532267	0.053209	0.053183	0.052758	0.0524878	0.0515686	0.0498428	0.0472208	0.0449529	0.041598	0.0372272	0.050555	0.035029	0.0341483	0.0334106	0.0322064	0.0312734	0.0316688	0.0306672	0.0304498	0.0303178	0.0300148	0.029396	0.0282674	0.0273143	0.028211	0.0265938	0.0265507	0.026359	0.0259846	0.0254723	0.0254273	0.0252149	0.0251368	0.0249842	0.0247775	0.024651	0.0244902	0.0241668	0.0237257	0.0237757	0.0236452	0.023618	0.0235563	0.0234472	0.0232345	0.0228996	0.0230273	0.0228771	0.0228439	0.0227729	0.0226336	0.022494	0.0223586	0.0224272	0.0224123	0.0223798	0.0223221	0.0222587	0.0221314	0.0219746	0.0220271	0.0219871	0.0219676	0.0219455	0.0219	0.021822	0.0218159	0.0217993	0.0217936	0.0217882	0.0217848	0.0217759	0.0217571	0.0217428	0.0217136	0.0216703	0.0216941	0.021142	0.0209034	0.0202366	0.0188468	0.0162089	

184	0.094	2	task-3:0.068	task-0:0.172	task-1:0.178	task-2:0.168	|	0.0573931	0.0566175	0.0551727	0.0547635	0.0545797	0.0542474	0.0538067	0.0541442	0.0536722	0.0536472	0.0536098	0.0535342	0.0534149	0.0532658	0.0537659	0.0532352	0.0532267	0.053209	0.053183	0.052758	0.0524878	0.0515686	0.0498428	0.0472208	0.0449529	0.041598	0.0372272	0.050555	0.035029	0.0341483	0.0334106	0.0322064	0.0312734	0.0316688	0.0306672	0.0304498	0.0303178	0.0300148	0.029396	0.0282674	0.0273143	0.028211	0.0265938	0.0265507	0.026359	0.0259846	0.0254723	0.0254273	0.0252149	0.0251368	0.0249842	0.0247775	0.024651	0.0244902	0.0241668	0.0237257	0.0237757	0.0236452	0.023618	0.0235563	0.0234472	0.0232345	0.0228996	0.0230273	0.0228771	0.0228439	0.0227729	0.0226336	0.022494	0.0223586	0.0224272	0.0224123	0.0223798	0.0223221	0.0222587	0.0221314	0.0219746	0.0220271	0.0219871	0.0219676	0.0219455	0.0219	0.021822	0.0218159	0.0217993	0.0217936	0.0217882	0.0217848	0.0217759	0.0217571	0.0217428	0.0217136	0.0216703	0.0216941	0.0211408	0.0209016	0.020233	0.0188383	0.0161964	

177	0.094	2	task-3:0.068	task-0:0.174	task-1:0.178	task-2:0.168	|	0.0573931	0.0566175	0.0551727	0.0547635	0.0545797	0.0542474	0.0538067	0.0541442	0.0536722	0.0536472	0.0536098	0.0535342	0.0534149	0.0532658	0.0537659	0.0532352	0.0532267	0.053209	0.053183	0.052758	0.0524878	0.0515686	0.0498428	0.0472208	0.0449529	0.041598	0.0372272	0.050555	0.035029	0.0341483	0.0334106	0.0322064	0.0312734	0.0316688	0.0306672	0.0304498	0.0303178	0.0300148	0.029396	0.0282674	0.0273143	0.028211	0.0265938	0.0265507	0.026359	0.0259846	0.0254723	0.0254273	0.0252149	0.0251368	0.0249842	0.0247775	0.024651	0.0244902	0.0241668	0.0237257	0.0237757	0.0236452	0.023618	0.0235563	0.0234472	0.0232345	0.0228996	0.0230273	0.0228771	0.0228439	0.0227729	0.0226336	0.022494	0.0223586	0.0224272	0.0224123	0.0223798	0.0223221	0.0222587	0.0221314	0.0219746	0.0220271	0.0219871	0.0219676	0.0219455	0.0219	0.021822	0.0218159	0.0217993	0.0217936	0.0217882	0.0217848	0.0217759	0.0217571	0.0217428	0.0217136	0.0216703	0.0216941	0.0211487	0.0209123	0.0202521	0.0188765	0.0162574	

188	0.109	2	task-3:0.068	task-0:0.174	task-1:0.178	task-2:0.168	|	0.0573931	0.0566175	0.0551727	0.0547635	0.0545797	0.0542474	0.0538067	0.0541442	0.0536722	0.0536472	0.0536098	0.0535342	0.0534149	0.0532658	0.0537659	0.0532352	0.0532267	0.053209	0.053183	0.052758	0.0524878	0.0515686	0.0498428	0.0472208	0.0449529	0.041598	0.0372272	0.050555	0.035029	0.0341483	0.0334106	0.0322064	0.0312734	0.0316688	0.0306672	0.0304498	0.0303178	0.0300148	0.029396	0.0282674	0.0273143	0.028211	0.0265938	0.0265507	0.026359	0.0259846	0.0254723	0.0254273	0.0252149	0.0251368	0.0249842	0.0247775	0.024651	0.0244902	0.0241668	0.0237257	0.0237757	0.0236452	0.023618	0.0235563	0.0234472	0.0232345	0.0228996	0.0230273	0.0228771	0.0228439	0.0227729	0.0226336	0.022494	0.0223586	0.0224272	0.0224123	0.0223798	0.0223221	0.0222587	0.0221314	0.0219746	0.0220271	0.0219871	0.0219676	0.0219455	0.0219	0.021822	0.0218159	0.0217993	0.0217936	0.0217882	0.0217848	0.0217759	0.0217571	0.0217428	0.0217136	0.0216703	0.0216941	0.021143	0.020905	0.0202402	0.0188553	0.0162254	

187	0.094	2	task-3:0.068	task-0:0.174	task-1:0.178	task-2:0.168	|	0.0573931	0.0566175	0.0551727	0.0547635	0.0545797	0.0542474	0.0538067	0.0541442	0.0536722	0.0536472	0.0536098	0.0535342	0.0534149	0.0532658	0.0537659	0.0532352	0.0532267	0.053209	0.053183	0.052758	0.0524878	0.0515686	0.0498428	0.0472208	0.0449529	0.041598	0.0372272	0.050555	0.035029	0.0341483	0.0334106	0.0322064	0.0312734	0.0316688	0.0306672	0.0304498	0.0303178	0.0300148	0.029396	0.0282674	0.0273143	0.028211	0.0265938	0.0265507	0.026359	0.0259846	0.0254723	0.0254273	0.0252149	0.0251368	0.0249842	0.0247775	0.024651	0.0244902	0.0241668	0.0237257	0.0237757	0.0236452	0.023618	0.0235563	0.0234472	0.0232345	0.0228996	0.0230273	0.0228771	0.0228439	0.0227729	0.0226336	0.022494	0.0223586	0.0224272	0.0224123	0.0223798	0.0223221	0.0222587	0.0221314	0.0219746	0.0220271	0.0219871	0.0219676	0.0219455	0.0219	0.021822	0.0218159	0.0217993	0.0217936	0.0217882	0.0217848	0.0217759	0.0217571	0.0217428	0.0217136	0.0216703	0.0216941	0.0211427	0.0209044	0.0202388	0.018852	0.0162213	

193	0.094	2	task-3:0.074	task-0:0.204	task-1:0.17	task-2:0.17	|	0.0573931	0.0566175	0.0551727	0.0547635	0.0545797	0.0542474	0.0538067	0.0541442	0.0536722	0.0536472	0.0536098	0.0535342	0.0534149	0.0532658	0.0537659	0.0532352	0.0532267	0.053209	0.053183	0.0527638	0.0524982	0.0515908	0.0498868	0.0472912	0.0450353	0.0416862	0.0372836	0.0502824	0.0351012	0.0342262	0.0334686	0.0322586	0.0316811	0.0339431	0.0309148	0.0307857	0.0305049	0.0299681	0.0292268	0.0289448	0.0284514	0.0279029	0.0279079	0.0276301	0.0270974	0.0264515	0.0272479	0.0256814	0.0256134	0.0255616	0.0254908	0.02534	0.0250426	0.0248429	0.0247325	0.0246544	0.0244901	0.0241502	0.0234788	0.0226602	0.0236711	0.0226181	0.0226176	0.022587	0.0224982	0.0224525	0.022414	0.0224014	0.0223908	0.022373	0.0223346	0.0223045	0.0222475	0.0221326	0.0219052	0.0216329	0.021848	0.0217116	0.0217083	0.0216999	0.021693	0.0216822	0.021687	0.0216839	0.0216825	0.0216819	0.0216804	0.0216776	0.0211505	0.0209342	0.0203144	0.0189717	0.0164689	0.0125349	

182	0.093	2	task-3:0.068	task-0:0.172	task-1:0.178	task-2:0.168	|	0.0573931	0.0566175	0.0551727	0.0547635	0.0545797	0.0542474	0.0538067	0.0541442	0.0536722	0.0536472	0.0536098	0.0535342	0.0534149	0.0532658	0.0537659	0.0532352	0.0532267	0.053209	0.053183	0.052758	0.0524878	0.0515686	0.0498428	0.0472208	0.0449529	0.041598	0.0372272	0.050555	0.035029	0.0341483	0.0334106	0.0322064	0.0312734	0.0316688	0.0306672	0.0304498	0.0303178	0.0300148	0.029396	0.0282674	0.0273143	0.028211	0.0265938	0.0265507	0.026359	0.0259846	0.0254723	0.0254273	0.0252149	0.0251368	0.0249842	0.0247775	0.024651	0.0244902	0.0241668	0.0237257	0.0237757	0.0236452	0.023618	0.0235563	0.0234472	0.0232345	0.0228996	0.0230273	0.0228771	0.0228439	0.0227729	0.0226336	0.022494	0.0223586	0.0224272	0.0224123	0.0223798	0.0223221	0.0222587	0.0221314	0.0219746	0.0220271	0.0219871	0.0219676	0.0219455	0.0219	0.021822	0.0218159	0.0217993	0.0217936	0.0217882	0.0217848	0.0217759	0.0217571	0.0217428	0.0217136	0.0216703	0.0216941	0.0211394	0.0208992	0.0202278	0.0188245	0.0161716	

177	0.078	2	task-3:0.068	task-0:0.174	task-1:0.178	task-2:0.168	|	0.0573931	0.0566175	0.0551727	0.0547635	0.0545797	0.0542474	0.0538067	0.0541442	0.0536722	0.0536472	0.0536098	0.0535342	0.0534149	0.0532658	0.0537659	0.0532352	0.0532267	0.053209	0.053183	0.052758	0.0524878	0.0515686	0.0498428	0.0472208	0.0449529	0.041598	0.0372272	0.050555	0.035029	0.0341483	0.0334106	0.0322064	0.0312734	0.0316688	0.0306672	0.0304498	0.0303178	0.0300148	0.029396	0.0282674	0.0273143	0.028211	0.0265938	0.0265507	0.026359	0.0259846	0.0254723	0.0254273	0.0252149	0.0251368	0.0249842	0.0247775	0.024651	0.0244902	0.0241668	0.0237257	0.0237757	0.0236452	0.023618	0.0235563	0.0234472	0.0232345	0.0228996	0.0230273	0.0228771	0.0228439	0.0227729	0.0226336	0.022494	0.0223586	0.0224272	0.0224123	0.0223798	0.0223221	0.0222587	0.0221314	0.0219746	0.0220271	0.0219871	0.0219676	0.0219455	0.0219	0.021822	0.0218159	0.0217993	0.0217936	0.0217882	0.0217848	0.0217759	0.0217571	0.0217428	0.0217136	0.0216703	0.0216941	0.0211487	0.0209123	0.0202521	0.0188765	0.0162574	

172	0.094	2	task-3:0.096	task-0:0.214	task-1:0.184	task-2:0.174	|	0.0573931	0.0566175	0.0551727	0.0547635	0.0545797	0.0542474	0.0538067	0.0541442	0.0536722	0.0536472	0.0536098	0.0535342	0.0534149	0.0532658	0.0537659	0.0532352	0.0532267	0.053209	0.053183	0.0527617	0.0524946	0.0515832	0.0498723	0.0472702	0.0450161	0.0416777	0.0373299	0.0509448	0.0351431	0.0342669	0.0335359	0.0323436	0.0315376	0.0347581	0.0309782	0.0308416	0.0305404	0.0299565	0.029112	0.0287166	0.0282437	0.0278653	0.0271459	0.0260377	0.0303334	0.0249772	0.0244682	0.0245045	0.0244671	0.024317	0.0240551	0.0238638	0.0238393	0.0237716	0.0237331	0.0236482	0.0234712	0.0232373	0.0229012	0.0225827	0.0228427	0.0228455	0.0228304	0.0227962	0.0227257	0.0225899	0.0224284	0.0224025	0.0223765	0.0223632	0.0223363	0.022283	0.021668	0.0213167	0.020701	0.0192366	0.01673	0.013694	

360	0.203	4	task-3:0.112	task-0:0.114	task-1:0.176	task-2:0.228	|	0.0651967	0.0619209	0.0556087	0.0546259	0.0544758	0.0543512	0.0541462	0.0539492	0.0537701	0.053654	0.0535583	0.0534326	0.0532759	0.053528	0.0532415	0.0532312	0.0532159	0.0531852	0.0531428	0.0531457	0.0531295	0.0531259	0.0531183	0.0531075	0.0530964	0.053061	0.0530289	0.0529688	0.0528759	0.0527857	0.0526168	0.0523534	0.0523176	0.0525709	0.0520397	0.0520185	0.0519726	0.0518824	0.0517184	0.0514541	0.0546058	0.0515347	0.051378	0.0513736	0.0513643	0.051344	0.0513028	0.0512235	0.0512595	0.0524602	0.0511154	0.0511114	0.0511071	0.0510974	0.051036	0.0509473	0.0508093	0.0504751	0.0498272	0.048721	0.0473847	0.0471021	0.0468652	0.0465036	0.046156	0.0454939	0.044608	0.0446606	0.0442008	0.0440397	0.043705	0.0430541	0.0421329	0.0427172	0.0418029	0.0417498	0.0416387	0.0414475	0.0411389	0.0411427	0.0410145	0.0409701	0.0408804	0.040759	0.0407417	0.0407066	0.0406773	0.0406201	0.0405592	0.0404945	0.0404537	0.0402812	0.0401136	0.0397629	0.0394344	0.039083	0.0387144	0.0383518	0.0380798	0.0376127	0.0368193	0.0361371	0.0360213	0.0355324	0.0353017	0.0349795	0.0342744	0.0328619	0.0303148	0.0415173	0.0364183	0.0282223	0.0281492	0.028068	0.0279326	0.0276993	0.0279117	0.0275316	0.0274948	0.0274099	0.0273307	0.0272543	0.0271818	0.0270809	0.0269476	0.0268547	0.026777	0.0267327	0.026631	0.0264237	0.0261668	0.0263435	0.0260875	0.0260512	0.0259707	0.0258758	0.0257779	0.0257749	0.0257524	0.0257001	0.0255892	0.02543	0.0254753	0.0253725	0.0253538	0.0253106	0.025251	0.0252191	0.0251833	0.0251099	0.0250738	0.0250568	0.0250378	0.0249953	0.0249065	0.0247266	0.0244302	0.0255435	0.0244138	0.0244066	0.0243933	0.0243779	0.0243561	0.0243227	0.0242676	0.0243151	0.0242497	0.0242446	0.0242329	0.0242121	0.0241746	0.0238841	0.0237616	0.0230963	0.0219618	0.0199332	0.0175674	0.0158279	

322	0.172	3	task-3:0.122	task-0:0.192	task-1:0.2	task-2:0.184	|	0.0651967	0.0619209	0.0556087	0.0546259	0.0544758	0.0543512	0.0541462	0.0539492	0.0537701	0.053654	0.0535583	0.0534326	0.0532759	0.053528	0.0532415	0.0532312	0.0532159	0.0531852	0.0531428	0.0531457	0.0531295	0.0531259	0.0531183	0.0531075	0.0530964	0.053061	0.0530289	0.0529688	0.0528759	0.0527857	0.0526168	0.0523534	0.0523176	0.0525709	0.0520397	0.0520185	0.0519726	0.0518824	0.0517184	0.0514541	0.0546058	0.0515347	0.051378	0.0513736	0.0513643	0.051344	0.0513028	0.0512235	0.0512595	0.0524602	0.0511154	0.0511114	0.0511071	0.0510974	0.0510362	0.0509479	0.0508111	0.0504792	0.0498361	0.0487382	0.047409	0.0471278	0.0468921	0.0465316	0.0461852	0.0455259	0.0446463	0.0446956	0.0442425	0.0440818	0.0437483	0.0431004	0.0422142	0.042619	0.0418704	0.041822	0.0417202	0.0415251	0.0413645	0.0413104	0.0411936	0.0411491	0.0410561	0.0408674	0.0404952	0.0402106	0.0404444	0.0401298	0.0401201	0.0400998	0.0400495	0.0400567	0.0400424	0.0400398	0.0400316	0.0400233	0.0400057	0.0398211	0.0396138	0.0390173	0.0377904	0.0358145	0.0356006	0.0350869	0.0340202	0.0338315	0.033524	0.0328426	0.0314539	0.0290766	0.0326303	0.0309899	0.0272919	0.0271985	0.0270023	0.0267629	0.0263338	0.0258593	0.0256647	0.0256024	0.0255079	0.0253759	0.0251922	0.0251479	0.0250692	0.0249057	0.0246668	0.0246043	0.0245377	0.024449	0.0242736	0.0241021	0.0238113	0.0233182	0.0232688	0.0230182	0.0228795	0.0228395	0.0227797	0.0226519	0.0224986	0.0222064	0.0222835	0.0221517	0.0221219	0.022051	0.0219317	0.0217972	0.0216699	0.0216782	0.0216361	0.0215618	0.0214782	0.0214408	0.0213655	0.0212777	0.021263	0.0212338	0.0212101	0.0211653	0.0211464	0.021105	0.0210572	0.0209673	0.020882	0.0207992	0.0208145	0.0207958	0.0207661	0.0207281	0.0206816	0.0206395	0.0205787	0.0204522	0.0201966	0.019698	

355	0.219	4	task-3:0.066	task-0:0.114	task-1:0.174	task-2:0.158	|	0.0548166	0.054698	0.054493	0.054435	0.0543913	0.0542923	0.0541109	0.0538629	0.0536515	0.0537453	0.0535409	0.0535183	0.0534766	0.0534307	0.0534047	0.0533501	0.0532611	0.0534041	0.0532358	0.0532176	0.0532131	0.0531828	0.0531506	0.0530734	0.0529196	0.052745	0.0526383	0.052634	0.0526123	0.0525628	0.0524947	0.0523551	0.0521728	0.0522222	0.0518359	0.0515207	0.0506388	0.0488211	0.0458006	0.0441401	0.044331	0.0425707	0.0422166	0.0419054	0.0412346	0.0398784	0.0378782	0.0391868	0.0371012	0.0368522	0.0362708	0.0350305	0.0326766	0.0325873	0.0470032	0.0294164	0.0291323	0.0289923	0.0288877	0.0287634	0.0284897	0.0279484	0.0277674	0.0275276	0.0273463	0.0272764	0.0271694	0.0269417	0.0266497	0.0263244	0.0263392	0.0262049	0.026124	0.0259789	0.0257309	0.0253371	0.0253489	0.0251998	0.0251599	0.0250991	0.024961	0.024672	0.0241687	0.0243627	0.0240657	0.0240385	0.0239883	0.0239455	0.0239048	0.023862	0.0237712	0.0236762	0.0236847	0.0236525	0.0236117	0.0235492	0.0234723	0.023309	0.0229757	0.0223157	0.0225787	0.0225535	0.0217812	0.0217826	0.0217724	0.0217494	0.0217083	0.0216629	0.0216358	0.021644	0.0216393	0.0216295	0.0216087	0.0215654	0.0214779	0.0213119	0.0212674	0.0210784	0.0206738	0.0200512	0.0197866	0.0198974	0.0193074	0.0192209	0.0191211	0.0189388	0.018642	0.0195687	0.0187762	0.0184635	0.0184402	0.0183574	0.0181841	0.0178039	0.017306	0.0199261	0.017166	0.017124	0.017079	0.0170376	0.0169914	0.0168974	0.0168128	0.0168288	0.0167385	0.0167166	0.0166681	0.0165631	0.0163758	0.0162727	0.0168093	0.0161008	0.0160886	0.0160624	0.0160355	0.0159994	0.0160165	0.0159754	0.0159501	0.0159414	0.015925	0.0159069	0.0158819	0.0159939	0.015877	0.0156646	0.0153493	0.0146158	0.0131687	0.0107631	0.00827529	

270	0.14	3	task-3:0.144	task-0:0.188	task-1:0.19	task-2:0.296	|	0.0651967	0.0619209	0.0556087	0.0546259	0.0544758	0.0543512	0.0541462	0.0539492	0.0537701	0.053654	0.0535583	0.0534326	0.0532759	0.053528	0.0532415	0.0532312	0.0532159	0.0531852	0.0531428	0.0531457	0.0531295	0.0531259	0.0531183	0.0531075	0.0530964	0.053061	0.0530289	0.0529688	0.0528759	0.0527857	0.0526168	0.0523534	0.0523176	0.0525709	0.0520397	0.0520185	0.0519726	0.0518824	0.0517184	0.0514541	0.0546058	0.0515347	0.051378	0.0513736	0.0513643	0.051344	0.0513028	0.0512235	0.0512595	0.0524602	0.0511154	0.0511114	0.0511071	0.0510974	0.0510363	0.0509481	0.0508113	0.0504799	0.0498377	0.0487417	0.047416	0.0471349	0.0469	0.0465412	0.0461957	0.0455372	0.0446511	0.0447075	0.0442424	0.0440829	0.0437507	0.0431042	0.0421237	0.0431875	0.0418327	0.0417709	0.0416434	0.0414521	0.0413033	0.0412197	0.0411928	0.0411442	0.041126	0.0410888	0.0410598	0.0409984	0.0408728	0.0406575	0.0406541	0.0406058	0.0405761	0.0405573	0.0405232	0.0404671	0.0403921	0.0402423	0.0400469	0.0401947	0.0401685	0.0401661	0.0401656	0.0401588	0.040143	0.0401369	0.0401399	0.0401345	0.0401298	0.0401196	0.0400983	0.0398828	0.0396896	0.0391089	0.0380549	0.0367794	0.0351808	0.0348472	0.0340229	0.0336402	0.0328827	0.032229	0.0316981	0.0314987	0.0312666	0.0309527	0.0304169	0.0299846	0.0293904	0.0293415	0.0292035	0.0289501	0.0285311	0.0280886	0.0272198	0.0263683	0.028339	0.0258671	0.0257567	0.0255031	0.0249718	0.0243028	0.0251797	0.0240083	0.0239313	0.0238102	0.0236601	0.0235776	0.0233941	0.0230753	0.0224347	0.0212226	0.0224591	0.0265354	0.0200356	

339	0.203	5	task-3:0.294	task-0:0.258	task-1:0.464	task-2:0.358	|	0.0651967	0.0619209	0.0556087	0.0546259	0.0544758	0.0543512	0.0541462	0.0539492	0.0537701	0.053654	0.0535583	0.0534326	0.0532759	0.053528	0.0532415	0.0532312	0.0532159	0.0531852	0.0531428	0.0531457	0.0531295	0.0531259	0.0531183	0.0531075	0.0530964	0.053061	0.0530289	0.0529688	0.0528759	0.0527857	0.0526168	0.0523534	0.0523176	0.0525709	0.0520397	0.0520185	0.0519726	0.0518824	0.0517184	0.0514541	0.0546058	0.0515347	0.051378	0.0513736	0.0513643	0.051344	0.0513028	0.0512235	0.0512595	0.0524602	0.0511154	0.0511114	0.0511071	0.0510974	0.0510366	0.0509475	0.0508073	0.0504697	0.0498184	0.0487207	0.0474875	0.0471999	0.0469923	0.046683	0.0463334	0.045624	0.0442889	0.0444366	0.047628	0.0433976	0.0432954	0.0430958	0.0427781	0.0426492	0.0424071	0.04229	0.0422044	0.0421229	0.0420111	0.0417893	0.0414898	0.0414954	0.0414107	0.0413588	0.0412593	0.0411395	0.0409085	0.0407417	0.0407791	0.0407144	0.0406874	0.0406528	0.0405806	0.0404352	0.040386	0.0403632	0.040357	0.0403464	0.0403241	0.0403002	0.040287	0.0402708	0.0402338	0.040161	0.0401305	0.0400784	0.0400415	0.0400597	0.0400549	0.0400478	0.0400366	0.0400261	0.0400054	0.0399895	0.039956	0.0399667	0.0399647	0.0399464	0.0399248	0.0398623	0.0397199	0.0394235	0.0388262	0.0376513	0.0375128	0.0420316	0.0359425	0.0358789	0.0357769	0.0355812	0.0351989	0.034835	0.0357918	0.0346071	0.0345899	0.0345587	0.0345088	0.0345744	0.0345718	0.0345866	0.034751	0.0345259	0.034647	0.0345158	0.0343632	0.0339207	0.0329983	0.0314198	0.0310871	0.0312974	0.0295788	0.0293184	0.0290186	0.0283697	0.0270744	0.0246922	0.021266	0.0572785	0.0236079	0.0892584	0.0558354	0.0554194	0.0251811	0.0786405	0.0333757	0.0716275	0.0416525	0.0635322	0.020667	0.0215583	0.0201403	0.0201102	0.0199978	0.0197772	0.019419	

338	0.203	4	task-3:0.058	task-0:0.14	task-1:0.18	task-2:0.13	|	0.058628	0.0572659	0.0550537	0.0547788	0.0546922	0.0545312	0.0543151	0.0541358	0.053899	0.0537496	0.0537089	0.0536508	0.0535904	0.053512	0.0534471	0.0533371	0.0533202	0.0533161	0.0532333	0.0532239	0.0532064	0.0531554	0.0530934	0.0531512	0.0530577	0.0530482	0.0530178	0.0529523	0.0528354	0.0527405	0.0526891	0.0526548	0.0525817	0.0524584	0.0522028	0.052256	0.0521262	0.0517649	0.0515317	0.0510763	0.0502284	0.0489058	0.049361	0.0487607	0.0487014	0.0486318	0.0484824	0.0481878	0.0477644	0.04858	0.0476345	0.0476015	0.0475329	0.0474313	0.0473057	0.0471676	0.0470947	0.0469691	0.0468255	0.0466835	0.0464633	0.046544	0.0464221	0.046407	0.0463741	0.0463182	0.0462029	0.0459749	0.0455364	0.045453	0.0468193	0.0449655	0.0449692	0.0449754	0.0449703	0.0449363	0.0449552	0.0449635	0.0449635	0.0449636	0.0449769	0.0449579	0.0449624	0.0449595	0.0448345	0.0446631	0.0441712	0.043127	0.0413288	0.0393543	0.0389225	0.0380108	0.037412	0.0366482	0.035725	0.034726	0.034952	0.0340568	0.0333351	0.0324413	0.0320208	0.0318085	0.0314556	0.0310628	0.0305941	0.0301404	0.0302007	0.0292256	0.0291382	0.0290431	0.0289135	0.0286913	0.0284461	0.0282857	0.0281879	0.0279866	0.0277291	0.0275505	0.0274278	0.0275812	0.027286	0.027228	0.0271074	0.0268789	0.0267836	0.0268168	0.0267531	0.0267252	0.0267002	0.0266542	0.0266126	0.0265098	0.0262461	0.0263106	0.0263193	0.0263042	0.0262809	0.0262558	0.0262354	0.0262373	0.0262283	0.0261791	0.026125	0.026075	0.0257669	0.0254307	0.0248213	0.0237958	0.0227097	0.0209241	0.0189005	0.0210269	0.017504	0.0171629	0.0167593	0.0163062	0.0159011	0.0152783	0.0141985	0.0161951	0.019822	0.0130586	0.0130559	0.0130339	0.0129821	0.0129322	0.0129293	0.0131009	0.0129082	0.0129148	0.0129366	0.0129938	0.0130182	

165	0.079	2	task-3:0.068	task-0:0.176	task-1:0.164	task-2:0.166	|	0.0609322	0.0587311	0.0549419	0.0544629	0.054413	0.0543176	0.0541458	0.0539365	0.0537741	0.053701	0.0535682	0.0533451	0.0531697	0.0545172	0.0531124	0.0531142	0.053111	0.0531043	0.0530973	0.0531055	0.0530959	0.0527447	0.0524642	0.0516715	0.0500483	0.0473846	0.0447664	0.041029	0.0458442	0.0393524	0.0386919	0.0379151	0.0366825	0.035279	0.0350327	0.0339521	0.0332956	0.0323699	0.031331	0.0306109	0.0300549	0.0299876	0.0298655	0.0295901	0.0290688	0.0283739	0.0280378	0.0275598	0.0273737	0.027294	0.0272427	0.0271072	0.0268145	0.0262387	0.0256177	0.0263115	0.0252712	0.025215	0.0250843	0.0249256	0.0248573	0.0247837	0.0246269	0.0243674	0.024221	0.0240402	0.023871	0.0235322	0.0231415	0.0233743	0.0231249	0.0230881	0.0230097	0.0228615	0.0226142	0.0223453	0.0225238	0.0224711	0.0224603	0.0224542	0.0224395	0.0224196	0.0223848	0.0223395	0.0222785	0.0221872	0.0222018	0.0221813	0.0218956	0.0217747	0.0214523	0.0207865	0.0196286	

206	0.109	2	task-3:0.07	task-0:0.218	task-1:0.156	task-2:0.162	|	0.0609322	0.0587311	0.0549419	0.0544629	0.054413	0.0543176	0.0541458	0.0539365	0.0537741	0.053701	0.0535682	0.0533451	0.0531697	0.0545172	0.0531124	0.0531142	0.053111	0.0531043	0.0530973	0.0531055	0.0530959	0.0527386	0.0524535	0.0516478	0.0499985	0.0472924	0.0446317	0.0408278	0.0454655	0.0391248	0.0384631	0.0376616	0.0364148	0.0350046	0.0359737	0.0340106	0.0337971	0.0335755	0.0330971	0.0321983	0.0307205	0.0308582	0.0298715	0.029564	0.029455	0.0292809	0.0289119	0.0283535	0.0275497	0.0271487	0.02708	0.0269297	0.0266086	0.0260057	0.0253397	0.02553	0.0251448	0.025043	0.0248281	0.0246028	0.0243557	0.0243195	0.0242353	0.0241631	0.0240522	0.0239611	0.0237915	0.0235801	0.0236236	0.0235925	0.0235073	0.0233585	0.0232166	0.0232853	0.0231329	0.0230912	0.0230019	0.0228258	0.022734	0.0226043	0.0226533	0.0226475	0.022629	0.0225892	0.0225187	0.0224151	0.022333	0.0222817	0.0222634	0.0222499	0.022243	0.0222257	0.0221889	0.0221134	0.0219785	0.022043	0.0219918	0.0219815	0.0219593	0.0219196	0.0218392	0.0211329	0.0207141	0.0202644	0.018901	0.0165835	0.013825	

190	0.094	2	task-3:0.07	task-0:0.218	task-1:0.156	task-2:0.176	|	0.0609322	0.0587311	0.0549419	0.0544629	0.054413	0.0543176	0.0541458	0.0539365	0.0537741	0.053701	0.0535682	0.0533451	0.0531697	0.0545172	0.0531124	0.0531142	0.053111	0.0531043	0.0530973	0.0531055	0.0530959	0.0527386	0.0524535	0.0516478	0.0499985	0.0472924	0.0446317	0.0408278	0.0454655	0.0391248	0.0384631	0.0376616	0.0364148	0.0350046	0.0359737	0.0340106	0.0337971	0.0335755	0.0330971	0.0321983	0.0307205	0.0308582	0.0298715	0.029564	0.029455	0.0292809	0.0289119	0.0283535	0.0275497	0.0271487	0.02708	0.0269297	0.0266086	0.0260057	0.0253397	0.02553	0.0251448	0.025043	0.0248281	0.0246028	0.0243557	0.0243195	0.0242353	0.0241631	0.0240522	0.0239611	0.0237915	0.0235801	0.0236236	0.0235925	0.0235073	0.0233585	0.0232166	0.0232853	0.0231329	0.0230912	0.0230019	0.0228258	0.022734	0.0226043	0.0226533	0.0226475	0.022629	0.0225892	0.0225187	0.0224151	0.022333	0.0222817	0.0222634	0.0222499	0.022243	0.0222257	0.0221889	0.0221134	0.0219785	0.022043	0.0219918	0.0219815	0.0219593	0.0219196	0.0218392	0.021133	0.0207144	0.0202653	0.0189035	0.0165896	0.0138399	

190	0.093	2	task-3:0.07	task-0:0.218	task-1:0.156	task-2:0.176	|	0.0609322	0.0587311	0.0549419	0.0544629	0.054413	0.0543176	0.0541458	0.0539365	0.0537741	0.053701	0.0535682	0.0533451	0.0531697	0.0545172	0.0531124	0.0531142	0.053111	0.0531043	0.0530973	0.0531055	0.0530959	0.0527386	0.0524535	0.0516478	0.0499985	0.0472924	0.0446317	0.0408278	0.0454655	0.0391248	0.0384631	0.0376616	0.0364148	0.0350046	0.0359737	0.0340106	0.0337971	0.0335755	0.0330971	0.0321983	0.0307205	0.0308582	0.0298715	0.029564	0.029455	0.0292809	0.0289119	0.0283535	0.0275497	0.0271487	0.02708	0.0269297	0.0266086	0.0260057	0.0253397	0.02553	0.0251448	0.025043	0.0248281	0.0246028	0.0243557	0.0243195	0.0242353	0.0241631	0.0240522	0.0239611	0.0237915	0.0235801	0.0236236	0.0235925	0.0235073	0.0233585	0.0232166	0.0232853	0.0231329	0.0230912	0.0230019	0.0228258	0.022734	0.0226043	0.0226533	0.0226475	0.022629	0.0225892	0.0225187	0.0224151	0.022333	0.0222817	0.0222634	0.0222499	0.022243	0.0222257	0.0221889	0.0221134	0.0219785	0.022043	0.0219918	0.0219815	0.0219593	0.0219196	0.0218392	0.021133	0.0207144	0.0202653	0.0189035	0.0165896	0.0138399	

190	0.094	2	task-3:0.07	task-0:0.218	task-1:0.156	task-2:0.162	|	0.0609322	0.0587311	0.0549419	0.0544629	0.054413	0.0543176	0.0541458	0.0539365	0.0537741	0.053701	0.0535682	0.0533451	0.0531697	0.0545172	0.0531124	0.0531142	0.053111	0.0531043	0.0530973	0.0531055	0.0530959	0.0527386	0.0524535	0.0516478	0.0499985	0.0472924	0.0446317	0.0408278	0.0454655	0.0391248	0.0384631	0.0376616	0.0364148	0.0350046	0.0359737	0.0340106	0.0337971	0.0335755	0.0330971	0.0321983	0.0307205	0.0308582	0.0298715	0.029564	0.029455	0.0292809	0.0289119	0.0283535	0.0275497	0.0271487	0.02708	0.0269297	0.0266086	0.0260057	0.0253397	0.02553	0.0251448	0.025043	0.0248281	0.0246028	0.0243557	0.0243195	0.0242353	0.0241631	0.0240522	0.0239611	0.0237915	0.0235801	0.0236236	0.0235925	0.0235073	0.0233585	0.0232166	0.0232853	0.0231329	0.0230912	0.0230019	0.0228258	0.022734	0.0226043	0.0226533	0.0226475	0.022629	0.0225892	0.0225187	0.0224151	0.022333	0.0222817	0.0222634	0.0222499	0.022243	0.0222257	0.0221889	0.0221134	0.0219785	0.022043	0.0219918	0.0219815	0.0219593	0.0219196	0.0218392	0.0211441	0.0207296	0.0202913	0.0189492	0.0166622	0.0139188	

170	0.078	2	task-3:0.068	task-0:0.176	task-1:0.164	task-2:0.166	|	0.0609322	0.0587311	0.0549419	0.0544629	0.054413	0.0543176	0.0541458	0.0539365	0.0537741	0.053701	0.0535682	0.0533451	0.0531697	0.0545172	0.0531124	0.0531142	0.053111	0.0531043	0.0530973	0.0531055	0.0530959	0.0527447	0.0524642	0.0516715	0.0500483	0.0473846	0.0447664	0.041029	0.0458442	0.0393524	0.0386919	0.0379151	0.0366825	0.035279	0.0350327	0.0339521	0.0332956	0.0323699	0.031331	0.0306109	0.0300549	0.0299876	0.0298655	0.0295901	0.0290688	0.0283739	0.0280378	0.0275598	0.0273737	0.027294	0.0272427	0.0271072	0.0268145	0.0262387	0.0256177	0.0263115	0.0252712	0.025215	0.0250843	0.0249256	0.0248573	0.0247837	0.0246269	0.0243674	0.024221	0.0240402	0.023871	0.0235322	0.0231415	0.0233743	0.0231249	0.0230881	0.0230097	0.0228615	0.0226142	0.0223453	0.0225238	0.0224711	0.0224603	0.0224542	0.0224395	0.0224196	0.0223848	0.0223395	0.0222785	0.0221872	0.0222018	0.0221813	0.0218944	0.0217733	0.0214501	0.0207826	0.0196222	

169	0.094	2	task-3:0.068	task-0:0.176	task-1:0.164	task-2:0.166	|	0.0609322	0.0587311	0.0549419	0.0544629	0.054413	0.0543176	0.0541458	0.0539365	0.0537741	0.053701	0.0535682	0.0533451	0.0531697	0.0545172	0.0531124	0.0531142	0.053111	0.0531043	0.0530973	0.0531055	0.0530959	0.0527447	0.0524642	0.0516715	0.0500483	0.0473846	0.0447664	0.041029	0.0458442	0.0393524	0.0386919	0.0379151	0.0366825	0.035279	0.0350327	0.0339521	0.0332956	0.0323699	0.031331	0.0306109	0.0300549	0.0299876	0.0298655	0.0295901	0.0290688	0.0283739	0.0280378	0.0275598	0.0273737	0.027294	0.0272427	0.0271072	0.0268145	0.0262387	0.0256177	0.0263115	0.0252712	0.025215	0.0250843	0.0249256	0.0248573	0.0247837	0.0246269	0.0243674	0.024221	0.0240402	0.023871	0.0235322	0.0231415	0.0233743	0.0231249	0.0230881	0.0230097	0.0228615	0.0226142	0.0223453	0.0225238	0.0224711	0.0224603	0.0224542	0.0224395	0.0224196	0.0223848	0.0223395	0.0222785	0.0221872	0.0222018	0.0221813	0.0218973	0.0217772	0.0214567	0.0207945	0.0196408	

158	0.078	2	task-3:0.304	task-0:0.192	task-1:0.144	task-2:0.176	|	0.0609322	0.0587311	0.0549419	0.0544629	0.054413	0.0543176	0.0541458	0.0539365	0.0537741	0.053701	0.0535682	0.0533451	0.0531697	0.0545172	0.0531124	0.0531142	0.053111	0.0531043	0.0530973	0.0531055	0.0530959	0.0527441	0.0524611	0.0516564	0.0499863	0.0471639	0.0440673	0.0409839	0.0395973	0.0383072	0.0374557	0.0365493	0.0348065	0.0322114	0.0303884	0.0333537	0.0281144	0.0278481	0.0277677	0.0276268	0.0273731	0.0269016	0.0265139	0.0260246	0.0256911	0.0250779	0.025081	0.0248195	0.0245069	0.0244013	0.0241973	0.023989	0.0236503	0.0236849	0.0235194	0.0235018	0.0234645	0.0234324	0.0233607	0.023213	0.0229404	0.022692	0.0225343	0.0225528	0.022521	0.02247	0.0223879	0.0223004	0.0221268	0.0218681	0.02214	0.0218715	0.0218555	0.0218221	0.0217674	0.021752	0.0217349	0.0217344	0.0217299	0.0217204	0.0217007	0.0216657	0.0211331	0.0208618	0.0203086	0.019156	0.0173235	0.0154075	0.0126141	

178	0.094	2	task-3:0.072	task-0:0.174	task-1:0.176	task-2:0.176	|	0.0609322	0.0587311	0.0549419	0.0544629	0.054413	0.0543176	0.0541458	0.0539365	0.0537741	0.053701	0.0535682	0.0533451	0.0531697	0.0545172	0.0531124	0.0531142	0.053111	0.0531043	0.0530973	0.0531055	0.0530959	0.0527387	0.0524535	0.0516475	0.0499976	0.0472908	0.0446298	0.0408255	0.0454578	0.0391226	0.0384611	0.0376592	0.0364115	0.0350029	0.0360043	0.0340105	0.0337957	0.0335689	0.0330809	0.0321668	0.0307018	0.0308211	0.029827	0.0294864	0.0293801	0.0292091	0.0288563	0.0284678	0.0281165	0.0276295	0.0268219	0.0269177	0.0263308	0.0260913	0.0259102	0.0257146	0.0254001	0.0248622	0.0247607	0.0246901	0.0245922	0.0244023	0.0241898	0.0241585	0.0240081	0.023943	0.0238059	0.0235762	0.0233694	0.0231041	0.0232417	0.0232305	0.023181	0.0231202	0.0230613	0.0229383	0.0226916	0.0223185	0.0227248	0.0222979	0.0222767	0.0222319	0.0221414	0.0221124	0.022092	0.0220853	0.022071	0.0220416	0.0219818	0.0219055	0.0214027	0.0211785	0.0205364	0.0191369	0.0165395	

558	0.453	12	task-3:0.098	task-0:0.112	task-1:0.188	task-2:0.178	|	0.060668	0.0583201	0.0543382	0.0539496	0.0539185	0.0538711	0.0537797	0.0536363	0.0535293	0.0534599	0.0533692	0.0532843	0.0532695	0.0532423	0.053233	0.0532152	0.0531958	0.0531871	0.0531682	0.0531339	0.0530906	0.053372	0.0530869	0.0530861	0.0530834	0.053077	0.0530483	0.0530167	0.0529767	0.052924	0.0528762	0.0527881	0.0527089	0.0526311	0.0525387	0.0523516	0.0521495	0.0527837	0.0520231	0.051821	0.0515994	0.0509891	0.0497429	0.0476755	0.0486657	0.0465586	0.0460958	0.0459955	0.0457541	0.0451814	0.0440327	0.0419564	0.0429447	0.0469263	0.0396343	0.0394788	0.0392771	0.0388757	0.0383381	0.0383584	0.0379362	0.0377868	0.0374467	0.0367598	0.0363926	0.0364867	0.035827	0.0357134	0.0354982	0.0350317	0.0341251	0.0354948	0.0338795	0.0337816	0.0336298	0.0333171	0.0330714	0.0330657	0.032946	0.0328841	0.0328231	0.0327228	0.0326279	0.0326062	0.0325332	0.0323836	0.0322473	0.0322464	0.0321934	0.0321179	0.0319838	0.0317708	0.0313341	0.0305605	0.0329539	0.0304931	0.0304599	0.0303835	0.0302923	0.0301662	0.0301056	0.0300793	0.0300489	0.0299795	0.0298844	0.0298591	0.0298479	0.0298158	0.0297428	0.0295914	0.0294779	0.0294146	0.0293919	0.0293705	0.029334	0.0292541	0.0291394	0.0290083	0.0290469	0.0289891	0.0289692	0.0289287	0.0288412	0.0286619	0.0285047	0.0285894	0.0284815	0.0284686	0.0284379	0.0283719	0.0282369	0.0281234	0.0281951	0.0281583	0.0281523	0.0281432	0.0281219	0.0281007	0.0280867	0.0280659	0.0280291	0.0279864	0.0278971	0.0277171	0.0273634	0.0273199	0.0293342	0.0268971	0.0268923	0.0268916	0.0268879	0.0268812	0.0268577	0.0268406	0.0268463	0.0268369	0.0268353	0.0268334	0.0268304	0.0268233	0.0268273	0.0268241	0.0268215	0.0268164	0.0268059	0.0268295	0.0268802	0.0268076	0.0268069	0.0268053	0.0268008	0.0267923	0.0268386	0.0269352	0.0267916	0.0267891	0.0267895	0.0267883	0.0267877	0.0267872	0.0267855	0.0268123	0.0274024	0.0267865	0.0267855	0.0267839	0.0267797	0.0267705	0.026764	0.027107	0.0267611	0.0267597	0.0267585	0.0267554	0.0267523	0.0267721	0.0267516	0.0267501	0.0267491	0.026747	0.0267448	0.0267392	0.0268249	0.027052	0.0267311	0.0267306	0.0267288	0.0267257	0.0267183	0.0267024	0.0266698	0.0266413	0.0307322	0.0268414	0.0266449	0.026644	0.0266424	0.0266412	0.0266386	0.0266325	0.0266199	0.0266005	0.0265936	0.0265806	0.0265766	0.0265759	0.026574	0.02657	0.0265649	0.0265588	0.0265608	0.0265596	0.0265582	0.0265565	0.0265525	0.0265442	0.0265424	0.0266612	0.0265428	0.0265423	0.0265423	0.0265418	0.0265404	0.0265483	0.02655	0.0265398	0.0265396	0.0265385	0.026538	0.0265372	0.0265366	0.0265349	0.026534	0.0265354	0.0265349	0.0265341	0.0265334	0.0265325	0.0265322	0.0265315	0.0265307	0.0265305	0.0265297	0.026529	0.0265286	0.0265271	0.0265255	0.0265247	0.0265244	0.0265235	0.0265227	0.0265226	0.0265221	0.0265223	0.026522	0.0265212	0.026521	0.026521	0.0265204	0.0265209	0.0265203	0.0265202	0.0265198	0.0265191	0.0265189	0.0265182	0.0265175	0.0265173	0.0265164	0.0265158	0.0265155	

268	0.156	3	task-3:0.106	task-0:0.092	task-1:0.164	task-2:0.344	|	0.060668	0.0583201	0.0543382	0.0539496	0.0539185	0.0538711	0.0537797	0.0536363	0.0535293	0.0534599	0.0533692	0.0532843	0.0532695	0.0532423	0.053233	0.0532152	0.0531958	0.0531871	0.0531682	0.0531339	0.0530906	0.053372	0.0530869	0.0530861	0.0530834	0.053077	0.0530483	0.0530167	0.0529767	0.052924	0.0528762	0.0527881	0.0527089	0.0526311	0.0525387	0.0523516	0.0521495	0.0527837	0.0520231	0.0518214	0.0515977	0.0509817	0.0497261	0.0476545	0.0484451	0.0465622	0.0459305	0.0457892	0.0454726	0.0447675	0.0433933	0.0420813	0.0447417	0.041222	0.0410058	0.0407173	0.0402579	0.0397722	0.0393536	0.0391853	0.0390537	0.0388758	0.0387117	0.0384103	0.0381441	0.0381165	0.0379817	0.0378635	0.0376976	0.0375255	0.037337	0.0371505	0.0368028	0.0361172	0.0362084	0.0356942	0.0355045	0.0354516	0.0353663	0.0352114	0.0350969	0.0349767	0.0348196	0.0346826	0.0343684	0.0337178	0.0329605	0.0354727	0.0326536	0.0325799	0.0324453	0.0322963	0.0321695	0.0321605	0.0321055	0.0320519	0.0319614	0.0318143	0.0316304	0.0314869	0.0315174	0.0314768	0.0314168	0.0313549	0.0313112	0.031269	0.0312014	0.0311321	0.0311014	0.0310589	0.0309877	0.0309137	0.0308929	0.0308521	0.0307795	0.0307069	0.0306908	0.0303	0.029917	0.028854	0.026603	0.0225315	0.0166395	0.0118615	

238	0.125	3	task-3:0.19	task-0:0.182	task-1:0.174	task-2:0.226	|	0.060668	0.0583201	0.0543382	0.0539496	0.0539185	0.0538711	0.0537797	0.0536363	0.0535293	0.0534599	0.0533692	0.0532843	0.0532695	0.0532423	0.053233	0.0532152	0.0531958	0.0531871	0.0531682	0.0531339	0.0530906	0.053372	0.0530869	0.0530861	0.0530834	0.053077	0.0530482	0.0530167	0.0529766	0.0529238	0.0528759	0.0527875	0.052708	0.0526301	0.0525383	0.0523528	0.0521845	0.0526537	0.0520399	0.0519971	0.0519353	0.0518304	0.0516834	0.0514089	0.0508653	0.0498745	0.0493326	0.0491452	0.0489835	0.0486753	0.0484582	0.0483592	0.0481161	0.0481236	0.0480009	0.047942	0.0478355	0.0477367	0.0476631	0.0476048	0.0475042	0.0473065	0.0471204	0.0471247	0.0470387	0.0469936	0.0469382	0.0468248	0.0466605	0.0466406	0.04662	0.0465778	0.0465313	0.0464901	0.0463912	0.045999	0.0457056	0.0448543	0.0431144	0.0401288	0.0369229	0.0327559	0.039232	0.0308675	0.0300943	0.0293272	0.0285232	0.0276426	0.0272475	0.0264433	0.0258008	0.024957	0.0237531	0.0238795	0.0257317	0.0230935	0.0230225	0.0228947	0.022654	0.0221497	0.021134	0.0206532	0.023383	0.0201265	0.0200517	0.0199698	0.0198106	0.0195011	0.0193413	0.0194316	0.0193336	0.019318	0.019284	0.0192145	0.0191722	

449	0.281	5	task-3:0.082	task-0:0.066	task-1:0.146	task-2:0.17	|	0.060668	0.0583201	0.0543382	0.0539496	0.0539185	0.0538711	0.0537797	0.0536363	0.0535293	0.0534599	0.0533692	0.0532843	0.0532695	0.0532423	0.053233	0.0532152	0.0531958	0.0531871	0.0531682	0.0531339	0.0530906	0.053372	0.0530869	0.0530861	0.0530834	0.053077	0.0530483	0.0530167	0.0529767	0.052924	0.0528762	0.0527881	0.0527089	0.0526313	0.0525387	0.0523509	0.0521258	0.0528724	0.0520127	0.051806	0.0515839	0.0509743	0.049735	0.0477091	0.0480013	0.0469537	0.045733	0.0455453	0.0451522	0.0443011	0.0426114	0.0408374	0.0488061	0.0396573	0.0394299	0.0392871	0.0389634	0.0383285	0.0375031	0.0400152	0.0371537	0.0370279	0.0367821	0.0362819	0.0357715	0.0360616	0.0355084	0.0354212	0.035237	0.034928	0.0345972	0.0345376	0.0344338	0.0343291	0.0341842	0.0338653	0.0332408	0.0336412	0.0330961	0.0330527	0.0329418	0.0328006	0.0326903	0.0325029	0.0321653	0.0319315	0.0318922	0.0316775	0.0316243	0.0315301	0.0313262	0.0309074	0.0300751	0.0292358	0.0378093	0.0288307	0.0288388	0.0288103	0.0287704	0.0286908	0.0286325	0.0285252	0.0285162	0.028503	0.0284824	0.0284433	0.0284102	0.0283721	0.0283171	0.0282552	0.028109	0.0278135	0.0273584	0.0266619	0.0283058	0.0265772	0.0261601	0.0261222	0.0260379	0.0258906	0.0257541	0.0255136	0.025101	0.02591	0.0249864	0.0249724	0.0249846	0.0249415	0.0248665	0.024816	0.0246928	0.0244264	0.0241721	0.0269747	0.0240811	0.0240499	0.0239829	0.0239492	0.023855	0.0238621	0.0238711	0.0238414	0.0237803	0.0237559	0.0237007	0.0235836	0.0233872	0.0230271	0.0289268	0.0230396	0.0230242	0.0229895	0.0229806	0.0229574	0.022906	0.0227988	0.0227998	0.0228692	0.0226381	0.0226306	0.0226153	0.0225777	0.0225722	0.0225167	0.022532	0.0225274	0.0225179	0.0224975	0.0224532	0.022362	0.0222169	0.0233747	0.0221792	0.0221762	0.02217	0.0221551	0.0221499	0.0221384	0.0221139	0.0220633	0.0219612	0.0217975	0.022629	0.0217855	0.0217846	0.0217832	0.0217797	0.0217799	0.0217798	0.0217826	0.0217872	0.0217842	0.0217842	0.0217838	0.021783	0.0217798	0.0217674	0.0217596	0.0217345	0.0216763	0.0215577	0.021326	0.020986	0.027864	0.0209563	0.0209502	0.0209293	0.0208823	0.020789	0.0206345	0.0222134	0.0210776	0.0205419	0.0205418	0.0205331	0.0205153	0.0204967	0.0204596	0.0205646	0.0204592	0.0204524	0.0204377	0.0204195	0.0203886	0.0204516	0.0201521	0.0198954	0.0192612	0.0180598	0.015978	0.0136186	0.0119807	

163	0.094	2	task-3:0.076	task-0:0.166	task-1:0.136	task-2:0.17	|	0.0561687	0.0560673	0.0558511	0.0556484	0.0553468	0.054906	0.0545283	0.0540705	0.0535669	0.0563279	0.0534733	0.053441	0.053416	0.0533707	0.0533095	0.05325	0.053253	0.0532222	0.0532112	0.0531951	0.0531839	0.0531778	0.0531665	0.0527822	0.0524647	0.0515778	0.0496881	0.0463668	0.0423009	0.0395847	0.0398377	0.0374606	0.0371274	0.0368453	0.0362448	0.0353315	0.0336293	0.0311358	0.0294359	0.0317861	0.0285873	0.0284029	0.0280003	0.0271815	0.0256864	0.0232916	0.0382299	0.0230472	0.023087	0.023043	0.022952	0.0228995	0.0228515	0.0227512	0.0225493	0.0222271	0.0220148	0.0221474	0.0221448	0.0221348	0.0221158	0.0220765	0.0219984	0.0219341	0.0218507	0.0218822	0.0218732	0.0218542	0.0218221	0.0213391	0.0211197	0.0204966	0.0191824	0.0168264	0.0135636	0.0107999	

209	0.109	2	task-3:0.066	task-0:0.166	task-1:0.158	task-2:0.166	|	0.0561687	0.0560673	0.0558511	0.0556484	0.0553468	0.054906	0.0545283	0.0540705	0.0535669	0.0563279	0.0534733	0.053441	0.053416	0.0533707	0.0533095	0.05325	0.053253	0.0532222	0.0532112	0.0531951	0.0531839	0.0531778	0.0531665	0.0527824	0.0524649	0.0515782	0.0496889	0.0463682	0.0423024	0.0395876	0.0398386	0.0374628	0.0371293	0.0368474	0.036247	0.0353317	0.0336256	0.0311227	0.0294118	0.0318427	0.0285583	0.0283759	0.0279771	0.0271673	0.0256997	0.0234224	0.0384762	0.0231371	0.0231658	0.0231253	0.0230457	0.0229679	0.0228452	0.0225983	0.0222774	0.0221089	0.0222052	0.0221954	0.0221652	0.0221266	0.0220912	0.0220541	0.0220503	0.022042	0.0220306	0.0220059	0.0219536	0.0218485	0.0215766	0.021595	0.0212523	0.0209661	0.0203489	0.0191124	0.0173079	0.0204496	0.0168585	0.0167232	0.0165955	0.0163861	0.0162552	0.0161065	0.0158583	0.0153582	0.0155374	

197	0.125	2	task-3:0.11	task-0:0.2	task-1:0.222	task-2:0.176	|	0.0561687	0.0560673	0.0558511	0.0556484	0.0553468	0.054906	0.0545283	0.0540705	0.0535669	0.0563279	0.0534733	0.053441	0.053416	0.0533707	0.0533095	0.05325	0.053253	0.0532222	0.0532112	0.0531951	0.0531839	0.0531778	0.0531665	0.0527824	0.0524649	0.0515782	0.0496889	0.0463682	0.0423024	0.0395876	0.0398386	0.0374628	0.0371293	0.0368474	0.036247	0.0353317	0.0336256	0.0311227	0.0294118	0.0318427	0.0285583	0.0283759	0.0279771	0.0271673	0.0256997	0.0234224	0.0384762	0.0231371	0.0231658	0.0231253	0.0230457	0.0229679	0.0228452	0.0225983	0.0222774	0.0221089	0.0222052	0.0221954	0.0221652	0.0221266	0.0220912	0.0220541	0.0220503	0.022042	0.0220306	0.0220059	0.0219536	0.0218485	0.0215748	0.0214061	0.0211259	0.0204423	0.0190978	0.016727	0.0135716	

209	0.109	2	task-3:0.06	task-0:0.172	task-1:0.162	task-2:0.166	|	0.0561687	0.0560673	0.0558511	0.0556484	0.0553468	0.054906	0.0545283	0.0540705	0.0535669	0.0563279	0.0534733	0.053441	0.053416	0.0533707	0.0533095	0.05325	0.053253	0.0532222	0.0532112	0.0531951	0.0531839	0.0531778	0.0531665	0.0527824	0.0524649	0.0515782	0.0496889	0.0463682	0.0423024	0.0395876	0.0398386	0.0374628	0.0371293	0.0368474	0.036247	0.0353317	0.0336256	0.0311227	0.0294118	0.0318427	0.0285583	0.0283759	0.0279771	0.0271673	0.0256997	0.0234224	0.0384762	0.0231371	0.0231658	0.0231253	0.0230457	0.0229679	0.0228452	0.0225983	0.0222774	0.0221089	0.0222052	0.0221954	0.0221652	0.0221266	0.0220912	0.0220541	0.0220503	0.022042	0.0220306	0.0220059	0.0219536	0.0218485	0.0215749	0.0215924	0.0212477	0.020958	0.0203344	0.0190866	0.0173592	0.0204245	0.0168242	0.0166601	0.0165463	0.0163708	0.0162319	0.0161565	0.01594	0.0153044	0.0155421	

198	0.11	2	task-3:0.11	task-0:0.196	task-1:0.224	task-2:0.176	|	0.0561687	0.0560673	0.0558511	0.0556484	0.0553468	0.054906	0.0545283	0.0540705	0.0535669	0.0563279	0.0534733	0.053441	0.053416	0.0533707	0.0533095	0.05325	0.053253	0.0532222	0.0532112	0.0531951	0.0531839	0.0531778	0.0531665	0.0527824	0.0524649	0.0515782	0.0496889	0.0463682	0.0423024	0.0395876	0.0398386	0.0374628	0.0371293	0.0368474	0.036247	0.0353317	0.0336256	0.0311227	0.0294118	0.0318427	0.0285583	0.0283759	0.0279771	0.0271673	0.0256997	0.0234224	0.0384762	0.0231371	0.0231658	0.0231253	0.0230457	0.0229679	0.0228452	0.0225983	0.0222774	0.0221089	0.0222052	0.0221954	0.0221652	0.0221266	0.0220912	0.0220541	0.0220503	0.022042	0.0220306	0.0220059	0.0219536	0.0218485	0.0215735	0.0213972	0.0210983	0.020373	0.0189545	0.0164779	0.0133702	

197	0.109	2	task-3:0.11	task-0:0.196	task-1:0.224	task-2:0.176	|	0.0561687	0.0560673	0.0558511	0.0556484	0.0553468	0.054906	0.0545283	0.0540705	0.0535669	0.0563279	0.0534733	0.053441	0.053416	0.0533707	0.0533095	0.05325	0.053253	0.0532222	0.0532112	0.0531951	0.0531839	0.0531778	0.0531665	0.0527824	0.0524649	0.0515782	0.0496889	0.0463682	0.0423024	0.0395876	0.0398386	0.0374628	0.0371293	0.0368474	0.036247	0.0353317	0.0336256	0.0311227	0.0294118	0.0318427	0.0285583	0.0283759	0.0279771	0.0271673	0.0256997	0.0234224	0.0384762	0.0231371	0.0231658	0.0231253	0.0230457	0.0229679	0.0228452	0.0225983	0.0222774	0.0221089	0.0222052	0.0221954	0.0221652	0.0221266	0.0220912	0.0220541	0.0220503	0.022042	0.0220306	0.0220059	0.0219536	0.0218485	0.021573	0.0213966	0.0210973	0.0203714	0.0189518	0.0164736	0.0133669	

