20	0.007	0	0	task-3:0.064	task-0:0.108	task-1:0.046	task-2:0.054	|	0.0727173	0.0626148	0.04003	0.0338636	0.0323003	0.0292622	0.0247765	0.0223808	0.019087	0.0164116	0.0127156	0.00969243	0.0134146	0.00834964	0.0078925	0.00761834	0.00734562	0.00679628	0.00578869	0.00417231	0.00213797	

27	0.009	0	0	task-3:0.03	task-0:0.074	task-1:0.02	task-2:0.064	|	0.0437171	0.0425469	0.0396998	0.0358072	0.0296198	0.0245435	0.0214294	0.0198137	0.0171856	0.0139252	0.0122838	0.0110225	0.0108682	0.0105562	0.00992507	0.00926305	0.00849101	0.00813364	0.00762523	0.00683424	0.00606855	0.00565859	0.00544615	0.00514166	0.0048891	0.00442089	0.003596	0.00236758	

30	0.009	0	0	task-3:0.056	task-0:0.076	task-1:0.042	task-2:0.062	|	0.0376536	0.0371568	0.0356715	0.0323657	0.0274668	0.025065	0.0215824	0.0189323	0.0157091	0.0129464	0.0111297	0.0106503	0.00956605	0.00906023	0.00851761	0.00774605	0.00674593	0.00539475	0.00576708	0.00456507	0.00422265	0.00418161	0.00411446	0.00397432	0.00372199	0.00334761	0.00312217	0.00291396	0.00282768	0.0027067	0.00249537	

32	0.011	0	0	task-3:0.07	task-0:0.094	task-1:0.04	task-2:0.05	|	0.050723	0.0439991	0.0325501	0.0305446	0.0296209	0.0274597	0.0234597	0.01853	0.016821	0.0151079	0.0140675	0.0125529	0.0112993	0.0105146	0.00962446	0.00886626	0.00834911	0.00740302	0.0066802	0.00618109	0.00594434	0.00548863	0.00469634	0.0040826	0.0043386	0.00351561	0.00337066	0.00324115	0.00306347	0.00291776	0.0028062	0.00263775	0.00244891	

20	0.007	0	0	task-3:0.05	task-0:0.076	task-1:0.05	task-2:0.054	|	0.0335214	0.0330138	0.0315473	0.0285668	0.0250537	0.0231747	0.0196083	0.0156094	0.0100758	0.0111265	0.0192224	0.00516645	0.00496046	0.00460422	0.00418287	0.00377901	0.00340043	0.00302161	0.00279143	0.00261171	0.00245643	

20	0.007	0	0	task-3:0.05	task-0:0.092	task-1:0.146	task-2:0.05	|	0.0496295	0.0425883	0.0308906	0.0293278	0.0283979	0.0262511	0.0227181	0.0198938	0.017265	0.0156685	0.012834	0.00867086	0.00651051	0.023382	0.00458343	0.00416454	0.00401059	0.00374499	0.00338997	0.00277489	0.00191544	

31	0.01	0	0	task-3:0.048	task-0:0.096	task-1:0.158	task-2:0.08	|	0.0631155	0.0562797	0.0426732	0.0385083	0.0378558	0.0360812	0.0322381	0.0265946	0.0229037	0.0172767	0.0143823	0.0159023	0.0112482	0.010581	0.00977665	0.00885431	0.00798027	0.00649244	0.00551135	0.00662145	0.00445988	0.00425235	0.00409025	0.00386294	0.00363945	0.00347096	0.00329879	0.00308073	0.00299176	0.00288839	0.00270401	0.00244205	

16	0.005	0	0	task-3:0.05	task-0:0.084	task-1:0.072	task-2:0.066	|	0.0432699	0.0428364	0.0415011	0.038224	0.0311061	0.0221185	0.0204449	0.0191089	0.0178783	0.0165888	0.0154897	0.0133912	0.00995515	0.00554874	0.00270538	0.0252684	0.0024301	

28	0.009	0	0	task-3:0.048	task-0:0.098	task-1:0.128	task-2:0.028	|	0.0677776	0.0592055	0.0415341	0.0365839	0.0353923	0.0325845	0.0276024	0.0241998	0.0210463	0.0199686	0.0182359	0.015081	0.0103689	0.00807507	0.0224218	0.0058239	0.00533507	0.00515025	0.00481333	0.00429734	0.00385726	0.00361361	0.00347458	0.00332908	0.00324779	0.00311952	0.00294096	0.00278327	0.00249053	

25	0.008	0	0	task-3:0.048	task-0:0.066	task-1:0.028	task-2:0.03	|	0.0483985	0.0458283	0.0405035	0.0368208	0.0323003	0.0251842	0.0215164	0.0175567	0.0152276	0.014	0.0129231	0.0120709	0.0115392	0.0104208	0.00848547	0.00615104	0.0105941	0.00522456	0.00507212	0.00493038	0.00464782	0.00414651	0.00342159	0.00256118	0.0040364	0.00229433	

29	0.01	0	0	task-3:0.052	task-0:0.064	task-1:0.082	task-2:0.046	|	0.0329206	0.0324871	0.0312364	0.0285463	0.0236223	0.0162587	0.0141301	0.0166097	0.0100018	0.00941761	0.00896415	0.00824602	0.00731919	0.00658369	0.00601832	0.00594042	0.00573373	0.0053263	0.00472514	0.00423335	0.00404983	0.00397332	0.00383185	0.00364482	0.00345563	0.00320231	0.00313658	0.00301681	0.00279226	0.00239476	

27	0.008	0	0	task-3:0.05	task-0:0.07	task-1:0.032	task-2:0.06	|	0.0496526	0.0431871	0.0320731	0.0299322	0.0290085	0.0268769	0.022926	0.017949	0.0166278	0.0146305	0.0137254	0.0121379	0.0102188	0.00839333	0.00926628	0.00760683	0.00733335	0.00689746	0.00645248	0.005797	0.00485817	0.00413882	0.00466323	0.00359323	0.00346902	0.00324776	0.00292753	0.00237354	

27	0.009	0	0	task-3:0.04	task-0:0.086	task-1:0.028	task-2:0.048	|	0.0421008	0.0405532	0.0372943	0.0344852	0.0305349	0.0246761	0.0207785	0.0155209	0.01389	0.0136075	0.0101497	0.00966833	0.00890367	0.00804446	0.00736627	0.00659548	0.00526249	0.00429377	0.00641731	0.00340911	0.00325987	0.00318921	0.00310586	0.00297392	0.00285682	0.00275643	0.0026123	0.00244253	

26	0.009	0	0	task-3:0.046	task-0:0.112	task-1:0.024	task-2:0.05	|	0.041242	0.0383331	0.0332532	0.0313008	0.0285827	0.0237632	0.0193622	0.0172023	0.0164693	0.0154461	0.0142843	0.0131068	0.0112431	0.00951778	0.00893444	0.00863385	0.00831786	0.00780974	0.00729351	0.00659886	0.00571665	0.00429329	0.00411191	0.00703752	0.00268032	0.00260622	0.0024847	

27	0.009	0	0	task-3:0.04	task-0:0.09	task-1:0.044	task-2:0.046	|	0.0653576	0.0573058	0.0411638	0.0364698	0.0354106	0.0329522	0.0288294	0.0262178	0.023264	0.0219837	0.0209631	0.0188907	0.0154057	0.0117441	0.0106158	0.0121225	0.00764817	0.00731471	0.00672722	0.00601762	0.00535037	0.00479117	0.00427678	0.00398097	0.00376513	0.00337362	0.00275181	0.0021158	

27	0.008	0	0	task-3:0.05	task-0:0.07	task-1:0.038	task-2:0.058	|	0.0424453	0.0418537	0.0401577	0.0365527	0.0298839	0.0245517	0.0209406	0.0191845	0.0166786	0.0145524	0.0126137	0.00958292	0.00924261	0.00973767	0.00639302	0.00611643	0.0058239	0.00534723	0.00475774	0.00402378	0.00375842	0.00344403	0.00319013	0.00310511	0.00302733	0.00286417	0.00255444	0.00203677	

24	0.008	0	0	task-3:0.048	task-0:0.072	task-1:0.03	task-2:0.054	|	0.0462756	0.0454213	0.0432158	0.0396513	0.0340734	0.0279947	0.0251286	0.0230805	0.021622	0.0187766	0.0140838	0.00880235	0.0124101	0.0152389	0.00449799	0.00433432	0.00414244	0.00390452	0.00367232	0.0034496	0.00317964	0.00289409	0.00282441	0.0026825	0.00242632	

26	0.009	0	0	task-3:0.066	task-0:0.092	task-1:0.038	task-2:0.05	|	0.0426727	0.0410676	0.0376959	0.0348572	0.0309549	0.0250299	0.0209853	0.015074	0.0148954	0.0130403	0.00981744	0.00943808	0.00871049	0.00779969	0.0070691	0.00637092	0.00526422	0.00498858	0.00444772	0.00396338	0.00384959	0.00368853	0.00337582	0.00293075	0.00259073	0.0025855	0.00243452	

21	0.007	0	0	task-3:0.048	task-0:0.062	task-1:0.2	task-2:0.06	|	0.044199	0.0432432	0.0408505	0.0372885	0.0316089	0.0263407	0.0231265	0.0212714	0.0189343	0.0149224	0.010115	0.0152834	0.00944257	0.00920227	0.00892658	0.00836713	0.00737547	0.00605553	0.00408794	0.00539927	0.00708802	0.00240421	

24	0.008	0	0	task-3:0.052	task-0:0.116	task-1:0.054	task-2:0.052	|	0.0382279	0.0377667	0.0363779	0.0331979	0.0275575	0.0225743	0.0195182	0.0182851	0.0166717	0.0155532	0.0138666	0.0115962	0.01041	0.00948068	0.00890597	0.00857358	0.00833654	0.00789455	0.00741955	0.00680364	0.0064007	0.00571632	0.00455854	0.00305333	0.00194594	

13	0.005	0	0	task-3:0.046	task-0:0.104	task-1:0.19	task-2:0.07	|	0.0330174	0.0315847	0.0288778	0.0269304	0.0237021	0.0192647	0.016394	0.0136564	0.0100682	0.0056346	0.0101879	0.0202177	0.00251942	0.00231283	

19	0.007	0	0	task-3:0.056	task-0:0.094	task-1:0.062	task-2:0.05	|	0.0342878	0.0337239	0.0321139	0.0288467	0.024762	0.0227135	0.0187555	0.0135831	0.0109634	0.0188342	0.00807246	0.00758072	0.00723868	0.0068519	0.00633884	0.00579382	0.00548691	0.00489316	0.00388228	0.0024974	

26	0.009	0	0	task-3:0.054	task-0:0.088	task-1:0.03	task-2:0.046	|	0.065219	0.0551886	0.035178	0.0310829	0.0296989	0.0269101	0.0232441	0.0209369	0.0168137	0.0121969	0.0116896	0.0119916	0.00767363	0.00731169	0.00693637	0.00631435	0.00548235	0.00470782	0.00484359	0.00422628	0.00407287	0.0039384	0.0038382	0.00364679	0.00333476	0.00299673	0.00247416	

36	0.012	0	0	task-3:0.044	task-0:0.078	task-1:0.026	task-2:0.026	|	0.0637239	0.0549902	0.038079	0.0341586	0.0329038	0.0301786	0.026267	0.0241463	0.0208869	0.0178379	0.0145064	0.0128041	0.0114558	0.0110888	0.0103585	0.00942197	0.0084838	0.00805697	0.00765674	0.00718893	0.00690231	0.00671416	0.00635157	0.00593103	0.00543367	0.00529586	0.00508474	0.00468176	0.00406136	0.00384853	0.00348435	0.00334345	0.00312423	0.00291453	0.00276609	0.00250264	0.00212015	

26	0.009	0	0	task-3:0.058	task-0:0.092	task-1:0.068	task-2:0.056	|	0.0479022	0.0427749	0.0341437	0.0324888	0.0312118	0.0283356	0.0234304	0.0189969	0.0158074	0.0137738	0.0134059	0.0127245	0.0124464	0.0121918	0.0116491	0.010795	0.00994568	0.00839558	0.0060449	0.00368496	0.0234231	0.00325001	0.00311207	0.00298467	0.00289041	0.00272754	0.00243489	

31	0.01	0	0	task-3:0.044	task-0:0.074	task-1:0.03	task-2:0.05	|	0.0341839	0.0325858	0.0296805	0.0281116	0.0257425	0.0217598	0.0178705	0.0141014	0.0131816	0.0117497	0.0111203	0.0100863	0.00888077	0.00779852	0.00683403	0.00651348	0.00626521	0.00597054	0.00562982	0.00533631	0.00503798	0.00468078	0.00452065	0.00438165	0.00413436	0.00382628	0.00346195	0.00327723	0.00311823	0.0028335	0.00260375	0.00246076	

31	0.01	0	0	task-3:0.052	task-0:0.076	task-1:0.016	task-2:0.232	|	0.0379905	0.0374099	0.0357857	0.0325194	0.0269404	0.0225361	0.0195684	0.0181953	0.0162138	0.0145295	0.0117315	0.00928424	0.0119925	0.00813991	0.00777936	0.0072904	0.00687051	0.00613508	0.00521105	0.0047518	0.00451037	0.0040384	0.00387818	0.00372557	0.00346813	0.00312196	0.00288531	0.0026792	0.00264404	0.00260546	0.00251999	0.00236149	

23	0.008	0	0	task-3:0.044	task-0:0.082	task-1:0.034	task-2:0.046	|	0.0406522	0.0397577	0.037502	0.0339909	0.0282022	0.0243712	0.0207972	0.0190964	0.0159866	0.0112456	0.00745884	0.0231336	0.00601492	0.00557473	0.00538043	0.00500809	0.00440904	0.00348814	0.00401391	0.00299437	0.00269804	0.0026656	0.00260189	0.0024687	

28	0.01	0	0	task-3:0.048	task-0:0.082	task-1:0.03	task-2:0.054	|	0.0486375	0.0426368	0.0326185	0.0312816	0.0306511	0.0289601	0.0256715	0.0219671	0.0194823	0.0184616	0.017255	0.0151353	0.0124894	0.00941999	0.0101943	0.00773321	0.0069297	0.006827	0.00663311	0.00623302	0.00561692	0.00503352	0.0047202	0.0046571	0.00451337	0.0042235	0.00368588	0.00282842	0.00181782	

20	0.007	0	0	task-3:0.052	task-0:0.086	task-1:0.062	task-2:0.05	|	0.0333686	0.0328535	0.0314035	0.0284496	0.0234859	0.0191792	0.0168347	0.0165349	0.0158999	0.0147878	0.0135481	0.0123239	0.0111039	0.00973705	0.0088363	0.00779368	0.00606213	0.0037919	0.0052342	0.0149311	0.00188452	

31	0.01	0	0	task-3:0.05	task-0:0.096	task-1:0.028	task-2:0.048	|	0.0382777	0.0375958	0.035766	0.0324251	0.0268756	0.0239293	0.0208557	0.0191345	0.0165848	0.0131871	0.0114867	0.0103461	0.00992195	0.00935201	0.00905663	0.00854977	0.00781803	0.0071675	0.00628022	0.00503011	0.00524247	0.00451928	0.00383957	0.00373592	0.00359839	0.00333646	0.00303819	0.00291131	0.00282935	0.0027551	0.00260783	0.00233746	

31	0.01	0	0	task-3:0.008	task-0:0.078	task-1:0.026	task-2:0.046	|	0.0763153	0.0672548	0.045833	0.0377135	0.0360164	0.0326726	0.0269876	0.023805	0.0206098	0.0197926	0.0185418	0.0161385	0.0123941	0.010335	0.0115818	0.00832408	0.00784913	0.00753862	0.00709455	0.00660077	0.00619127	0.00589757	0.00547134	0.00499003	0.00447097	0.00402694	0.00377916	0.00369132	0.00351223	0.00317549	0.00260567	0.00181984	

33	0.011	0	0	task-3:0.042	task-0:0.094	task-1:0.024	task-2:0.052	|	0.0522873	0.0500041	0.045012	0.040916	0.0367884	0.0291494	0.0240698	0.0211615	0.02026	0.018782	0.017088	0.0157933	0.0143903	0.0129673	0.0121093	0.0109157	0.00926889	0.00817728	0.00779494	0.00707589	0.00675967	0.00640603	0.00582562	0.00493295	0.00460711	0.00413831	0.00392738	0.00372501	0.00349442	0.00322194	0.00291576	0.00275957	0.00265407	0.00246362	

26	0.009	0	0	task-3:0.048	task-0:0.118	task-1:0.036	task-2:0.052	|	0.069572	0.0600838	0.0401364	0.0348202	0.0333669	0.0302412	0.0255312	0.0226815	0.018771	0.0153927	0.0106135	0.0122076	0.011582	0.00645434	0.006198	0.00587838	0.00532135	0.0044887	0.00433882	0.00389549	0.00351413	0.00341698	0.00331187	0.00310783	0.00281489	0.00266463	0.00248258	

24	0.008	0	0	task-3:0.05	task-0:0.096	task-1:0.02	task-2:0.048	|	0.0351158	0.034626	0.0331767	0.0300037	0.024964	0.0209974	0.0148547	0.0136212	0.0140759	0.00878204	0.00832646	0.00788619	0.00717796	0.0062779	0.00524091	0.00522821	0.00452548	0.00436286	0.00404112	0.00345739	0.003169	0.00296387	0.00261696	0.00252803	0.00243734	

33	0.011	0	0	task-3:0.044	task-0:0.07	task-1:0.028	task-2:0.044	|	0.0726573	0.0631147	0.0421046	0.0356937	0.0343177	0.0313673	0.0266395	0.0236658	0.0204191	0.0188929	0.0165016	0.012886	0.0118295	0.0105537	0.00927033	0.00888373	0.00844761	0.00762021	0.00670842	0.00627409	0.00613222	0.00583796	0.0052828	0.00455376	0.0040501	0.00387282	0.00355373	0.00340582	0.00328169	0.00309553	0.00292097	0.00276867	0.0026071	0.00239729	

17	0.006	0	0	task-3:0.048	task-0:0.122	task-1:0.03	task-2:0.096	|	0.0336026	0.0321675	0.0294057	0.0273017	0.0238388	0.0192602	0.0165026	0.0142407	0.0108391	0.0111992	0.00884946	0.00776209	0.00753362	0.00722123	0.00660349	0.00549778	0.0037987	0.0023312	

30	0.01	0	0	task-3:0.046	task-0:0.096	task-1:0.03	task-2:0.052	|	0.0789887	0.0703216	0.0490259	0.039488	0.0377979	0.0345738	0.028499	0.0244639	0.020761	0.0191286	0.0162191	0.0123416	0.00974011	0.0131036	0.00777645	0.00731109	0.00721464	0.00712178	0.00691775	0.00658478	0.00625847	0.00588938	0.0054862	0.00502837	0.00480158	0.00436075	0.00360909	0.00289116	0.00493841	0.00255624	0.00249407	

24	0.008	0	0	task-3:0.052	task-0:0.08	task-1:0.03	task-2:0.038	|	0.0421812	0.0392285	0.0339134	0.0316665	0.0286261	0.0234086	0.0192984	0.0171816	0.0158559	0.0148915	0.0141735	0.0127357	0.0105648	0.00909184	0.00889008	0.00780484	0.00742461	0.00694409	0.00639347	0.00589008	0.00498271	0.00355801	0.00495357	0.00395738	0.0023312	

20	0.006	0	0	task-3:0.066	task-0:0.114	task-1:0.074	task-2:0.052	|	0.0705955	0.0607308	0.0390418	0.0332198	0.0315121	0.028237	0.0236423	0.0213023	0.0175763	0.013699	0.00852781	0.00545686	0.0301214	0.00422785	0.00376763	0.0034615	0.00339938	0.00332302	0.00315982	0.00285221	0.00235292	

19	0.007	0	0	task-3:0.132	task-0:0.126	task-1:0.048	task-2:0.082	|	0.0358003	0.0352857	0.0338273	0.0308055	0.0255529	0.020012	0.0185615	0.0166434	0.0151405	0.0140199	0.0126699	0.0111789	0.00944301	0.00878529	0.00803198	0.00771866	0.00708796	0.00593876	0.00412939	0.00223829	

29	0.01	0	0	task-3:0.048	task-0:0.078	task-1:0.024	task-2:0.03	|	0.0502149	0.045828	0.0379649	0.0356466	0.0337229	0.0295685	0.0232484	0.0191378	0.0142318	0.0112018	0.0154698	0.00874052	0.00819029	0.00807916	0.00793853	0.00764252	0.00716224	0.0066545	0.00591108	0.00485058	0.00352884	0.00678729	0.00333781	0.00330607	0.00325019	0.00314858	0.00301202	0.00289312	0.00266259	0.00225654	

21	0.007	0	0	task-3:0.066	task-0:0.074	task-1:0.038	task-2:0.048	|	0.0469511	0.0453753	0.0417516	0.037798	0.0320868	0.0253363	0.0224279	0.0214946	0.0210991	0.0200682	0.0179417	0.014401	0.00933504	0.00868065	0.0203221	0.00492219	0.00455811	0.00446425	0.00429877	0.00397413	0.00338777	0.002491	

29	0.009	0	0	task-3:0.04	task-0:0.104	task-1:0.036	task-2:0.05	|	0.0573101	0.0494835	0.0354473	0.0328746	0.0318419	0.0294295	0.0252365	0.0216267	0.0186836	0.0182205	0.0172043	0.015305	0.0125835	0.0113904	0.0100787	0.00963924	0.00891725	0.00804399	0.00662036	0.0061336	0.00606759	0.00490337	0.0047109	0.00449932	0.00415942	0.00378429	0.00325898	0.00264872	0.00331606	0.00245291	

25	0.008	0	0	task-3:0.046	task-0:0.08	task-1:0.046	task-2:0.186	|	0.0339121	0.0333963	0.0318852	0.0286819	0.0241923	0.0212039	0.0163693	0.0124758	0.0159299	0.0106729	0.0100276	0.00944552	0.00902692	0.00848042	0.00798921	0.00709703	0.00572653	0.00541065	0.00577042	0.00406975	0.00390938	0.00374111	0.00347653	0.00320523	0.0028559	0.00243338	

28	0.009	0	0	task-3:0.012	task-0:0.078	task-1:0.048	task-2:0.06	|	0.0419231	0.0413315	0.0396471	0.0361211	0.0297285	0.0245676	0.0209615	0.0192292	0.0167033	0.0145344	0.0123966	0.00923729	0.00931514	0.0100399	0.00598315	0.00572809	0.00546745	0.00503424	0.00445866	0.00393572	0.00371296	0.00356521	0.00343649	0.00333251	0.00326205	0.00312488	0.00289453	0.00261238	0.00220896	

21	0.007	0	0	task-3:0.048	task-0:0.098	task-1:0.044	task-2:0.056	|	0.0359226	0.0354176	0.0339281	0.0306015	0.0242592	0.0152897	0.0158828	0.0134091	0.00938977	0.00898033	0.00837065	0.00732509	0.00592848	0.00411142	0.00673379	0.00415303	0.00283741	0.00276752	0.00267537	0.00263865	0.00256784	0.00244728	

19	0.007	0	0	task-3:0.052	task-0:0.118	task-1:0.052	task-2:0.06	|	0.0489866	0.047245	0.0432417	0.039049	0.0333878	0.0259319	0.0230938	0.0201298	0.0174115	0.0150801	0.0113099	0.00668454	0.012924	0.0139082	0.00338681	0.00325779	0.00316866	0.00300824	0.00275558	0.00249655	

28	0.009	0	0	task-3:0.05	task-0:0.096	task-1:0.006	task-2:0.05	|	0.0311777	0.0303463	0.0285356	0.0264538	0.0229727	0.0188667	0.0164634	0.0161097	0.0152597	0.0136103	0.0110085	0.00929956	0.00942002	0.00794814	0.00752801	0.00722171	0.00682111	0.00644056	0.00614372	0.00582159	0.00547377	0.00518086	0.00489466	0.00457802	0.00421419	0.00403947	0.00369478	0.00308432	0.0021698	

31	0.01	0	0	task-3:0.046	task-0:0.078	task-1:0.04	task-2:0.048	|	0.0331409	0.0314794	0.028549	0.0270853	0.0247525	0.0208779	0.0171954	0.0133164	0.0124243	0.0105953	0.00996421	0.00900052	0.00817425	0.00760711	0.00720885	0.00676422	0.00621317	0.00567674	0.00547882	0.0051877	0.00489906	0.00436124	0.00356912	0.00359802	0.00308551	0.00291804	0.00290011	0.00287649	0.00282333	0.0027221	0.00256097	0.00238377	

26	0.008	0	0	task-3:0.05	task-0:0.078	task-1:0.034	task-2:0.048	|	0.041097	0.0372621	0.0309045	0.0296212	0.0286108	0.0263295	0.0222854	0.0177327	0.0148744	0.0134857	0.0123518	0.0115806	0.0109757	0.010066	0.00902428	0.00809671	0.00734695	0.00688022	0.00607323	0.00513662	0.00503093	0.00449409	0.00434264	0.00406215	0.00360224	0.00302903	0.00215784	

22	0.007	0	0	task-3:0.056	task-0:0.092	task-1:0.022	task-2:0.06	|	0.0385714	0.0379357	0.0361961	0.0328718	0.0273054	0.0240826	0.0208941	0.0192809	0.0165696	0.0141471	0.0130345	0.0124552	0.0117951	0.0105131	0.00832132	0.00524664	0.00877371	0.0109589	0.00282808	0.00271348	0.00265403	0.00254759	0.00238364	

33	0.011	0	0	task-3:0.048	task-0:0.086	task-1:0.026	task-2:0.056	|	0.0428712	0.0421813	0.0403243	0.0369239	0.0312619	0.0268266	0.023486	0.0215146	0.018569	0.0151795	0.013614	0.0127442	0.0118252	0.011148	0.0106344	0.0100878	0.00952286	0.00923097	0.00861977	0.00770134	0.00685013	0.00641074	0.00631424	0.00613962	0.00582598	0.00543119	0.00511454	0.00474545	0.00415886	0.00347625	0.00288103	0.00409588	0.00251312	0.0024437	

21	0.007	0	0	task-3:0.052	task-0:0.108	task-1:0.028	task-2:0.066	|	0.0381253	0.0375589	0.0359836	0.0328507	0.0275304	0.0228417	0.019934	0.0184413	0.016831	0.0158623	0.0142384	0.0125586	0.00976031	0.00594529	0.0129342	0.0100044	0.0032548	0.00316331	0.00301854	0.00279109	0.00262501	0.00231986	

34	0.011	0	0	task-3:0.052	task-0:0.096	task-1:0.038	task-2:0.052	|	0.0626068	0.0575655	0.0470012	0.0419558	0.0401605	0.0359001	0.0281757	0.0230786	0.0204464	0.0200124	0.0192991	0.0181674	0.01693	0.0149999	0.0128687	0.0113502	0.0104775	0.0100367	0.00928165	0.0083659	0.00702582	0.00549064	0.00720817	0.00495545	0.00488226	0.0047235	0.0044002	0.00400128	0.00372953	0.00352636	0.00323681	0.00301435	0.00283836	0.00260927	0.00242836	

23	0.008	0	0	task-3:0.06	task-0:0.142	task-1:0.042	task-2:0.042	|	0.0721372	0.0661427	0.0519664	0.0432863	0.0422837	0.0395838	0.0331529	0.0256388	0.0221767	0.0210329	0.0194471	0.016456	0.0118329	0.00946622	0.0162819	0.00709829	0.00662674	0.00651015	0.00632957	0.005966	0.00532285	0.0044246	0.00304588	0.00248674	

30	0.009	0	0	task-3:0.06	task-0:0.09	task-1:0.044	task-2:0.046	|	0.0306582	0.0302444	0.0290291	0.0263525	0.0214616	0.0150239	0.0177818	0.0125463	0.0119616	0.0108667	0.00919144	0.00853155	0.00758862	0.00724063	0.00697518	0.00665259	0.0063293	0.00616823	0.00582898	0.00528477	0.00468772	0.00431079	0.00398732	0.0039344	0.00384025	0.00365237	0.00336986	0.00304909	0.00279903	0.00250722	0.0022863	

22	0.007	0	0	task-3:0.05	task-0:0.07	task-1:0.15	task-2:0.052	|	0.0363846	0.0358447	0.0342418	0.0306213	0.0237457	0.0150096	0.018398	0.0115883	0.0108773	0.0104222	0.00958098	0.00812813	0.0063775	0.00557594	0.00786169	0.00424509	0.0041043	0.00382774	0.00332351	0.00250571	0.00258501	0.00413843	0.00158408	

15	0.005	0	0	task-3:0.062	task-0:0.088	task-1:0.054	task-2:0.08	|	0.0423672	0.041917	0.0405277	0.0371259	0.030001	0.0229055	0.0209333	0.0184424	0.0167131	0.0155835	0.0133884	0.00985251	0.00554323	0.0104182	0.0210494	0.00241714	

27	0.009	0	0	task-3:0.054	task-0:0.11	task-1:0.038	task-2:0.05	|	0.0370819	0.0361762	0.0340085	0.030977	0.0260133	0.0218699	0.0188949	0.0176311	0.0152884	0.0117455	0.0112405	0.00953889	0.0083099	0.00801251	0.00765085	0.0069458	0.00570275	0.00480753	0.00585165	0.00395219	0.00382214	0.00357611	0.00315482	0.00295909	0.00269127	0.0025658	0.00250832	0.00246546	

