132	0.094	1	task-3:0.06	task-0:0.064	task-1:0.144	task-2:0.16	|	0.0791096	0.0788058	0.0782586	0.0780001	0.0775933	0.076942	0.0763152	0.0749938	0.072612	0.0711465	0.091607	0.0711372	0.086735	0.0691645	0.0690769	0.0688915	0.0685452	0.0685843	0.0683709	0.0681448	0.0681075	0.0680356	0.0678834	0.0675925	0.0671971	0.0702576	0.0670945	0.0670699	0.0670194	0.0669461	0.0668108	0.0668797	0.0667315	0.0666866	0.0666786	0.0666641	0.0666368	0.0666057	0.0665395	0.0658061	0.0654605	0.0640143	0.0615915	0.0584219	0.0563589	0.0540468	0.0527962	0.0509208	0.048696	0.0467984	0.0446718	0.04454	0.0428254	0.0417572	0.0413975	0.0407654	0.0395001	0.0375439	0.0364078	0.0351896	0.034606	0.0335757	0.0316741	0.030075	0.0297542	0.0279974	0.0274905	0.0265704	0.0251857	0.0232398	0.0262066	0.0233011	0.0206886	0.0205046	0.0202074	0.0199681	0.0197224	0.0194007	0.0191701	0.0188358	0.0185282	0.0182309	0.0176285	0.0164756	0.0150836	0.0191483	0.0145549	0.0144425	0.014282	0.0141601	0.0140451	0.0138098	0.0133988	0.0127104	0.0127136	

128	0.078	1	task-3:0.046	task-0:0.098	task-1:0.21	task-2:0.122	|	0.0765686	0.0762628	0.0756657	0.0751076	0.0747216	0.0740502	0.0734403	0.0728528	0.0725083	0.0722281	0.0720397	0.0716777	0.0713666	0.0711538	0.0709779	0.0706999	0.0701462	0.0697923	0.0701359	0.0692923	0.0691941	0.0690542	0.0688314	0.0685922	0.0684762	0.0683625	0.0682857	0.0682505	0.068216	0.068158	0.0681076	0.0680047	0.0678113	0.067688	0.0677591	0.0675401	0.0675024	0.0674373	0.066378	0.0655535	0.0633762	0.0590819	0.0526555	0.0480701	0.046354	0.0458327	0.0448854	0.0428494	0.0390057	0.034922	0.0367983	0.0328235	0.0298195	0.02884	0.0281691	0.0274347	0.0263686	0.0253758	0.0236647	0.022146	0.0266513	0.0209468	0.0205664	0.0200104	0.0192861	0.0186749	0.0177516	0.0160381	0.0135135	0.0274103	0.0124923	0.012037	0.011984	0.0118722	0.0117239	0.0115486	

128	0.062	1	task-3:0.046	task-0:0.098	task-1:0.21	task-2:0.122	|	0.0765686	0.0762628	0.0756657	0.0751076	0.0747216	0.0740502	0.0734403	0.0728528	0.0725083	0.0722281	0.0720397	0.0716777	0.0713666	0.0711538	0.0709779	0.0706999	0.0701462	0.0697923	0.0701359	0.0692923	0.0691941	0.0690542	0.0688314	0.0685922	0.0684762	0.0683625	0.0682857	0.0682505	0.068216	0.068158	0.0681076	0.0680047	0.0678113	0.067688	0.0677591	0.0675401	0.0675024	0.0674373	0.066378	0.0655535	0.0633762	0.0590819	0.0526555	0.0480701	0.046354	0.0458327	0.0448854	0.0428494	0.0390057	0.034922	0.0367983	0.0328235	0.0298195	0.02884	0.0281691	0.0274347	0.0263686	0.0253758	0.0236647	0.022146	0.0266513	0.0209468	0.0205664	0.0200104	0.0192861	0.0186749	0.0177516	0.0160381	0.0135135	0.0274103	0.0124923	0.012037	0.011984	0.0118722	0.0117239	0.0115486	

164	0.094	1	task-3:0.064	task-0:0.056	task-1:0.144	task-2:0.138	|	0.0765686	0.0762628	0.0756657	0.0751076	0.0747216	0.0740502	0.0734403	0.0728528	0.0725083	0.0722281	0.0720397	0.0716777	0.0713666	0.0711538	0.0709779	0.0706999	0.0701462	0.0697923	0.0701359	0.0692923	0.0691941	0.0690542	0.0688314	0.0685922	0.0684762	0.0683625	0.0682857	0.0682505	0.068216	0.068158	0.0681076	0.0680047	0.0678113	0.067688	0.0677591	0.0675401	0.0675024	0.0674373	0.0666469	0.0660853	0.0646272	0.0619315	0.0584043	0.0560446	0.0533573	0.0515522	0.049102	0.0471405	0.0453817	0.0434709	0.0422433	0.041018	0.0399713	0.0395378	0.0389171	0.0376741	0.0359026	0.0331051	0.0398406	0.031703	0.0311635	0.0304903	0.0297739	0.0294329	0.0288844	0.0279145	0.0269418	0.025371	0.0263802	0.024311	0.0240632	0.0235355	0.0226445	0.022301	0.0278583	0.0209154	0.0206291	0.0201831	0.0196815	0.019419	0.0189266	0.0180668	0.0172866	0.0171678	0.0166335	0.0164742	0.0161699	0.0157225	0.0153362	0.0150218	0.0149079	0.0147007	0.0145875	0.0144444	0.0143189	0.014155	0.0139034	0.0135398	0.0132416	0.0131806	0.0130747	0.0129488	0.0128367	0.0127131	0.0125529	0.0124059	0.0121435	0.0116695	0.0117702	0.0116147	0.0111707	0.0111559	0.0111247	0.0110709	0.0109833	0.0109182	0.0108237	0.0107686	0.0106856	0.0106116	0.0104656	0.0102754	0.0102053	0.010196	0.0101635	0.0100992	0.0100144	0.00989427	

128	0.078	1	task-3:0.046	task-0:0.098	task-1:0.21	task-2:0.122	|	0.0765686	0.0762628	0.0756657	0.0751076	0.0747216	0.0740502	0.0734403	0.0728528	0.0725083	0.0722281	0.0720397	0.0716777	0.0713666	0.0711538	0.0709779	0.0706999	0.0701462	0.0697923	0.0701359	0.0692923	0.0691941	0.0690542	0.0688314	0.0685922	0.0684762	0.0683625	0.0682857	0.0682505	0.068216	0.068158	0.0681076	0.0680047	0.0678113	0.067688	0.0677591	0.0675401	0.0675024	0.0674373	0.066378	0.0655535	0.0633762	0.0590819	0.0526555	0.0480701	0.046354	0.0458327	0.0448854	0.0428494	0.0390057	0.034922	0.0367983	0.0328235	0.0298195	0.02884	0.0281691	0.0274347	0.0263686	0.0253758	0.0236647	0.022146	0.0266513	0.0209468	0.0205664	0.0200104	0.0192861	0.0186749	0.0177516	0.0160381	0.0135135	0.0274103	0.0124923	0.012037	0.011984	0.0118722	0.0117239	0.0115486	

128	0.063	1	task-3:0.046	task-0:0.098	task-1:0.21	task-2:0.122	|	0.0765686	0.0762628	0.0756657	0.0751076	0.0747216	0.0740502	0.0734403	0.0728528	0.0725083	0.0722281	0.0720397	0.0716777	0.0713666	0.0711538	0.0709779	0.0706999	0.0701462	0.0697923	0.0701359	0.0692923	0.0691941	0.0690542	0.0688314	0.0685922	0.0684762	0.0683625	0.0682857	0.0682505	0.068216	0.068158	0.0681076	0.0680047	0.0678113	0.067688	0.0677591	0.0675401	0.0675024	0.0674373	0.066378	0.0655535	0.0633762	0.0590819	0.0526555	0.0480701	0.046354	0.0458327	0.0448854	0.0428494	0.0390057	0.034922	0.0367983	0.0328235	0.0298195	0.02884	0.0281691	0.0274347	0.0263686	0.0253758	0.0236647	0.022146	0.0266513	0.0209468	0.0205664	0.0200104	0.0192861	0.0186749	0.0177516	0.0160381	0.0135135	0.0274103	0.0124923	0.012037	0.011984	0.0118722	0.0117239	0.0115486	

128	0.063	1	task-3:0.046	task-0:0.098	task-1:0.21	task-2:0.122	|	0.0765686	0.0762628	0.0756657	0.0751076	0.0747216	0.0740502	0.0734403	0.0728528	0.0725083	0.0722281	0.0720397	0.0716777	0.0713666	0.0711538	0.0709779	0.0706999	0.0701462	0.0697923	0.0701359	0.0692923	0.0691941	0.0690542	0.0688314	0.0685922	0.0684762	0.0683625	0.0682857	0.0682505	0.068216	0.068158	0.0681076	0.0680047	0.0678113	0.067688	0.0677591	0.0675401	0.0675024	0.0674373	0.066378	0.0655535	0.0633762	0.0590819	0.0526555	0.0480701	0.046354	0.0458327	0.0448854	0.0428494	0.0390057	0.034922	0.0367983	0.0328235	0.0298195	0.02884	0.0281691	0.0274347	0.0263686	0.0253758	0.0236647	0.022146	0.0266513	0.0209468	0.0205664	0.0200104	0.0192861	0.0186749	0.0177516	0.0160381	0.0135135	0.0274103	0.0124923	0.012037	0.011984	0.0118722	0.0117239	0.0115486	

128	0.062	1	task-3:0.046	task-0:0.098	task-1:0.21	task-2:0.122	|	0.0765686	0.0762628	0.0756657	0.0751076	0.0747216	0.0740502	0.0734403	0.0728528	0.0725083	0.0722281	0.0720397	0.0716777	0.0713666	0.0711538	0.0709779	0.0706999	0.0701462	0.0697923	0.0701359	0.0692923	0.0691941	0.0690542	0.0688314	0.0685922	0.0684762	0.0683625	0.0682857	0.0682505	0.068216	0.068158	0.0681076	0.0680047	0.0678113	0.067688	0.0677591	0.0675401	0.0675024	0.0674373	0.066378	0.0655535	0.0633762	0.0590819	0.0526555	0.0480701	0.046354	0.0458327	0.0448854	0.0428494	0.0390057	0.034922	0.0367983	0.0328235	0.0298195	0.02884	0.0281691	0.0274347	0.0263686	0.0253758	0.0236647	0.022146	0.0266513	0.0209468	0.0205664	0.0200104	0.0192861	0.0186749	0.0177516	0.0160381	0.0135135	0.0274103	0.0124923	0.012037	0.011984	0.0118722	0.0117239	0.0115486	

128	0.079	1	task-3:0.046	task-0:0.098	task-1:0.21	task-2:0.122	|	0.0765686	0.0762628	0.0756657	0.0751076	0.0747216	0.0740502	0.0734403	0.0728528	0.0725083	0.0722281	0.0720397	0.0716777	0.0713666	0.0711538	0.0709779	0.0706999	0.0701462	0.0697923	0.0701359	0.0692923	0.0691941	0.0690542	0.0688314	0.0685922	0.0684762	0.0683625	0.0682857	0.0682505	0.068216	0.068158	0.0681076	0.0680047	0.0678113	0.067688	0.0677591	0.0675401	0.0675024	0.0674373	0.066378	0.0655535	0.0633762	0.0590819	0.0526555	0.0480701	0.046354	0.0458327	0.0448854	0.0428494	0.0390057	0.034922	0.0367983	0.0328235	0.0298195	0.02884	0.0281691	0.0274347	0.0263686	0.0253758	0.0236647	0.022146	0.0266513	0.0209468	0.0205664	0.0200104	0.0192861	0.0186749	0.0177516	0.0160381	0.0135135	0.0274103	0.0124923	0.012037	0.011984	0.0118722	0.0117239	0.0115486	

128	0.078	1	task-3:0.046	task-0:0.098	task-1:0.21	task-2:0.122	|	0.0765686	0.0762628	0.0756657	0.0751076	0.0747216	0.0740502	0.0734403	0.0728528	0.0725083	0.0722281	0.0720397	0.0716777	0.0713666	0.0711538	0.0709779	0.0706999	0.0701462	0.0697923	0.0701359	0.0692923	0.0691941	0.0690542	0.0688314	0.0685922	0.0684762	0.0683625	0.0682857	0.0682505	0.068216	0.068158	0.0681076	0.0680047	0.0678113	0.067688	0.0677591	0.0675401	0.0675024	0.0674373	0.066378	0.0655535	0.0633762	0.0590819	0.0526555	0.0480701	0.046354	0.0458327	0.0448854	0.0428494	0.0390057	0.034922	0.0367983	0.0328235	0.0298195	0.02884	0.0281691	0.0274347	0.0263686	0.0253758	0.0236647	0.022146	0.0266513	0.0209468	0.0205664	0.0200104	0.0192861	0.0186749	0.0177516	0.0160381	0.0135135	0.0274103	0.0124923	0.012037	0.011984	0.0118722	0.0117239	0.0115486	

128	0.062	1	task-3:0.046	task-0:0.098	task-1:0.21	task-2:0.122	|	0.0765686	0.0762628	0.0756657	0.0751076	0.0747216	0.0740502	0.0734403	0.0728528	0.0725083	0.0722281	0.0720397	0.0716777	0.0713666	0.0711538	0.0709779	0.0706999	0.0701462	0.0697923	0.0701359	0.0692923	0.0691941	0.0690542	0.0688314	0.0685922	0.0684762	0.0683625	0.0682857	0.0682505	0.068216	0.068158	0.0681076	0.0680047	0.0678113	0.067688	0.0677591	0.0675401	0.0675024	0.0674373	0.066378	0.0655535	0.0633762	0.0590819	0.0526555	0.0480701	0.046354	0.0458327	0.0448854	0.0428494	0.0390057	0.034922	0.0367983	0.0328235	0.0298195	0.02884	0.0281691	0.0274347	0.0263686	0.0253758	0.0236647	0.022146	0.0266513	0.0209468	0.0205664	0.0200104	0.0192861	0.0186749	0.0177516	0.0160381	0.0135135	0.0274103	0.0124923	0.012037	0.011984	0.0118722	0.0117239	0.0115486	

128	0.078	1	task-3:0.046	task-0:0.098	task-1:0.21	task-2:0.122	|	0.0765686	0.0762628	0.0756657	0.0751076	0.0747216	0.0740502	0.0734403	0.0728528	0.0725083	0.0722281	0.0720397	0.0716777	0.0713666	0.0711538	0.0709779	0.0706999	0.0701462	0.0697923	0.0701359	0.0692923	0.0691941	0.0690542	0.0688314	0.0685922	0.0684762	0.0683625	0.0682857	0.0682505	0.068216	0.068158	0.0681076	0.0680047	0.0678113	0.067688	0.0677591	0.0675401	0.0675024	0.0674373	0.066378	0.0655535	0.0633762	0.0590819	0.0526555	0.0480701	0.046354	0.0458327	0.0448854	0.0428494	0.0390057	0.034922	0.0367983	0.0328235	0.0298195	0.02884	0.0281691	0.0274347	0.0263686	0.0253758	0.0236647	0.022146	0.0266513	0.0209468	0.0205664	0.0200104	0.0192861	0.0186749	0.0177516	0.0160381	0.0135135	0.0274103	0.0124923	0.012037	0.011984	0.0118722	0.0117239	0.0115486	

130	0.063	1	task-3:0.068	task-0:0.106	task-1:0.148	task-2:0.15	|	0.0780766	0.0774033	0.0762463	0.0756797	0.075263	0.0743459	0.0725853	0.069815	0.0748556	0.0987724	0.0757222	0.106051	0.0670813	0.0670227	0.0669839	0.0669487	0.066918	0.0668491	0.0667301	0.0666804	0.0668086	0.066601	0.0665877	0.0665605	0.0665089	0.065818	0.0655037	0.0641449	0.0620117	0.0595204	0.058239	0.0567144	0.0549395	0.0519217	0.0499188	0.0482939	0.0476292	0.0469745	0.046182	0.0452584	0.0442204	0.0433263	0.0426275	0.0417702	0.0402749	0.0388007	0.0376136	0.0367085	0.0352984	0.0332082	0.0320382	0.0309924	0.0304547	0.0294106	0.0275568	0.0266882	0.0260536	0.0248543	0.0244657	0.0240919	0.0233359	0.0219564	0.0210403	0.0218445	0.0199128	0.0196998	0.0194247	0.0188828	0.0179584	0.016364	0.0153809	0.0364786	0.0139975	0.0139288	0.0138189	0.0136677	0.0134023	0.0129144	0.0123632	0.0131523	0.0121234	0.0120469	0.0119094	0.0117688	0.0117091	0.0115827	0.0113282	0.0108422	0.0101795	0.0134701	

130	0.063	1	task-3:0.068	task-0:0.106	task-1:0.148	task-2:0.15	|	0.0780766	0.0774033	0.0762463	0.0756797	0.075263	0.0743459	0.0725853	0.069815	0.0748556	0.0987724	0.0757222	0.106051	0.0670813	0.0670227	0.0669839	0.0669487	0.066918	0.0668491	0.0667301	0.0666804	0.0668086	0.066601	0.0665877	0.0665605	0.0665089	0.065818	0.0655037	0.0641449	0.0620117	0.0595204	0.058239	0.0567144	0.0549395	0.0519217	0.0499188	0.0482939	0.0476292	0.0469745	0.046182	0.0452584	0.0442204	0.0433263	0.0426275	0.0417702	0.0402749	0.0388007	0.0376136	0.0367085	0.0352984	0.0332082	0.0320382	0.0309924	0.0304547	0.0294106	0.0275568	0.0266882	0.0260536	0.0248543	0.0244657	0.0240919	0.0233359	0.0219564	0.0210403	0.0218445	0.0199128	0.0196998	0.0194247	0.0188828	0.0179584	0.016364	0.0153809	0.0364786	0.0139975	0.0139288	0.0138189	0.0136677	0.0134023	0.0129144	0.0123632	0.0131523	0.0121234	0.0120469	0.0119094	0.0117688	0.0117091	0.0115827	0.0113282	0.0108422	0.0101795	0.0134701	

130	0.062	1	task-3:0.068	task-0:0.106	task-1:0.148	task-2:0.15	|	0.0780766	0.0774033	0.0762463	0.0756797	0.075263	0.0743459	0.0725853	0.069815	0.0748556	0.0987724	0.0757222	0.106051	0.0670813	0.0670227	0.0669839	0.0669487	0.066918	0.0668491	0.0667301	0.0666804	0.0668086	0.066601	0.0665877	0.0665605	0.0665089	0.065818	0.0655037	0.0641449	0.0620117	0.0595204	0.058239	0.0567144	0.0549395	0.0519217	0.0499188	0.0482939	0.0476292	0.0469745	0.046182	0.0452584	0.0442204	0.0433263	0.0426275	0.0417702	0.0402749	0.0388007	0.0376136	0.0367085	0.0352984	0.0332082	0.0320382	0.0309924	0.0304547	0.0294106	0.0275568	0.0266882	0.0260536	0.0248543	0.0244657	0.0240919	0.0233359	0.0219564	0.0210403	0.0218445	0.0199128	0.0196998	0.0194247	0.0188828	0.0179584	0.016364	0.0153809	0.0364786	0.0139975	0.0139288	0.0138189	0.0136677	0.0134023	0.0129144	0.0123632	0.0131523	0.0121234	0.0120469	0.0119094	0.0117688	0.0117091	0.0115827	0.0113282	0.0108422	0.0101795	0.0134701	

130	0.063	1	task-3:0.068	task-0:0.106	task-1:0.148	task-2:0.15	|	0.0780766	0.0774033	0.0762463	0.0756797	0.075263	0.0743459	0.0725853	0.069815	0.0748556	0.0987724	0.0757222	0.106051	0.0670813	0.0670227	0.0669839	0.0669487	0.066918	0.0668491	0.0667301	0.0666804	0.0668086	0.066601	0.0665877	0.0665605	0.0665089	0.065818	0.0655037	0.0641449	0.0620117	0.0595204	0.058239	0.0567144	0.0549395	0.0519217	0.0499188	0.0482939	0.0476292	0.0469745	0.046182	0.0452584	0.0442204	0.0433263	0.0426275	0.0417702	0.0402749	0.0388007	0.0376136	0.0367085	0.0352984	0.0332082	0.0320382	0.0309924	0.0304547	0.0294106	0.0275568	0.0266882	0.0260536	0.0248543	0.0244657	0.0240919	0.0233359	0.0219564	0.0210403	0.0218445	0.0199128	0.0196998	0.0194247	0.0188828	0.0179584	0.016364	0.0153809	0.0364786	0.0139975	0.0139288	0.0138189	0.0136677	0.0134023	0.0129144	0.0123632	0.0131523	0.0121234	0.0120469	0.0119094	0.0117688	0.0117091	0.0115827	0.0113282	0.0108422	0.0101795	0.0134701	

130	0.093	1	task-3:0.068	task-0:0.106	task-1:0.148	task-2:0.15	|	0.0780766	0.0774033	0.0762463	0.0756797	0.075263	0.0743459	0.0725853	0.069815	0.0748556	0.0987724	0.0757222	0.106051	0.0670813	0.0670227	0.0669839	0.0669487	0.066918	0.0668491	0.0667301	0.0666804	0.0668086	0.066601	0.0665877	0.0665605	0.0665089	0.065818	0.0655037	0.0641449	0.0620117	0.0595204	0.058239	0.0567144	0.0549395	0.0519217	0.0499188	0.0482939	0.0476292	0.0469745	0.046182	0.0452584	0.0442204	0.0433263	0.0426275	0.0417702	0.0402749	0.0388007	0.0376136	0.0367085	0.0352984	0.0332082	0.0320382	0.0309924	0.0304547	0.0294106	0.0275568	0.0266882	0.0260536	0.0248543	0.0244657	0.0240919	0.0233359	0.0219564	0.0210403	0.0218445	0.0199128	0.0196998	0.0194247	0.0188828	0.0179584	0.016364	0.0153809	0.0364786	0.0139975	0.0139288	0.0138189	0.0136677	0.0134023	0.0129144	0.0123632	0.0131523	0.0121234	0.0120469	0.0119094	0.0117688	0.0117091	0.0115827	0.0113282	0.0108422	0.0101795	0.0134701	

130	0.078	1	task-3:0.068	task-0:0.106	task-1:0.148	task-2:0.15	|	0.0780766	0.0774033	0.0762463	0.0756797	0.075263	0.0743459	0.0725853	0.069815	0.0748556	0.0987724	0.0757222	0.106051	0.0670813	0.0670227	0.0669839	0.0669487	0.066918	0.0668491	0.0667301	0.0666804	0.0668086	0.066601	0.0665877	0.0665605	0.0665089	0.065818	0.0655037	0.0641449	0.0620117	0.0595204	0.058239	0.0567144	0.0549395	0.0519217	0.0499188	0.0482939	0.0476292	0.0469745	0.046182	0.0452584	0.0442204	0.0433263	0.0426275	0.0417702	0.0402749	0.0388007	0.0376136	0.0367085	0.0352984	0.0332082	0.0320382	0.0309924	0.0304547	0.0294106	0.0275568	0.0266882	0.0260536	0.0248543	0.0244657	0.0240919	0.0233359	0.0219564	0.0210403	0.0218445	0.0199128	0.0196998	0.0194247	0.0188828	0.0179584	0.016364	0.0153809	0.0364786	0.0139975	0.0139288	0.0138189	0.0136677	0.0134023	0.0129144	0.0123632	0.0131523	0.0121234	0.0120469	0.0119094	0.0117688	0.0117091	0.0115827	0.0113282	0.0108422	0.0101795	0.0134701	

130	0.079	1	task-3:0.068	task-0:0.106	task-1:0.148	task-2:0.15	|	0.0780766	0.0774033	0.0762463	0.0756797	0.075263	0.0743459	0.0725853	0.069815	0.0748556	0.0987724	0.0757222	0.106051	0.0670813	0.0670227	0.0669839	0.0669487	0.066918	0.0668491	0.0667301	0.0666804	0.0668086	0.066601	0.0665877	0.0665605	0.0665089	0.065818	0.0655037	0.0641449	0.0620117	0.0595204	0.058239	0.0567144	0.0549395	0.0519217	0.0499188	0.0482939	0.0476292	0.0469745	0.046182	0.0452584	0.0442204	0.0433263	0.0426275	0.0417702	0.0402749	0.0388007	0.0376136	0.0367085	0.0352984	0.0332082	0.0320382	0.0309924	0.0304547	0.0294106	0.0275568	0.0266882	0.0260536	0.0248543	0.0244657	0.0240919	0.0233359	0.0219564	0.0210403	0.0218445	0.0199128	0.0196998	0.0194247	0.0188828	0.0179584	0.016364	0.0153809	0.0364786	0.0139975	0.0139288	0.0138189	0.0136677	0.0134023	0.0129144	0.0123632	0.0131523	0.0121234	0.0120469	0.0119094	0.0117688	0.0117091	0.0115827	0.0113282	0.0108422	0.0101795	0.0134701	

130	0.062	1	task-3:0.068	task-0:0.106	task-1:0.148	task-2:0.15	|	0.0780766	0.0774033	0.0762463	0.0756797	0.075263	0.0743459	0.0725853	0.069815	0.0748556	0.0987724	0.0757222	0.106051	0.0670813	0.0670227	0.0669839	0.0669487	0.066918	0.0668491	0.0667301	0.0666804	0.0668086	0.066601	0.0665877	0.0665605	0.0665089	0.065818	0.0655037	0.0641449	0.0620117	0.0595204	0.058239	0.0567144	0.0549395	0.0519217	0.0499188	0.0482939	0.0476292	0.0469745	0.046182	0.0452584	0.0442204	0.0433263	0.0426275	0.0417702	0.0402749	0.0388007	0.0376136	0.0367085	0.0352984	0.0332082	0.0320382	0.0309924	0.0304547	0.0294106	0.0275568	0.0266882	0.0260536	0.0248543	0.0244657	0.0240919	0.0233359	0.0219564	0.0210403	0.0218445	0.0199128	0.0196998	0.0194247	0.0188828	0.0179584	0.016364	0.0153809	0.0364786	0.0139975	0.0139288	0.0138189	0.0136677	0.0134023	0.0129144	0.0123632	0.0131523	0.0121234	0.0120469	0.0119094	0.0117688	0.0117091	0.0115827	0.0113282	0.0108422	0.0101795	0.0134701	

130	0.063	1	task-3:0.068	task-0:0.106	task-1:0.148	task-2:0.15	|	0.0780766	0.0774033	0.0762463	0.0756797	0.075263	0.0743459	0.0725853	0.069815	0.0748556	0.0987724	0.0757222	0.106051	0.0670813	0.0670227	0.0669839	0.0669487	0.066918	0.0668491	0.0667301	0.0666804	0.0668086	0.066601	0.0665877	0.0665605	0.0665089	0.065818	0.0655037	0.0641449	0.0620117	0.0595204	0.058239	0.0567144	0.0549395	0.0519217	0.0499188	0.0482939	0.0476292	0.0469745	0.046182	0.0452584	0.0442204	0.0433263	0.0426275	0.0417702	0.0402749	0.0388007	0.0376136	0.0367085	0.0352984	0.0332082	0.0320382	0.0309924	0.0304547	0.0294106	0.0275568	0.0266882	0.0260536	0.0248543	0.0244657	0.0240919	0.0233359	0.0219564	0.0210403	0.0218445	0.0199128	0.0196998	0.0194247	0.0188828	0.0179584	0.016364	0.0153809	0.0364786	0.0139975	0.0139288	0.0138189	0.0136677	0.0134023	0.0129144	0.0123632	0.0131523	0.0121234	0.0120469	0.0119094	0.0117688	0.0117091	0.0115827	0.0113282	0.0108422	0.0101795	0.0134701	

130	0.062	1	task-3:0.068	task-0:0.106	task-1:0.148	task-2:0.15	|	0.0780766	0.0774033	0.0762463	0.0756797	0.075263	0.0743459	0.0725853	0.069815	0.0748556	0.0987724	0.0757222	0.106051	0.0670813	0.0670227	0.0669839	0.0669487	0.066918	0.0668491	0.0667301	0.0666804	0.0668086	0.066601	0.0665877	0.0665605	0.0665089	0.065818	0.0655037	0.0641449	0.0620117	0.0595204	0.058239	0.0567144	0.0549395	0.0519217	0.0499188	0.0482939	0.0476292	0.0469745	0.046182	0.0452584	0.0442204	0.0433263	0.0426275	0.0417702	0.0402749	0.0388007	0.0376136	0.0367085	0.0352984	0.0332082	0.0320382	0.0309924	0.0304547	0.0294106	0.0275568	0.0266882	0.0260536	0.0248543	0.0244657	0.0240919	0.0233359	0.0219564	0.0210403	0.0218445	0.0199128	0.0196998	0.0194247	0.0188828	0.0179584	0.016364	0.0153809	0.0364786	0.0139975	0.0139288	0.0138189	0.0136677	0.0134023	0.0129144	0.0123632	0.0131523	0.0121234	0.0120469	0.0119094	0.0117688	0.0117091	0.0115827	0.0113282	0.0108422	0.0101795	0.0134701	

130	0.078	1	task-3:0.068	task-0:0.106	task-1:0.148	task-2:0.15	|	0.0780766	0.0774033	0.0762463	0.0756797	0.075263	0.0743459	0.0725853	0.069815	0.0748556	0.0987724	0.0757222	0.106051	0.0670813	0.0670227	0.0669839	0.0669487	0.066918	0.0668491	0.0667301	0.0666804	0.0668086	0.066601	0.0665877	0.0665605	0.0665089	0.065818	0.0655037	0.0641449	0.0620117	0.0595204	0.058239	0.0567144	0.0549395	0.0519217	0.0499188	0.0482939	0.0476292	0.0469745	0.046182	0.0452584	0.0442204	0.0433263	0.0426275	0.0417702	0.0402749	0.0388007	0.0376136	0.0367085	0.0352984	0.0332082	0.0320382	0.0309924	0.0304547	0.0294106	0.0275568	0.0266882	0.0260536	0.0248543	0.0244657	0.0240919	0.0233359	0.0219564	0.0210403	0.0218445	0.0199128	0.0196998	0.0194247	0.0188828	0.0179584	0.016364	0.0153809	0.0364786	0.0139975	0.0139288	0.0138189	0.0136677	0.0134023	0.0129144	0.0123632	0.0131523	0.0121234	0.0120469	0.0119094	0.0117688	0.0117091	0.0115827	0.0113282	0.0108422	0.0101795	0.0134701	

130	0.062	1	task-3:0.068	task-0:0.106	task-1:0.148	task-2:0.15	|	0.0780766	0.0774033	0.0762463	0.0756797	0.075263	0.0743459	0.0725853	0.069815	0.0748556	0.0987724	0.0757222	0.106051	0.0670813	0.0670227	0.0669839	0.0669487	0.066918	0.0668491	0.0667301	0.0666804	0.0668086	0.066601	0.0665877	0.0665605	0.0665089	0.065818	0.0655037	0.0641449	0.0620117	0.0595204	0.058239	0.0567144	0.0549395	0.0519217	0.0499188	0.0482939	0.0476292	0.0469745	0.046182	0.0452584	0.0442204	0.0433263	0.0426275	0.0417702	0.0402749	0.0388007	0.0376136	0.0367085	0.0352984	0.0332082	0.0320382	0.0309924	0.0304547	0.0294106	0.0275568	0.0266882	0.0260536	0.0248543	0.0244657	0.0240919	0.0233359	0.0219564	0.0210403	0.0218445	0.0199128	0.0196998	0.0194247	0.0188828	0.0179584	0.016364	0.0153809	0.0364786	0.0139975	0.0139288	0.0138189	0.0136677	0.0134023	0.0129144	0.0123632	0.0131523	0.0121234	0.0120469	0.0119094	0.0117688	0.0117091	0.0115827	0.0113282	0.0108422	0.0101795	0.0134701	

130	0.063	1	task-3:0.068	task-0:0.106	task-1:0.148	task-2:0.15	|	0.0780766	0.0774033	0.0762463	0.0756797	0.075263	0.0743459	0.0725853	0.069815	0.0748556	0.0987724	0.0757222	0.106051	0.0670813	0.0670227	0.0669839	0.0669487	0.066918	0.0668491	0.0667301	0.0666804	0.0668086	0.066601	0.0665877	0.0665605	0.0665089	0.065818	0.0655037	0.0641449	0.0620117	0.0595204	0.058239	0.0567144	0.0549395	0.0519217	0.0499188	0.0482939	0.0476292	0.0469745	0.046182	0.0452584	0.0442204	0.0433263	0.0426275	0.0417702	0.0402749	0.0388007	0.0376136	0.0367085	0.0352984	0.0332082	0.0320382	0.0309924	0.0304547	0.0294106	0.0275568	0.0266882	0.0260536	0.0248543	0.0244657	0.0240919	0.0233359	0.0219564	0.0210403	0.0218445	0.0199128	0.0196998	0.0194247	0.0188828	0.0179584	0.016364	0.0153809	0.0364786	0.0139975	0.0139288	0.0138189	0.0136677	0.0134023	0.0129144	0.0123632	0.0131523	0.0121234	0.0120469	0.0119094	0.0117688	0.0117091	0.0115827	0.0113282	0.0108422	0.0101795	0.0134701	

130	0.078	1	task-3:0.068	task-0:0.106	task-1:0.148	task-2:0.15	|	0.0780766	0.0774033	0.0762463	0.0756797	0.075263	0.0743459	0.0725853	0.069815	0.0748556	0.0987724	0.0757222	0.106051	0.0670813	0.0670227	0.0669839	0.0669487	0.066918	0.0668491	0.0667301	0.0666804	0.0668086	0.066601	0.0665877	0.0665605	0.0665089	0.065818	0.0655037	0.0641449	0.0620117	0.0595204	0.058239	0.0567144	0.0549395	0.0519217	0.0499188	0.0482939	0.0476292	0.0469745	0.046182	0.0452584	0.0442204	0.0433263	0.0426275	0.0417702	0.0402749	0.0388007	0.0376136	0.0367085	0.0352984	0.0332082	0.0320382	0.0309924	0.0304547	0.0294106	0.0275568	0.0266882	0.0260536	0.0248543	0.0244657	0.0240919	0.0233359	0.0219564	0.0210403	0.0218445	0.0199128	0.0196998	0.0194247	0.0188828	0.0179584	0.016364	0.0153809	0.0364786	0.0139975	0.0139288	0.0138189	0.0136677	0.0134023	0.0129144	0.0123632	0.0131523	0.0121234	0.0120469	0.0119094	0.0117688	0.0117091	0.0115827	0.0113282	0.0108422	0.0101795	0.0134701	

284	0.172	3	task-3:0.392	task-0:0.442	task-1:0.436	task-2:0.404	|	0.0760891	0.0758789	0.0754197	0.0749826	0.0746956	0.0741819	0.0737041	0.0728257	0.0715893	0.0743656	0.0750102	0.0696665	0.0694749	0.0693213	0.0691813	0.068902	0.0684743	0.0689174	0.069476	0.0681776	0.0681331	0.0680491	0.0679436	0.0678417	0.0677762	0.0677095	0.0676066	0.0675108	0.0674251	0.0673041	0.067128	0.0676583	0.0673171	0.0669407	0.0667046	0.0661313	0.0650076	0.0637946	0.0632733	0.0629203	0.0624159	0.0620168	0.061125	0.059273	0.0557386	0.0565427	0.0749666	0.0527976	0.0606233	0.0501993	0.0499885	0.0495167	0.048653	0.0471878	0.0484555	0.0510746	0.0457743	0.0456287	0.0455205	0.0452852	0.044849	0.0443718	0.0447523	0.0442034	0.0441628	0.044078	0.0439246	0.0436101	0.0431164	0.0435742	0.04284	0.0425267	0.0424788	0.0423776	0.042168	0.041772	0.0411163	0.0422952	0.0465328	0.040125	0.0400701	0.0400084	0.0398715	0.0396217	0.0393143	0.0403778	0.0392365	0.0392143	0.0391721	0.0391142	0.0390037	0.0388805	0.0390332	0.0388343	0.038819	0.0387863	0.038736	0.0386436	0.0384797	0.038311	0.0386243	0.0382293	0.0382031	0.0381588	0.0381057	0.0380791	0.0380527	0.0380204	0.0380084	0.0379913	0.0379708	0.0379485	0.0379255	0.0378988	0.0378458	0.0378041	0.0377821	0.0377606	0.0377249	0.0376884	0.0376524	0.0375903	0.0375051	0.0374761	0.0374625	0.0374468	0.0374298	0.0374039	0.0373657	0.0373113	0.0372558	0.0372317	0.0372238	0.0372061	0.0371829	0.0371488	0.0371021	0.0370484	

295	0.172	2	task-3:0.142	task-0:0.228	task-1:0.196	task-2:0.228	|	0.0760891	0.0758789	0.0754197	0.0749826	0.0746956	0.0741819	0.0737041	0.0728257	0.0715893	0.0743656	0.0750102	0.0696665	0.0694749	0.0693213	0.0691813	0.068902	0.0684743	0.0689174	0.069476	0.0681776	0.0681331	0.0680491	0.0679436	0.0678417	0.0677762	0.0677095	0.0676066	0.0675108	0.0674251	0.0673041	0.067128	0.0676583	0.0673198	0.0669534	0.066736	0.0662061	0.0651709	0.0640333	0.0634998	0.0632425	0.0627796	0.0624274	0.061698	0.0603095	0.059345	0.0595577	0.0581353	0.0577352	0.0572846	0.0562915	0.0542932	0.0506602	0.0462869	0.0942769	0.0553852	0.165306	0.0681804	0.105461	0.0993671	0.074594	0.0905052	0.0520761	0.0456572	0.0454253	0.0452949	0.0449733	0.0444285	0.0438981	0.0435252	0.0432919	0.0431153	0.0427714	0.0425753	0.0425071	0.042296	0.0422255	0.0421019	0.0418613	0.0414563	0.0414808	0.04289	0.0410173	0.0409815	0.0409168	0.0407849	0.0405415	0.0404006	0.0404371	0.0402293	0.0402003	0.0401397	0.0400445	0.0399264	0.0397947	0.0397168	0.039676	0.039642	0.0396049	0.0395356	0.0394679	0.0394197	0.0393692	0.0392843	0.0391398	0.0389795	0.0390981	0.0388893	0.0388592	0.0388047	0.0387557	0.0387496	0.0387257	0.0386962	0.0386687	0.0386426	0.0381907	0.0378129	0.0367841	0.0347773	0.0318955	0.0295843	0.0272473	0.026358	0.0253327	0.0243927	0.0234839	0.0224569	0.0213234	0.0200032	0.019266	0.0189204	0.0184403	0.0181897	0.0177139	0.0168032	0.0153564	0.0169166	0.0144991	0.0142635	0.014061	0.0136378	0.0128802	0.0122719	0.0127896	0.0117906	0.0116796	

302	0.156	2	task-3:0.488	task-0:0.284	task-1:0.228	task-2:0.314	|	0.0760891	0.0758789	0.0754197	0.0749826	0.0746956	0.0741819	0.0737041	0.0728257	0.0715893	0.0743656	0.0750102	0.0696665	0.0694749	0.0693213	0.0691813	0.068902	0.0684743	0.0689174	0.069476	0.0681776	0.0681331	0.0680491	0.0679436	0.0678417	0.0677762	0.0677095	0.0676066	0.0675108	0.0674251	0.0673041	0.067128	0.0676583	0.0673189	0.0669489	0.0667247	0.066179	0.0651121	0.0639514	0.0634208	0.0631283	0.0626483	0.0622809	0.061472	0.0598236	0.0568795	0.0517549	0.0470428	0.17513	0.0675671	0.114328	0.111958	0.103389	0.0599802	0.172806	0.0758743	0.109646	0.102026	0.0707527	0.110386	0.0479902	0.0461211	0.0457907	0.045205	0.0445953	0.0442068	0.0438598	0.043197	0.0431027	0.0428173	0.0424112	0.0423116	0.0421324	0.0417737	0.0411624	0.0407289	0.0483725	0.0404151	0.0403848	0.0403125	0.0401686	0.0399118	0.03965	0.0413175	0.0395546	0.0395374	0.0394952	0.0394058	0.0392555	0.0390334	0.0390369	0.038921	0.0388908	0.0388277	0.0387477	0.038702	0.0386877	0.038669	0.0386434	0.0386027	0.038533	0.0384123	0.038195	0.0381355	0.0386937	0.0379105	0.0378899	0.0378539	0.0377839	0.0376534	0.0375203	0.0380704	0.037467	0.0374605	0.0374426	0.0374018	0.037318	0.0371996	0.0372785	0.0368618	0.0363861	0.0353248	0.0334636	0.0320197	0.0358124	0.0311522	0.0309263	0.030566	0.030069	0.029426	0.0281757	0.0271694	0.0290676	0.0261625	0.0259205	0.0255257	0.0249798	0.0244192	0.0239258	0.0235207	0.0232959	0.0230214	0.0227526	0.0226769	0.0225317	0.0223148	0.0221023	0.0217272	0.0213675	0.0210502	0.0208026	0.0203491	0.0200408	0.0198314	0.0196884	0.0194375	0.0191797	0.0189316	0.0184599	0.018193	0.0179733	0.0177705	0.0176676	0.0175373	0.017254	0.0167026	0.0162853	

366	0.234	4	task-3:0.232	task-0:0.244	task-1:0.3	task-2:0.28	|	0.0760891	0.0758789	0.0754197	0.0749826	0.0746956	0.0741819	0.0737041	0.0728257	0.0715893	0.0743656	0.0750102	0.0696665	0.0694749	0.0693213	0.0691813	0.068902	0.0684743	0.0689174	0.069476	0.0681776	0.0681331	0.0680491	0.0679436	0.0678417	0.0677762	0.0677095	0.0676066	0.0675108	0.0674251	0.0673041	0.067128	0.0676583	0.0673171	0.0669407	0.0667046	0.0661313	0.0650076	0.0637946	0.0632733	0.0629203	0.0624159	0.0620168	0.061125	0.059273	0.0557386	0.0565427	0.0749666	0.0527976	0.0606233	0.0501993	0.0499885	0.0495167	0.048653	0.0471878	0.0484555	0.0510746	0.0457743	0.0456287	0.0455205	0.0452852	0.044849	0.0443718	0.0447523	0.0442034	0.0441628	0.044078	0.0439246	0.0436101	0.0431164	0.0435742	0.04284	0.0425267	0.0424788	0.0423776	0.042168	0.041772	0.0411163	0.0422952	0.0465328	0.040125	0.0400701	0.0400084	0.0398715	0.0396217	0.0393143	0.0403778	0.0392365	0.0392143	0.0391721	0.0391142	0.0390037	0.0388805	0.0390332	0.0388343	0.038819	0.0387863	0.038736	0.0386436	0.0384797	0.038311	0.0386243	0.0382293	0.0382031	0.0381588	0.0381058	0.0380792	0.0380528	0.0380205	0.0380086	0.0379914	0.0379708	0.0379484	0.0379272	0.0379041	0.0378587	0.0378095	0.0377893	0.0377733	0.0377465	0.0377239	0.0376822	0.037639	0.0376185	0.0375879	0.0375635	0.0373157	0.036968	0.0359972	0.0340753	0.0312939	0.0317772	0.0370105	0.0291577	0.0289414	0.0286105	0.0278914	0.0265397	0.0242773	0.0235746	0.0311994	0.0211837	0.0208834	0.0206808	0.0202466	0.0194785	0.0191007	0.0205756	0.0182618	0.0181007	0.0178812	0.0174211	0.0165695	0.0153205	0.0252601	0.0150395	0.0149067	0.0146725	0.0142302	0.0135558	0.0132791	0.0172413	0.0125597	0.012444	0.0122922	0.0120362	0.0117027	0.0112661	0.0111471	

287	0.156	3	task-3:0.392	task-0:0.442	task-1:0.436	task-2:0.404	|	0.0760891	0.0758789	0.0754197	0.0749826	0.0746956	0.0741819	0.0737041	0.0728257	0.0715893	0.0743656	0.0750102	0.0696665	0.0694749	0.0693213	0.0691813	0.068902	0.0684743	0.0689174	0.069476	0.0681776	0.0681331	0.0680491	0.0679436	0.0678417	0.0677762	0.0677095	0.0676066	0.0675108	0.0674251	0.0673041	0.067128	0.0676583	0.0673171	0.0669407	0.0667046	0.0661313	0.0650076	0.0637946	0.0632733	0.0629203	0.0624159	0.0620168	0.061125	0.059273	0.0557386	0.0565427	0.0749666	0.0527976	0.0606233	0.0501993	0.0499885	0.0495167	0.048653	0.0471878	0.0484555	0.0510746	0.0457743	0.0456287	0.0455205	0.0452852	0.044849	0.0443718	0.0447523	0.0442034	0.0441628	0.044078	0.0439246	0.0436101	0.0431164	0.0435742	0.04284	0.0425267	0.0424788	0.0423776	0.042168	0.041772	0.0411163	0.0422952	0.0465328	0.040125	0.0400701	0.0400084	0.0398715	0.0396217	0.0393143	0.0403778	0.0392365	0.0392143	0.0391721	0.0391142	0.0390037	0.0388805	0.0390332	0.0388343	0.038819	0.0387863	0.038736	0.0386436	0.0384797	0.038311	0.0386243	0.0382293	0.0382031	0.0381588	0.0381058	0.0380792	0.0380528	0.0380205	0.0380086	0.0379914	0.0379708	0.0379484	0.0379273	0.0379045	0.0378609	0.037812	0.0377909	0.0377772	0.0377509	0.0377194	0.0376527	0.0375406	0.0374758	0.0374728	0.0373907	0.037373	0.0373432	0.0372803	0.0371533	0.0369068	0.0366406	0.0418855	0.0364488	0.036433	0.036399	0.0363408	0.0363079	0.0362836	0.0362676	0.0362579	0.036243	0.0362124	0.0361739	0.03615	0.0361498	

350	0.203	2	task-3:0.154	task-0:0.21	task-1:0.186	task-2:0.234	|	0.0760891	0.0758789	0.0754197	0.0749826	0.0746956	0.0741819	0.0737041	0.0728257	0.0715893	0.0743656	0.0750102	0.0696665	0.0694749	0.0693213	0.0691813	0.068902	0.0684743	0.0689174	0.069476	0.0681776	0.0681331	0.0680491	0.0679436	0.0678417	0.0677762	0.0677095	0.0676066	0.0675108	0.0674251	0.0673041	0.067128	0.0676583	0.0673182	0.0669455	0.0667161	0.0661586	0.0650677	0.0638871	0.0633597	0.0630411	0.0625507	0.0621699	0.0613202	0.0595617	0.056209	0.0605225	0.0644728	0.0524969	0.052032	0.0516728	0.051448	0.0511244	0.0506519	0.0501668	0.0492206	0.0476294	0.0462357	0.0714282	0.0450831	0.0451752	0.0447601	0.0447246	0.0446682	0.0445318	0.0442653	0.043807	0.0435054	0.043441	0.0432349	0.0431652	0.0430674	0.0428665	0.042624	0.0427447	0.0424073	0.0423428	0.0422097	0.0420444	0.0419207	0.0418152	0.0416885	0.0414497	0.0415234	0.0413513	0.0411842	0.0411421	0.0410554	0.0408781	0.0405654	0.0401579	0.0407648	0.0399775	0.0398555	0.0398419	0.0398191	0.0397677	0.0396787	0.0395442	0.0393041	0.039037	0.04145	0.0389909	0.0389858	0.0389672	0.0389219	0.0388241	0.0386341	0.0385571	0.0384943	0.0383778	0.0383436	0.038284	0.038192	0.0380933	0.0381241	0.0380512	0.0380334	0.0379936	0.0379109	0.0377596	0.0374884	0.0382692	0.0374214	0.0373994	0.0373921	0.0373738	0.0373361	0.03727	0.0371931	0.0371857	0.0371516	0.0371352	0.0371074	0.0370799	0.0370717	0.0367163	0.036412	0.0356341	0.0342404	0.0327033	0.0314615	0.0321858	0.0307634	0.0305743	0.0301885	0.0294805	0.0282997	0.0264095	0.026806	0.0285919	0.0240776	0.0239866	0.0237426	0.0231859	0.0220714	0.0210317	0.0236899	0.0200045	0.0198111	0.019661	0.0194085	0.0190048	0.0185956	0.0182906	0.018228	0.0180766	0.0178586	0.0176257	0.0175072	0.0172762	0.0169458	0.0163536	0.0152163	0.0137843	0.0276635	0.0132464	0.0131554	0.0130999	0.0130074	0.0128139	0.0124459	0.0120039	0.0130604	0.0118228	0.0117736	0.0116955	0.0115804	0.0113967	0.0112646	0.0111655	0.0111344	0.0110851	0.0110524	0.0109868	0.0108573	0.0106578	0.0102927	0.0104779	0.0106113	

144	0.063	1	task-3:0.046	task-0:0.138	task-1:0.198	task-2:0.148	|	0.0756132	0.0753289	0.0748612	0.0745331	0.0738381	0.072937	0.0724088	0.0720061	0.0713658	0.0712111	0.0707867	0.0705923	0.0705342	0.0704537	0.0703243	0.070232	0.070056	0.0698038	0.0696314	0.0695619	0.0694522	0.0693555	0.0691634	0.0687953	0.0682739	0.0700145	0.0681541	0.0681143	0.0680346	0.0679332	0.0677283	0.0673485	0.0676658	0.0685737	0.0668993	0.0668771	0.0668305	0.0667502	0.0665907	0.0662929	0.0657763	0.0652754	0.0881618	0.06523	0.0654427	0.0650417	0.0650354	0.0650214	0.0649919	0.0649324	0.0648324	0.0652858	0.0648157	0.0648107	0.0648001	0.0647834	0.0642308	0.0638159	0.0627526	0.061036	0.0595884	0.0578035	0.0559514	0.0525135	0.0477247	0.0662936	0.0425706	0.0411894	0.0383028	0.0327553	0.0244556	0.063757	0.0238298	0.0237462	0.0232595	0.0230898	0.022747	0.0221094	0.0212883	0.0208406	0.0205276	0.0203264	0.0199849	0.0194151	0.0188775	0.0186727	0.0185284	0.0183601	0.0181808	0.0178964	0.0174987	0.0167215	0.0162041	

151	0.079	1	task-3:0.07	task-0:0.102	task-1:0.214	task-2:0.136	|	0.0756132	0.0753289	0.0748612	0.0745331	0.0738381	0.072937	0.0724088	0.0720061	0.0713658	0.0712111	0.0707867	0.0705923	0.0705342	0.0704537	0.0703243	0.070232	0.070056	0.0698038	0.0696314	0.0695619	0.0694522	0.0693555	0.0691634	0.0687953	0.0682739	0.0700145	0.0681541	0.0681143	0.0680346	0.0679332	0.0677283	0.0673485	0.0676658	0.0685737	0.0668993	0.0668771	0.0668305	0.0667502	0.0665907	0.0662929	0.0657763	0.0652754	0.0881618	0.06523	0.0654427	0.0650417	0.0650354	0.0650214	0.0649919	0.0649324	0.0648324	0.0652858	0.0648157	0.0648107	0.0648001	0.0647834	0.0642161	0.0637939	0.0627108	0.0609527	0.0594551	0.0576387	0.0557626	0.0522621	0.0473475	0.0648976	0.0420378	0.0406235	0.0376843	0.0320987	0.0239439	0.0218604	0.0784278	0.0229402	0.05975	0.0196676	0.0200921	0.018675	0.0185159	0.0182019	0.0177351	0.0174158	0.017266	0.0170402	0.0168198	0.0166049	0.0161663	0.0153414	0.013936	

144	0.062	1	task-3:0.046	task-0:0.138	task-1:0.198	task-2:0.148	|	0.0756132	0.0753289	0.0748612	0.0745331	0.0738381	0.072937	0.0724088	0.0720061	0.0713658	0.0712111	0.0707867	0.0705923	0.0705342	0.0704537	0.0703243	0.070232	0.070056	0.0698038	0.0696314	0.0695619	0.0694522	0.0693555	0.0691634	0.0687953	0.0682739	0.0700145	0.0681541	0.0681143	0.0680346	0.0679332	0.0677283	0.0673485	0.0676658	0.0685737	0.0668993	0.0668771	0.0668305	0.0667502	0.0665907	0.0662929	0.0657763	0.0652754	0.0881618	0.06523	0.0654427	0.0650417	0.0650354	0.0650214	0.0649919	0.0649324	0.0648324	0.0652858	0.0648157	0.0648107	0.0648001	0.0647834	0.0642308	0.0638159	0.0627526	0.061036	0.0595884	0.0578035	0.0559514	0.0525135	0.0477247	0.0662936	0.0425706	0.0411894	0.0383028	0.0327553	0.0244556	0.063757	0.0238298	0.0237462	0.0232595	0.0230898	0.022747	0.0221094	0.0212883	0.0208406	0.0205276	0.0203264	0.0199849	0.0194151	0.0188775	0.0186727	0.0185284	0.0183601	0.0181808	0.0178964	0.0174987	0.0167215	0.0162041	

123	0.047	1	task-3:0.096	task-0:0.112	task-1:0.226	task-2:0.15	|	0.0756132	0.0753289	0.0748612	0.0745331	0.0738381	0.072937	0.0724088	0.0720061	0.0713658	0.0712111	0.0707867	0.0705923	0.0705342	0.0704537	0.0703243	0.070232	0.070056	0.0698038	0.0696314	0.0695619	0.0694522	0.0693555	0.0691634	0.0687953	0.0682739	0.0700145	0.0681541	0.0681143	0.0680346	0.0679332	0.0677283	0.0673485	0.0676658	0.0685737	0.0668993	0.0668771	0.0668305	0.0667502	0.0665907	0.0662929	0.0657763	0.0652754	0.0881618	0.06523	0.0654427	0.0650417	0.0650354	0.0650214	0.0649919	0.0649324	0.0648324	0.0652858	0.0648157	0.0648107	0.0648001	0.0647834	0.0642203	0.063801	0.062726	0.0609832	0.0595016	0.0576955	0.0558299	0.0523544	0.0474544	0.0660183	0.0421659	0.0407664	0.0378861	0.0324157	0.0260303	0.0613693	0.0247099	0.0244545	0.0236305	0.023395	0.0229393	0.0221878	0.0214757	0.0207461	0.0202333	0.0200987	

123	0.062	1	task-3:0.096	task-0:0.112	task-1:0.226	task-2:0.15	|	0.0756132	0.0753289	0.0748612	0.0745331	0.0738381	0.072937	0.0724088	0.0720061	0.0713658	0.0712111	0.0707867	0.0705923	0.0705342	0.0704537	0.0703243	0.070232	0.070056	0.0698038	0.0696314	0.0695619	0.0694522	0.0693555	0.0691634	0.0687953	0.0682739	0.0700145	0.0681541	0.0681143	0.0680346	0.0679332	0.0677283	0.0673485	0.0676658	0.0685737	0.0668993	0.0668771	0.0668305	0.0667502	0.0665907	0.0662929	0.0657763	0.0652754	0.0881618	0.06523	0.0654427	0.0650417	0.0650354	0.0650214	0.0649919	0.0649324	0.0648324	0.0652858	0.0648157	0.0648107	0.0648001	0.0647834	0.0642203	0.063801	0.062726	0.0609832	0.0595016	0.0576955	0.0558299	0.0523544	0.0474544	0.0660183	0.0421659	0.0407664	0.0378861	0.0324157	0.0260303	0.0613693	0.0247099	0.0244545	0.0236305	0.023395	0.0229393	0.0221878	0.0214757	0.0207461	0.0202333	0.0200987	

150	0.078	1	task-3:0.056	task-0:0.114	task-1:0.226	task-2:0.13	|	0.0756132	0.0753289	0.0748612	0.0745331	0.0738381	0.072937	0.0724088	0.0720061	0.0713658	0.0712111	0.0707867	0.0705923	0.0705342	0.0704537	0.0703243	0.070232	0.070056	0.0698038	0.0696314	0.0695619	0.0694522	0.0693555	0.0691634	0.0687953	0.0682739	0.0700145	0.0681541	0.0681143	0.0680346	0.0679332	0.0677283	0.0673485	0.0676658	0.0685737	0.0668993	0.0668771	0.0668305	0.0667502	0.0665907	0.0662929	0.0657763	0.0652754	0.0881618	0.06523	0.0654427	0.0650417	0.0650354	0.0650214	0.0649919	0.0649324	0.0648324	0.0652858	0.0648157	0.0648107	0.0648001	0.0647834	0.0642163	0.0637948	0.0627133	0.0609578	0.0594634	0.0576511	0.0557797	0.0522876	0.0474003	0.0643815	0.0421237	0.0407124	0.0377683	0.0321714	0.0241992	0.0660169	0.0235855	0.0237556	0.0227661	0.0226113	0.0223468	0.0218386	0.021161	0.0205338	0.0202327	0.0201191	0.0199269	0.0197501	0.0195042	0.019214	0.0189095	0.0186954	0.0184426	0.0179902	0.0171851	0.0160647	

135	0.047	1	task-3:0.062	task-0:0.154	task-1:0.202	task-2:0.15	|	0.0756132	0.0753289	0.0748612	0.0745331	0.0738381	0.072937	0.0724088	0.0720061	0.0713658	0.0712111	0.0707867	0.0705923	0.0705342	0.0704537	0.0703243	0.070232	0.070056	0.0698038	0.0696314	0.0695619	0.0694522	0.0693555	0.0691634	0.0687953	0.0682739	0.0700145	0.0681541	0.0681143	0.0680346	0.0679332	0.0677283	0.0673485	0.0676658	0.0685737	0.0668993	0.0668771	0.0668305	0.0667502	0.0665907	0.0662929	0.0657763	0.0652754	0.0881618	0.06523	0.0654427	0.0650417	0.0650354	0.0650214	0.0649919	0.0649324	0.0648324	0.0652858	0.0648157	0.0648107	0.0648001	0.0647834	0.0642264	0.0638113	0.0627479	0.0610282	0.0595688	0.0577723	0.0559168	0.0524772	0.046944	0.0591148	0.0427542	0.0413925	0.0406667	0.0391825	0.0365015	0.033613	0.0324074	0.0317576	0.0311363	0.0301092	0.0288337	0.0262384	0.0220056	0.0272888	0.0259341	0.0186736	0.0185498	0.0182778	0.0177678	0.0170958	0.0176345	

144	0.062	1	task-3:0.046	task-0:0.138	task-1:0.198	task-2:0.148	|	0.0756132	0.0753289	0.0748612	0.0745331	0.0738381	0.072937	0.0724088	0.0720061	0.0713658	0.0712111	0.0707867	0.0705923	0.0705342	0.0704537	0.0703243	0.070232	0.070056	0.0698038	0.0696314	0.0695619	0.0694522	0.0693555	0.0691634	0.0687953	0.0682739	0.0700145	0.0681541	0.0681143	0.0680346	0.0679332	0.0677283	0.0673485	0.0676658	0.0685737	0.0668993	0.0668771	0.0668305	0.0667502	0.0665907	0.0662929	0.0657763	0.0652754	0.0881618	0.06523	0.0654427	0.0650417	0.0650354	0.0650214	0.0649919	0.0649324	0.0648324	0.0652858	0.0648157	0.0648107	0.0648001	0.0647834	0.0642308	0.0638159	0.0627526	0.061036	0.0595884	0.0578035	0.0559514	0.0525135	0.0477247	0.0662936	0.0425706	0.0411894	0.0383028	0.0327553	0.0244556	0.063757	0.0238298	0.0237462	0.0232595	0.0230898	0.022747	0.0221094	0.0212883	0.0208406	0.0205276	0.0203264	0.0199849	0.0194151	0.0188775	0.0186727	0.0185284	0.0183601	0.0181808	0.0178964	0.0174987	0.0167215	0.0162041	

144	0.063	1	task-3:0.046	task-0:0.138	task-1:0.198	task-2:0.148	|	0.0756132	0.0753289	0.0748612	0.0745331	0.0738381	0.072937	0.0724088	0.0720061	0.0713658	0.0712111	0.0707867	0.0705923	0.0705342	0.0704537	0.0703243	0.070232	0.070056	0.0698038	0.0696314	0.0695619	0.0694522	0.0693555	0.0691634	0.0687953	0.0682739	0.0700145	0.0681541	0.0681143	0.0680346	0.0679332	0.0677283	0.0673485	0.0676658	0.0685737	0.0668993	0.0668771	0.0668305	0.0667502	0.0665907	0.0662929	0.0657763	0.0652754	0.0881618	0.06523	0.0654427	0.0650417	0.0650354	0.0650214	0.0649919	0.0649324	0.0648324	0.0652858	0.0648157	0.0648107	0.0648001	0.0647834	0.0642308	0.0638159	0.0627526	0.061036	0.0595884	0.0578035	0.0559514	0.0525135	0.0477247	0.0662936	0.0425706	0.0411894	0.0383028	0.0327553	0.0244556	0.063757	0.0238298	0.0237462	0.0232595	0.0230898	0.022747	0.0221094	0.0212883	0.0208406	0.0205276	0.0203264	0.0199849	0.0194151	0.0188775	0.0186727	0.0185284	0.0183601	0.0181808	0.0178964	0.0174987	0.0167215	0.0162041	

123	0.047	1	task-3:0.096	task-0:0.112	task-1:0.226	task-2:0.15	|	0.0756132	0.0753289	0.0748612	0.0745331	0.0738381	0.072937	0.0724088	0.0720061	0.0713658	0.0712111	0.0707867	0.0705923	0.0705342	0.0704537	0.0703243	0.070232	0.070056	0.0698038	0.0696314	0.0695619	0.0694522	0.0693555	0.0691634	0.0687953	0.0682739	0.0700145	0.0681541	0.0681143	0.0680346	0.0679332	0.0677283	0.0673485	0.0676658	0.0685737	0.0668993	0.0668771	0.0668305	0.0667502	0.0665907	0.0662929	0.0657763	0.0652754	0.0881618	0.06523	0.0654427	0.0650417	0.0650354	0.0650214	0.0649919	0.0649324	0.0648324	0.0652858	0.0648157	0.0648107	0.0648001	0.0647834	0.0642203	0.063801	0.062726	0.0609832	0.0595016	0.0576955	0.0558299	0.0523544	0.0474544	0.0660183	0.0421659	0.0407664	0.0378861	0.0324157	0.0260303	0.0613693	0.0247099	0.0244545	0.0236305	0.023395	0.0229393	0.0221878	0.0214757	0.0207461	0.0202333	0.0200987	

151	0.063	1	task-3:0.07	task-0:0.102	task-1:0.214	task-2:0.136	|	0.0756132	0.0753289	0.0748612	0.0745331	0.0738381	0.072937	0.0724088	0.0720061	0.0713658	0.0712111	0.0707867	0.0705923	0.0705342	0.0704537	0.0703243	0.070232	0.070056	0.0698038	0.0696314	0.0695619	0.0694522	0.0693555	0.0691634	0.0687953	0.0682739	0.0700145	0.0681541	0.0681143	0.0680346	0.0679332	0.0677283	0.0673485	0.0676658	0.0685737	0.0668993	0.0668771	0.0668305	0.0667502	0.0665907	0.0662929	0.0657763	0.0652754	0.0881618	0.06523	0.0654427	0.0650417	0.0650354	0.0650214	0.0649919	0.0649324	0.0648324	0.0652858	0.0648157	0.0648107	0.0648001	0.0647834	0.0642161	0.0637939	0.0627108	0.0609527	0.0594551	0.0576387	0.0557626	0.0522621	0.0473475	0.0648976	0.0420378	0.0406235	0.0376843	0.0320987	0.0239439	0.0218604	0.0784278	0.0229402	0.05975	0.0196676	0.0200921	0.018675	0.0185159	0.0182019	0.0177351	0.0174158	0.017266	0.0170402	0.0168198	0.0166049	0.0161663	0.0153414	0.013936	

144	0.062	1	task-3:0.046	task-0:0.138	task-1:0.198	task-2:0.148	|	0.0756132	0.0753289	0.0748612	0.0745331	0.0738381	0.072937	0.0724088	0.0720061	0.0713658	0.0712111	0.0707867	0.0705923	0.0705342	0.0704537	0.0703243	0.070232	0.070056	0.0698038	0.0696314	0.0695619	0.0694522	0.0693555	0.0691634	0.0687953	0.0682739	0.0700145	0.0681541	0.0681143	0.0680346	0.0679332	0.0677283	0.0673485	0.0676658	0.0685737	0.0668993	0.0668771	0.0668305	0.0667502	0.0665907	0.0662929	0.0657763	0.0652754	0.0881618	0.06523	0.0654427	0.0650417	0.0650354	0.0650214	0.0649919	0.0649324	0.0648324	0.0652858	0.0648157	0.0648107	0.0648001	0.0647834	0.0642308	0.0638159	0.0627526	0.061036	0.0595884	0.0578035	0.0559514	0.0525135	0.0477247	0.0662936	0.0425706	0.0411894	0.0383028	0.0327553	0.0244556	0.063757	0.0238298	0.0237462	0.0232595	0.0230898	0.022747	0.0221094	0.0212883	0.0208406	0.0205276	0.0203264	0.0199849	0.0194151	0.0188775	0.0186727	0.0185284	0.0183601	0.0181808	0.0178964	0.0174987	0.0167215	0.0162041	

150	0.063	1	task-3:0.056	task-0:0.114	task-1:0.226	task-2:0.13	|	0.0756132	0.0753289	0.0748612	0.0745331	0.0738381	0.072937	0.0724088	0.0720061	0.0713658	0.0712111	0.0707867	0.0705923	0.0705342	0.0704537	0.0703243	0.070232	0.070056	0.0698038	0.0696314	0.0695619	0.0694522	0.0693555	0.0691634	0.0687953	0.0682739	0.0700145	0.0681541	0.0681143	0.0680346	0.0679332	0.0677283	0.0673485	0.0676658	0.0685737	0.0668993	0.0668771	0.0668305	0.0667502	0.0665907	0.0662929	0.0657763	0.0652754	0.0881618	0.06523	0.0654427	0.0650417	0.0650354	0.0650214	0.0649919	0.0649324	0.0648324	0.0652858	0.0648157	0.0648107	0.0648001	0.0647834	0.0642163	0.0637948	0.0627133	0.0609578	0.0594634	0.0576511	0.0557797	0.0522876	0.0474003	0.0643815	0.0421237	0.0407124	0.0377683	0.0321714	0.0241992	0.0660169	0.0235855	0.0237556	0.0227661	0.0226113	0.0223468	0.0218386	0.021161	0.0205338	0.0202327	0.0201191	0.0199269	0.0197501	0.0195042	0.019214	0.0189095	0.0186954	0.0184426	0.0179902	0.0171851	0.0160647	

251	0.14	2	task-3:0.134	task-0:0.112	task-1:0.214	task-2:0.16	|	0.0762241	0.0749481	0.0736284	0.0735173	0.0732272	0.0726229	0.071586	0.0706216	0.0734626	0.069979	0.0698208	0.0697386	0.0696165	0.0694414	0.069297	0.069243	0.069112	0.0688529	0.068536	0.0686754	0.0684286	0.0684005	0.0683452	0.0682968	0.0682293	0.0681595	0.0680887	0.0680497	0.0679942	0.0679306	0.0678702	0.0673449	0.0669303	0.0659987	0.0648595	0.0639923	0.0621065	0.0595266	0.0612735	0.0584923	0.0582677	0.0578763	0.0575137	0.057365	0.0573253	0.0572816	0.0571978	0.0570627	0.0568965	0.0566858	0.0563081	0.0556977	0.0567801	0.0594258	0.0551455	0.05506	0.0549885	0.0549701	0.0549335	0.0548824	0.0548007	0.0547122	0.0549169	0.0546725	0.0546636	0.0546453	0.054612	0.0544599	0.0542767	0.0538385	0.0529409	0.0515212	0.0501751	0.0483336	0.0482413	0.0470455	0.046305	0.0457532	0.0450077	0.0441264	0.0430886	0.042035	0.0399277	0.035829	0.0351734	0.0331441	0.0327497	0.0321177	0.0307821	0.0282231	0.0241161	0.0277392	0.0234981	0.0213582	0.0210575	0.0206747	0.0199236	0.0186642	0.017684	0.01952	0.0167917	0.0166196	0.0162694	0.0156904	0.0146798	0.0138642	0.0171185	0.01317	0.013074	0.0128682	0.0124527	0.0116555	0.0102286	0.007957	

326	0.172	3	task-3:0.15	task-0:0.284	task-1:0.182	task-2:0.19	|	0.0762241	0.0749481	0.0736284	0.0735173	0.0732272	0.0726229	0.071586	0.0706216	0.0734626	0.069979	0.0698208	0.0697386	0.0696165	0.0694414	0.069297	0.069243	0.069112	0.0688529	0.068536	0.0686754	0.0684286	0.0684005	0.0683452	0.0682968	0.0682293	0.0681595	0.0680887	0.0680497	0.0679942	0.0679306	0.0678702	0.0673583	0.0669549	0.0660545	0.0648896	0.0638698	0.0619777	0.0603736	0.0611698	0.0597497	0.0596272	0.0593628	0.0588646	0.0580507	0.0581613	0.0583555	0.0572306	0.0571426	0.0571051	0.0570278	0.0569243	0.0568572	0.0567352	0.0565671	0.0564417	0.0563907	0.0563309	0.0562919	0.0562494	0.056147	0.0560303	0.05578	0.0552576	0.0542332	0.0530663	0.0506712	0.0372679	0.0369275	0.0390163	0.035577	0.0354687	0.0353197	0.0350757	0.0347666	0.0346339	0.0356815	0.0343689	0.034312	0.0341974	0.0340015	0.0338283	0.0339783	0.033743	0.033717	0.0336628	0.0335805	0.0334393	0.0333214	0.0333684	0.0331952	0.0331639	0.0331015	0.0330265	0.0329719	0.0329254	0.032832	0.0326978	0.0326303	0.0325931	0.0325343	0.0325119	0.0324827	0.0324212	0.0323007	0.0321508	0.0323097	0.0320928	0.0320741	0.0320395	0.032002	0.0319602	0.0318888	0.0318887	0.0318334	0.0317991	0.0317826	0.0315335	0.0312768	0.0305784	0.0291844	0.0270111	0.0262123	0.0277585	0.0251579	0.0249767	0.0247943	0.0244126	0.0236615	0.022388	0.020886	0.0207316	0.0199435	0.0197182	0.0192596	0.0185943	0.0180036	0.0174782	0.0171863	0.0169304	0.0166288	0.016298	0.0156479	0.0148771	0.014931	0.014408	0.014245	0.014038	0.0137877	0.013472	0.0131292	0.0127252	0.0121707	0.0114907	0.0119421	

329	0.188	3	task-3:0.182	task-0:0.282	task-1:0.21	task-2:0.198	|	0.0762241	0.0749481	0.0736284	0.0735173	0.0732272	0.0726229	0.071586	0.0706216	0.0734626	0.069979	0.0698208	0.0697386	0.0696165	0.0694414	0.069297	0.069243	0.069112	0.0688529	0.068536	0.0686754	0.0684286	0.0684005	0.0683452	0.0682968	0.0682293	0.0681595	0.0680887	0.0680497	0.0679942	0.0679306	0.0678702	0.0673583	0.0669549	0.0660545	0.0648896	0.0638698	0.0619777	0.0603736	0.0611698	0.0597497	0.0596272	0.0593628	0.0588646	0.0580507	0.0581613	0.0583555	0.0572306	0.0571426	0.0571051	0.0570278	0.0569243	0.0568572	0.0567352	0.0565671	0.0564417	0.0563907	0.0563309	0.0562919	0.0562494	0.056147	0.0560303	0.05578	0.0552576	0.0542332	0.0530663	0.0506712	0.0372679	0.0369275	0.0390163	0.035577	0.0354687	0.0353197	0.0350757	0.0347666	0.0346339	0.0356815	0.0343689	0.034312	0.0341974	0.0340015	0.0338283	0.0339783	0.033743	0.033717	0.0336628	0.0335805	0.0334393	0.0333214	0.0333684	0.0331952	0.0331639	0.0331015	0.0330265	0.0329719	0.0329254	0.032832	0.0326978	0.0326303	0.0325931	0.0325343	0.0325119	0.0324827	0.0324212	0.0323007	0.0321508	0.0323097	0.0320928	0.0320741	0.0320395	0.032002	0.0319602	0.0318888	0.0318887	0.0318334	0.0317991	0.0317826	0.0315315	0.0312721	0.0305669	0.029162	0.0269845	0.0262452	0.0276229	0.0251624	0.024983	0.0247926	0.024394	0.0236108	0.0222767	0.0205703	0.0204775	0.0194166	0.0190306	0.0189333	0.0187776	0.0184628	0.0180342	0.0175708	0.0176127	0.0172098	0.0169112	0.016656	0.0162938	0.0158774	0.0152395	0.0140801	0.0122241	0.0111433	

330	0.187	3	task-3:0.174	task-0:0.28	task-1:0.21	task-2:0.292	|	0.0762241	0.0749481	0.0736284	0.0735173	0.0732272	0.0726229	0.071586	0.0706216	0.0734626	0.069979	0.0698208	0.0697386	0.0696165	0.0694414	0.069297	0.069243	0.069112	0.0688529	0.068536	0.0686754	0.0684286	0.0684005	0.0683452	0.0682968	0.0682293	0.0681595	0.0680887	0.0680497	0.0679942	0.0679306	0.0678702	0.06737	0.0669742	0.0660909	0.0650052	0.0641495	0.0623177	0.0598657	0.0615524	0.0588526	0.0586267	0.0582323	0.0578813	0.0577199	0.0576789	0.0576162	0.0575115	0.057379	0.0571244	0.0568763	0.0569219	0.0567057	0.0566532	0.0565955	0.0565299	0.0564847	0.0564252	0.0563303	0.0562545	0.0562252	0.0561932	0.056154	0.0560754	0.0559191	0.055624	0.0551045	0.0542673	0.058582	0.0754252	0.0649857	0.0612514	0.0547077	0.0531135	0.0531101	0.0531076	0.0531041	0.0531019	0.0530997	0.0530951	0.0530864	0.0530702	0.0531019	0.0530663	0.0530635	0.0530631	0.0530584	0.0530529	0.0530375	0.053002	0.0529238	0.0527574	0.0524008	0.051339	0.0472933	0.0334509	0.0478924	0.0336092	0.0524036	0.0463645	0.0333967	0.0336168	0.0318449	0.0317358	0.0315411	0.0313367	0.0311934	0.0310395	0.0309642	0.0308275	0.0306572	0.0307745	0.0305956	0.0305773	0.030546	0.0304883	0.0304079	0.0304645	0.0303607	0.0303203	0.0303042	0.0302706	0.0302349	0.0301894	0.0301145	0.0299889	0.0301957	0.0297496	0.0295293	0.0289198	0.0276865	0.0257068	0.0236734	0.0221761	0.0206491	0.0191349	0.0179156	0.0175498	0.0171329	0.0162736	0.0147248	0.0121362	0.00916389	

337	0.188	3	task-3:0.162	task-0:0.278	task-1:0.22	task-2:0.19	|	0.0762241	0.0749481	0.0736284	0.0735173	0.0732272	0.0726229	0.071586	0.0706216	0.0734626	0.069979	0.0698208	0.0697386	0.0696165	0.0694414	0.069297	0.069243	0.069112	0.0688529	0.068536	0.0686754	0.0684286	0.0684005	0.0683452	0.0682968	0.0682293	0.0681595	0.0680887	0.0680497	0.0679942	0.0679306	0.0678702	0.0673583	0.0669549	0.0660545	0.0648896	0.0638698	0.0619777	0.0603736	0.0611698	0.0597497	0.0596272	0.0593628	0.0588646	0.0580507	0.0581613	0.0583555	0.0572306	0.0571426	0.0571051	0.0570278	0.0569243	0.0568572	0.0567352	0.0565671	0.0564417	0.0563907	0.0563309	0.0562919	0.0562494	0.0561467	0.0560299	0.0557789	0.0552553	0.0542289	0.052356	0.0522517	0.0372469	0.0403106	0.0363877	0.0361712	0.0361239	0.0360046	0.0357645	0.0353758	0.0351876	0.0355053	0.0349869	0.0349699	0.0349251	0.0348322	0.0346486	0.0345913	0.0344265	0.0343989	0.0343355	0.0342027	0.0339388	0.0334342	0.0325266	0.0325399	0.0716024	0.0316713	0.0315061	0.0313553	0.0312619	0.0311785	0.0311442	0.0311128	0.0311114	0.0311013	0.0310793	0.0310402	0.0310107	0.0309921	0.0309748	0.0309395	0.0308807	0.0307798	0.0307196	0.0310586	0.0306331	0.0306251	0.030607	0.0305688	0.0304939	0.030146	0.0300808	0.0294997	0.0281178	0.0262206	0.0241809	0.0248944	0.0236906	0.0234636	0.0232641	0.0228244	0.021928	0.0203118	0.0181273	0.0176707	0.0229884	0.016152	0.0156837	0.0150022	0.0138109	0.0121016	0.011365	0.011884	0.0105395	0.0102148	0.00995489	

327	0.187	3	task-3:0.256	task-0:0.31	task-1:0.194	task-2:0.286	|	0.0762241	0.0749481	0.0736284	0.0735173	0.0732272	0.0726229	0.071586	0.0706216	0.0734626	0.069979	0.0698208	0.0697386	0.0696165	0.0694414	0.069297	0.069243	0.069112	0.0688529	0.068536	0.0686754	0.0684286	0.0684005	0.0683452	0.0682968	0.0682293	0.0681595	0.0680887	0.0680497	0.0679942	0.0679306	0.0678702	0.0673455	0.0669326	0.0660061	0.0648381	0.0638959	0.0619905	0.0596881	0.0572704	0.0747092	0.0571113	0.0570797	0.0570139	0.0569063	0.0567628	0.0566179	0.0565054	0.0564017	0.0562638	0.0560064	0.0556474	0.057229	0.0555659	0.0555477	0.0555236	0.0554836	0.0554043	0.0552497	0.0549701	0.0557651	0.0554772	0.0547434	0.0547302	0.0547214	0.0547016	0.0546414	0.0545651	0.0543843	0.0539911	0.0544976	0.0523411	0.0489889	0.0401357	0.0427002	0.0357827	0.0353076	0.0350219	0.0347382	0.0345702	0.0343788	0.0342677	0.034059	0.0337792	0.0342904	0.0335711	0.0334903	0.0333888	0.0331926	0.0328602	0.032674	0.0339615	0.0323153	0.0322688	0.0321712	0.0319883	0.0318867	0.0320273	0.0317003	0.0316682	0.0315995	0.0314628	0.0312019	0.0308436	0.0323427	0.0307525	0.030728	0.030678	0.0305914	0.0304757	0.0304393	0.0304047	0.0303806	0.0303297	0.0302305	0.0300373	0.0296788	0.0315338	0.0296238	0.0296073	0.0295738	0.0295211	0.0294308	0.0293823	0.0293848	0.0293444	0.0293293	0.029306	0.029262	0.0291837	0.029116	0.0294166	0.0288342	0.0284098	0.0274794	0.0258874	0.0242599	0.0235922	0.0233172	0.0220859	0.0218529	0.0214186	0.0207303	0.0199069	0.0186063	0.0165725	0.0178164	0.0195963	0.0142961	0.0141366	0.0138255	0.0133335	0.0124897	0.0129905	

255	0.125	2	task-3:0.39	task-0:0.24	task-1:0.244	task-2:0.22	|	0.075805	0.0753615	0.0747452	0.0745208	0.0740027	0.07316	0.0723615	0.0711218	0.0710779	0.0777584	0.0702184	0.07008	0.0698721	0.069484	0.0689022	0.0686385	0.0686556	0.0683594	0.0683051	0.0682154	0.0681155	0.0680436	0.0679815	0.0679061	0.0678377	0.0678031	0.0677548	0.0676842	0.0674401	0.0672826	0.0668314	0.0658048	0.0636834	0.0595355	0.0672293	0.0718705	0.0555312	0.0564124	0.0538256	0.0535869	0.0530475	0.0519451	0.0502364	0.0539864	0.0498696	0.0497096	0.0495639	0.0492956	0.0487175	0.0475717	0.0454696	0.0488854	0.0533832	0.0432228	0.0429761	0.0428597	0.0427714	0.0426837	0.0424904	0.0421665	0.041934	0.0418782	0.0416819	0.0416055	0.0414916	0.0412548	0.0409405	0.0409823	0.0408026	0.0407553	0.0406697	0.0405625	0.0403634	0.04024	0.0401501	0.0400924	0.0400127	0.0399302	0.0398763	0.0397677	0.0395512	0.0391576	0.039238	0.0399529	0.0385811	0.0385481	0.0384747	0.0383265	0.0380514	0.0381912	0.0386775	0.0375679	0.0375352	0.0374651	0.0373261	0.0370813	0.0366821	0.0385442	0.038097	0.0362557	0.0362291	0.0361964	0.0361562	0.0361097	0.0360419	0.0359252	0.0357421	0.0357044	0.0360642	0.0355986	0.0355888	0.0355661	0.035264	0.035012	0.034313	0.0328507	0.030357	0.0278765	0.0432629	0.0270731	0.0267528	0.0264204	0.0257673	0.0245248	0.0224042	0.0203722	0.044227	0.0191909	0.0188933	0.0185966	0.0181968	0.017767	0.0174174	0.0171468	0.0168943	0.0165815	0.0159695	0.0149088	0.0140728	0.0255172	0.0132916	0.0132157	0.0130646	0.0127912	0.012403	0.0116948	0.0110474	0.0169011	0.01069	0.0106501	0.0105605	0.01038	0.0100501	0.00970826	

262	0.125	2	task-3:0.178	task-0:0.236	task-1:0.222	task-2:0.24	|	0.075805	0.0753615	0.0747452	0.0745208	0.0740027	0.07316	0.0723615	0.0711218	0.0710779	0.0777584	0.0702184	0.07008	0.0698721	0.069484	0.0689022	0.0686385	0.0686556	0.0683594	0.0683051	0.0682154	0.0681155	0.0680436	0.0679815	0.0679061	0.0678377	0.0678031	0.0677548	0.0676842	0.0674401	0.0672826	0.0668314	0.0658048	0.0636834	0.0595355	0.0672293	0.0718705	0.0555312	0.0564124	0.0538256	0.0535869	0.0530475	0.0519451	0.0502364	0.0539864	0.0498696	0.0497096	0.0495639	0.0492956	0.0487175	0.0475717	0.0454696	0.0488854	0.0533832	0.0432228	0.0429761	0.0428597	0.0427714	0.0426837	0.0424904	0.0421665	0.041934	0.0418782	0.0416819	0.0416055	0.0414916	0.0412548	0.0409405	0.0409823	0.0408026	0.0407553	0.0406697	0.0405625	0.0403634	0.04024	0.0401501	0.0400924	0.0400127	0.0399302	0.0398763	0.0397677	0.0395512	0.0391576	0.039238	0.0399529	0.0385811	0.0385481	0.0384747	0.0383265	0.0380514	0.0381912	0.0386775	0.0375679	0.0375352	0.0374651	0.0373261	0.0370813	0.0366821	0.0385442	0.038097	0.0362557	0.0362291	0.0361964	0.0361562	0.0361097	0.0360419	0.0359252	0.0357421	0.0357044	0.0360642	0.0355986	0.0355888	0.0355661	0.0352701	0.0350218	0.0343331	0.0328899	0.0304185	0.0279005	0.0435375	0.0271353	0.0268223	0.0264974	0.0258591	0.0246347	0.0225056	0.0214133	0.0390561	0.0191653	0.0188753	0.0186849	0.0183186	0.0178136	0.0169594	0.0170457	0.0175623	0.0159844	0.015889	0.0156701	0.0152238	0.0143976	0.0134898	0.0194617	0.0130741	0.0129821	0.0128925	0.0127344	0.0124073	0.0117881	0.0109544	0.0149943	0.010735	0.0106782	0.0106094	0.0105242	0.0103671	0.0101957	0.0100471	0.00999497	

264	0.125	2	task-3:0.184	task-0:0.238	task-1:0.194	task-2:0.232	|	0.075805	0.0753615	0.0747452	0.0745208	0.0740027	0.07316	0.0723615	0.0711218	0.0710779	0.0777584	0.0702184	0.07008	0.0698721	0.069484	0.0689022	0.0686385	0.0686556	0.0683594	0.0683051	0.0682154	0.0681155	0.0680436	0.0679815	0.0679061	0.0678377	0.0678031	0.0677548	0.0676842	0.0674401	0.0672826	0.0668314	0.0658048	0.0636834	0.0595355	0.0672293	0.0718705	0.0555312	0.0564124	0.0538256	0.0535869	0.0530475	0.0519451	0.0502364	0.0539864	0.0498696	0.0497096	0.0495639	0.0492956	0.0487175	0.0475717	0.0454696	0.0488854	0.0533832	0.0432228	0.0429761	0.0428597	0.0427714	0.0426837	0.0424904	0.0421665	0.041934	0.0418782	0.0416819	0.0416055	0.0414916	0.0412548	0.0409405	0.0409823	0.0408026	0.0407553	0.0406697	0.0405625	0.0403634	0.04024	0.0401501	0.0400924	0.0400127	0.0399302	0.0398763	0.0397677	0.0395512	0.0391576	0.039238	0.0399529	0.0385811	0.0385481	0.0384747	0.0383265	0.0380514	0.0381912	0.0386775	0.0375679	0.0375352	0.0374651	0.0373261	0.0370813	0.0366821	0.0385442	0.038097	0.0362557	0.0362291	0.0361964	0.0361562	0.0361097	0.0360419	0.0359252	0.0357421	0.0357044	0.0360642	0.0355986	0.0355888	0.0355661	0.0352611	0.0350073	0.0343033	0.032832	0.0303298	0.0278904	0.0432433	0.027057	0.0267315	0.0263933	0.0257297	0.024475	0.0223742	0.0202173	0.0312461	0.0301197	0.0176571	0.0171972	0.0168675	0.0166712	0.0163072	0.0157375	0.0152941	0.015057	0.0149583	0.0148649	0.0147052	0.0144575	0.0141449	0.0135973	0.0128594	0.0155176	0.0140477	0.0121546	0.0120805	0.0119848	0.0118038	0.0115464	0.0112241	0.0110589	0.010995	0.0109054	0.0108638	0.0108059	0.0106797	0.0104269	0.00995893	

257	0.109	2	task-3:0.15	task-0:0.254	task-1:0.226	task-2:0.258	|	0.075805	0.0753615	0.0747452	0.0745208	0.0740027	0.07316	0.0723615	0.0711218	0.0710779	0.0777584	0.0702184	0.07008	0.0698721	0.069484	0.0689022	0.0686385	0.0686556	0.0683594	0.0683051	0.0682154	0.0681155	0.0680436	0.0679815	0.0679061	0.0678377	0.0678031	0.0677548	0.0676842	0.0674401	0.0672826	0.0668314	0.0658048	0.0636834	0.0595355	0.0672293	0.0718705	0.0555312	0.0564124	0.0538256	0.0535869	0.0530475	0.0519451	0.0502364	0.0539864	0.0498696	0.0497096	0.0495639	0.0492956	0.0487175	0.0475717	0.0454696	0.0488854	0.0533832	0.0432228	0.0429761	0.0428597	0.0427714	0.0426837	0.0424904	0.0421665	0.041934	0.0418782	0.0416819	0.0416055	0.0414916	0.0412548	0.0409405	0.0409823	0.0408026	0.0407553	0.0406697	0.0405625	0.0403634	0.04024	0.0401501	0.0400924	0.0400127	0.0399302	0.0398763	0.0397677	0.0395512	0.0391576	0.039238	0.0399529	0.0385811	0.0385481	0.0384747	0.0383265	0.0380514	0.0381912	0.0386775	0.0375679	0.0375352	0.0374651	0.0373261	0.0370813	0.0366821	0.0385442	0.038097	0.0362557	0.0362291	0.0361964	0.0361562	0.0361097	0.0360419	0.0359252	0.0357421	0.0357044	0.0360642	0.0355986	0.0355888	0.0355661	0.0352625	0.035008	0.0343019	0.0328262	0.0303153	0.0278823	0.0429434	0.027028	0.0267011	0.0263639	0.0256854	0.0244313	0.0224416	0.0271787	0.0224985	0.0210194	0.0207647	0.0203317	0.0198387	0.0192759	0.0183707	0.0174438	0.0270242	0.0167749	0.0161781	0.0161211	0.0160064	0.0157393	0.0152219	0.0145057	0.0159334	0.0141885	0.0140967	0.0139245	0.0135608	0.0128622	0.0116144	0.0150252	0.0115011	

255	0.125	2	task-3:0.39	task-0:0.24	task-1:0.244	task-2:0.22	|	0.075805	0.0753615	0.0747452	0.0745208	0.0740027	0.07316	0.0723615	0.0711218	0.0710779	0.0777584	0.0702184	0.07008	0.0698721	0.069484	0.0689022	0.0686385	0.0686556	0.0683594	0.0683051	0.0682154	0.0681155	0.0680436	0.0679815	0.0679061	0.0678377	0.0678031	0.0677548	0.0676842	0.0674401	0.0672826	0.0668314	0.0658048	0.0636834	0.0595355	0.0672293	0.0718705	0.0555312	0.0564124	0.0538256	0.0535869	0.0530475	0.0519451	0.0502364	0.0539864	0.0498696	0.0497096	0.0495639	0.0492956	0.0487175	0.0475717	0.0454696	0.0488854	0.0533832	0.0432228	0.0429761	0.0428597	0.0427714	0.0426837	0.0424904	0.0421665	0.041934	0.0418782	0.0416819	0.0416055	0.0414916	0.0412548	0.0409405	0.0409823	0.0408026	0.0407553	0.0406697	0.0405625	0.0403634	0.04024	0.0401501	0.0400924	0.0400127	0.0399302	0.0398763	0.0397677	0.0395512	0.0391576	0.039238	0.0399529	0.0385811	0.0385481	0.0384747	0.0383265	0.0380514	0.0381912	0.0386775	0.0375679	0.0375352	0.0374651	0.0373261	0.0370813	0.0366821	0.0385442	0.038097	0.0362557	0.0362291	0.0361964	0.0361562	0.0361097	0.0360419	0.0359252	0.0357421	0.0357044	0.0360642	0.0355986	0.0355888	0.0355661	0.035264	0.035012	0.034313	0.0328507	0.030357	0.0278765	0.0432629	0.0270731	0.0267528	0.0264204	0.0257673	0.0245248	0.0224042	0.0203722	0.044227	0.0191909	0.0188933	0.0185966	0.0181968	0.017767	0.0174174	0.0171468	0.0168943	0.0165815	0.0159695	0.0149088	0.0140728	0.0255172	0.0132916	0.0132157	0.0130646	0.0127912	0.012403	0.0116948	0.0110474	0.0169011	0.01069	0.0106501	0.0105605	0.01038	0.0100501	0.00970826	

272	0.125	2	task-3:0.162	task-0:0.254	task-1:0.218	task-2:0.254	|	0.075805	0.0753615	0.0747452	0.0745208	0.0740027	0.07316	0.0723615	0.0711218	0.0710779	0.0777584	0.0702184	0.07008	0.0698721	0.069484	0.0689022	0.0686385	0.0686556	0.0683594	0.0683051	0.0682154	0.0681155	0.0680436	0.0679815	0.0679061	0.0678377	0.0678031	0.0677548	0.0676842	0.0674401	0.0672826	0.0668314	0.0658048	0.0636834	0.0595355	0.0672293	0.0718705	0.0555312	0.0564124	0.0538256	0.0535869	0.0530475	0.0519451	0.0502364	0.0539864	0.0498696	0.0497096	0.0495639	0.0492956	0.0487175	0.0475717	0.0454696	0.0488854	0.0533832	0.0432228	0.0429761	0.0428597	0.0427714	0.0426837	0.0424904	0.0421665	0.041934	0.0418782	0.0416819	0.0416055	0.0414916	0.0412548	0.0409405	0.0409823	0.0408026	0.0407553	0.0406697	0.0405625	0.0403634	0.04024	0.0401501	0.0400924	0.0400127	0.0399302	0.0398763	0.0397677	0.0395512	0.0391576	0.039238	0.0399529	0.0385811	0.0385481	0.0384747	0.0383265	0.0380514	0.0381912	0.0386775	0.0375679	0.0375352	0.0374651	0.0373261	0.0370813	0.0366821	0.0385442	0.038097	0.0362557	0.0362291	0.0361964	0.0361562	0.0361097	0.0360419	0.0359252	0.0357421	0.0357044	0.0360642	0.0355986	0.0355888	0.0355661	0.0352694	0.0350214	0.0343335	0.0328923	0.0304268	0.0279278	0.0437887	0.0271613	0.0268476	0.0265218	0.0258939	0.024687	0.0226171	0.0211965	0.0398893	0.019285	0.0189997	0.0188005	0.0184232	0.0179401	0.0172541	0.016504	0.019956	0.0161617	0.0160562	0.0158784	0.0155104	0.0148376	0.0141208	0.0158343	0.0137485	0.0136539	0.0135293	0.0133869	0.0133237	0.0132482	0.0131144	0.0129625	0.0126528	0.0120626	0.0115872	

257	0.125	2	task-3:0.15	task-0:0.254	task-1:0.226	task-2:0.258	|	0.075805	0.0753615	0.0747452	0.0745208	0.0740027	0.07316	0.0723615	0.0711218	0.0710779	0.0777584	0.0702184	0.07008	0.0698721	0.069484	0.0689022	0.0686385	0.0686556	0.0683594	0.0683051	0.0682154	0.0681155	0.0680436	0.0679815	0.0679061	0.0678377	0.0678031	0.0677548	0.0676842	0.0674401	0.0672826	0.0668314	0.0658048	0.0636834	0.0595355	0.0672293	0.0718705	0.0555312	0.0564124	0.0538256	0.0535869	0.0530475	0.0519451	0.0502364	0.0539864	0.0498696	0.0497096	0.0495639	0.0492956	0.0487175	0.0475717	0.0454696	0.0488854	0.0533832	0.0432228	0.0429761	0.0428597	0.0427714	0.0426837	0.0424904	0.0421665	0.041934	0.0418782	0.0416819	0.0416055	0.0414916	0.0412548	0.0409405	0.0409823	0.0408026	0.0407553	0.0406697	0.0405625	0.0403634	0.04024	0.0401501	0.0400924	0.0400127	0.0399302	0.0398763	0.0397677	0.0395512	0.0391576	0.039238	0.0399529	0.0385811	0.0385481	0.0384747	0.0383265	0.0380514	0.0381912	0.0386775	0.0375679	0.0375352	0.0374651	0.0373261	0.0370813	0.0366821	0.0385442	0.038097	0.0362557	0.0362291	0.0361964	0.0361562	0.0361097	0.0360419	0.0359252	0.0357421	0.0357044	0.0360642	0.0355986	0.0355888	0.0355661	0.0352625	0.035008	0.0343019	0.0328262	0.0303153	0.0278823	0.0429434	0.027028	0.0267011	0.0263639	0.0256854	0.0244313	0.0224416	0.0271787	0.0224985	0.0210194	0.0207647	0.0203317	0.0198387	0.0192759	0.0183707	0.0174438	0.0270242	0.0167749	0.0161781	0.0161211	0.0160064	0.0157393	0.0152219	0.0145057	0.0159334	0.0141885	0.0140967	0.0139245	0.0135608	0.0128622	0.0116144	0.0150252	0.0115011	

239	0.11	2	task-3:0.212	task-0:0.248	task-1:0.234	task-2:0.332	|	0.075805	0.0753615	0.0747452	0.0745208	0.0740027	0.07316	0.0723615	0.0711218	0.0710779	0.0777584	0.0702184	0.07008	0.0698721	0.069484	0.0689022	0.0686385	0.0686556	0.0683594	0.0683051	0.0682154	0.0681155	0.0680436	0.0679815	0.0679061	0.0678377	0.0678031	0.0677548	0.0676842	0.0674401	0.0672826	0.0668314	0.0658048	0.0636834	0.0595355	0.0672293	0.0718705	0.0555312	0.0564124	0.0538256	0.0535869	0.0530475	0.0519451	0.0502364	0.0539864	0.0498696	0.0497096	0.0495639	0.0492956	0.0487175	0.0475717	0.0454696	0.0488854	0.0533832	0.0432228	0.0429761	0.0428597	0.0427714	0.0426837	0.0424904	0.0421665	0.041934	0.0418782	0.0416819	0.0416055	0.0414916	0.0412548	0.0409405	0.0409823	0.0408026	0.0407553	0.0406697	0.0405625	0.0403634	0.04024	0.0401501	0.0400924	0.0400127	0.0399302	0.0398763	0.0397677	0.0395512	0.0391576	0.039238	0.0399529	0.0385811	0.0385481	0.0384747	0.0383265	0.0380514	0.0381912	0.0386775	0.0375679	0.0375352	0.0374651	0.0373261	0.0370813	0.0366821	0.0385442	0.038097	0.0362557	0.0362291	0.0361964	0.0361562	0.0361097	0.0360419	0.0359252	0.0357421	0.0357044	0.0360642	0.0355986	0.0355888	0.0355661	0.0352909	0.0350641	0.0344354	0.0331069	0.0307793	0.0278499	0.0266518	0.0473745	0.0239272	0.0235189	0.023284	0.0227903	0.0219698	0.0208207	0.0209025	0.0239132	0.0194538	0.0191926	0.0187951	0.0180719	0.0170901	0.0169948	0.0215653	0.0161213	0.0160201	0.0158683	0.0155554	0.0149924	0.0141528	0.0143784	0.0151282	0.013342	0.0132832	0.0131527	0.0128834	0.0123858	0.0116015	0.0129923	0.0145865	0.0106093	0.0105011	0.0104243	0.0102845	0.0101121	0.0098337	

124	0.047	1	task-3:0.052	task-0:0.112	task-1:0.194	task-2:0.132	|	0.0752234	0.0746225	0.0738739	0.0737726	0.0735725	0.0731912	0.0726467	0.0716377	0.0704062	0.075831	0.0700038	0.0699034	0.0696918	0.0693642	0.068775	0.0684205	0.0724751	0.0679235	0.0678818	0.0677882	0.0675992	0.0672903	0.0678125	0.0671979	0.0671006	0.0670926	0.0670685	0.0670148	0.0669144	0.0668311	0.0657831	0.0649798	0.0631638	0.0600349	0.0568111	0.0540925	0.0505082	0.0468875	0.0444951	0.0436923	0.0425892	0.0417314	0.0401216	0.0376404	0.0344276	0.0328582	0.0315357	0.0305228	0.0300038	0.0292916	0.0277402	0.0250488	0.0223753	0.0231788	0.0210117	0.0207139	0.0200883	0.0190401	0.0175809	0.0164036	0.0159776	0.0154773	0.0151133	0.0148318	0.014363	0.0135742	0.0128405	0.0126217	0.0123423	0.0121979	0.0120552	0.0117823	0.0112605	0.0103631	0.00949466	

