137	0.088	8	0	task-0:0.158	|	0.260172	0.339882	0.427677	0.358325	0.483044	0.483044	0.258945	0.385463	0.385463	0.287933	0.279474	0.279474	0.245792	0.244292	0.243369	0.239593	0.23546	0.233049	0.230403	0.227458	0.224351	0.220991	0.217438	0.214196	0.211382	0.208586	0.205908	0.204221	0.201747	0.198968	0.196536	0.194564	0.193513	0.192815	0.192491	0.192316	0.19164	0.19081	0.189783	0.188526	0.187107	0.185097	0.182311	0.178662	0.173743	0.167252	0.158761	0.147971	0.134909	0.13576	0.125571	0.11906	0.114185	0.113042	0.109663	0.105707	0.101585	0.0981497	0.0939308	0.0896661	0.0852465	0.0810936	0.07637	0.0714858	0.0660145	0.0601124	0.0539124	0.0475778	0.0426275	0.0374411	0.0313855	0.0256172	0.0200774	0.0151088	0.0135928	0.010423	0.00948573	0.00809639	0.00763585	0.00779297	0.00686255	0.00539703	0.00451747	0.00378354	0.0030753	0.00243961	0.00186744	0.00150014	0.00185584	0.00128833	0.0011488	0.00114644	0.00109253	0.00116137	0.000819196	0.000715603	0.000656762	0.000708689	0.000608275	0.00055836	0.000527124	0.000553967	0.000502206	0.000481317	0.000464427	0.000484437	0.00045413	0.000443842	0.000435387	0.000430417	0.000443694	0.000423472	0.000430142	0.000420533	0.000408078	0.00041338	0.000408079	0.000396499	0.000383641	0.000369689	0.000354354	0.000337658	0.000323153	0.000305591	0.000286626	0.000266638	0.000246226	0.000228906	0.000217872	0.000210789	0.000194045	0.000183938	0.00017272	0.000165304	0.000153243	0.000143503	0.000133893	

145	0.592	8	0	task-0:0.26	|	0.322432	0.538313	0.53259	0.401291	0.250023	0.250161	0.275762	0.275712	0.248165	0.25141	0.250836	0.244478	0.248823	0.2485	0.243086	0.241254	0.240183	0.239099	0.238075	0.236533	0.234955	0.233344	0.231668	0.229952	0.228239	0.226549	0.224905	0.220555	0.215326	0.208858	0.200368	0.191929	0.185175	0.179845	0.178559	0.175647	0.172518	0.169543	0.16914	0.167675	0.166547	0.165896	0.0684118	0.0564503	0.170476	0.170476	0.154321	0.0580823	0.0580823	0.0846182	0.162029	0.161931	0.113	0.0948555	0.100205	0.109391	0.122001	0.126058	0.109514	0.106188	0.108149	0.108811	0.110102	0.112316	0.116074	0.121987	0.12998	0.106702	0.105069	0.106527	0.107285	0.109523	0.115082	0.125279	0.105891	0.104263	0.0980416	0.0690185	0.0995585	0.102581	0.104372	0.105248	0.105553	0.110051	0.139393	0.104162	0.0872444	0.0382831	0.0946519	0.102192	0.104135	0.104395	0.105322	0.0988292	0.0315954	0.0299832	0.028211	0.10241	0.102368	0.0456016	0.0271816	0.0266862	0.0261061	0.0627173	0.0619044	0.0258279	0.0257585	0.0328461	0.0640451	0.0632823	0.0454263	0.0289637	0.0285399	0.0339979	0.0443112	0.0435826	0.0408851	0.0379152	0.0399845	0.0403477	0.0409368	0.0418099	0.0430427	0.0373207	0.0338628	0.0365478	0.0372129	0.0330112	0.0303549	0.0274575	0.0294896	0.0264935	0.0220994	0.0179921	0.0160754	0.0148482	0.0136947	0.011539	0.00941876	0.00795484	0.00705644	0.00647542	0.00604912	0.00567846	0.0053248	

84	0.25	8	0	task-0:0.29	|	0.252351	0.438317	0.420424	0.274246	0.234855	0.235499	0.215235	0.207983	0.193005	0.183229	0.17875	0.169207	0.16287	0.161986	0.167511	0.165353	0.166559	0.17048	0.176708	0.173321	0.171375	0.170661	0.171156	0.174016	0.173339	0.171055	0.169505	0.166394	0.147435	0.126831	0.123487	0.111014	0.128304	0.119542	0.0973352	0.0937406	0.0909048	0.0898052	0.093519	0.0889238	0.0910917	0.0861287	0.078213	0.0739466	0.0728848	0.0720828	0.0582822	0.0502405	0.0433413	0.0399283	0.0280409	0.0208541	0.0147879	0.0100017	0.00655213	0.00442623	0.00265733	0.00145098	0.00328872	0.00163767	0.00112591	0.00117428	0.000970711	0.00109215	0.00092338	0.000624035	0.000433981	0.00028988	0.000165572	8.15572e-005	3.47248e-005	1.65887e-005	9.74263e-006	6.3641e-006	2.59526e-006	1.63065e-006	1.15743e-006	5.38145e-007	3.4203e-007	1.96592e-007	1.00984e-007	4.48493e-008	2.67413e-008	1.58121e-008	

84	0.251	8	0	task-0:0.29	|	0.252351	0.438317	0.420424	0.274246	0.234855	0.235499	0.215235	0.207983	0.193005	0.183229	0.17875	0.169207	0.16287	0.161986	0.167511	0.165353	0.166559	0.17048	0.176708	0.173321	0.171375	0.170661	0.171156	0.174016	0.173339	0.171055	0.169505	0.166394	0.147435	0.126831	0.123487	0.111014	0.128304	0.119542	0.0973352	0.0937406	0.0909048	0.0898052	0.093519	0.0889238	0.0910917	0.0861287	0.078213	0.0739466	0.0728848	0.0720828	0.0582822	0.0502405	0.0433413	0.0399283	0.0280409	0.0208541	0.0147879	0.0100017	0.00655213	0.00442623	0.00265733	0.00145098	0.00328872	0.00163767	0.00112591	0.00117428	0.000970711	0.00109215	0.00092338	0.000624035	0.000433981	0.00028988	0.000165572	8.15572e-005	3.47248e-005	1.65887e-005	9.74263e-006	6.3641e-006	2.59526e-006	1.63065e-006	1.15743e-006	5.38145e-007	3.4203e-007	1.96592e-007	1.00984e-007	4.48493e-008	2.67413e-008	1.58121e-008	

93	0.244	8	0	task-0:0.284	|	0.257013	0.443889	0.443802	0.42443	0.244886	0.391059	0.362226	0.298356	0.24736	0.280772	0.276728	0.243288	0.247797	0.246875	0.234766	0.231322	0.228076	0.223943	0.221125	0.21676	0.211568	0.206816	0.201983	0.196882	0.19155	0.186128	0.180914	0.174872	0.170222	0.166704	0.164834	0.162323	0.161944	0.165701	0.164178	0.163993	0.164534	0.166397	0.168183	0.170286	0.172151	0.154932	0.0728367	0.154567	0.0745854	0.11592	0.170365	0.171293	0.17277	0.174062	0.174464	0.175045	0.175964	0.178357	0.180914	0.180067	0.181273	0.18308	0.182587	0.181617	0.181807	0.182301	0.18297	0.183756	0.183601	0.183902	0.184291	0.138307	0.185124	0.185242	0.184743	0.140034	0.185696	0.185884	0.186116	0.186471	0.186926	0.142758	0.187748	0.188294	0.188451	0.188538	0.188872	0.14597	0.189211	0.189391	0.189667	0.190042	0.190482	0.148375	0.190894	0.191169	0.1915	

93	0.195	8	0	task-0:0.27	|	0.415932	0.393517	0.38631	0.280179	0.298105	0.296542	0.255279	0.255846	0.25445	0.246993	0.24845	0.245369	0.243042	0.241793	0.240144	0.238184	0.236012	0.233343	0.22986	0.225857	0.221708	0.217291	0.212893	0.209043	0.206012	0.192896	0.182585	0.172676	0.170155	0.172095	0.176441	0.177884	0.178862	0.165099	0.15054	0.149644	0.150215	0.153421	0.176995	0.164526	0.169831	0.174623	0.186244	0.0685086	0.0602324	0.170081	0.16974	0.170039	0.171062	0.172071	0.175073	0.154914	0.122707	0.176051	0.139015	0.121012	0.175915	0.176944	0.177564	0.178137	0.178827	0.179664	0.180677	0.181904	0.183384	0.182589	0.130662	0.182432	0.182765	0.177711	0.133022	0.184136	0.184252	0.184398	0.184563	0.184799	0.16955	0.134334	0.182271	0.183339	0.179959	0.134317	0.18426	0.184216	0.184168	0.184282	0.184349	0.184431	0.181149	0.135727	0.180948	0.180669	0.135881	

68	0.112	8	0	task-0:0.478	|	0.301759	0.429837	0.425581	0.358869	0.245363	0.328848	0.31708	0.266908	0.246409	0.260015	0.259435	0.24813	0.244887	0.245018	0.245303	0.245712	0.245805	0.246691	0.24701	0.246838	0.246841	0.246896	0.246927	0.246932	0.246914	0.246924	0.246924	0.246915	0.246915	0.246915	0.246914	0.246916	0.246916	0.246914	0.246914	0.246914	0.246914	0.246914	0.246914	0.246914	0.246914	0.246914	0.246914	0.246914	0.246914	0.246914	0.246914	0.246914	0.246914	0.246914	0.246914	0.246914	0.246914	0.246914	0.246914	0.246914	0.246914	0.246914	0.246914	0.246914	0.246914	0.246914	0.246914	0.246914	0.246914	0.246914	0.246914	0.246914	

61	0.171	8	0	task-0:0.478	|	0.327613	0.433775	0.431805	0.38218	0.265141	0.264724	0.259568	0.247137	0.255925	0.255909	0.248756	0.247059	0.247029	0.246821	0.246818	0.246677	0.246709	0.246774	0.246824	0.246841	0.246881	0.246902	0.246906	0.246919	0.24692	0.246915	0.246914	0.246914	0.246914	0.246914	0.246914	0.246914	0.246914	0.246914	0.246914	0.246914	0.246914	0.246914	0.246914	0.246914	0.246914	0.246914	0.246914	0.246914	0.246914	0.246914	0.246914	0.246914	0.246914	0.246914	0.246914	0.246914	0.246914	0.246914	0.246914	0.246914	0.246914	0.246914	0.246914	0.246914	0.246914	

61	0.106	8	0	task-0:0.478	|	0.327613	0.433775	0.431805	0.38218	0.265141	0.264724	0.259568	0.247137	0.255925	0.255909	0.248756	0.247059	0.247029	0.246821	0.246818	0.246677	0.246709	0.246774	0.246824	0.246841	0.246881	0.246902	0.246906	0.246919	0.24692	0.246915	0.246914	0.246914	0.246914	0.246914	0.246914	0.246914	0.246914	0.246914	0.246914	0.246914	0.246914	0.246914	0.246914	0.246914	0.246914	0.246914	0.246914	0.246914	0.246914	0.246914	0.246914	0.246914	0.246914	0.246914	0.246914	0.246914	0.246914	0.246914	0.246914	0.246914	0.246914	0.246914	0.246914	0.246914	0.246914	

61	0.171	8	0	task-0:0.478	|	0.327613	0.433775	0.431805	0.38218	0.265141	0.264724	0.259568	0.247137	0.255925	0.255909	0.248756	0.247059	0.247029	0.246821	0.246818	0.246677	0.246709	0.246774	0.246824	0.246841	0.246881	0.246902	0.246906	0.246919	0.24692	0.246915	0.246914	0.246914	0.246914	0.246914	0.246914	0.246914	0.246914	0.246914	0.246914	0.246914	0.246914	0.246914	0.246914	0.246914	0.246914	0.246914	0.246914	0.246914	0.246914	0.246914	0.246914	0.246914	0.246914	0.246914	0.246914	0.246914	0.246914	0.246914	0.246914	0.246914	0.246914	0.246914	0.246914	0.246914	0.246914	

68	0.111	8	0	task-0:0.478	|	0.301759	0.429837	0.425581	0.358869	0.245363	0.328848	0.31708	0.266908	0.246409	0.260015	0.259435	0.24813	0.244887	0.245018	0.245303	0.245712	0.245805	0.246691	0.24701	0.246838	0.246841	0.246896	0.246927	0.246932	0.246914	0.246924	0.246924	0.246915	0.246915	0.246915	0.246914	0.246916	0.246916	0.246914	0.246914	0.246914	0.246914	0.246914	0.246914	0.246914	0.246914	0.246914	0.246914	0.246914	0.246914	0.246914	0.246914	0.246914	0.246914	0.246914	0.246914	0.246914	0.246914	0.246914	0.246914	0.246914	0.246914	0.246914	0.246914	0.246914	0.246914	0.246914	0.246914	0.246914	0.246914	0.246914	0.246914	0.246914	

88	0.192	8	0	task-0:0.316	|	0.309701	0.441681	0.441365	0.402182	0.248724	0.360337	0.336988	0.284435	0.24465	0.262384	0.25767	0.236526	0.242188	0.240718	0.231758	0.229136	0.227547	0.225375	0.224572	0.221901	0.21798	0.213262	0.207213	0.200067	0.192121	0.183842	0.175809	0.17158	0.164152	0.162006	0.1596	0.161364	0.163321	0.16426	0.16607	0.169504	0.174514	0.101679	0.178505	0.318186	0.21419	0.0803066	0.180463	0.181033	0.181502	0.174335	0.121856	0.175639	0.180888	0.184389	0.187074	0.18728	0.186686	0.186721	0.187047	0.187582	0.187585	0.18731	0.187246	0.18735	0.187511	0.187711	0.143345	0.18789	0.187999	0.188143	0.188318	0.18387	0.144366	0.188372	0.188619	0.188091	0.14456	0.188756	0.188818	0.188896	0.188992	0.189029	0.189107	0.189083	0.145517	0.18926	0.189214	0.170647	0.145819	0.189526	0.189541	0.189534	

68	0.178	8	0	task-0:0.478	|	0.301759	0.429837	0.425581	0.358869	0.245363	0.328848	0.31708	0.266908	0.246409	0.260015	0.259435	0.24813	0.244887	0.245018	0.245303	0.245712	0.245805	0.246691	0.24701	0.246838	0.246841	0.246896	0.246927	0.246932	0.246914	0.246924	0.246924	0.246915	0.246915	0.246915	0.246914	0.246916	0.246916	0.246914	0.246914	0.246914	0.246914	0.246914	0.246914	0.246914	0.246914	0.246914	0.246914	0.246914	0.246914	0.246914	0.246914	0.246914	0.246914	0.246914	0.246914	0.246914	0.246914	0.246914	0.246914	0.246914	0.246914	0.246914	0.246914	0.246914	0.246914	0.246914	0.246914	0.246914	0.246914	0.246914	0.246914	0.246914	

146	0.293	8	0	task-0:0.196	|	0.244377	0.551456	0.548635	0.43889	0.306459	0.306458	0.242589	0.242589	0.234532	0.234532	0.224848	0.224582	0.220644	0.21905	0.216111	0.214037	0.211672	0.207869	0.203767	0.199566	0.194925	0.190393	0.185494	0.183963	0.181181	0.178266	0.177682	0.179138	0.178355	0.178823	0.180115	0.180962	0.182489	0.184002	0.185833	0.187975	0.19002	0.191838	0.190812	0.192259	0.191084	0.188592	0.185954	0.184057	0.183569	0.181871	0.181152	0.180373	0.179115	0.177489	0.175553	0.173002	0.168696	0.163271	0.161074	0.159564	0.159153	0.157484	0.15467	0.151781	0.149101	0.145827	0.142516	0.138833	0.135246	0.13189	0.128113	0.123547	0.118658	0.114084	0.109808	0.106052	0.100078	0.095065	0.0928245	0.0847969	0.072698	0.0624674	0.0510114	0.0398916	0.0284851	0.0185377	0.0155498	0.0107896	0.010771	0.00663723	0.00541297	0.00594324	0.00458699	0.00432076	0.00369804	0.00329055	0.00290552	0.00257468	0.00233016	0.00212851	0.00190826	0.00174059	0.00163634	0.0015509	0.00141478	0.00131186	0.00119973	0.00108783	0.000956125	0.000814768	0.000675665	0.000543368	0.000417357	0.00030432	0.00020656	0.000130356	7.45406e-005	3.79853e-005	1.69161e-005	5.53135e-006	1.70727e-006	4.10785e-005	2.88158e-006	9.47173e-006	9.47173e-006	7.62542e-007	4.82312e-006	4.82312e-006	1.14515e-006	8.91411e-007	8.91411e-007	7.15141e-007	8.35731e-007	7.21455e-007	6.29118e-007	6.28843e-007	4.26824e-007	4.35845e-007	4.4775e-007	6.01574e-007	6.08293e-007	5.4716e-007	3.93894e-007	3.48543e-007	3.52408e-007	3.26769e-007	2.85712e-007	2.70309e-007	2.60316e-007	2.59691e-007	

54	0.103	8	0	task-0:0.478	|	0.300226	0.549768	0.548152	0.460512	0.248454	0.328229	0.307461	0.271619	0.25077	0.254157	0.252968	0.246942	0.252396	0.252305	0.248013	0.246753	0.246687	0.246717	0.246693	0.246501	0.246646	0.246682	0.246619	0.246667	0.246708	0.246711	0.24672	0.246675	0.246586	0.246487	0.246367	0.246228	0.246092	0.245963	0.245855	0.245782	0.245755	0.245779	0.245858	0.245987	0.246153	0.246338	0.246517	0.24667	0.246837	0.246899	0.246911	0.246914	0.246914	0.246914	0.246914	0.246914	0.246914	0.246914	

131	0.288	8	0	task-0:0.226	|	0.240556	0.551355	0.548646	0.454764	0.254714	0.25477	0.278552	0.278444	0.224082	0.254367	0.249	0.221371	0.228648	0.228451	0.218432	0.220177	0.219102	0.215969	0.216022	0.215041	0.213266	0.212	0.210592	0.208807	0.206771	0.204487	0.201984	0.19925	0.196315	0.193248	0.190024	0.186893	0.183889	0.179974	0.179173	0.176666	0.17616	0.173864	0.172167	0.170324	0.167649	0.162707	0.131245	0.157549	0.127978	0.0744117	0.0666061	0.0972993	0.0950405	0.0613434	0.0617567	0.0664819	0.0932007	0.0918561	0.0747657	0.0557455	0.0534536	0.057937	0.0693773	0.0675998	0.0578285	0.0469666	0.0443963	0.0467745	0.0450006	0.0401812	0.0347267	0.0288738	0.0231563	0.0194504	0.0165121	0.012804	0.00911109	0.0062575	0.00407046	0.00316191	0.00249866	0.00197474	0.00156766	0.0012902	0.00100616	0.000849181	0.000663138	0.000542538	0.000407619	0.000298142	0.000205496	0.000134315	8.27615e-005	4.80931e-005	4.53242e-005	3.24418e-005	1.77205e-005	1.39226e-005	1.21547e-005	1.12078e-005	7.52464e-006	6.9329e-006	5.36378e-006	3.84109e-006	2.62086e-006	1.84401e-006	1.28867e-006	8.69006e-007	4.9946e-007	3.52937e-007	2.61796e-007	1.75709e-007	9.13072e-008	5.52789e-008	5.01571e-008	3.64079e-008	2.42779e-008	1.58054e-008	9.68221e-009	5.55074e-009	3.01346e-009	1.73663e-009	1.02099e-009	5.6808e-010	2.89123e-010	1.85214e-010	8.79534e-011	1.2025e-010	8.73239e-011	4.8535e-011	2.68778e-011	1.62824e-011	9.08611e-012	4.18665e-012	3.09088e-012	

146	0.294	8	0	task-0:0.196	|	0.244377	0.551456	0.548635	0.43889	0.306459	0.306458	0.242589	0.242589	0.234532	0.234532	0.224848	0.224582	0.220644	0.21905	0.216111	0.214037	0.211672	0.207869	0.203767	0.199566	0.194925	0.190393	0.185494	0.183963	0.181181	0.178266	0.177682	0.179138	0.178355	0.178823	0.180115	0.180962	0.182489	0.184002	0.185833	0.187975	0.19002	0.191838	0.190812	0.192259	0.191084	0.188592	0.185954	0.184057	0.183569	0.181871	0.181152	0.180373	0.179115	0.177489	0.175553	0.173002	0.168696	0.163271	0.161074	0.159564	0.159153	0.157484	0.15467	0.151781	0.149101	0.145827	0.142516	0.138833	0.135246	0.13189	0.128113	0.123547	0.118658	0.114084	0.109808	0.106052	0.100078	0.095065	0.0928245	0.0847969	0.072698	0.0624674	0.0510114	0.0398916	0.0284851	0.0185377	0.0155498	0.0107896	0.010771	0.00663723	0.00541297	0.00594324	0.00458699	0.00432076	0.00369804	0.00329055	0.00290552	0.00257468	0.00233016	0.00212851	0.00190826	0.00174059	0.00163634	0.0015509	0.00141478	0.00131186	0.00119973	0.00108783	0.000956125	0.000814768	0.000675665	0.000543368	0.000417357	0.00030432	0.00020656	0.000130356	7.45406e-005	3.79853e-005	1.69161e-005	5.53135e-006	1.70727e-006	4.10785e-005	2.88158e-006	9.47173e-006	9.47173e-006	7.62542e-007	4.82312e-006	4.82312e-006	1.14515e-006	8.91411e-007	8.91411e-007	7.15141e-007	8.35731e-007	7.21455e-007	6.29118e-007	6.28843e-007	4.26824e-007	4.35845e-007	4.4775e-007	6.01574e-007	6.08293e-007	5.4716e-007	3.93894e-007	3.48543e-007	3.52408e-007	3.26769e-007	2.85712e-007	2.70309e-007	2.60316e-007	2.59691e-007	

60	0.173	8	0	task-0:0.43	|	0.260841	0.442586	0.442175	0.405539	0.246439	0.33273	0.317778	0.264449	0.2473	0.247291	0.246104	0.245589	0.240732	0.238231	0.234609	0.229771	0.2254	0.2201	0.214011	0.20808	0.202395	0.197499	0.19414	0.192729	0.182977	0.177511	0.172877	0.171514	0.172238	0.174203	0.177343	0.171088	0.158174	0.157987	0.164859	0.166734	0.166019	0.165968	0.166817	0.16889	0.172828	0.17986	0.192754	0.203293	0.210243	0.214222	0.216093	0.215191	0.217861	0.207659	0.205355	0.235085	0.233407	0.18308	0.18308	0.196673	0.221565	0.245295	0.236072	0.212014	

74	0.186	8	0	task-0:0.26	|	0.25319	0.443251	0.4428	0.393845	0.253497	0.254083	0.249406	0.241018	0.231158	0.229719	0.21985	0.210681	0.20214	0.193168	0.184273	0.176058	0.171142	0.166543	0.165319	0.169756	0.169265	0.168551	0.169647	0.171162	0.0718801	0.0789674	0.172914	0.172488	0.170239	0.0968884	0.0689412	0.0662286	0.119807	0.159034	0.162353	0.164935	0.16709	0.168615	0.169062	0.16902	0.168988	0.168907	0.168763	0.168561	0.168213	0.167711	0.166948	0.164638	0.161903	0.152836	0.130323	0.118804	0.115139	0.129934	0.125882	0.110912	0.105293	0.102475	0.100505	0.101635	0.0998766	0.0957222	0.0916304	0.0879277	0.0849767	0.0899261	0.0977208	0.0890656	0.0815988	0.0858867	0.0949619	0.0899563	0.0921327	0.095981	

107	0.206	8	0	task-0:0.28	|	0.237066	0.419389	0.210361	0.504049	0.504049	0.349717	0.242533	0.242533	0.224048	0.224048	0.204511	0.204534	0.20756	0.207373	0.204167	0.204343	0.204039	0.203449	0.203616	0.203285	0.202864	0.202574	0.202274	0.201932	0.201494	0.200957	0.200292	0.199531	0.198636	0.197539	0.196165	0.194501	0.192401	0.18968	0.186124	0.182444	0.177584	0.172072	0.166503	0.16041	0.152329	0.143795	0.133158	0.12212	0.112366	0.101883	0.0929576	0.0839159	0.079583	0.0722105	0.0638079	0.0563959	0.0488309	0.0412655	0.0339556	0.0255813	0.0187442	0.0139135	0.010253	0.00676016	0.00444378	0.0034674	0.00194742	0.0013536	0.000961763	0.00047278	0.000278008	0.000142064	5.65802e-005	1.59371e-005	4.35455e-006	3.88253e-006	9.52468e-007	3.64679e-007	2.10697e-007	5.74654e-008	3.275e-008	1.15225e-008	8.34854e-009	3.44051e-009	2.41544e-009	1.46677e-009	1.24217e-009	7.26913e-010	5.93399e-010	4.41275e-010	3.92918e-010	2.53396e-010	1.90683e-010	1.58324e-010	8.54251e-011	5.97895e-011	4.24044e-011	2.95949e-011	2.38699e-011	1.63052e-011	1.1764e-011	8.30034e-012	5.77559e-012	3.71756e-012	2.85568e-012	2.35777e-012	1.25947e-012	7.71605e-013	4.77288e-013	4.29417e-013	3.54415e-013	

57	0.175	8	0	task-0:0.43	|	0.316756	0.435603	0.433012	0.384768	0.262534	0.276423	0.271156	0.24999	0.249093	0.249039	0.246327	0.250424	0.250124	0.246492	0.245027	0.245029	0.245392	0.245529	0.245498	0.245726	0.246017	0.246266	0.24654	0.246712	0.246802	0.246873	0.246906	0.24691	0.246916	0.246916	0.246914	0.246915	0.246915	0.246914	0.246914	0.246914	0.246914	0.246914	0.246914	0.246914	0.246914	0.246914	0.246914	0.246914	0.246914	0.246914	0.246914	0.246914	0.246914	0.246914	0.246914	0.246914	0.246914	0.246914	0.246914	0.246914	0.246914	

86	0.193	8	0	task-0:0.328	|	0.338808	0.50296	0.480682	0.322176	0.259195	0.259251	0.250456	0.250424	0.244785	0.244091	0.242457	0.241084	0.238698	0.235543	0.231235	0.225861	0.219639	0.211948	0.203894	0.195898	0.188769	0.192306	0.1839	0.175422	0.17225	0.17	0.166076	0.233188	0.173138	0.173988	0.173988	0.108905	0.223453	0.21954	0.0723631	0.128532	0.128516	0.0801384	0.0766349	0.0748054	0.0601738	0.0838661	0.0836332	0.0673806	0.051534	0.0488961	0.0539418	0.0526014	0.0453129	0.0370224	0.0296561	0.0261098	0.0230022	0.0190052	0.0161283	0.0146001	0.0136496	0.0130399	0.0116999	0.0107863	0.0102635	0.0146095	0.00983971	0.00733709	0.0061621	0.00530378	0.00567222	0.00468117	0.0889049	0.00834748	0.113857	0.113855	0.0506906	0.0191036	0.0191033	0.00267941	0.0102415	0.0034134	0.00316715	0.00557839	0.00443697	0.00347212	0.00284706	0.00263528	0.00257838	0.00263996	

92	0.207	8	0	task-0:0.33	|	0.270775	0.443506	0.443397	0.415462	0.248371	0.367594	0.338734	0.273553	0.243053	0.245223	0.237265	0.234905	0.22579	0.222136	0.216415	0.216698	0.214922	0.208946	0.20411	0.200137	0.19653	0.19367	0.19032	0.186397	0.18366	0.18132	0.179216	0.17714	0.176826	0.178895	0.178526	0.178997	0.180325	0.18236	0.184574	0.186874	0.187399	0.157306	0.169476	0.145127	0.109656	0.140841	0.148379	0.156549	0.164523	0.171726	0.178122	0.183083	0.186678	0.189257	0.191245	0.192995	0.194122	0.195566	0.195568	0.196146	0.197268	0.197268	0.196604	0.196079	0.196079	0.196304	0.158471	0.196199	0.19603	0.19603	0.195957	0.192332	0.157322	0.195395	0.195594	0.195288	0.157434	0.195736	0.195707	0.195672	0.19563	0.19558	0.195497	0.195312	0.15661	0.195312	0.195335	0.193854	0.156697	0.195472	0.195483	0.195495	0.195532	0.195586	0.195637	0.157003	

57	0.107	8	0	task-0:0.522	|	0.313386	0.432922	0.42402	0.355771	0.251281	0.292564	0.276185	0.250754	0.24907	0.248935	0.246434	0.246343	0.246792	0.246808	0.246458	0.246526	0.246645	0.246715	0.246805	0.246868	0.2469	0.246908	0.246916	0.246917	0.246914	0.246914	0.246914	0.246914	0.246914	0.246914	0.246914	0.246914	0.246914	0.246914	0.246914	0.246914	0.246914	0.246914	0.246914	0.246914	0.246914	0.246914	0.246914	0.246914	0.246914	0.246914	0.246914	0.246914	0.246914	0.246914	0.246914	0.246914	0.246914	0.246914	0.246914	0.246914	0.246914	

126	0.219	8	0	task-0:0.276	|	0.345772	0.435624	0.432572	0.352946	0.26272	0.262438	0.263805	0.2638	0.248118	0.247085	0.241991	0.237145	0.231533	0.226343	0.221715	0.215612	0.208898	0.201978	0.195313	0.188345	0.181307	0.175216	0.170184	0.166518	0.16609	0.168582	0.169026	0.171163	0.173416	0.175611	0.169863	0.128327	0.203262	0.131408	0.126862	0.122527	0.0885361	0.0846629	0.0850691	0.0818528	0.0765556	0.0717236	0.0686448	0.0630175	0.0579751	0.0533246	0.045222	0.0406169	0.0390894	0.0333499	0.0271027	0.0243654	0.0225689	0.021908	0.0224191	0.0246415	0.0295501	0.0380624	0.0536132	0.0756099	0.0216002	0.0946932	0.0329414	0.0216526	0.0192471	0.0194295	0.0172247	0.0995119	0.102854	0.108904	0.125789	0.141902	0.114556	0.147465	0.167316	0.137428	0.0872613	0.177679	0.180871	0.177169	0.130065	0.10459	0.176737	0.176732	0.175301	0.173454	0.167478	0.107675	0.171415	0.169579	0.168757	0.224669	0.226008	0.222602	0.218895	0.215457	0.213284	0.213725	0.213814	0.216334	0.22064	0.225329	0.223517	0.224774	0.226668	0.229567	0.232201	0.235244	0.238324	0.240726	0.242432	0.243431	0.243939	0.244345	0.244512	0.244667	0.24507	0.245493	0.245865	0.246216	0.246536	0.246734	0.24683	0.246889	0.246911	0.246913	

223	0.474	8	0	task-0:0.322	|	0.276972	0.441192	0.440635	0.413661	0.273505	0.34701	0.327027	0.258054	0.266602	0.264758	0.247769	0.254997	0.254621	0.245561	0.240033	0.235567	0.229602	0.22304	0.215603	0.207946	0.20078	0.194864	0.190824	0.180557	0.173797	0.16819	0.167266	0.168002	0.170842	0.175741	0.170509	0.161648	0.159536	0.160344	0.159761	0.15873	0.158205	0.156212	0.154331	0.153893	0.155764	0.158049	0.161329	0.16791	0.179844	0.200539	0.137819	0.220845	0.144021	0.177561	0.210492	0.210492	0.211568	0.161503	0.157476	0.166956	0.209828	0.209732	0.185477	0.166085	0.165577	0.164668	0.163645	0.162534	0.161729	0.160474	0.159018	0.156611	0.152009	0.140564	0.152247	0.1982	0.194762	0.183917	0.144005	0.143663	0.176033	0.18569	0.18623	0.185263	0.186069	0.187756	0.188753	0.189418	0.190035	0.190531	0.190805	0.19074	0.190401	0.192124	0.190893	0.191653	0.191102	0.191411	0.191571	0.191327	0.157561	0.191405	0.191474	0.191631	0.191653	0.19155	0.191419	0.149397	0.191125	0.191124	0.191198	0.191194	0.17442	0.149038	0.189434	0.190482	0.187565	0.14833	0.19066	0.190658	0.190715	0.190786	0.190872	0.190975	0.189042	0.148716	0.189066	0.189036	0.155994	0.190568	0.190567	0.19062	0.190682	0.190757	0.190849	0.190846	0.190305	0.148427	0.185131	0.172897	0.147888	0.190365	0.190366	0.190426	0.190495	0.190579	0.190681	0.190621	0.148246	0.190568	0.190566	0.190461	0.149351	0.190571	0.190547	0.19054	0.19054	0.190542	0.190543	0.182009	0.14805	0.167487	0.19046	0.19046	0.190478	0.190484	0.190485	0.190485	0.190487	0.190488	0.190489	0.190491	0.190494	0.189734	0.148003	0.180428	0.159929	0.190366	0.190366	0.190392	0.190426	0.190471	0.19053	0.19055	0.190552	0.185064	0.148127	0.150021	0.190422	0.190422	0.190449	0.190483	0.190528	0.190543	0.190545	0.190547	0.190549	0.190552	0.190556	0.148242	0.190514	0.190535	0.190585	0.148453	0.190605	0.190607	0.190609	0.190611	0.190613	0.187706	0.14835	0.189624	0.190023	0.183358	0.148331	0.190549	0.190538	0.190526	0.190512	0.190517	0.190513	0.148247	0.190496	0.190484	0.190488	0.190485	0.188371	

79	0.183	8	0	task-0:0.276	|	0.261817	0.553658	0.553085	0.516119	0.288203	0.296089	0.280056	0.25228	0.255512	0.250059	0.243994	0.241674	0.237329	0.23193	0.222749	0.210819	0.197431	0.183958	0.172013	0.161017	0.169404	0.158755	0.165304	0.16875	0.161852	0.165015	0.165358	0.163163	0.0681628	0.061463	0.168656	0.165917	0.142644	0.0654563	0.0657552	0.134931	0.151906	0.15453	0.157045	0.159416	0.161259	0.162845	0.164137	0.165081	0.165861	0.166563	0.167274	0.168024	0.168753	0.169732	0.170033	0.168369	0.146708	0.149163	0.151262	0.143964	0.153473	0.150646	0.139143	0.134491	0.133659	0.13326	0.13197	0.129112	0.125975	0.122732	0.118822	0.114772	0.110317	0.105637	0.101181	0.095785	0.0900974	0.0849571	0.0803861	0.0774212	0.0702049	0.0651319	0.060333	

80	0.184	8	0	task-0:0.194	|	0.259698	0.442241	0.432149	0.288124	0.237858	0.234812	0.223658	0.22361	0.211674	0.209075	0.202454	0.194958	0.188683	0.181343	0.175618	0.17295	0.176183	0.172686	0.169571	0.16807	0.166205	0.163231	0.152695	0.110221	0.145299	0.0947424	0.157965	0.130219	0.0351948	0.0363819	0.0324065	0.0285221	0.0245193	0.021143	0.017031	0.0137705	0.0107224	0.00811937	0.00593079	0.00408297	0.00261468	0.00148928	0.000738786	0.000314575	9.89847e-005	2.66296e-005	5.23924e-006	9.90076e-007	1.3666e-007	1.98558e-007	4.77948e-008	1.56565e-008	7.56526e-009	4.34677e-009	1.99154e-009	9.95567e-010	1.09275e-009	6.6828e-010	4.77109e-010	3.79047e-010	3.39291e-010	2.70603e-010	1.67257e-010	9.35284e-011	5.5321e-011	3.0474e-011	1.37427e-011	5.73965e-012	1.93268e-012	5.19571e-013	1.01484e-013	1.5925e-013	3.25064e-014	8.72746e-014	7.38423e-014	2.18594e-014	7.89757e-014	7.89757e-014	1.05477e-014	1.05477e-014	

79	0.187	8	0	task-0:0.276	|	0.261817	0.553658	0.553085	0.516119	0.288203	0.296089	0.280056	0.25228	0.255512	0.250059	0.243994	0.241674	0.237329	0.23193	0.222749	0.210819	0.197431	0.183958	0.172013	0.161017	0.169404	0.158755	0.165304	0.16875	0.161852	0.165015	0.165358	0.163163	0.0681628	0.061463	0.168656	0.165917	0.142644	0.0654563	0.0657552	0.134931	0.151906	0.15453	0.157045	0.159416	0.161259	0.162845	0.164137	0.165081	0.165861	0.166563	0.167274	0.168024	0.168753	0.169732	0.170033	0.168369	0.146708	0.149163	0.151262	0.143964	0.153473	0.150646	0.139143	0.134491	0.133659	0.13326	0.13197	0.129112	0.125975	0.122732	0.118822	0.114772	0.110317	0.105637	0.101181	0.095785	0.0900974	0.0849571	0.0803861	0.0774212	0.0702049	0.0651319	0.060333	

79	0.188	8	0	task-0:0.276	|	0.261817	0.553658	0.553085	0.516119	0.288203	0.296089	0.280056	0.25228	0.255512	0.250059	0.243994	0.241674	0.237329	0.23193	0.222749	0.210819	0.197431	0.183958	0.172013	0.161017	0.169404	0.158755	0.165304	0.16875	0.161852	0.165015	0.165358	0.163163	0.0681628	0.061463	0.168656	0.165917	0.142644	0.0654563	0.0657552	0.134931	0.151906	0.15453	0.157045	0.159416	0.161259	0.162845	0.164137	0.165081	0.165861	0.166563	0.167274	0.168024	0.168753	0.169732	0.170033	0.168369	0.146708	0.149163	0.151262	0.143964	0.153473	0.150646	0.139143	0.134491	0.133659	0.13326	0.13197	0.129112	0.125975	0.122732	0.118822	0.114772	0.110317	0.105637	0.101181	0.095785	0.0900974	0.0849571	0.0803861	0.0774212	0.0702049	0.0651319	0.060333	

89	0.194	8	0	task-0:0.478	|	0.272844	0.539978	0.530853	0.44187	0.267822	0.263905	0.258303	0.2448	0.250297	0.249615	0.242382	0.242162	0.241809	0.240397	0.241829	0.242352	0.242163	0.243015	0.244096	0.24502	0.246061	0.246603	0.246755	0.24684	0.246895	0.246927	0.246927	0.246916	0.246914	0.246914	0.246914	0.246914	0.246914	0.246914	0.246914	0.246914	0.246914	0.246914	0.246914	0.246914	0.246914	0.246914	0.246914	0.246914	0.246914	0.246914	0.246914	0.246914	0.246914	0.246914	0.246914	0.246914	0.246914	0.246914	0.246914	0.246914	0.246914	0.246914	0.246914	0.246914	0.246914	0.246914	0.246914	0.246914	0.246914	0.246914	0.246914	0.246914	0.246914	0.246914	0.246914	0.246914	0.246914	0.246914	0.246914	0.246914	0.246914	0.246914	0.246914	0.246914	0.246914	0.246914	0.246914	0.246914	0.246914	0.246914	0.246914	0.246914	0.246914	

91	0.197	8	0	task-0:0.344	|	0.373144	0.431426	0.430193	0.344511	0.258384	0.258143	0.258439	0.258435	0.244468	0.24301	0.239758	0.236057	0.23225	0.228057	0.222363	0.215771	0.208829	0.202277	0.194934	0.187274	0.179668	0.172512	0.166286	0.163298	0.159875	0.15793	0.157305	0.157722	0.16026	0.163272	0.167493	0.172714	0.155555	0.212231	0.190557	0.14649	0.145586	0.144125	0.13836	0.132435	0.137409	0.138848	0.137605	0.14264	0.150669	0.161771	0.177764	0.193915	0.207586	0.217539	0.223218	0.2257	0.22632	0.226105	0.225622	0.225118	0.22468	0.222375	0.0918271	0.130535	0.225716	0.224724	0.221334	0.220306	0.219752	0.219206	0.193194	0.15969	0.174062	0.218931	0.220162	0.222186	0.225492	0.221776	0.221111	0.220658	0.220426	0.220439	0.220718	0.180702	0.185557	0.226435	0.220993	0.21873	0.216841	0.215196	0.213536	0.211618	0.209131	0.20606	0.203535	

91	0.262	8	0	task-0:0.344	|	0.373144	0.431426	0.430193	0.344511	0.258384	0.258143	0.258439	0.258435	0.244468	0.24301	0.239758	0.236057	0.23225	0.228057	0.222363	0.215771	0.208829	0.202277	0.194934	0.187274	0.179668	0.172512	0.166286	0.163298	0.159875	0.15793	0.157305	0.157722	0.16026	0.163272	0.167493	0.172714	0.155555	0.212231	0.190557	0.14649	0.145586	0.144125	0.13836	0.132435	0.137409	0.138848	0.137605	0.14264	0.150669	0.161771	0.177764	0.193915	0.207586	0.217539	0.223218	0.2257	0.22632	0.226105	0.225622	0.225118	0.22468	0.222375	0.0918271	0.130535	0.225716	0.224724	0.221334	0.220306	0.219752	0.219206	0.193194	0.15969	0.174062	0.218931	0.220162	0.222186	0.225492	0.221776	0.221111	0.220658	0.220426	0.220439	0.220718	0.180702	0.185557	0.226435	0.220993	0.21873	0.216841	0.215196	0.213536	0.211618	0.209131	0.20606	0.203535	

151	0.296	8	0	task-0:0.216	|	0.277445	0.442974	0.442622	0.40933	0.248303	0.338202	0.319369	0.257243	0.266467	0.266442	0.240864	0.240403	0.234865	0.230543	0.225502	0.220267	0.215318	0.208816	0.20147	0.194654	0.188383	0.182911	0.174263	0.167992	0.163685	0.161524	0.159214	0.157518	0.156805	0.15687	0.158862	0.160418	0.162656	0.165082	0.258635	0.154868	0.169979	0.16821	0.122796	0.146647	0.133278	0.101912	0.1349	0.132784	0.117358	0.100331	0.100656	0.111778	0.115484	0.106244	0.100343	0.100173	0.103252	0.100446	0.0966314	0.0937536	0.0909899	0.0882007	0.0849934	0.0788696	0.0699755	0.0591023	0.0489947	0.0398298	0.0321076	0.0250184	0.021301	0.0264839	0.0238038	0.0198934	0.016859	0.0144118	0.0131049	0.0117706	0.0107579	0.00966404	0.0086441	0.00680968	0.00586359	0.00779465	0.00650115	0.0061381	0.00468307	0.0031147	0.00250369	0.00220848	0.00202065	0.0018725	0.00153812	0.00128791	0.00110262	0.000936546	0.000781905	0.000643285	0.000507316	0.000383819	0.000280048	0.000211002	0.00026326	0.000163512	0.000162949	0.000116286	0.000101101	9.2028e-005	7.84442e-005	7.52969e-005	6.57846e-005	5.6625e-005	4.94431e-005	4.44409e-005	4.67008e-005	3.47732e-005	3.47503e-005	3.44584e-005	2.75921e-005	2.69096e-005	2.65759e-005	2.74584e-005	3.5354e-005	3.34243e-005	2.66677e-005	2.77111e-005	3.9872e-005	2.99185e-005	3.78965e-005	2.8743e-005	2.90253e-005	4.99433e-005	2.95648e-005	3.41179e-005	3.00449e-005	5.10774e-005	2.90093e-005	2.91262e-005	3.095e-005	3.42764e-005	3.16392e-005	0.000145455	3.19898e-005	2.80349e-005	2.98096e-005	3.65359e-005	6.59747e-005	4.06811e-005	3.35404e-005	3.65175e-005	3.05256e-005	4.01738e-005	2.98398e-005	3.07435e-005	3.32143e-005	

78	0.125	8	0	task-0:0.478	|	0.351045	0.521091	0.495135	0.395225	0.266877	0.272756	0.272687	0.252242	0.257243	0.251257	0.244693	0.243699	0.243507	0.243206	0.242192	0.242036	0.242132	0.242446	0.242966	0.243618	0.244323	0.245132	0.245794	0.24632	0.246695	0.246822	0.246951	0.246974	0.246923	0.246921	0.246921	0.246914	0.246914	0.246915	0.246915	0.246914	0.246914	0.246914	0.246914	0.246914	0.246914	0.246914	0.246914	0.246914	0.246914	0.246914	0.246914	0.246914	0.246914	0.246914	0.246914	0.246914	0.246914	0.246914	0.246914	0.246914	0.246914	0.246914	0.246914	0.246914	0.246914	0.246914	0.246914	0.246914	0.246914	0.246914	0.246914	0.246914	0.246914	0.246914	0.246914	0.246914	0.246914	0.246914	0.246914	0.246914	0.246914	0.246914	

103	0.178	8	0	task-0:0.268	|	0.256246	0.443939	0.441605	0.289408	0.26448	0.261255	0.198833	0.216447	0.194553	0.197477	0.197477	0.188984	0.195061	0.19425	0.18898	0.187911	0.187517	0.187573	0.188239	0.187765	0.186755	0.185841	0.18513	0.184456	0.18378	0.182877	0.182214	0.180652	0.177413	0.173784	0.171997	0.171048	0.168461	0.166553	0.164111	0.160427	0.154118	0.104188	0.0926617	0.0849856	0.0703275	0.0589071	0.0497767	0.0427737	0.0319249	0.0299846	0.0973632	0.0237656	0.0584035	0.0272987	0.0231781	0.0179415	0.0175512	0.0138443	0.0127174	0.0144001	0.0119969	0.00957749	0.00864475	0.0076849	0.00684805	0.00592532	0.00496643	0.00409973	0.00341412	0.00286393	0.00256562	0.00183438	0.0014094	0.000833991	0.000462906	0.000222177	0.00036439	0.000100492	6.62145e-005	8.28694e-005	4.80746e-005	3.90519e-005	3.11656e-005	3.89634e-005	1.85213e-005	1.512e-005	8.06057e-006	5.93588e-006	3.58501e-006	1.19486e-006	4.39672e-007	1.37016e-007	9.11064e-008	4.53327e-008	1.84868e-008	1.02296e-008	7.51145e-009	4.70415e-009	2.65429e-009	1.34292e-009	6.9657e-010	2.97287e-010	1.00335e-010	3.86045e-011	2.25482e-011	9.82111e-012	3.45357e-012	

101	0.144	8	0	task-0:0.172	|	0.240606	0.441391	0.435873	0.355798	0.246999	0.258209	0.247225	0.21853	0.215014	0.200562	0.187822	0.182902	0.173998	0.166016	0.158879	0.151508	0.146072	0.138054	0.129342	0.118955	0.106999	0.0939032	0.0805209	0.0703256	0.0562688	0.0440564	0.0331538	0.022688	0.0135517	0.0105461	0.00899962	0.00542688	0.00355621	0.00212063	0.00114627	0.000543959	0.000224447	0.000300481	9.5745e-005	4.47311e-005	2.88782e-005	8.43828e-005	2.54586e-005	2.59489e-005	2.79664e-005	1.26128e-005	7.15787e-006	6.65371e-006	5.33123e-006	4.56001e-006	3.97327e-006	3.02184e-006	2.15833e-006	1.42567e-006	9.12056e-007	5.42403e-007	2.99866e-007	4.11872e-007	2.28634e-007	1.51836e-007	1.03371e-007	1.41133e-007	9.43718e-008	6.1373e-008	4.56848e-008	3.25739e-008	2.27431e-008	1.79014e-008	1.95376e-008	1.17814e-008	8.81278e-009	7.45728e-009	7.30087e-009	5.01094e-009	3.79431e-009	3.02382e-009	2.76586e-009	2.40816e-009	2.03562e-009	1.30789e-009	1.01818e-009	9.30939e-010	8.1792e-010	7.23719e-010	1.18627e-009	7.00895e-010	4.35556e-010	2.85725e-010	2.80949e-010	3.12659e-010	3.38314e-010	3.75364e-010	3.29835e-009	4.32314e-010	3.85279e-010	3.08291e-010	2.47145e-010	2.95902e-010	2.0097e-010	1.85091e-010	1.66e-010	

103	0.143	8	0	task-0:0.268	|	0.256246	0.443939	0.441605	0.289408	0.26448	0.261255	0.198833	0.216447	0.194553	0.197477	0.197477	0.188984	0.195061	0.19425	0.18898	0.187911	0.187517	0.187573	0.188239	0.187765	0.186755	0.185841	0.18513	0.184456	0.18378	0.182877	0.182214	0.180652	0.177413	0.173784	0.171997	0.171048	0.168461	0.166553	0.164111	0.160427	0.154118	0.104188	0.0926617	0.0849856	0.0703275	0.0589071	0.0497767	0.0427737	0.0319249	0.0299846	0.0973632	0.0237656	0.0584035	0.0272987	0.0231781	0.0179415	0.0175512	0.0138443	0.0127174	0.0144001	0.0119969	0.00957749	0.00864475	0.0076849	0.00684805	0.00592532	0.00496643	0.00409973	0.00341412	0.00286393	0.00256562	0.00183438	0.0014094	0.000833991	0.000462906	0.000222177	0.00036439	0.000100492	6.62145e-005	8.28694e-005	4.80746e-005	3.90519e-005	3.11656e-005	3.89634e-005	1.85213e-005	1.512e-005	8.06057e-006	5.93588e-006	3.58501e-006	1.19486e-006	4.39672e-007	1.37016e-007	9.11064e-008	4.53327e-008	1.84868e-008	1.02296e-008	7.51145e-009	4.70415e-009	2.65429e-009	1.34292e-009	6.9657e-010	2.97287e-010	1.00335e-010	3.86045e-011	2.25482e-011	9.82111e-012	3.45357e-012	

61	0.046	8	0	task-0:0.478	|	0.281968	0.440104	0.439193	0.395991	0.248727	0.353085	0.336769	0.291965	0.257891	0.245466	0.244711	0.245042	0.244168	0.241499	0.239689	0.237604	0.234614	0.230706	0.225402	0.224757	0.222274	0.220123	0.218554	0.217828	0.218061	0.219279	0.221532	0.224777	0.228834	0.233327	0.237724	0.245259	0.246586	0.246871	0.246918	0.246914	0.246914	0.246914	0.246914	0.246914	0.246914	0.246914	0.246914	0.246914	0.246914	0.246914	0.246914	0.246914	0.246914	0.246914	0.246914	0.246914	0.246914	0.246914	0.246914	0.246914	0.246914	0.246914	0.246914	0.246914	0.246914	

76	0.059	8	0	task-0:0.212	|	0.389783	0.438112	0.437449	0.382355	0.243768	0.242993	0.227378	0.217549	0.20927	0.198257	0.186336	0.179453	0.177033	0.175977	0.174512	0.163306	0.13568	0.110932	0.0905105	0.0843683	0.0860623	0.0627747	0.0529956	0.0590941	0.0476788	0.0345947	0.0351902	0.0402507	0.0529721	0.065438	0.0766291	0.0857704	0.0927268	0.0990748	0.118764	0.16255	0.201842	0.221364	0.227467	0.227882	0.228033	0.232085	0.239043	0.241505	0.242345	0.243219	0.244125	0.244904	0.245563	0.246179	0.246574	0.246783	0.24687	0.246903	0.246914	0.246914	0.246914	0.246914	0.246914	0.246914	0.246914	0.246914	0.246914	0.246914	0.246914	0.246914	0.246914	0.246914	0.246914	0.246914	0.246914	0.246914	0.246914	0.246914	0.246914	0.246914	

101	0.079	8	0	task-0:0.172	|	0.240606	0.441391	0.435873	0.355798	0.246999	0.258209	0.247225	0.21853	0.215014	0.200562	0.187822	0.182902	0.173998	0.166016	0.158879	0.151508	0.146072	0.138054	0.129342	0.118955	0.106999	0.0939032	0.0805209	0.0703256	0.0562688	0.0440564	0.0331538	0.022688	0.0135517	0.0105461	0.00899962	0.00542688	0.00355621	0.00212063	0.00114627	0.000543959	0.000224447	0.000300481	9.5745e-005	4.47311e-005	2.88782e-005	8.43828e-005	2.54586e-005	2.59489e-005	2.79664e-005	1.26128e-005	7.15787e-006	6.65371e-006	5.33123e-006	4.56001e-006	3.97327e-006	3.02184e-006	2.15833e-006	1.42567e-006	9.12056e-007	5.42403e-007	2.99866e-007	4.11872e-007	2.28634e-007	1.51836e-007	1.03371e-007	1.41133e-007	9.43718e-008	6.1373e-008	4.56848e-008	3.25739e-008	2.27431e-008	1.79014e-008	1.95376e-008	1.17814e-008	8.81278e-009	7.45728e-009	7.30087e-009	5.01094e-009	3.79431e-009	3.02382e-009	2.76586e-009	2.40816e-009	2.03562e-009	1.30789e-009	1.01818e-009	9.30939e-010	8.1792e-010	7.23719e-010	1.18627e-009	7.00895e-010	4.35556e-010	2.85725e-010	2.80949e-010	3.12659e-010	3.38314e-010	3.75364e-010	3.29835e-009	4.32314e-010	3.85279e-010	3.08291e-010	2.47145e-010	2.95902e-010	2.0097e-010	1.85091e-010	1.66e-010	

101	0.078	8	0	task-0:0.172	|	0.240606	0.441391	0.435873	0.355798	0.246999	0.258209	0.247225	0.21853	0.215014	0.200562	0.187822	0.182902	0.173998	0.166016	0.158879	0.151508	0.146072	0.138054	0.129342	0.118955	0.106999	0.0939032	0.0805209	0.0703256	0.0562688	0.0440564	0.0331538	0.022688	0.0135517	0.0105461	0.00899962	0.00542688	0.00355621	0.00212063	0.00114627	0.000543959	0.000224447	0.000300481	9.5745e-005	4.47311e-005	2.88782e-005	8.43828e-005	2.54586e-005	2.59489e-005	2.79664e-005	1.26128e-005	7.15787e-006	6.65371e-006	5.33123e-006	4.56001e-006	3.97327e-006	3.02184e-006	2.15833e-006	1.42567e-006	9.12056e-007	5.42403e-007	2.99866e-007	4.11872e-007	2.28634e-007	1.51836e-007	1.03371e-007	1.41133e-007	9.43718e-008	6.1373e-008	4.56848e-008	3.25739e-008	2.27431e-008	1.79014e-008	1.95376e-008	1.17814e-008	8.81278e-009	7.45728e-009	7.30087e-009	5.01094e-009	3.79431e-009	3.02382e-009	2.76586e-009	2.40816e-009	2.03562e-009	1.30789e-009	1.01818e-009	9.30939e-010	8.1792e-010	7.23719e-010	1.18627e-009	7.00895e-010	4.35556e-010	2.85725e-010	2.80949e-010	3.12659e-010	3.38314e-010	3.75364e-010	3.29835e-009	4.32314e-010	3.85279e-010	3.08291e-010	2.47145e-010	2.95902e-010	2.0097e-010	1.85091e-010	1.66e-010	

101	0.079	8	0	task-0:0.172	|	0.240606	0.441391	0.435873	0.355798	0.246999	0.258209	0.247225	0.21853	0.215014	0.200562	0.187822	0.182902	0.173998	0.166016	0.158879	0.151508	0.146072	0.138054	0.129342	0.118955	0.106999	0.0939032	0.0805209	0.0703256	0.0562688	0.0440564	0.0331538	0.022688	0.0135517	0.0105461	0.00899962	0.00542688	0.00355621	0.00212063	0.00114627	0.000543959	0.000224447	0.000300481	9.5745e-005	4.47311e-005	2.88782e-005	8.43828e-005	2.54586e-005	2.59489e-005	2.79664e-005	1.26128e-005	7.15787e-006	6.65371e-006	5.33123e-006	4.56001e-006	3.97327e-006	3.02184e-006	2.15833e-006	1.42567e-006	9.12056e-007	5.42403e-007	2.99866e-007	4.11872e-007	2.28634e-007	1.51836e-007	1.03371e-007	1.41133e-007	9.43718e-008	6.1373e-008	4.56848e-008	3.25739e-008	2.27431e-008	1.79014e-008	1.95376e-008	1.17814e-008	8.81278e-009	7.45728e-009	7.30087e-009	5.01094e-009	3.79431e-009	3.02382e-009	2.76586e-009	2.40816e-009	2.03562e-009	1.30789e-009	1.01818e-009	9.30939e-010	8.1792e-010	7.23719e-010	1.18627e-009	7.00895e-010	4.35556e-010	2.85725e-010	2.80949e-010	3.12659e-010	3.38314e-010	3.75364e-010	3.29835e-009	4.32314e-010	3.85279e-010	3.08291e-010	2.47145e-010	2.95902e-010	2.0097e-010	1.85091e-010	1.66e-010	

156	0.122	8	0	task-0:0.146	|	0.246619	0.267843	0.506921	0.32478	0.43693	0.43693	0.333028	0.382602	0.382602	0.246078	0.31303	0.293723	0.231179	0.268623	0.266425	0.230503	0.234363	0.23418	0.225171	0.226574	0.224221	0.220391	0.218675	0.216284	0.213507	0.210724	0.20794	0.205342	0.203084	0.20115	0.199216	0.196825	0.196795	0.195046	0.193667	0.193118	0.192004	0.19078	0.189549	0.189521	0.188519	0.187526	0.186927	0.186012	0.184846	0.183382	0.181573	0.179358	0.176486	0.172718	0.168391	0.16428	0.161656	0.160063	0.157046	0.15432	0.151946	0.149907	0.148925	0.146805	0.145172	0.142702	0.138931	0.132346	0.12124	0.106896	0.098246	0.0907296	0.0847668	0.074909	0.0644208	0.0537958	0.0433789	0.0324761	0.0236317	0.0156389	0.0115961	0.00793668	0.00468987	0.00330186	0.00276288	0.00201173	0.00138409	0.00103252	0.000751248	0.000565635	0.000429238	0.00027515	0.000175552	0.000104275	5.62776e-005	2.50197e-005	9.75563e-006	3.35241e-006	1.16633e-006	4.4844e-007	2.0259e-007	1.1949e-007	1.2423e-007	1.43565e-007	1.21289e-007	2.20923e-007	3.7162e-007	6.2381e-007	1.37329e-006	2.17575e-006	3.61805e-006	7.07977e-006	6.84726e-006	7.55883e-006	7.76272e-006	7.36229e-006	8.10774e-006	2.42426e-005	5.26159e-006	4.88903e-006	4.04843e-006	3.61854e-006	3.40957e-006	8.32727e-006	2.80465e-006	2.32177e-006	1.95971e-006	1.68123e-006	2.41293e-006	1.35743e-006	1.24691e-006	1.29088e-006	4.55368e-006	1.33009e-006	1.22419e-006	1.53053e-006	7.23796e-007	6.50188e-007	6.25265e-007	6.14448e-007	6.49708e-007	1.30205e-006	5.9044e-007	6.32579e-007	6.92532e-007	1.06348e-006	5.26642e-007	4.8408e-007	4.82177e-007	5.48397e-007	8.36706e-007	4.51133e-007	4.27706e-007	4.41299e-007	4.79421e-007	6.64914e-007	3.90855e-007	3.5906e-007	3.4948e-007	3.67249e-007	

82	0.062	8	0	task-0:0.258	|	0.350295	0.428741	0.42466	0.348911	0.245689	0.244333	0.23311	0.222544	0.212229	0.202649	0.193867	0.18661	0.180376	0.17613	0.163509	0.16111	0.158303	0.156876	0.156928	0.156134	0.156923	0.157939	0.159138	0.160948	0.163356	0.167317	0.16311	0.165895	0.151678	0.0734804	0.337063	0.152759	0.0705285	0.155627	0.161201	0.162007	0.162567	0.163877	0.166496	0.169092	0.17112	0.173218	0.174657	0.167048	0.128039	0.0697687	0.129739	0.14577	0.15711	0.16476	0.169528	0.172679	0.175339	0.177885	0.177623	0.178506	0.179556	0.180841	0.182445	0.184596	0.18419	0.16005	0.0954374	0.144769	0.0900102	0.110145	0.161996	0.155208	0.122296	0.117529	0.124099	0.131706	0.144941	0.138089	0.133541	0.134665	0.140833	0.146638	0.153378	0.160998	0.168151	0.173344	

109	0.082	8	0	task-0:0.39	|	0.393338	0.419661	0.412852	0.31972	0.265384	0.265141	0.254496	0.254468	0.248496	0.247542	0.242092	0.236907	0.23143	0.224656	0.215497	0.204654	0.201097	0.203549	0.199619	0.197717	0.196969	0.195088	0.193303	0.190673	0.188217	0.185266	0.181838	0.178936	0.175578	0.172458	0.170868	0.169585	0.168366	0.168325	0.168653	0.169545	0.171646	0.174994	0.175019	0.176931	0.179118	0.181394	0.179041	0.209722	0.181953	0.251792	0.209746	0.262854	0.223364	0.222449	0.212822	0.201249	0.182216	0.167978	0.16966	0.161971	0.159077	0.155585	0.151883	0.148836	0.149038	0.159254	0.166441	0.163306	0.175946	0.163737	0.156609	0.159251	0.155684	0.152863	0.154843	0.15724	0.161836	0.16693	0.175337	0.188137	0.205544	0.2296	0.222137	0.228568	0.235336	0.241288	0.246102	0.248403	0.246579	0.239475	0.228118	0.214667	0.203045	0.197683	0.194185	0.192045	0.190563	0.189586	0.188584	0.187753	0.186459	0.185119	0.184446	0.182266	0.180644	0.179043	0.177585	0.176567	0.176591	0.176229	0.175918	0.175651	0.175546	

89	0.066	8	0	task-0:0.334	|	0.261948	0.441271	0.439734	0.392431	0.241262	0.34644	0.343509	0.278679	0.243681	0.243688	0.246918	0.246675	0.237427	0.233198	0.228767	0.223203	0.217634	0.211183	0.204396	0.197792	0.191985	0.187562	0.179438	0.173539	0.168171	0.163364	0.160833	0.157914	0.157022	0.156659	0.156574	0.15688	0.157579	0.158812	0.160953	0.164741	0.168617	0.176665	0.0963637	0.137446	0.217312	0.215385	0.199868	0.0988201	0.098917	0.187011	0.185977	0.141625	0.140205	0.162698	0.16243	0.155398	0.159419	0.15928	0.159148	0.159148	0.159499	0.160943	0.163217	0.166432	0.170616	0.175468	0.14962	0.161028	0.184187	0.183502	0.172128	0.163082	0.156726	0.160969	0.16154	0.162505	0.163981	0.165993	0.168485	0.171481	0.174924	0.15775	0.166587	0.16872	0.17132	0.174315	0.159483	0.167142	0.168965	0.171208	0.173848	0.161076	0.167677	

89	0.066	8	0	task-0:0.264	|	0.323651	0.4186	0.409324	0.350177	0.253913	0.279874	0.279456	0.247157	0.256295	0.254125	0.241134	0.24419	0.242009	0.235267	0.231565	0.22739	0.221507	0.215146	0.208176	0.20055	0.192718	0.185368	0.178845	0.168599	0.163613	0.161285	0.162835	0.159425	0.155553	0.155593	0.157831	0.161883	0.168892	0.181217	0.17148	0.266727	0.166206	0.175611	0.172165	0.0609169	0.067779	0.174788	0.173259	0.173492	0.174688	0.175292	0.175309	0.175366	0.175515	0.176039	0.17736	0.178717	0.180411	0.179755	0.18083	0.180463	0.180068	0.180268	0.173125	0.0848346	0.135243	0.184292	0.183862	0.182549	0.181865	0.182283	0.182381	0.182632	0.183062	0.183656	0.183857	0.184093	0.138767	0.184907	0.184941	0.184771	0.139447	0.184974	0.185124	0.185307	0.18553	0.185802	0.177551	0.14082	0.183203	0.184339	0.160895	0.140877	0.186116	

109	0.082	8	0	task-0:0.39	|	0.393338	0.419661	0.412852	0.31972	0.265384	0.265141	0.254496	0.254468	0.248496	0.247542	0.242092	0.236907	0.23143	0.224656	0.215497	0.204654	0.201097	0.203549	0.199619	0.197717	0.196969	0.195088	0.193303	0.190673	0.188217	0.185266	0.181838	0.178936	0.175578	0.172458	0.170868	0.169585	0.168366	0.168325	0.168653	0.169545	0.171646	0.174994	0.175019	0.176931	0.179118	0.181394	0.179041	0.209722	0.181953	0.251792	0.209746	0.262854	0.223364	0.222449	0.212822	0.201249	0.182216	0.167978	0.16966	0.161971	0.159077	0.155585	0.151883	0.148836	0.149038	0.159254	0.166441	0.163306	0.175946	0.163737	0.156609	0.159251	0.155684	0.152863	0.154843	0.15724	0.161836	0.16693	0.175337	0.188137	0.205544	0.2296	0.222137	0.228568	0.235336	0.241288	0.246102	0.248403	0.246579	0.239475	0.228118	0.214667	0.203045	0.197683	0.194185	0.192045	0.190563	0.189586	0.188584	0.187753	0.186459	0.185119	0.184446	0.182266	0.180644	0.179043	0.177585	0.176567	0.176591	0.176229	0.175918	0.175651	0.175546	

149	0.115	8	0	task-0:0.246	|	0.246309	0.429728	0.339355	0.225105	0.257853	0.23343	0.204727	0.205282	0.204259	0.202963	0.198616	0.193896	0.187759	0.180207	0.171066	0.1675	0.160703	0.158142	0.158743	0.161947	0.163163	0.162659	0.160006	0.154361	0.136356	0.107929	0.103145	0.0857874	0.119751	0.10942	0.0780272	0.0781089	0.0722494	0.0666415	0.0658217	0.0620789	0.0593159	0.0539567	0.047814	0.0392918	0.0292161	0.0225848	0.0446304	0.0163081	0.00912322	0.00534009	0.00406976	0.00256345	0.00156623	0.000983855	0.000559687	0.000295866	0.000142179	5.7445e-005	2.02332e-005	4.99428e-006	9.35746e-007	1.19285e-007	5.57804e-008	1.43489e-008	2.4161e-009	5.60741e-009	4.94684e-009	1.26574e-009	1.36622e-009	4.56126e-010	4.64234e-010	4.56554e-010	2.41527e-010	1.11227e-010	4.36081e-011	1.44735e-011	4.27297e-012	9.157e-013	2.12719e-013	7.99034e-013	1.35714e-013	3.51775e-013	3.51775e-013	5.89343e-014	1.12507e-013	9.15169e-014	3.57334e-014	7.30776e-014	7.28536e-014	4.91598e-014	3.29131e-014	3.05681e-014	4.1896e-014	4.03592e-014	3.71678e-014	1.50836e-014	1.36616e-014	3.31746e-014	2.23153e-014	2.20451e-014	1.11534e-014	2.1305e-014	1.05557e-014	0	0	0	0	0	0	0	0	0	0	0	0	0	0	0	0	0	0	0	0	0	0	0	0	0	0	0	0	0	0	0	0	0	0	0	0	0	0	0	0	0	0	0	0	0	0	0	0	0	0	

94	0.07	8	0	task-0:0.272	|	0.400177	0.421177	0.41382	0.323716	0.264997	0.264705	0.257573	0.257557	0.249554	0.248395	0.243662	0.239442	0.234287	0.229186	0.224885	0.219005	0.212168	0.205129	0.197046	0.187877	0.178083	0.171677	0.167911	0.164318	0.163585	0.164742	0.167258	0.168428	0.169875	0.171306	0.157008	0.106023	0.119108	0.0998752	0.0936408	0.0854625	0.0731373	0.0663863	0.0573152	0.0504373	0.0468809	0.0352686	0.0257246	0.0183152	0.0116823	0.00714349	0.00411258	0.0136124	0.00311711	0.00179963	0.00132961	0.0013666	0.000405467	0.000269832	0.000190207	0.000245704	4.01095e-005	2.48004e-005	2.40534e-005	5.55084e-005	8.23576e-006	5.66688e-006	3.97555e-006	3.02418e-006	4.30247e-006	1.26092e-006	9.48645e-007	6.97026e-007	4.81527e-007	2.98054e-007	6.6335e-007	1.93714e-007	1.55575e-007	1.52778e-007	6.62919e-007	1.02209e-007	1.21046e-007	2.0512e-007	5.19556e-007	2.39061e-006	3.39711e-007	2.95092e-007	3.93214e-007	7.46162e-007	2.28554e-006	3.86963e-007	2.96815e-007	2.74442e-007	3.01759e-007	4.22249e-007	7.70739e-007	1.9913e-006	2.09595e-007	3.20984e-007	

89	0.067	8	0	task-0:0.334	|	0.261948	0.441271	0.439734	0.392431	0.241262	0.34644	0.343509	0.278679	0.243681	0.243688	0.246918	0.246675	0.237427	0.233198	0.228767	0.223203	0.217634	0.211183	0.204396	0.197792	0.191985	0.187562	0.179438	0.173539	0.168171	0.163364	0.160833	0.157914	0.157022	0.156659	0.156574	0.15688	0.157579	0.158812	0.160953	0.164741	0.168617	0.176665	0.0963637	0.137446	0.217312	0.215385	0.199868	0.0988201	0.098917	0.187011	0.185977	0.141625	0.140205	0.162698	0.16243	0.155398	0.159419	0.15928	0.159148	0.159148	0.159499	0.160943	0.163217	0.166432	0.170616	0.175468	0.14962	0.161028	0.184187	0.183502	0.172128	0.163082	0.156726	0.160969	0.16154	0.162505	0.163981	0.165993	0.168485	0.171481	0.174924	0.15775	0.166587	0.16872	0.17132	0.174315	0.159483	0.167142	0.168965	0.171208	0.173848	0.161076	0.167677	

98	0.074	8	0	task-0:0.322	|	0.244759	0.440223	0.428866	0.305025	0.225891	0.25132	0.218535	0.191996	0.194203	0.1807	0.179837	0.175602	0.17469	0.175698	0.172497	0.170409	0.170102	0.1689	0.168949	0.16951	0.169578	0.169664	0.169543	0.170151	0.171169	0.172787	0.175587	0.178193	0.1808	0.182975	0.183023	0.177979	0.176668	0.168215	0.161163	0.15286	0.153848	0.151603	0.147363	0.145168	0.143694	0.141971	0.130939	0.120271	0.106543	0.0923043	0.0838924	0.0883051	0.0848979	0.0715083	0.0699951	0.0785146	0.0858427	0.0747097	0.0697277	0.0651823	0.0608262	0.0567144	0.0526453	0.0379161	0.0346768	0.0394289	0.0328278	0.0326727	0.0272241	0.0238959	0.0229197	0.0227673	0.0203234	0.0173368	0.0147975	0.0130719	0.0118932	0.0116798	0.0115314	0.0122826	0.0151514	0.022233	0.0403114	0.0885764	0.137611	0.0567658	0.231776	0.189743	0.180632	0.176618	0.170401	0.152702	0.107393	0.0959933	0.0854947	0.0708826	0.0561442	0.0473995	0.0439992	0.0410268	0.0492115	0.0471108	

174	0.134	8	0	task-0:0.23	|	0.259278	0.552905	0.552171	0.493983	0.251411	0.351084	0.341175	0.279137	0.243711	0.24286	0.244197	0.244162	0.236812	0.237344	0.234729	0.232067	0.230175	0.22736	0.224129	0.219897	0.213878	0.207702	0.202154	0.196767	0.19177	0.183517	0.177434	0.173713	0.177451	0.178434	0.175909	0.177564	0.180177	0.180044	0.454925	0.458035	0.179891	0.179743	0.154608	0.457435	0.457396	0.341094	0.170382	0.170271	0.0922132	0.0921909	0.135694	0.135658	0.0985393	0.094105	0.0933352	0.0879514	0.105706	0.105952	0.0935312	0.0852209	0.0843116	0.086133	0.0920232	0.0910587	0.0858164	0.0803541	0.0753145	0.07293	0.0718921	0.0692168	0.0653564	0.0612625	0.0570848	0.0526845	0.0480174	0.0429568	0.0378925	0.0337614	0.029243	0.0248371	0.020301	0.0161098	0.0126403	0.00948718	0.0069667	0.00511806	0.00808963	0.00405834	0.0029267	0.00246021	0.00252346	0.00253129	0.00200174	0.00162334	0.00129359	0.000988534	0.000712127	0.000484209	0.000295451	0.000169857	8.72359e-005	3.86802e-005	1.52387e-005	5.39733e-006	9.76257e-007	1.67397e-007	3.12263e-008	4.79729e-007	1.47863e-008	1.78456e-007	1.78291e-007	1.43228e-008	2.76568e-008	2.76568e-008	6.59054e-009	8.01189e-009	5.99316e-009	4.26544e-009	3.35607e-009	2.74512e-009	2.37592e-009	2.24439e-009	1.69471e-009	1.35578e-009	1.08543e-009	8.95661e-010	7.08862e-010	6.02895e-010	5.40963e-010	3.6429e-010	2.69015e-010	2.03126e-010	1.54039e-010	1.24577e-010	1.15873e-010	7.97782e-011	5.9319e-011	4.33024e-011	3.2009e-011	2.49615e-011	2.10481e-011	1.41032e-011	1.01719e-011	7.50339e-012	5.5794e-012	4.19031e-012	3.16018e-012	1.8553e-012	1.26549e-012	9.81958e-013	5.66037e-013	4.12284e-013	3.11712e-013	1.74569e-013	9.39915e-014	5.47571e-014	3.44618e-014	1.79572e-014	4.72807e-014	4.72807e-014	2.80459e-014	1.67281e-014	1.55735e-014	2.47494e-014	1.43717e-014	2.3421e-014	1.25265e-014	1.17811e-014	1.22464e-014	1.22464e-014	2.22124e-014	2.18946e-014	1.1399e-014	1.10068e-014	2.15418e-014	1.13569e-014	1.11219e-014	2.12843e-014	

109	0.083	8	0	task-0:0.39	|	0.393338	0.419661	0.412852	0.31972	0.265384	0.265141	0.254496	0.254468	0.248496	0.247542	0.242092	0.236907	0.23143	0.224656	0.215497	0.204654	0.201097	0.203549	0.199619	0.197717	0.196969	0.195088	0.193303	0.190673	0.188217	0.185266	0.181838	0.178936	0.175578	0.172458	0.170868	0.169585	0.168366	0.168325	0.168653	0.169545	0.171646	0.174994	0.175019	0.176931	0.179118	0.181394	0.179041	0.209722	0.181953	0.251792	0.209746	0.262854	0.223364	0.222449	0.212822	0.201249	0.182216	0.167978	0.16966	0.161971	0.159077	0.155585	0.151883	0.148836	0.149038	0.159254	0.166441	0.163306	0.175946	0.163737	0.156609	0.159251	0.155684	0.152863	0.154843	0.15724	0.161836	0.16693	0.175337	0.188137	0.205544	0.2296	0.222137	0.228568	0.235336	0.241288	0.246102	0.248403	0.246579	0.239475	0.228118	0.214667	0.203045	0.197683	0.194185	0.192045	0.190563	0.189586	0.188584	0.187753	0.186459	0.185119	0.184446	0.182266	0.180644	0.179043	0.177585	0.176567	0.176591	0.176229	0.175918	0.175651	0.175546	

109	0.083	8	0	task-0:0.39	|	0.393338	0.419661	0.412852	0.31972	0.265384	0.265141	0.254496	0.254468	0.248496	0.247542	0.242092	0.236907	0.23143	0.224656	0.215497	0.204654	0.201097	0.203549	0.199619	0.197717	0.196969	0.195088	0.193303	0.190673	0.188217	0.185266	0.181838	0.178936	0.175578	0.172458	0.170868	0.169585	0.168366	0.168325	0.168653	0.169545	0.171646	0.174994	0.175019	0.176931	0.179118	0.181394	0.179041	0.209722	0.181953	0.251792	0.209746	0.262854	0.223364	0.222449	0.212822	0.201249	0.182216	0.167978	0.16966	0.161971	0.159077	0.155585	0.151883	0.148836	0.149038	0.159254	0.166441	0.163306	0.175946	0.163737	0.156609	0.159251	0.155684	0.152863	0.154843	0.15724	0.161836	0.16693	0.175337	0.188137	0.205544	0.2296	0.222137	0.228568	0.235336	0.241288	0.246102	0.248403	0.246579	0.239475	0.228118	0.214667	0.203045	0.197683	0.194185	0.192045	0.190563	0.189586	0.188584	0.187753	0.186459	0.185119	0.184446	0.182266	0.180644	0.179043	0.177585	0.176567	0.176591	0.176229	0.175918	0.175651	0.175546	

174	0.133	8	0	task-0:0.23	|	0.259278	0.552905	0.552171	0.493983	0.251411	0.351084	0.341175	0.279137	0.243711	0.24286	0.244197	0.244162	0.236812	0.237344	0.234729	0.232067	0.230175	0.22736	0.224129	0.219897	0.213878	0.207702	0.202154	0.196767	0.19177	0.183517	0.177434	0.173713	0.177451	0.178434	0.175909	0.177564	0.180177	0.180044	0.454925	0.458035	0.179891	0.179743	0.154608	0.457435	0.457396	0.341094	0.170382	0.170271	0.0922132	0.0921909	0.135694	0.135658	0.0985393	0.094105	0.0933352	0.0879514	0.105706	0.105952	0.0935312	0.0852209	0.0843116	0.086133	0.0920232	0.0910587	0.0858164	0.0803541	0.0753145	0.07293	0.0718921	0.0692168	0.0653564	0.0612625	0.0570848	0.0526845	0.0480174	0.0429568	0.0378925	0.0337614	0.029243	0.0248371	0.020301	0.0161098	0.0126403	0.00948718	0.0069667	0.00511806	0.00808963	0.00405834	0.0029267	0.00246021	0.00252346	0.00253129	0.00200174	0.00162334	0.00129359	0.000988534	0.000712127	0.000484209	0.000295451	0.000169857	8.72359e-005	3.86802e-005	1.52387e-005	5.39733e-006	9.76257e-007	1.67397e-007	3.12263e-008	4.79729e-007	1.47863e-008	1.78456e-007	1.78291e-007	1.43228e-008	2.76568e-008	2.76568e-008	6.59054e-009	8.01189e-009	5.99316e-009	4.26544e-009	3.35607e-009	2.74512e-009	2.37592e-009	2.24439e-009	1.69471e-009	1.35578e-009	1.08543e-009	8.95661e-010	7.08862e-010	6.02895e-010	5.40963e-010	3.6429e-010	2.69015e-010	2.03126e-010	1.54039e-010	1.24577e-010	1.15873e-010	7.97782e-011	5.9319e-011	4.33024e-011	3.2009e-011	2.49615e-011	2.10481e-011	1.41032e-011	1.01719e-011	7.50339e-012	5.5794e-012	4.19031e-012	3.16018e-012	1.8553e-012	1.26549e-012	9.81958e-013	5.66037e-013	4.12284e-013	3.11712e-013	1.74569e-013	9.39915e-014	5.47571e-014	3.44618e-014	1.79572e-014	4.72807e-014	4.72807e-014	2.80459e-014	1.67281e-014	1.55735e-014	2.47494e-014	1.43717e-014	2.3421e-014	1.25265e-014	1.17811e-014	1.22464e-014	1.22464e-014	2.22124e-014	2.18946e-014	1.1399e-014	1.10068e-014	2.15418e-014	1.13569e-014	1.11219e-014	2.12843e-014	

137	0.166	8	0	task-0:0.24	|	0.249357	0.444171	0.444124	0.435326	0.271544	0.412377	0.383774	0.291624	0.240985	0.244287	0.230883	0.231965	0.221589	0.216444	0.212674	0.207626	0.20672	0.202204	0.198805	0.197965	0.196452	0.195354	0.195611	0.19454	0.192737	0.190495	0.188973	0.187121	0.184415	0.181357	0.178671	0.17485	0.170318	0.168222	0.168739	0.163881	0.160609	0.152455	0.132219	0.104661	0.171772	0.108124	0.109966	0.126659	0.111525	0.100159	0.0933396	0.088174	0.0807482	0.0663123	0.048124	0.0474685	0.0442812	0.0408947	0.0380976	0.0361543	0.0150024	0.0157549	0.00592212	0.0046269	0.00149945	0.000232288	6.64088e-005	1.02128e-005	2.81398e-006	4.54877e-007	1.75105e-007	1.21786e-007	7.62127e-008	9.7956e-008	5.01872e-008	2.59409e-008	1.23465e-008	6.34628e-009	3.04526e-009	9.11353e-010	2.22291e-010	1.23979e-010	4.19001e-011	1.97948e-011	1.3044e-011	7.84318e-012	4.59066e-012	1.97797e-012	9.48591e-013	6.14337e-013	3.81255e-013	2.18166e-013	1.05136e-013	1.17349e-013	9.22468e-014	5.95696e-014	5.47657e-014	3.65754e-014	4.44227e-014	5.66959e-014	5.029e-014	3.7853e-014	2.75114e-014	2.44846e-014	4.76242e-014	4.76242e-014	4.57559e-014	2.48833e-014	2.48833e-014	4.4956e-014	4.4956e-014	2.42886e-014	2.42886e-014	3.45433e-014	4.47704e-014	4.46797e-014	2.3837e-014	2.3837e-014	4.46307e-014	4.46307e-014	3.42312e-014	3.41993e-014	2.37758e-014	3.41546e-014	4.45465e-014	4.45436e-014	3.41393e-014	2.37445e-014	3.41401e-014	4.45337e-014	4.45312e-014	3.41317e-014	2.37339e-014	3.41288e-014	4.45266e-014	4.45258e-014	2.3731e-014	2.3731e-014	3.41284e-014	4.45267e-014	4.4526e-014	

84	0.128	8	0	task-0:0.478	|	0.312871	0.443348	0.442973	0.421644	0.281592	0.285305	0.266297	0.248715	0.247021	0.24504	0.243294	0.241375	0.239935	0.238954	0.239039	0.239215	0.239035	0.238902	0.239047	0.239448	0.240738	0.241723	0.242591	0.24341	0.244236	0.245037	0.245755	0.246399	0.24674	0.246865	0.246903	0.246914	0.246914	0.246914	0.246914	0.246914	0.246914	0.246914	0.246914	0.246914	0.246914	0.246914	0.246914	0.246914	0.246914	0.246914	0.246914	0.246914	0.246914	0.246914	0.246914	0.246914	0.246914	0.246914	0.246914	0.246914	0.246914	0.246914	0.246914	0.246914	0.246914	0.246914	0.246914	0.246914	0.246914	0.246914	0.246914	0.246914	0.246914	0.246914	0.246914	0.246914	0.246914	0.246914	0.246914	0.246914	0.246914	0.246914	0.246914	0.246914	0.246914	0.246914	0.246914	0.246914	

118	0.154	8	0	task-0:0.3	|	0.277047	0.441516	0.44021	0.405805	0.262238	0.343939	0.332793	0.265115	0.257827	0.257763	0.248246	0.247001	0.243931	0.240505	0.237136	0.233389	0.228299	0.222328	0.215803	0.207723	0.198635	0.189027	0.179664	0.177071	0.176446	0.168605	0.162071	0.160952	0.159212	0.159197	0.159301	0.160762	0.163239	0.165595	0.168682	0.173435	0.180525	0.187728	0.198288	0.195094	0.197644	0.198893	0.198382	0.162798	0.198611	0.182283	0.198529	0.198416	0.198093	0.197681	0.197101	0.196359	0.195222	0.193864	0.193796	0.193033	0.192086	0.190904	0.189231	0.189045	0.188121	0.18684	0.185375	0.18363	0.18157	0.161114	0.129853	0.127694	0.175344	0.174433	0.173983	0.174978	0.178516	0.178422	0.176501	0.176378	0.177111	0.177928	0.179018	0.132845	0.180721	0.181173	0.181499	0.135608	0.182349	0.182777	0.183294	0.183923	0.184683	0.169141	0.1391	0.179119	0.181351	0.145775	0.185035	0.185059	0.185089	0.185128	0.185179	0.185218	0.185256	0.185295	0.139688	0.185121	0.18499	0.180013	0.139032	0.184701	0.18473	0.184875	0.185155	0.185313	0.171132	0.139447	0.183353	0.184341	0.181199	0.13935	

