8	0.047	12	0	task-3:0.13	task-0:0.305	task-1:0.17	task-2:0.19	|	0.0941821	0.0508571	0.0511439	0.0431234	0.0484358	0.0424517	0.0410935	0.0385196	

4	0.031	12	0	task-3:0.385	task-0:0.055	task-1:0.2	task-2:0.34	|	0.0645736	0.0598385	0.0594022	0.0395985	

7	0.031	12	0	task-3:0.08	task-0:0.2	task-1:0.07	task-2:0.015	|	0.0811838	0.0596538	0.0589739	0.0490571	0.0484002	0.0435312	0.0367919	

7	0.047	12	0	task-3:0.015	task-0:0.025	task-1:0.155	task-2:0.195	|	0.0829307	0.0596092	0.05892	0.0497431	0.0484466	0.0443307	0.0282238	

7	0.046	12	0	task-3:0.14	task-0:0.01	task-1:0.17	task-2:0.195	|	0.088227	0.0596685	0.0596121	0.0492238	0.0498028	0.0401592	0.018809	

7	0.047	12	0	task-3:0.14	task-0:0.305	task-1:0.13	task-2:0.195	|	0.087388	0.0596963	0.059619	0.0488426	0.0493084	0.0463993	0.0325996	

7	0.047	12	0	task-3:0.14	task-0:0.295	task-1:0.17	task-2:0.005	|	0.0871154	0.0596847	0.059582	0.0438916	0.0452051	0.0402789	0.0267592	

7	0.046	12	0	task-3:0.125	task-0:0.305	task-1:0.175	task-2:0.195	|	0.0860404	0.0596658	0.0593309	0.0479489	0.0484049	0.0438535	0.0314198	

7	0.047	12	0	task-3:0.14	task-0:0.3	task-1:0.165	task-2:0.195	|	0.0894059	0.0596606	0.0593027	0.049966	0.0502553	0.0438475	0.0290644	

7	0.047	12	0	task-3:0.14	task-0:0.095	task-1:0.17	task-2:0.005	|	0.0795305	0.0596719	0.0596547	0.0498158	0.0531397	0.0493462	0.0254435	

7	0.046	12	0	task-3:0.14	task-0:0.305	task-1:0.16	task-2:0.195	|	0.0870131	0.059683	0.0597635	0.0565041	0.0495237	0.0465122	0.0351142	

7	0.047	12	0	task-3:0.14	task-0:0.165	task-1:0.18	task-2:0.195	|	0.0820771	0.0596218	0.0588318	0.0489711	0.0461736	0.0434887	0.0290148	

7	0.063	12	0	task-3:0.025	task-0:0.3	task-1:0.155	task-2:0.195	|	0.0908032	0.0596781	0.0595959	0.0488132	0.0490229	0.04472	0.0293794	

6	0.046	12	0	task-3:0.14	task-0:0.055	task-1:0.17	task-2:0.195	|	0.0855238	0.059661	0.0593777	0.0488879	0.0441863	0.0379231	

6	0.047	12	0	task-3:0.14	task-0:0.135	task-1:0.115	task-2:0.01	|	0.0905874	0.0596817	0.0596475	0.0443381	0.0425382	0.0391301	

7	0.047	12	0	task-3:0.14	task-0:0.36	task-1:0.155	task-2:0.01	|	0.0852723	0.0596428	0.0587477	0.0490443	0.0493032	0.0469768	0.0394265	

7	0.047	12	0	task-3:0.14	task-0:0.24	task-1:0.115	task-2:0.015	|	0.0836715	0.0596839	0.0596225	0.0498632	0.0486883	0.0439237	0.0337855	

7	0.047	12	0	task-3:0.14	task-0:0.035	task-1:0.175	task-2:0.195	|	0.0859794	0.0596723	0.0596122	0.0495073	0.0476524	0.0405936	0.0218375	

6	0.031	12	0	task-3:0.14	task-0:0.03	task-1:0.165	task-2:0.01	|	0.0837758	0.0595788	0.0585392	0.0487322	0.0453018	0.0384551	

7	0.047	12	0	task-3:0.14	task-0:0.09	task-1:0.085	task-2:0.195	|	0.0857688	0.0596877	0.0592002	0.0495507	0.0486679	0.0447458	0.0305334	

6	0.047	12	0	task-3:0.095	task-0:0.04	task-1:0.175	task-2:0.195	|	0.0855809	0.059682	0.0591267	0.0487063	0.0433457	0.036101	

7	0.046	12	0	task-3:0.02	task-0:0.305	task-1:0.17	task-2:0.01	|	0.0895192	0.0580984	0.0580996	0.0491434	0.0423494	0.0432701	0.037198	

7	0.063	12	0	task-3:0.125	task-0:0.165	task-1:0.17	task-2:0.02	|	0.0930865	0.0581011	0.0581031	0.0489297	0.0495762	0.0444387	0.0361111	

12	0.078	12	0	task-3:0.04	task-0:0.125	task-1:0.065	task-2:0	|	0.0835334	0.0580969	0.0580991	0.048994	0.0503709	0.0476464	0.0441704	0.043082	0.0445154	0.0436957	0.0404494	0.0278554	

5	0.032	12	0	task-3:0.12	task-0:0.345	task-1:0.175	task-2:0.015	|	0.0857036	0.0581015	0.0580945	0.0488818	0.036624	

11	0.093	12	0	task-3:0.065	task-0:0.155	task-1:0.1	task-2:0	|	0.089388	0.0580978	0.0581006	0.0492682	0.0545019	0.0563985	0.0443052	0.0484645	0.0563363	0.0554672	0.0370459	

7	0.047	12	0	task-3:0.005	task-0:0.25	task-1:0.18	task-2:0.03	|	0.0800793	0.0581019	0.0580978	0.0488457	0.0419195	0.046108	0.0385232	

5	0.031	12	0	task-3:0.025	task-0:0.455	task-1:0.185	task-2:0.15	|	0.0861198	0.0581039	0.058097	0.0489819	0.0353471	

11	0.062	12	0	task-3:0.015	task-0:0.075	task-1:0.055	task-2:0	|	0.0836695	0.0581009	0.0581125	0.0491637	0.0451616	0.0470158	0.04267	0.0401765	0.0445117	0.0414511	0.028837	

5	0.031	12	0	task-3:0.075	task-0:0.435	task-1:0.17	task-2:0.15	|	0.0848196	0.058099	0.0580977	0.048926	0.0338308	

5	0.047	12	0	task-3:0.075	task-0:0.365	task-1:0.28	task-2:0.31	|	0.0914304	0.0580991	0.0581103	0.049095	0.0387539	

5	0.031	12	0	task-3:0.325	task-0:0.485	task-1:0.265	task-2:0.015	|	0.0792881	0.0581007	0.0580983	0.048647	0.0396498	

5	0.031	12	0	task-3:0.08	task-0:0.395	task-1:0.17	task-2:0.15	|	0.0844707	0.0580969	0.0580979	0.0488992	0.0308308	

12	0.078	12	0	task-3:0.025	task-0:0.085	task-1:0.075	task-2:0.04	|	0.085962	0.0581003	0.0580972	0.048978	0.0415715	0.0416984	0.0433719	0.0495966	0.0543707	0.0510605	0.0416199	0.031911	

7	0.047	12	0	task-3:0.075	task-0:0.305	task-1:0.365	task-2:0.005	|	0.0953366	0.0580972	0.0581127	0.0491946	0.042237	0.0426906	0.036608	

5	0.031	12	0	task-3:0.03	task-0:0.465	task-1:0.18	task-2:0.105	|	0.073096	0.0580925	0.0580936	0.0487289	0.0318263	

7	0.047	12	0	task-3:0.095	task-0:0.185	task-1:0.325	task-2:0.02	|	0.0925447	0.058102	0.0580969	0.0490945	0.0439798	0.046774	0.0358546	

5	0.031	12	0	task-3:0	task-0:0.445	task-1:0.17	task-2:0.175	|	0.0812814	0.0580975	0.058124	0.0495627	0.0357516	

7	0.046	12	0	task-3:0.01	task-0:0.13	task-1:0.19	task-2:0.015	|	0.0829807	0.0581042	0.0580981	0.0490345	0.0434263	0.0410748	0.0263449	

6	0.032	12	0	task-3:0.14	task-0:0.04	task-1:0.17	task-2:0.045	|	0.13002	0.0585632	0.0558391	0.0405869	0.0438519	0.0190563	

5	0.031	12	0	task-3:0.125	task-0:0.055	task-1:0.265	task-2:0.005	|	0.129876	0.0578747	0.0531938	0.040295	0.0390557	

5	0.032	12	0	task-3:0.125	task-0:0.09	task-1:0.295	task-2:0.16	|	0.131193	0.0585849	0.0576463	0.0430047	0.0368178	

4	0.016	12	0	task-3:0.33	task-0:0.49	task-1:0.32	task-2:0	|	0.128427	0.0577784	0.0543543	0.0357997	

6	0.032	12	0	task-3:0.145	task-0:0.14	task-1:0.155	task-2:0.195	|	0.128527	0.0561824	0.0534651	0.0430578	0.0461152	0.0350549	

6	0.031	12	0	task-3:0.14	task-0:0.155	task-1:0.17	task-2:0.02	|	0.129256	0.0586423	0.057292	0.0449688	0.045829	0.029429	

6	0.047	12	0	task-3:0.14	task-0:0.195	task-1:0.17	task-2:0	|	0.129437	0.0587179	0.0587668	0.0462054	0.0493015	0.0324995	

6	0.031	12	0	task-3:0.14	task-0:0.065	task-1:0.17	task-2:0.01	|	0.129942	0.0559949	0.0551176	0.0453165	0.0452882	0.029413	

5	0.031	12	0	task-3:0.13	task-0:0.065	task-1:0.195	task-2:0.155	|	0.130168	0.0585913	0.0587098	0.0460752	0.0385858	

6	0.047	12	0	task-3:0.14	task-0:0.25	task-1:0.17	task-2:0.19	|	0.130185	0.057843	0.0554928	0.0472231	0.0519881	0.0387962	

6	0.047	12	0	task-3:0.14	task-0:0.06	task-1:0.17	task-2:0.07	|	0.128845	0.0555292	0.0551566	0.0459625	0.0418261	0.0291826	

6	0.047	12	0	task-3:0.14	task-0:0.165	task-1:0.17	task-2:0	|	0.128919	0.0558065	0.0551938	0.0438294	0.0492722	0.0211395	

5	0.046	12	0	task-3:0.145	task-0:0.07	task-1:0.27	task-2:0.165	|	0.127803	0.0577849	0.0548082	0.0427866	0.0332297	

7	0.047	12	0	task-3:0.14	task-0:0.175	task-1:0.17	task-2:0.195	|	0.127417	0.0577831	0.0567783	0.0470641	0.0524453	0.0423623	0.0253539	

6	0.031	12	0	task-3:0.14	task-0:0.125	task-1:0.175	task-2:0.195	|	0.12866	0.0585542	0.0588025	0.0434794	0.0463211	0.029229	

6	0.031	12	0	task-3:0.135	task-0:0.025	task-1:0.17	task-2:0	|	0.127983	0.0555652	0.0533041	0.045764	0.0403601	0.0246496	

6	0.047	12	0	task-3:0.14	task-0:0.135	task-1:0.17	task-2:0	|	0.131165	0.0573232	0.0550997	0.045167	0.0449976	0.027208	

6	0.047	12	0	task-3:0.14	task-0:0.055	task-1:0.17	task-2:0.015	|	0.128908	0.0579769	0.0551372	0.0420635	0.0422943	0.0157591	

5	0.031	12	0	task-3:0.135	task-0:0.095	task-1:0.23	task-2:0.195	|	0.129366	0.0570258	0.0551694	0.0472324	0.0365383	

4	0.031	12	0	task-3:0.115	task-0:0.18	task-1:0.155	task-2:0.005	|	0.130512	0.0572204	0.0550056	0.0295983	

7	0.063	12	0	task-3:0.14	task-0:0.145	task-1:0.17	task-2:0.08	|	0.130599	0.0586428	0.0586985	0.0478953	0.0567005	0.043431	0.0246042	

