5	0	0	0	task-0:0.02	|	0.373618	0.185014	0.0084476	0.00534029	0.00354048	0.00174678	

6	0	0	0	task-0:0.005	|	0.440277	0.178834	0.0222038	0.0122675	0.00574385	0.00384616	0.00194947	

4	0	0	0	task-0:0.045	|	0.336588	0.235112	0.00590591	0.00447163	0.00197851	

5	0	0	0	task-0:0.02	|	0.352976	0.234534	0.0138936	0.005919	0.00410054	0.00200439	

6	0	0	0	task-0:0.02	|	0.26303	0.177553	0.0213881	0.0110512	0.00536377	0.0027266	0.00113885	

5	0	0	0	task-0:0.015	|	0.297776	0.193691	0.00983566	0.00694956	0.00312266	0.00102053	

3	0	0	0	task-0:0.01	|	0.354019	0.155776	0.00418228	0.0023844	

4	0	0	0	task-0:0.035	|	0.27168	0.188889	0.0106155	0.0052799	0.00147777	

5	0.016	0	0	task-0:0.01	|	0.305833	0.22834	0.00984919	0.00701308	0.00302595	0.00131218	

4	0	0	0	task-0:0.03	|	0.320114	0.21782	0.00704453	0.00401437	0.00230836	

2	0	0	0	task-0:0.03	|	0.357019	0.237526	0.00209915	

6	0	0	0	task-0:0	|	0.301329	0.241327	0.028546	0.0225702	0.00647431	0.0037633	0.0017641	

4	0	0	0	task-0:0.005	|	0.304973	0.255245	0.0440939	0.244159	0.000921574	

4	0	0	0	task-0:0.015	|	0.287658	0.213014	0.00576337	0.00388653	0.00168499	

7	0.015	0	0	task-0:0.005	|	0.302159	0.228191	0.0190215	0.0133971	0.00673474	0.00405388	0.00259078	0.00104624	

6	0	0	0	task-0:0.01	|	0.356182	0.243796	0.0148237	0.00855412	0.00509948	0.00315299	0.00157698	

5	0	0	0	task-0:0.005	|	0.279622	0.193914	0.0271342	0.0178992	0.00716424	0.00234404	

5	0	0	0	task-0:0.01	|	0.298359	0.229974	0.0229195	0.0113495	0.00457165	0.00191846	

6	0	0	0	task-0:0.01	|	0.29437	0.223686	0.0218885	0.0142276	0.00810588	0.00278117	0.0010046	

6	0	0	0	task-0:0.005	|	0.309443	0.219021	0.0266513	0.0152	0.00672801	0.00254952	0.00133211	

2	0	0	0	task-0:0.01	|	0.30208	0.248083	0.0024592	

5	0	0	0	task-0:0.02	|	0.303137	0.206893	0.0126728	0.00823403	0.00475423	0.00154632	

5	0	0	0	task-0:0.005	|	0.369478	0.225144	0.013543	0.00523016	0.00328129	0.00208448	

4	0	0	0	task-0:0.03	|	0.277837	0.208579	0.011184	0.00589613	0.00139456	

4	0	0	0	task-0:0.01	|	0.281654	0.150486	0.0121584	0.00536419	0.00116053	

5	0	0	0	task-0:0.025	|	0.322847	0.205631	0.0126371	0.00703877	0.00475702	0.001906	

5	0	0	0	task-0:0.02	|	0.311965	0.252717	0.0105623	0.00730273	0.0027795	0.000895792	

5	0	0	0	task-0:0.005	|	0.302821	0.270145	0.0497396	0.183004	0.00454719	0.00162775	

2	0	0	0	task-0:0.005	|	0.368694	0.251351	0.000549094	

4	0	0	0	task-0:0.01	|	0.304312	0.201303	0.0059241	0.00386848	0.00115343	

6	0	0	0	task-0:0.01	|	0.294252	0.206689	0.0314116	0.0178717	0.00795362	0.00347839	0.0017462	

3	0	0	0	task-0:0.005	|	0.33508	0.259816	0.00429878	0.00124579	

2	0	0	0	task-0:0.02	|	0.320074	0.223319	0.00219465	

5	0	0	0	task-0:0	|	0.286871	0.235728	0.0205743	0.0126733	0.00426073	0.00157288	

6	0	0	0	task-0:0.005	|	0.3191	0.226597	0.0335732	0.0180281	0.00799748	0.00407728	0.00178454	

5	0	0	0	task-0:0.01	|	0.319588	0.20334	0.0111994	0.00745866	0.00276739	0.00163495	

5	0	0	0	task-0:0.005	|	0.348662	0.258414	0.0206013	0.0110188	0.00280706	0.00148404	

5	0	0	0	task-0:0.03	|	0.28546	0.203662	0.0105303	0.00660477	0.0032941	0.00169305	

4	0	0	0	task-0:0.03	|	0.307652	0.214387	0.00856315	0.00456852	0.00167938	

5	0.016	0	0	task-0:0.01	|	0.324016	0.278685	0.0795011	0.314019	0.00875468	0.00238314	

6	0	0	0	task-0:0.015	|	0.328679	0.207012	0.0204474	0.011466	0.0055133	0.00250306	0.000948884	

5	0	0	0	task-0:0.035	|	0.285939	0.194639	0.009942	0.00630336	0.0034434	0.00169144	

6	0	0	0	task-0:0.025	|	0.300337	0.257784	0.0307257	0.0352802	0.00624992	0.00250708	0.00186091	

5	0	0	0	task-0:0.01	|	0.31851	0.281842	0.0436808	0.18555	0.00541904	0.00118457	

4	0	0	0	task-0:0.055	|	0.312635	0.244496	0.00438517	0.00255531	0.00170494	

5	0	0	0	task-0:0.025	|	0.310899	0.222129	0.0256205	0.0143724	0.00410227	0.00161802	

6	0	0	0	task-0:0.025	|	0.297828	0.246902	0.0317745	0.0184046	0.00693278	0.00500935	0.00248939	

8	0	0	0	task-0:0.005	|	0.301824	0.239886	0.0400548	0.0352272	0.0158127	0.0119289	0.00737565	0.00521824	0.002451	

4	0	0	0	task-0:0.025	|	0.373869	0.273883	0.0748308	0.0954808	0.00103296	

4	0	0	0	task-0:0.02	|	0.300017	0.192303	0.0102076	0.0054694	0.00209934	

5	0	0	0	task-0:0.015	|	0.257143	0.198412	0.0248902	0.0152716	0.00480445	0.00173875	

5	0.016	0	0	task-0:0.02	|	0.362751	0.271734	0.067624	0.254733	0.00251239	0.00196642	

8	0	0	0	task-0:0.02	|	0.328504	0.244745	0.037281	0.0719081	0.0138516	0.0042705	0.00364576	0.00256279	0.00128868	

5	0	0	0	task-0:0.03	|	0.238227	0.238122	0.0103211	0.00680217	0.00335018	0.00103739	

6	0	0	0	task-0:0.015	|	0.278998	0.193856	0.0208542	0.0147278	0.00739538	0.00285208	0.00117288	

4	0	0	0	task-0:0.01	|	0.333808	0.258495	0.0500839	0.194594	0.000887401	

5	0	0	0	task-0:0.02	|	0.302064	0.25517	0.026207	0.021693	0.00453176	0.00211251	

4	0	0	0	task-0:0.065	|	0.340662	0.172368	0.00553294	0.00341847	0.00097933	

4	0	0	0	task-0:0.04	|	0.296559	0.204361	0.00647776	0.00471086	0.00204559	

4	0	0	0	task-0:0.015	|	0.308207	0.163634	0.00846629	0.00367033	0.0010321	

