57	1.561	32	0	task-3:0.226	task-0:0.034	task-1:0.05	task-2:0.194	|	0.16517	0.02	0.0199999	0.019808	0.0831601	0.0799232	0.0188372	0.018783	0.0180969	0.0182006	0.0180544	0.0181275	0.0181136	0.0178709	0.0176356	0.0175734	0.0176328	0.017614	0.0175209	0.017387	0.0173248	0.017325	0.017282	0.0172256	0.0171754	0.0171364	0.0171766	0.0174675	0.0173568	0.0173833	0.0174163	0.0176404	0.018321	0.0173781	0.0168045	0.0156132	0.0166287	0.0157859	0.0153325	0.0152974	0.0151292	0.0154661	0.0153574	0.014993	0.0147418	0.0145985	0.0145623	0.0146016	0.0144546	0.014212	0.0138401	0.0134804	0.013181	0.0128017	0.0121953	0.0116772	0.0111832	

57	1.759	32	0	task-3:0.226	task-0:0.034	task-1:0.05	task-2:0.194	|	0.0333161	0.02	0.02	0.0199441	0.0780721	0.0768717	0.0194987	0.0189213	0.0185165	0.0176783	0.0182143	0.0179003	0.017395	0.0173245	0.0171276	0.0171194	0.0171042	0.0171687	0.0171789	0.0171044	0.0170851	0.0171023	0.0171242	0.0171593	0.0171886	0.0171339	0.0170193	0.0168785	0.0166651	0.0164038	0.0158511	0.0155648	0.0150138	0.0145136	0.0143262	0.0139652	0.0136565	0.0129797	0.012843	0.0127241	0.0123766	0.0122759	0.0120646	0.0117293	0.0113643	0.0109282	0.0103973	0.00975119	0.00892675	0.00782598	0.00667376	0.0061885	0.00577909	0.00561138	0.00637122	0.00585954	0.00482125	

53	1.607	32	0	task-3:0.226	task-0:0.034	task-1:0.95	task-2:0.806	|	0.148817	0.02	0.02	0.0199879	0.0329012	0.0398724	0.0188075	0.0182366	0.0178843	0.0181413	0.0180984	0.0178307	0.0177051	0.0176368	0.0176071	0.017417	0.0173241	0.0172474	0.0171139	0.0170232	0.0169512	0.0168916	0.0168558	0.0168642	0.016881	0.0168399	0.0167446	0.0166297	0.0162819	0.0154651	0.0155137	0.0147571	0.0145872	0.0147991	0.0145257	0.0145039	0.0146572	0.0145734	0.0140806	0.0134481	0.0130752	0.0130701	0.0129718	0.0127904	0.0125635	0.0123055	0.0120036	0.0116693	0.0112723	0.0108399	0.0103576	0.00967053	0.00904935	

64	1.927	32	0	task-3:0.226	task-0:0.034	task-1:0.05	task-2:0.194	|	0.0756035	0.02	0.02	0.0199901	0.0538905	0.0601618	0.0183085	0.0193517	0.0189325	0.017765	0.0243043	0.0218793	0.0177225	0.0184669	0.0186054	0.0180654	0.0175026	0.0173956	0.0173674	0.0171957	0.016935	0.0167936	0.0167287	0.0166028	0.016495	0.0164544	0.0162964	0.0160933	0.0148673	0.0145076	0.0177963	0.0167566	0.0149692	0.0149651	0.0150041	0.0148032	0.0145239	0.0138744	0.0134393	0.0130697	0.0126554	0.0119931	0.0113584	0.0120021	0.0111964	0.0113927	0.0110023	0.010799	0.0105298	0.0104197	0.00975544	0.00911556	0.00845185	0.00770718	0.0070516	0.00636958	0.0060762	0.00594837	0.00562826	0.0050968	0.00450415	0.00387199	0.00321041	0.00314097	

75	1.92	32	0	task-3:0.132	task-0:0.034	task-1:0.05	task-2:0.194	|	0.106733	0.02	0.0199999	0.0198839	0.0310359	0.0310561	0.0184324	0.0179857	0.0178277	0.0179031	0.0180399	0.0176307	0.0176462	0.0175998	0.0174334	0.017269	0.0171314	0.0171028	0.0170371	0.0166204	0.0162402	0.0165765	0.0164754	0.016143	0.0155834	0.0151864	0.014875	0.0146473	0.0149368	0.0148555	0.0145389	0.0142314	0.0141348	0.0141623	0.0142733	0.014236	0.0140739	0.014009	0.0139992	0.0138677	0.0137256	0.0134853	0.0132432	0.0129649	0.0126806	0.0124562	0.0121701	0.0118305	0.0113672	0.0109282	0.0108932	0.0102815	0.00962455	0.00926254	0.00896007	0.00867367	0.00840531	0.00823397	0.00793908	0.00779006	0.0076221	0.00732206	0.00708576	0.00678155	0.00652861	0.00616475	0.00572995	0.00524363	0.00470279	0.00418977	0.00378087	0.0045269	0.00403791	0.00342949	0.00324272	

99	2.336	32	0	task-3:0.252	task-0:0.034	task-1:0.05	task-2:0.194	|	0.171244	0.02	0.02	0.0199803	0.14117	0.137527	0.0187653	0.0189382	0.0238075	0.0245518	0.0181396	0.0186973	0.0186886	0.0179859	0.0197118	0.0194574	0.0178881	0.0179293	0.0179076	0.0176801	0.0176225	0.0175644	0.0175705	0.017609	0.017559	0.0174907	0.017438	0.0173783	0.0173077	0.0172549	0.0172905	0.0175871	0.0175086	0.0177285	0.0176639	0.0174669	0.0172979	0.0171906	0.0172096	0.0171882	0.0171565	0.0171415	0.0170677	0.016984	0.0168392	0.0168125	0.0161259	0.015797	0.0157135	0.015866	0.0154379	0.0155968	0.0155582	0.0152686	0.0152775	0.0153252	0.0154203	0.0153833	0.0152189	0.0150164	0.0149013	0.0148402	0.0147769	0.0146928	0.014531	0.0144497	0.0144373	0.0142095	0.0141488	0.0139309	0.0138562	0.0137576	0.0137815	0.0136928	0.0136089	0.0136102	0.0135531	0.0135251	0.0134523	0.013376	0.0133526	0.0130168	0.0129512	0.0129668	0.0127594	0.0124528	0.0121608	0.0118499	0.0115929	0.011342	0.0110204	0.0106481	0.0109664	0.01059	0.0102377	0.0100337	0.0101086	0.00993972	0.00981075	

53	1.282	32	0	task-3:0.226	task-0:0.034	task-1:0.05	task-2:0.194	|	0.140188	0.0199999	0.0199991	0.0197526	0.03071	0.0322155	0.019427	0.0181897	0.018071	0.0182123	0.0182155	0.0179862	0.0179742	0.0178899	0.0177914	0.01778	0.0176368	0.0175686	0.0174639	0.017271	0.0172336	0.0170976	0.0169599	0.0168069	0.0166286	0.0167409	0.0182723	0.01732	0.0181602	0.0176567	0.0173748	0.0170577	0.0169716	0.0169012	0.0168227	0.0167131	0.0166325	0.0164907	0.0161629	0.0158556	0.0156781	0.0152943	0.0149024	0.0145772	0.0141775	0.0136655	0.0133643	0.0130941	0.0126882	0.0121334	0.0114571	0.0105673	0.00963803	

82	1.944	32	0	task-3:0.198	task-0:0.034	task-1:0.05	task-2:0.194	|	0.0343352	0.02	0.02	0.019976	0.124261	0.0920078	0.0186255	0.0188431	0.0183101	0.0182969	0.0181042	0.0180562	0.0178618	0.0177334	0.0176009	0.017587	0.0175324	0.0174177	0.0172899	0.0171778	0.017072	0.0169628	0.0169609	0.0170302	0.0169454	0.016776	0.0166758	0.0167357	0.0171766	0.0183584	0.017765	0.0163919	0.0163392	0.0159425	0.015904	0.0160577	0.0149945	0.015457	0.0154112	0.0149933	0.0149221	0.0149499	0.0148528	0.0147987	0.014658	0.0144143	0.0140875	0.0138582	0.0136168	0.0132829	0.0130105	0.0127849	0.0127168	0.0126732	0.0122886	0.0122361	0.0119701	0.0118222	0.0116255	0.0113281	0.0111176	0.0109252	0.0105972	0.0103435	0.0100685	0.00975743	0.00949628	0.0090519	0.00844156	0.00804592	0.00745124	0.00681142	0.00645624	0.00562117	0.00477955	0.00422365	0.0035764	0.00297725	0.00245438	0.00200607	0.00156587	0.00127604	

84	2.036	32	0	task-3:0.118	task-0:0.034	task-1:0.05	task-2:0.054	|	0.180666	0.02	0.02	0.0196836	0.160818	0.155918	0.0382109	0.0188188	0.0184066	0.0180097	0.0178919	0.0175454	0.0174558	0.017276	0.0172759	0.0172151	0.0172549	0.0171135	0.0171081	0.0167173	0.0164881	0.0162457	0.0157032	0.015498	0.0150425	0.0143893	0.0139485	0.0135173	0.0130391	0.0124787	0.0117043	0.0122595	0.0113634	0.0110346	0.0111664	0.0106471	0.0101486	0.0096738	0.00921485	0.00874172	0.00849917	0.00821975	0.00794427	0.00769254	0.00720143	0.00670738	0.00619029	0.00604203	0.00570053	0.00538456	0.00504878	0.00466635	0.0042496	0.00384567	0.00345474	0.00322242	0.00272714	0.00268032	0.00243583	0.00235768	0.00221092	0.0020826	0.00195093	0.00182488	0.00170397	0.00159798	0.00149192	0.00138895	0.00125952	0.0014846	0.00109723	0.00156953	0.00157009	0.00110221	0.00109193	0.00108004	0.0010023	0.00108594	0.00106159	0.0009904	0.000960755	0.000954009	0.000934764	0.000898822	

60	1.044	32	0	task-3:0.226	task-0:0.034	task-1:0.05	task-2:0.194	|	0.0918731	0.02	0.02	0.0199265	0.0874873	0.0701484	0.0200971	0.0179992	0.0178447	0.0184264	0.0184973	0.0178242	0.0178191	0.0177584	0.0175176	0.017521	0.0174637	0.0173767	0.0173102	0.017309	0.0173854	0.0176001	0.0175341	0.0176176	0.017507	0.0173276	0.0170842	0.0169227	0.0170975	0.0170236	0.0168056	0.0168336	0.0168378	0.016837	0.0167904	0.0166903	0.0165564	0.0164428	0.0163269	0.0162259	0.0160398	0.0158288	0.0155881	0.0152022	0.0146483	0.0143768	0.0139308	0.0135016	0.0130145	0.0126094	0.0119653	0.0112078	0.010785	0.0100667	0.00967958	0.00891149	0.00834296	0.00782056	0.00716272	0.00709004	

78	0.913	32	0	task-3:0.254	task-0:0.034	task-1:0.05	task-2:0.194	|	0.0183667	0.02	0.0199993	0.0195131	0.0504797	0.0368037	0.0186125	0.0189424	0.0187053	0.0180402	0.0188592	0.0185091	0.0178976	0.0180043	0.0178688	0.017734	0.0176752	0.0176119	0.0175278	0.0174331	0.017364	0.0173314	0.0173003	0.0183356	0.0181799	0.0176771	0.0175249	0.0165654	0.0165834	0.0166822	0.0167355	0.0160158	0.0159866	0.0163823	0.0163379	0.016034	0.0157262	0.0156528	0.0156813	0.0155843	0.0154114	0.0152745	0.0151669	0.0150548	0.0148683	0.0146683	0.014448	0.0142278	0.0140197	0.013883	0.0136715	0.0134233	0.0131453	0.0128288	0.0124974	0.0121916	0.0118383	0.0115742	0.0112538	0.0108799	0.0104095	0.00987709	0.00926975	0.00863062	0.00830879	0.00813487	0.00783685	0.00744477	0.00719087	0.00684385	0.00680065	0.00683102	0.00699828	0.00696049	0.00674245	0.00663665	0.00641225	0.00624506	

63	0.764	32	0	task-3:0.244	task-0:0.034	task-1:0.05	task-2:0.194	|	0.0536858	0.02	0.0199999	0.0199492	0.0377616	0.0450014	0.018884	0.0188258	0.0185879	0.0180446	0.0187839	0.0178844	0.0179706	0.0182722	0.0180865	0.0177262	0.0174865	0.0173115	0.0171731	0.0171887	0.0171739	0.0172236	0.0172041	0.0171733	0.0171831	0.0171821	0.0165605	0.0164503	0.0166604	0.0165696	0.016367	0.0156401	0.0153488	0.0154628	0.0158286	0.0155161	0.0144933	0.0137094	0.0127473	0.0116559	0.0101803	0.00943198	0.00969413	0.00888725	0.00856358	0.00792112	0.00709633	0.0067268	0.00596959	0.00533627	0.00471314	0.00419385	0.00360838	0.00310061	0.00277298	0.00233384	0.0020313	0.00172078	0.00148203	0.0013047	0.00113637	0.00105451	0.000866839	

53	0.64	32	0	task-3:0.226	task-0:0.034	task-1:0.05	task-2:0.806	|	0.13368	0.02	0.0199997	0.0191703	0.170263	0.128388	0.0332231	0.0187235	0.0177275	0.0175277	0.0185544	0.0197373	0.0183015	0.0171263	0.0173455	0.0174152	0.0171045	0.0169322	0.0168828	0.0168821	0.0168697	0.0168185	0.0167418	0.0166779	0.0166341	0.0166225	0.0167174	0.0168922	0.0171667	0.0174323	0.016425	0.0152399	0.0166855	0.0147123	0.0141255	0.0137105	0.0130328	0.0129028	0.0123722	0.0117714	0.0116215	0.011147	0.0106071	0.0101918	0.00946928	0.00874257	0.00788017	0.00711002	0.00677575	0.00683892	0.00650915	0.00676245	0.00630877	

81	0.968	32	0	task-3:0.4	task-0:0.034	task-1:0.05	task-2:0.194	|	0.175024	0.02	0.0199999	0.0199055	0.0496666	0.052287	0.0210438	0.0188651	0.018636	0.0177528	0.0175615	0.016964	0.0171051	0.0168702	0.0164028	0.0160815	0.0160408	0.0157432	0.0155782	0.0155086	0.0152317	0.0149197	0.0145545	0.0143707	0.0136134	0.0130449	0.0125526	0.012075	0.0119599	0.0116914	0.011616	0.0116578	0.0110105	0.0110464	0.0109358	0.0107256	0.0106492	0.0104472	0.010422	0.0103057	0.0101205	0.00994173	0.00975968	0.00952835	0.00924597	0.00892108	0.00861564	0.0084596	0.00812206	0.00778872	0.00745515	0.00702973	0.00660536	0.0063641	0.00600546	0.00607293	0.00585658	0.00553708	0.0054156	0.00525617	0.00511499	0.00501605	0.00483087	0.00462474	0.00438843	0.00414567	0.00385584	0.00352614	0.00315739	0.00274081	0.00229796	0.00185206	0.00143332	0.00141042	0.00104271	0.000886564	0.000764663	0.000936125	0.000622354	0.000570574	0.00053337	

89	1.083	32	0	task-3:0.186	task-0:0.034	task-1:0.05	task-2:0.194	|	0.150022	0.02	0.0199999	0.0198174	0.119006	0.0873547	0.0209119	0.0190854	0.0186787	0.0182482	0.0180533	0.0179107	0.0178567	0.0175895	0.0174682	0.0173386	0.0172653	0.0172898	0.017295	0.0172597	0.0172849	0.0173508	0.0173652	0.0173753	0.017147	0.0164812	0.0161949	0.016029	0.0159234	0.0157828	0.0154852	0.0151318	0.0148851	0.0148743	0.0149605	0.0148593	0.0146494	0.0143947	0.0141726	0.0140907	0.013496	0.0128809	0.0118791	0.0105361	0.0135682	0.0106588	0.0105305	0.0107767	0.0113625	0.0105319	0.00996347	0.00995723	0.00984566	0.010024	0.00988157	0.0096147	0.00950119	0.00940679	0.00932978	0.00931137	0.00931872	0.00937247	0.009497	0.00967981	0.00995609	0.0103679	0.0102891	0.0103782	0.0104734	0.0106952	0.0104315	0.0103976	0.010373	0.0103675	0.0104057	0.0100891	0.0100508	0.0101638	0.0100839	0.0100428	0.0100338	0.00998196	0.0098543	0.00978346	0.0097262	0.00964255	0.00953038	0.00941147	0.00928514	

56	0.697	32	0	task-3:0.226	task-0:0.034	task-1:0.05	task-2:0.492	|	0.113382	0.02	0.02	0.0199691	0.0357334	0.0364406	0.0185375	0.0183387	0.0193076	0.0186288	0.0179275	0.0178429	0.0176931	0.0176595	0.0176639	0.017671	0.017639	0.0176578	0.0176797	0.0176721	0.0176816	0.0176764	0.0176641	0.0176554	0.0176423	0.0176314	0.0176238	0.0176214	0.0169929	0.0168406	0.0176558	0.0176772	0.0174343	0.0173084	0.0173139	0.0168726	0.0168168	0.0166803	0.0166026	0.0165206	0.0165732	0.0165254	0.0164302	0.0163946	0.0162912	0.016152	0.0150352	0.0146891	0.0143023	0.0139527	0.0136709	0.0135902	0.0135841	0.0135841	0.0136272	0.0135298	

56	0.696	32	0	task-3:0.226	task-0:0.034	task-1:0.05	task-2:0.492	|	0.113382	0.02	0.02	0.0199691	0.0357334	0.0364406	0.0185375	0.0183387	0.0193076	0.0186288	0.0179275	0.0178429	0.0176931	0.0176595	0.0176639	0.017671	0.017639	0.0176578	0.0176797	0.0176721	0.0176816	0.0176764	0.0176641	0.0176554	0.0176423	0.0176314	0.0176238	0.0176214	0.0169929	0.0168406	0.0176558	0.0176772	0.0174343	0.0173084	0.0173139	0.0168726	0.0168168	0.0166803	0.0166026	0.0165206	0.0165732	0.0165254	0.0164302	0.0163946	0.0162912	0.016152	0.0150352	0.0146891	0.0143023	0.0139527	0.0136709	0.0135902	0.0135841	0.0135841	0.0136272	0.0135298	

60	0.756	32	0	task-3:0.226	task-0:0.034	task-1:0.05	task-2:0.194	|	0.0187802	0.199989	0.199907	0.100119	0.0192562	0.0187734	0.0192828	0.0196725	0.0179167	0.0186021	0.0186684	0.0180796	0.0177964	0.0176513	0.0175213	0.0175403	0.0175087	0.0174863	0.0174013	0.0173206	0.017269	0.0172194	0.0171578	0.0170879	0.0170016	0.0167275	0.0160466	0.0158878	0.0159732	0.0158599	0.01553	0.0152292	0.0150382	0.0147747	0.0143964	0.013929	0.0135937	0.0133445	0.0130579	0.0127091	0.0123784	0.0120543	0.0117044	0.0110629	0.0109467	0.0107898	0.0105804	0.0103681	0.00995219	0.00958825	0.00914403	0.00867131	0.00813416	0.00759582	0.00719176	0.00705936	0.00655201	0.00641177	0.00585045	0.00531216	

59	0.717	32	0	task-3:0.226	task-0:0.034	task-1:0.05	task-2:0.194	|	0.0619366	0.02	0.02	0.0198118	0.129226	0.0820803	0.0221687	0.0177424	0.0182778	0.0183545	0.0177564	0.0178914	0.017859	0.0175816	0.0175483	0.0174784	0.017433	0.0173924	0.0173531	0.017314	0.0171003	0.0164173	0.0154926	0.0159528	0.0151539	0.0153294	0.0155875	0.0151853	0.0149487	0.0145785	0.0141409	0.014222	0.0138632	0.0132748	0.0129688	0.0126728	0.0121376	0.0118079	0.0113811	0.0107651	0.0106367	0.0105684	0.0103152	0.00991114	0.009852	0.00935137	0.00859321	0.00829949	0.00749756	0.00703509	0.00678666	0.00605302	0.0068757	0.00525965	0.00542091	0.00469574	0.00486516	0.00462563	0.00434839	

101	1.226	32	0	task-3:0.17	task-0:0.034	task-1:0.05	task-2:0.194	|	0.0852033	0.02	0.0199999	0.0198443	0.0812238	0.0390215	0.0182544	0.018007	0.0180804	0.017968	0.017913	0.0177622	0.0178485	0.0179542	0.0178337	0.0177041	0.0177217	0.017641	0.0175406	0.0175358	0.0174932	0.0174204	0.0173552	0.0172943	0.0172241	0.0171627	0.0171201	0.0170693	0.0170043	0.0169645	0.016933	0.0168765	0.016599	0.016303	0.0157962	0.0155136	0.0150609	0.0148664	0.0145856	0.0143347	0.0138348	0.0134317	0.0129588	0.0123425	0.0115208	0.0104395	0.00998637	0.0118574	0.00986482	0.00829866	0.00799323	0.0117813	0.0109026	0.0080368	0.00743795	0.00655508	0.00641721	0.00658577	0.0059341	0.00515091	0.00470411	0.0042668	0.00382156	0.00340618	0.00309873	0.0028829	0.00248159	0.00205384	0.00173094	0.00145271	0.00205526	0.00138609	0.00194447	0.00369566	0.00239795	0.00259226	0.00280198	0.00307205	0.00326329	0.00341798	0.00376332	0.00369336	0.00340901	0.00311264	0.00287522	0.00215936	0.00203429	0.0020075	0.00165567	0.00147546	0.00147991	0.00133022	0.00120761	0.0011621	0.00105196	0.000954829	0.000811418	0.000740511	0.000651863	0.000551915	0.000567949	

57	0.699	32	0	task-3:0.202	task-0:0.034	task-1:0.05	task-2:0.194	|	0.112082	0.02	0.02	0.0199725	0.0428518	0.0389452	0.0186392	0.0186979	0.0189936	0.0188244	0.0183753	0.0183309	0.0181416	0.018083	0.0178242	0.0176915	0.017571	0.0174482	0.0174123	0.0173612	0.0173885	0.017425	0.0173768	0.0173276	0.0173081	0.0173078	0.0173169	0.0173174	0.0172385	0.017069	0.0169404	0.017051	0.017032	0.0168274	0.0167849	0.0167716	0.0166541	0.0158903	0.0164045	0.0158067	0.0157231	0.016084	0.0161898	0.0163531	0.0161615	0.0163501	0.0162495	0.01604	0.0159745	0.015868	0.0158016	0.0156748	0.015665	0.0156383	0.0155646	0.0154907	0.0153723	

90	1.086	32	0	task-3:0.152	task-0:0.034	task-1:0.05	task-2:0.194	|	0.0192643	0.2	0.199999	0.19771	0.0310185	0.0192885	0.0187862	0.01912	0.0196628	0.0177982	0.018066	0.0180497	0.017724	0.0176113	0.0177057	0.0175871	0.0175982	0.0175664	0.0174528	0.0173086	0.0172226	0.0171598	0.0170662	0.0169899	0.0169173	0.0169017	0.0169315	0.0168406	0.016838	0.0168659	0.0167841	0.0166413	0.0165503	0.0162916	0.0162051	0.0145895	0.0161665	0.0166581	0.0154981	0.0150614	0.0148016	0.014792	0.0148914	0.0146588	0.0141351	0.0133811	0.0128216	0.0125728	0.0120375	0.0114255	0.0107001	0.00982567	0.00907166	0.00863995	0.00791438	0.00733428	0.00681474	0.00637631	0.00584534	0.00562114	0.00502885	0.00457272	0.00421396	0.00384588	0.0035421	0.0031865	0.00280538	0.00254074	0.00240449	0.00222337	0.00195849	0.00175469	0.00157265	0.00143361	0.00129502	0.00116234	0.00107583	0.000953963	0.000819556	0.000705412	0.000664521	0.000592518	0.000520683	0.000452765	0.000395654	0.000335352	0.000300142	0.000263419	0.000219389	0.00020269	

53	0.639	32	0	task-3:0.226	task-0:0.034	task-1:0.05	task-2:0.806	|	0.0274696	0.02	0.0199998	0.0197558	0.0740984	0.0476017	0.0199514	0.0175874	0.0174768	0.0174605	0.0174517	0.0178297	0.0179029	0.01757	0.0176131	0.0174032	0.0173321	0.0173024	0.0172208	0.0171577	0.0170849	0.0169782	0.0168566	0.0167685	0.0166655	0.016533	0.0159548	0.0159479	0.0154438	0.015261	0.0150468	0.0149913	0.0147817	0.0143842	0.014301	0.0141601	0.0134886	0.013327	0.0138691	0.0136428	0.0134628	0.0132664	0.0130386	0.0127311	0.0123895	0.0119926	0.0114289	0.0108502	0.0102704	0.00942822	0.00896065	0.00889816	0.00854355	

111	1.344	32	0	task-3:0.106	task-0:0.034	task-1:0.05	task-2:0.182	|	0.0505169	0.02	0.02	0.0199276	0.0805736	0.0642123	0.0184244	0.019256	0.0183323	0.0180617	0.0180068	0.0173275	0.0177082	0.0177815	0.0173739	0.0170879	0.0170838	0.0171111	0.0171069	0.017073	0.0170055	0.0169749	0.0169483	0.0168911	0.0168386	0.0167983	0.0161584	0.0158198	0.014897	0.0149524	0.0156234	0.0154948	0.0141651	0.0137715	0.0140873	0.0138256	0.0131807	0.0129978	0.0128252	0.0125955	0.0122978	0.0120679	0.0118393	0.0105822	0.00699497	0.00729785	0.0131818	0.00585448	0.0056447	0.0054047	0.00566163	0.00724152	0.0133623	0.0146854	0.0173052	0.0179003	0.0222895	0.02873	0.0222146	0.0247531	0.017805	0.0164404	0.0153523	0.0161171	0.0153944	0.0139551	0.0128051	0.0114461	0.0104085	0.00944145	0.00876305	0.0082535	0.00781946	0.00764341	0.00764457	0.00711936	0.00662857	0.00634864	0.00617849	0.00589862	0.00554924	0.00506477	0.00460727	0.00426149	0.00396407	0.00358188	0.0030439	0.00253549	0.00216874	0.00189912	0.00171751	0.00148445	0.00113372	0.00168044	0.00127878	0.00130475	0.00112374	0.000987871	0.000937699	0.000886242	0.000822682	0.000763665	0.00067649	0.000645396	0.00108581	0.000721149	0.00166322	0.00114365	0.00179469	0.00312702	0.00265615	

59	0.714	32	0	task-3:0.226	task-0:0.034	task-1:0.05	task-2:0.194	|	0.156895	0.0199999	0.0199991	0.0197426	0.0389652	0.0343083	0.0188363	0.0194061	0.0193967	0.018843	0.0182357	0.0180763	0.0180348	0.017927	0.0178031	0.0176197	0.017419	0.0172944	0.0171662	0.0171996	0.017202	0.0171545	0.0171312	0.0170663	0.016425	0.0159028	0.0150201	0.01435	0.0132013	0.0126555	0.0116634	0.010619	0.0113126	0.0104814	0.0096539	0.0109195	0.00986588	0.00988787	0.00987266	0.00941384	0.00954851	0.00946677	0.00948051	0.00957203	0.00975238	0.0100015	0.00983087	0.00965453	0.00954252	0.00946776	0.00938275	0.00928894	0.00919446	0.00916158	0.00915211	0.00918393	0.00929902	0.00947346	0.00979973	

59	0.746	32	0	task-3:0.226	task-0:0.034	task-1:0.05	task-2:0.194	|	0.156895	0.0199999	0.0199991	0.0197426	0.0389652	0.0343083	0.0188363	0.0194061	0.0193967	0.018843	0.0182357	0.0180763	0.0180348	0.017927	0.0178031	0.0176197	0.017419	0.0172944	0.0171662	0.0171996	0.017202	0.0171545	0.0171312	0.0170663	0.016425	0.0159028	0.0150201	0.01435	0.0132013	0.0126555	0.0116634	0.010619	0.0113126	0.0104814	0.0096539	0.0109195	0.00986588	0.00988787	0.00987266	0.00941384	0.00954851	0.00946677	0.00948051	0.00957203	0.00975238	0.0100015	0.00983087	0.00965453	0.00954252	0.00946776	0.00938275	0.00928894	0.00919446	0.00916158	0.00915211	0.00918393	0.00929902	0.00947346	0.00979973	

58	0.708	32	0	task-3:0.226	task-0:0.034	task-1:0.05	task-2:0.194	|	0.0205946	0.02	0.0199999	0.0198451	0.0776303	0.0734922	0.0185198	0.019271	0.0186385	0.0179369	0.0179737	0.017934	0.0178893	0.0176581	0.0176508	0.0176651	0.0177045	0.0177539	0.0176986	0.0176398	0.017592	0.0175116	0.0174253	0.0173469	0.0172807	0.0171192	0.0193281	0.0188047	0.0175354	0.01772	0.0178923	0.0192395	0.0191149	0.017943	0.0171482	0.0169063	0.016863	0.0170492	0.0168402	0.0164713	0.0161461	0.0159399	0.0159096	0.0159165	0.0158136	0.0155545	0.0147792	0.0144263	0.0142503	0.0148561	0.0140553	0.0139967	0.0139453	0.0139707	0.0140194	0.014011	0.0140184	0.0140171	

83	1.017	32	0	task-3:0.158	task-0:0.034	task-1:0.05	task-2:0.194	|	0.0285844	0.02	0.02	0.0199817	0.0426378	0.0545145	0.0184523	0.0193974	0.0192303	0.0181197	0.0205199	0.0201747	0.0180375	0.0184074	0.0184233	0.0182601	0.0179428	0.0181057	0.0177935	0.0176314	0.0176035	0.0174933	0.0174151	0.0173735	0.0173517	0.0172906	0.0172271	0.0171884	0.0171768	0.0171714	0.0171646	0.0171182	0.0169159	0.0174493	0.0193676	0.0190831	0.0173082	0.0169017	0.0165597	0.016649	0.0176624	0.0175095	0.0167726	0.0162698	0.0161904	0.0162372	0.0163971	0.0162501	0.0159881	0.0158279	0.015734	0.0156224	0.0155202	0.0153247	0.0150827	0.0147606	0.0142837	0.0138665	0.0132222	0.0125024	0.0117524	0.0108359	0.0102096	0.0107482	0.0116006	0.0107817	0.0104246	0.00996758	0.00972835	0.00965882	0.00943835	0.00938237	0.00914462	0.00892006	0.00872203	0.00849519	0.00836359	0.00833073	0.00815837	0.00789697	0.00756194	0.00721605	0.00700482	

58	0.704	32	0	task-3:0.226	task-0:0.034	task-1:0.05	task-2:0.194	|	0.0216917	0.02	0.0199989	0.0194701	0.0757275	0.0835105	0.0369125	0.0180175	0.0189654	0.0184466	0.0177454	0.0178979	0.0177101	0.0177399	0.0176242	0.017553	0.0174714	0.0173941	0.0173216	0.017211	0.017086	0.0169792	0.0168872	0.0170509	0.016985	0.0171556	0.02	0.02	0.0193337	0.0175666	0.0175628	0.0171959	0.019993	0.019993	0.0172053	0.0171584	0.0181692	0.0180002	0.0173234	0.0172768	0.0173675	0.0174473	0.017269	0.0172174	0.0172084	0.0171892	0.0172512	0.0172652	0.0171987	0.0171463	0.0171079	0.0170892	0.0170732	0.0170522	0.0169814	0.0168403	0.0166078	0.0162884	

58	0.708	32	0	task-3:0.226	task-0:0.034	task-1:0.05	task-2:0.504	|	0.169301	0.019998	0.0199754	0.0178271	0.119758	0.108654	0.049044	0.0179079	0.0183994	0.0182343	0.0174146	0.0177486	0.0176733	0.0169269	0.0174438	0.0173894	0.01704	0.0168946	0.0167551	0.0165964	0.0165855	0.0164265	0.0161889	0.0160699	0.0158594	0.015554	0.0152779	0.0148942	0.0144621	0.0141242	0.0138302	0.0135566	0.0131203	0.0128416	0.0126958	0.0127711	0.0126934	0.0116953	0.0110392	0.0109945	0.0107833	0.0108264	0.0106398	0.0102308	0.00981303	0.00935469	0.00883762	0.0082517	0.00760664	0.00673137	0.00602281	0.00573885	0.00533077	0.00446779	0.00372298	0.00321001	0.0031911	0.00264776	

59	0.716	32	0	task-3:0.202	task-0:0.034	task-1:0.05	task-2:0.194	|	0.159393	0.02	0.0199999	0.0199772	0.018155	0.0202569	0.0187819	0.0179717	0.0182541	0.0186261	0.0182264	0.0177937	0.017841	0.0176107	0.0176657	0.0176589	0.0175263	0.0173814	0.0173497	0.0173404	0.0173448	0.0173261	0.017322	0.0173343	0.0173665	0.0173535	0.0173194	0.0172952	0.0172825	0.0172712	0.0172577	0.017219	0.0171396	0.0170601	0.0174484	0.0166873	0.0158796	0.0157822	0.0155818	0.0154221	0.0153415	0.0149931	0.015139	0.0149589	0.0146565	0.0145078	0.0143331	0.0141439	0.0140039	0.0138877	0.0137969	0.0137468	0.0134907	0.013153	0.0131174	0.0127709	0.0125105	0.0122224	0.0118657	

86	1.069	32	0	task-3:0.432	task-0:0.034	task-1:0.05	task-2:0.254	|	0.0193175	0.199991	0.199872	0.0885112	0.0197644	0.0195319	0.0182083	0.0367786	0.0306282	0.0181784	0.0188535	0.0188859	0.018199	0.018095	0.0180341	0.0178867	0.0178989	0.0177542	0.0176569	0.0176109	0.0175418	0.0174811	0.0173784	0.0172841	0.0172692	0.0172526	0.0172068	0.017109	0.0169494	0.0166518	0.016126	0.0154746	0.0149373	0.0148604	0.0140994	0.0149206	0.014944	0.0137117	0.0136214	0.0129466	0.0124441	0.0127442	0.0126546	0.0121367	0.0118211	0.00960744	0.00917289	0.0106656	0.0103275	0.00843151	0.00764226	0.00620418	0.00545717	0.0049497	0.00444362	0.00413126	0.00390008	0.00390577	0.00373026	0.00320596	0.00297497	0.0026188	0.00228188	0.00206499	0.0020192	0.00178936	0.00151864	0.0013306	0.00114536	0.000991628	0.000880516	0.000787596	0.000731219	0.000641987	0.000544752	0.000452811	0.000367732	0.000292114	0.000225002	0.000148392	0.000101055	7.31806e-005	6.2318e-005	4.79584e-005	3.53445e-005	2.51102e-005	

57	0.702	32	0	task-3:0.774	task-0:0.034	task-1:0.05	task-2:0.194	|	0.176399	0.02	0.0199997	0.019515	0.13568	0.119806	0.0255861	0.0192963	0.0194715	0.0187872	0.0192302	0.0185414	0.0182557	0.0180934	0.0181669	0.018076	0.0179618	0.0178989	0.017791	0.0177294	0.0177247	0.0176543	0.0176187	0.0175899	0.017544	0.0174946	0.0174323	0.0173581	0.0173063	0.0172717	0.0172372	0.0172328	0.0172222	0.0172212	0.0174376	0.0173115	0.017906	0.0175051	0.0176075	0.0178356	0.0176369	0.0173069	0.0172601	0.0171267	0.0170463	0.0169904	0.0169669	0.0169057	0.0168221	0.0167712	0.0167077	0.0166883	0.01666	0.0166176	0.0165242	0.0164581	0.0164184	

56	0.694	32	0	task-3:0.226	task-0:0.034	task-1:0.05	task-2:0.806	|	0.0184117	0.199999	0.199994	0.19297	0.0233111	0.0192705	0.0187944	0.0182019	0.0181765	0.0180259	0.0179236	0.0175069	0.0174821	0.0174431	0.0177887	0.0177023	0.0173845	0.0171706	0.0170878	0.0170463	0.0170001	0.0169604	0.0169423	0.0169571	0.0170506	0.0171426	0.0172304	0.0173082	0.0171313	0.0166991	0.0160482	0.0157185	0.0155382	0.0153977	0.0151274	0.0148796	0.0146406	0.0145419	0.0144062	0.0143187	0.0141373	0.0139097	0.0137561	0.0132713	0.0130498	0.0132802	0.0128641	0.0129457	0.0127745	0.0122847	0.012133	0.0118536	0.0114629	0.0111519	0.0108755	0.0106842	

56	0.694	32	0	task-3:0.774	task-0:0.034	task-1:0.05	task-2:0.194	|	0.0639188	0.02	0.02	0.019997	0.0191635	0.0190776	0.0190763	0.0184918	0.0188531	0.0185712	0.018215	0.0183107	0.0181064	0.018101	0.0180066	0.0178991	0.0178411	0.0178048	0.0177638	0.0176753	0.0175923	0.017519	0.0174477	0.0173439	0.0172498	0.0171513	0.0170352	0.0169199	0.0169944	0.0174566	0.0172663	0.0169527	0.0168653	0.0168266	0.0169443	0.016862	0.0166626	0.0165743	0.0165803	0.0165501	0.0163083	0.0161167	0.0161852	0.0160841	0.0159672	0.0156119	0.0153302	0.0152285	0.0151291	0.0148532	0.0145287	0.0143065	0.014243	0.0141154	0.0138378	0.0136318	

56	0.664	32	0	task-3:0.774	task-0:0.034	task-1:0.05	task-2:0.194	|	0.0639188	0.02	0.02	0.019997	0.0191635	0.0190776	0.0190763	0.0184918	0.0188531	0.0185712	0.018215	0.0183107	0.0181064	0.018101	0.0180066	0.0178991	0.0178411	0.0178048	0.0177638	0.0176753	0.0175923	0.017519	0.0174477	0.0173439	0.0172498	0.0171513	0.0170352	0.0169199	0.0169944	0.0174566	0.0172663	0.0169527	0.0168653	0.0168266	0.0169443	0.016862	0.0166626	0.0165743	0.0165803	0.0165501	0.0163083	0.0161167	0.0161852	0.0160841	0.0159672	0.0156119	0.0153302	0.0152285	0.0151291	0.0148532	0.0145287	0.0143065	0.014243	0.0141154	0.0138378	0.0136318	

96	0.709	32	0	task-3:0.144	task-0:0.034	task-1:0.05	task-2:0.126	|	0.0222615	0.02	0.02	0.0199806	0.0901526	0.0559377	0.0181839	0.0179734	0.018102	0.0177116	0.0179851	0.0185373	0.0180881	0.0176045	0.0175288	0.017444	0.0174414	0.0173482	0.0172267	0.0170762	0.0169342	0.0168121	0.0167626	0.0167108	0.0167829	0.0164018	0.0155269	0.0152672	0.0143845	0.0140932	0.0141767	0.0135602	0.0130966	0.0130613	0.0124647	0.0117993	0.0118057	0.0113957	0.0110352	0.0104403	0.00992282	0.0092013	0.00823632	0.00778779	0.00758427	0.00749214	0.00729845	0.00669332	0.00620691	0.00568221	0.00521747	0.00478396	0.00443487	0.00403521	0.0037593	0.00337915	0.00310713	0.00304111	0.00277335	0.00271278	0.00277142	0.00292733	0.00296063	0.00291179	0.00294954	0.00313928	0.00286065	0.00284417	0.00273229	0.00258626	0.00235695	0.00220409	0.00208695	0.00203453	0.00194129	0.00182288	0.00173583	0.00162647	0.00153966	0.00148811	0.00145378	0.00141921	0.00135896	0.00130177	0.00124118	0.00117718	0.00108575	0.00100424	0.00091877	0.000822764	0.000714292	0.000600108	0.000486719	0.000374387	0.000269772	0.000232009	

76	0.945	32	0	task-3:0.19	task-0:0.034	task-1:0.05	task-2:0.194	|	0.173069	0.02	0.0199998	0.0195816	0.134354	0.0846244	0.0200498	0.0189616	0.0186869	0.0178303	0.0178262	0.0177803	0.0178267	0.0177204	0.0176594	0.0175839	0.0175451	0.0174859	0.0174029	0.0173448	0.0172605	0.0171601	0.0171014	0.0170966	0.017056	0.0165345	0.0184487	0.0179286	0.0158996	0.0156976	0.01583	0.015553	0.0151575	0.0151122	0.0150272	0.0145117	0.0137035	0.0128764	0.0120636	0.0113229	0.0106351	0.0103993	0.00990415	0.00955525	0.00913745	0.00879287	0.00857604	0.00880103	0.00803717	0.00752288	0.00699043	0.00717145	0.00710691	0.00682052	0.00673118	0.00664191	0.00655268	0.00645194	0.00630711	0.00613952	0.00596095	0.00578543	0.00559472	0.00534303	0.00519947	0.00500684	0.0047329	0.00445039	0.00414087	0.00401515	0.00391087	0.00355585	0.00331207	0.0031188	0.00324596	0.00292097	

82	0.979	32	0	task-3:0.302	task-0:0.034	task-1:0.05	task-2:0.194	|	0.111049	0.02	0.02	0.0199023	0.049719	0.0331663	0.0186089	0.0178523	0.0180821	0.0181946	0.0178077	0.018221	0.0179728	0.017505	0.0177069	0.0177195	0.0175865	0.017505	0.0174262	0.0173972	0.0173455	0.0173127	0.0172831	0.0172461	0.0171953	0.0194127	0.0193942	0.0170907	0.0170576	0.0165157	0.0203747	0.0203973	0.0164566	0.0164576	0.0163888	0.0156799	0.01553	0.0157049	0.0155988	0.015274	0.0151943	0.015264	0.0152173	0.0150541	0.01482	0.0146045	0.0140809	0.0131666	0.0130331	0.0132337	0.0133108	0.013098	0.012954	0.0128818	0.0128429	0.0127692	0.0127263	0.0127617	0.0125276	0.0124418	0.0123965	0.0124249	0.0125516	0.0127713	0.0127147	0.0125734	0.0127042	0.0124422	0.0124004	0.0124413	0.0123777	0.0122637	0.0122803	0.0123817	0.0125352	0.0127244	0.0129431	0.0131779	0.0134086	0.0136287	0.0137324	0.0138597	

58	0.645	32	0	task-3:0.226	task-0:0.034	task-1:0.05	task-2:0.194	|	0.0182045	0.02	0.02	0.0199819	0.0397617	0.0566578	0.0210659	0.0189581	0.0190069	0.0177381	0.0208308	0.023032	0.0180246	0.0176255	0.0176795	0.0174084	0.0176214	0.0177689	0.0174248	0.0174297	0.0174713	0.0174243	0.017426	0.01739	0.0171848	0.0166305	0.0158435	0.0153617	0.0150628	0.0149252	0.0144451	0.0138889	0.0135261	0.0131874	0.0128183	0.0122822	0.0123137	0.01103	0.0112577	0.0102133	0.0102684	0.0096841	0.0101782	0.0101949	0.00975117	0.00938453	0.00918192	0.00918713	0.00935913	0.00941125	0.00932542	0.00927438	0.00913644	0.00895342	0.00874583	0.00848614	0.0082011	0.0078835	

53	0.322	32	0	task-3:0.226	task-0:0.034	task-1:0.05	task-2:0.194	|	0.0197568	0.02	0.02	0.0199767	0.0770836	0.0431421	0.0180518	0.0181482	0.0177053	0.0176791	0.0178638	0.017883	0.0175517	0.0178434	0.0179992	0.0176663	0.0174012	0.0173287	0.0173091	0.0173385	0.017331	0.017277	0.0172634	0.0173225	0.017389	0.0174293	0.0161684	0.0193279	0.0193365	0.0191179	0.0158985	0.0158719	0.0149207	0.0147056	0.0146434	0.0142518	0.0135184	0.0129673	0.0124097	0.0121654	0.0125379	0.0120247	0.0120013	0.0118913	0.0118636	0.0108388	0.0104126	0.0100906	0.0096585	0.00965114	0.0098522	0.0103196	0.0107526	

57	0.348	32	0	task-3:0.226	task-0:0.034	task-1:0.05	task-2:0.194	|	0.0804997	0.02	0.0199999	0.0197578	0.107868	0.101275	0.026867	0.0184976	0.018042	0.0191307	0.0195432	0.0177611	0.0181268	0.0180904	0.0179089	0.0175107	0.017661	0.0174174	0.0172724	0.017192	0.0170757	0.0170059	0.0169716	0.0169719	0.0169274	0.0168622	0.0168043	0.0167548	0.0166562	0.016642	0.0165341	0.0165315	0.0164074	0.0162436	0.0160979	0.0158456	0.0157101	0.0155284	0.0153395	0.0148768	0.0144565	0.0139254	0.0143516	0.0143335	0.014141	0.0140379	0.0138369	0.0136236	0.0135946	0.0144665	0.0136043	0.0129651	0.0129316	0.0129935	0.013406	0.0132299	0.0128564	

57	0.348	32	0	task-3:0.226	task-0:0.034	task-1:0.05	task-2:0.194	|	0.0804997	0.02	0.0199999	0.0197578	0.107868	0.101275	0.026867	0.0184976	0.018042	0.0191307	0.0195432	0.0177611	0.0181268	0.0180904	0.0179089	0.0175107	0.017661	0.0174174	0.0172724	0.017192	0.0170757	0.0170059	0.0169716	0.0169719	0.0169274	0.0168622	0.0168043	0.0167548	0.0166562	0.016642	0.0165341	0.0165315	0.0164074	0.0162436	0.0160979	0.0158456	0.0157101	0.0155284	0.0153395	0.0148768	0.0144565	0.0139254	0.0143516	0.0143335	0.014141	0.0140379	0.0138369	0.0136236	0.0135946	0.0144665	0.0136043	0.0129651	0.0129316	0.0129935	0.013406	0.0132299	0.0128564	

53	0.322	32	0	task-3:0.226	task-0:0.034	task-1:0.05	task-2:0.194	|	0.0734589	0.0199999	0.0199989	0.0195405	0.0836442	0.0738729	0.0272796	0.0181628	0.0181236	0.0178065	0.0175966	0.0175023	0.0174604	0.0172841	0.0172821	0.0172328	0.017244	0.0171795	0.0171088	0.0170521	0.0169953	0.0168618	0.0164489	0.0160815	0.0157432	0.0158644	0.015781	0.0153964	0.0149491	0.0144222	0.0144071	0.0142794	0.0136322	0.0134807	0.0131311	0.0127964	0.0120271	0.0114162	0.0110761	0.0103202	0.00956363	0.00900415	0.00835526	0.00758021	0.00675331	0.00648425	0.00592904	0.0053702	0.00490583	0.00461773	0.00445164	0.00428195	0.00396835	

56	0.34	32	0	task-3:0.226	task-0:0.034	task-1:0.05	task-2:0.806	|	0.113631	0.02	0.0199999	0.0199344	0.0274694	0.0301768	0.0187452	0.0186014	0.0192806	0.0191217	0.0179717	0.0176923	0.0171511	0.0169261	0.0175193	0.0171163	0.0168269	0.016801	0.016637	0.0165212	0.0163753	0.0162	0.0159616	0.015672	0.0153317	0.0149583	0.014631	0.0131095	0.0109106	0.0176316	0.0162467	0.0136255	0.0136097	0.0132951	0.0128819	0.0135138	0.0133594	0.0131109	0.012771	0.0126671	0.0126701	0.0129858	0.0129373	0.0126931	0.012522	0.012267	0.0111931	0.010747	0.0111021	0.0131622	0.0109541	0.0123793	0.0108534	0.0104917	0.00989359	0.00929474	

81	0.488	32	0	task-3:0.17	task-0:0.034	task-1:0.05	task-2:0.194	|	0.196991	0.02	0.02	0.019974	0.0205684	0.0227202	0.0184465	0.0179752	0.018381	0.0180427	0.0172538	0.0174313	0.0174423	0.0170981	0.0168762	0.0168146	0.0168461	0.0168974	0.0168172	0.0167909	0.0168113	0.0168434	0.0168788	0.0167607	0.0166394	0.0163358	0.0159439	0.0155813	0.015301	0.0151922	0.0148655	0.0148944	0.0144472	0.01399	0.0136724	0.0132142	0.0129034	0.0127266	0.0127102	0.0124775	0.0120879	0.0117314	0.0114236	0.011033	0.0105577	0.0100559	0.00971078	0.00935442	0.00904013	0.00870236	0.00840522	0.00836691	0.00810121	0.00760916	0.00728421	0.00702876	0.00669139	0.00627937	0.00573664	0.00525339	0.00488678	0.00472454	0.00410821	0.00369308	0.00342053	0.00330306	0.00302726	0.00274234	0.00240099	0.00207293	0.00211224	0.00183525	0.00165273	0.00161565	0.00153838	0.0014122	0.00131726	0.00121639	0.00118138	0.0011443	0.00109737	

83	0.503	32	0	task-3:0.196	task-0:0.034	task-1:0.05	task-2:0.194	|	0.139499	0.02	0.0199997	0.0196291	0.0971926	0.0919024	0.0231471	0.0181367	0.018227	0.0178244	0.0190823	0.0189714	0.017695	0.0176086	0.0176116	0.0173441	0.0172956	0.0172718	0.0171577	0.0170917	0.0171094	0.017133	0.0172857	0.0175987	0.017589	0.017722	0.0177345	0.0177799	0.0173331	0.0169608	0.0166026	0.0164797	0.0161762	0.0162234	0.0177543	0.0170883	0.0154334	0.0151421	0.0148581	0.0147547	0.0147734	0.0146602	0.0145518	0.0142823	0.0139789	0.0136458	0.0133044	0.012938	0.0126928	0.0123837	0.0119332	0.0110926	0.0104567	0.0105981	0.0100433	0.00991604	0.0100071	0.00969486	0.00937149	0.00903191	0.00873975	0.00866723	0.00865023	0.00860798	0.00852729	0.0084627	0.00830903	0.00817016	0.00800689	0.00782337	0.00761165	0.00732236	0.00688075	0.00677872	0.00677606	0.00651931	0.00614349	0.0057447	0.00541658	0.00505373	0.00467318	0.00430017	0.00439141	

78	0.469	32	0	task-3:0.432	task-0:0.034	task-1:0.05	task-2:0.194	|	0.117828	0.0199997	0.0199988	0.019544	0.0850268	0.0785369	0.0267179	0.0185462	0.0184982	0.0182624	0.0183865	0.0179566	0.0178669	0.0176002	0.0173086	0.0171723	0.0172554	0.0174033	0.0174774	0.0174308	0.0173312	0.0172584	0.017209	0.0173714	0.0182543	0.0188113	0.0182504	0.0174737	0.0175342	0.0169255	0.0165748	0.0178027	0.0172817	0.0168986	0.016349	0.0163204	0.0165291	0.0164749	0.0162394	0.0162167	0.016287	0.0162766	0.0162005	0.0161253	0.0159799	0.0159115	0.015908	0.0158437	0.0157632	0.015687	0.0155423	0.0153356	0.0150891	0.0148262	0.0145713	0.0145938	0.0149946	0.0146507	0.0147336	0.0147874	0.014975	0.0148292	0.0146931	0.0145635	0.0143677	0.0142874	0.0136643	0.0133124	0.0130407	0.0124599	0.0120801	0.0112917	0.010672	0.0100298	0.00942489	0.0089484	0.00873742	0.00845407	

132	0.804	32	0	task-3:0.122	task-0:0.034	task-1:0.02	task-2:0.062	|	0.0190179	0.02	0.02	0.0199781	0.0331023	0.0339818	0.01804	0.0180005	0.0192499	0.0185147	0.0173228	0.0172692	0.0171436	0.0170597	0.0169895	0.016964	0.0168958	0.0169744	0.0171465	0.0174782	0.0170532	0.0167852	0.0161202	0.0157675	0.0162716	0.0167153	0.0163915	0.0162274	0.016392	0.0192036	0.0180065	0.0152114	0.0148808	0.0149828	0.0150243	0.0144027	0.0146784	0.0146264	0.0143189	0.014276	0.0142606	0.0141527	0.0139724	0.0137861	0.0136553	0.0134779	0.0132809	0.0130799	0.0129657	0.0129481	0.0126816	0.0124213	0.0122441	0.0120387	0.0119068	0.0117715	0.011681	0.0114879	0.0111687	0.0109739	0.0108988	0.0108448	0.0108738	0.0109522	0.0108655	0.0107844	0.0106899	0.0104192	0.0100289	0.00963434	0.00920941	0.00869912	0.0080915	0.00753213	0.00751505	0.00701975	0.00667919	0.00634557	0.00598114	0.00556595	0.00509755	0.00447548	0.00480272	0.00424533	0.00353135	0.00362506	0.00317598	0.00365029	0.00362386	0.0033333	0.00301744	0.00292058	0.00285702	0.00287612	0.00284745	0.00279341	0.00273359	0.00264073	0.00252652	0.00240147	0.00225824	0.00209477	0.00192021	0.00173025	0.00152931	0.00131797	0.0010964	0.000945871	0.000736237	0.000673737	0.000530563	0.000446762	0.000443576	0.000338228	0.000300162	0.000241037	0.000193948	0.000168503	0.000141336	0.000128204	0.000102487	0.000110978	0.000106541	8.11695e-005	6.59582e-005	5.97914e-005	5.64195e-005	5.72712e-005	5.33849e-005	4.71291e-005	4.16338e-005	4.2244e-005	

76	0.459	32	0	task-3:0.176	task-0:0.034	task-1:0.05	task-2:0.194	|	0.0220118	0.02	0.02	0.0199773	0.0259321	0.0290446	0.0179429	0.0178136	0.017617	0.0177577	0.0176796	0.0174525	0.0173962	0.0173295	0.0173013	0.0172727	0.0172297	0.0172076	0.017217	0.0172358	0.0173471	0.0176311	0.0174769	0.0175166	0.0173375	0.0169924	0.0158746	0.0147245	0.0165986	0.015482	0.014177	0.0145433	0.0139904	0.0133359	0.013118	0.0129291	0.0127383	0.0124805	0.0123938	0.0123121	0.0120981	0.0118278	0.01157	0.0113171	0.0110749	0.0108475	0.0106587	0.0107993	0.0101743	0.0100813	0.00954613	0.0092246	0.00898112	0.00868419	0.00852994	0.00829613	0.00812868	0.00802474	0.00775885	0.00745318	0.00724788	0.00706894	0.00696905	0.00685808	0.00673555	0.00648984	0.00617287	0.00579408	0.00536533	0.00516573	0.00483013	0.0045316	0.00406746	0.00360808	0.00327702	0.00287836	

53	0.319	32	0	task-3:0.774	task-0:0.034	task-1:0.05	task-2:0.806	|	0.0440305	0.02	0.02	0.0199973	0.0216157	0.0379309	0.0180497	0.017878	0.0181462	0.0177159	0.0174078	0.0174032	0.017236	0.0171977	0.0171281	0.0169323	0.0169464	0.0170556	0.0170754	0.0167179	0.0165584	0.0164621	0.0163879	0.0164623	0.0164926	0.0163476	0.0160817	0.0156798	0.0155485	0.0150344	0.0145012	0.0142087	0.0136052	0.0133004	0.0131663	0.012856	0.0125285	0.012335	0.0121568	0.0120387	0.0119025	0.0102134	0.00986195	0.00926033	0.00863601	0.0103429	0.00862147	0.00949082	0.011025	0.00976123	0.0093639	0.00908292	0.00960226	

53	0.32	32	0	task-3:0.774	task-0:0.034	task-1:0.05	task-2:0.806	|	0.0440305	0.02	0.02	0.0199973	0.0216157	0.0379309	0.0180497	0.017878	0.0181462	0.0177159	0.0174078	0.0174032	0.017236	0.0171977	0.0171281	0.0169323	0.0169464	0.0170556	0.0170754	0.0167179	0.0165584	0.0164621	0.0163879	0.0164623	0.0164926	0.0163476	0.0160817	0.0156798	0.0155485	0.0150344	0.0145012	0.0142087	0.0136052	0.0133004	0.0131663	0.012856	0.0125285	0.012335	0.0121568	0.0120387	0.0119025	0.0102134	0.00986195	0.00926033	0.00863601	0.0103429	0.00862147	0.00949082	0.011025	0.00976123	0.0093639	0.00908292	0.00960226	

53	0.318	32	0	task-3:0.226	task-0:0.034	task-1:0.05	task-2:0.806	|	0.0208084	0.02	0.0199999	0.0198364	0.0881723	0.0525661	0.0184	0.0183094	0.0187915	0.0189152	0.0178818	0.0177575	0.0176848	0.0173474	0.0171176	0.0170361	0.0169084	0.0168794	0.0167926	0.0166761	0.0165756	0.0165111	0.0164511	0.0163281	0.0161253	0.0160197	0.0154713	0.0145962	0.0142968	0.0157846	0.0148108	0.0135237	0.0127539	0.0125214	0.0116808	0.011298	0.0105746	0.00954268	0.00921554	0.00899791	0.00904047	0.00864491	0.00822972	0.00789865	0.00754035	0.00717347	0.00688747	0.00637748	0.00583608	0.00526729	0.0050688	0.00457439	0.0043106	

84	0.508	32	0	task-3:0.266	task-0:0.034	task-1:0.05	task-2:0.194	|	0.0528347	0.02	0.0199998	0.019833	0.0710048	0.0491251	0.0189641	0.0184094	0.0182441	0.0182391	0.0186654	0.0177099	0.0181926	0.0181788	0.0177284	0.0175769	0.0175481	0.017503	0.0174412	0.0174584	0.0174416	0.017389	0.0173741	0.0173679	0.0173583	0.0173253	0.0173045	0.0172612	0.017186	0.0171123	0.0170387	0.0169997	0.0169626	0.0165716	0.0152246	0.0145895	0.0152866	0.0149762	0.0143572	0.0140179	0.0140211	0.0138087	0.0134683	0.0126427	0.0112224	0.0104969	0.0101189	0.00912738	0.00778399	0.00692188	0.00656104	0.00614187	0.00594042	0.00593887	0.00580701	0.00561895	0.00548434	0.0053359	0.00523815	0.00520611	0.00529064	0.00540795	0.00495664	0.00504786	0.00477977	0.00469697	0.00429053	0.00384518	0.00351235	0.0032453	0.00305	0.00289544	0.00272984	0.00262997	0.00256555	0.00238988	0.00223643	0.00217645	0.00198782	0.00194078	0.00186189	0.00183789	0.001731	0.00166583	

84	0.51	32	0	task-3:0.266	task-0:0.034	task-1:0.05	task-2:0.194	|	0.0528347	0.02	0.0199998	0.019833	0.0710048	0.0491251	0.0189641	0.0184094	0.0182441	0.0182391	0.0186654	0.0177099	0.0181926	0.0181788	0.0177284	0.0175769	0.0175481	0.017503	0.0174412	0.0174584	0.0174416	0.017389	0.0173741	0.0173679	0.0173583	0.0173253	0.0173045	0.0172612	0.017186	0.0171123	0.0170387	0.0169997	0.0169626	0.0165716	0.0152246	0.0145895	0.0152866	0.0149762	0.0143572	0.0140179	0.0140211	0.0138087	0.0134683	0.0126427	0.0112224	0.0104969	0.0101189	0.00912738	0.00778399	0.00692188	0.00656104	0.00614187	0.00594042	0.00593887	0.00580701	0.00561895	0.00548434	0.0053359	0.00523815	0.00520611	0.00529064	0.00540795	0.00495664	0.00504786	0.00477977	0.00469697	0.00429053	0.00384518	0.00351235	0.0032453	0.00305	0.00289544	0.00272984	0.00262997	0.00256555	0.00238988	0.00223643	0.00217645	0.00198782	0.00194078	0.00186189	0.00183789	0.001731	0.00166583	

57	0.343	32	0	task-3:0.226	task-0:0.034	task-1:0.05	task-2:0.806	|	0.0366219	0.02	0.02	0.019938	0.129355	0.0820879	0.0181776	0.0192022	0.018393	0.0194538	0.0206271	0.0182914	0.0179986	0.0179857	0.0177019	0.0175629	0.0174971	0.0173933	0.0173182	0.0172906	0.0173427	0.0173192	0.0172332	0.0171279	0.0170293	0.0168948	0.0160291	0.0154804	0.0158585	0.0157934	0.0153713	0.015374	0.0154411	0.0153197	0.0151041	0.0148374	0.0145036	0.0141749	0.0138214	0.0133967	0.0129482	0.0125036	0.0119653	0.0114688	0.0113152	0.0110784	0.0110325	0.010806	0.0110211	0.0113452	0.0117214	0.0121278	0.0125401	0.0125702	0.0123469	0.0120767	0.0118304	

57	0.347	32	0	task-3:0.226	task-0:0.034	task-1:0.05	task-2:0.194	|	0.0183021	0.2	0.199999	0.197032	0.0188708	0.0199025	0.0199588	0.0194254	0.0234905	0.0229216	0.0183308	0.018349	0.0178642	0.0181525	0.0176957	0.0175207	0.017432	0.0173094	0.017242	0.0172279	0.0171941	0.0171558	0.0171912	0.0171939	0.0171965	0.0171525	0.0163649	0.0193677	0.0188355	0.0156779	0.0155279	0.0159738	0.0159579	0.0153598	0.0150747	0.0148916	0.0146224	0.0143169	0.0140171	0.0136259	0.0130631	0.0124155	0.0117026	0.0113273	0.0110529	0.0108407	0.0107124	0.0103577	0.0102958	0.00983942	0.00950308	0.00922659	0.00887847	0.00860147	0.00838416	0.00801569	0.00774873	

53	0.314	32	0	task-3:0.226	task-0:0.034	task-1:0.05	task-2:0.194	|	0.0642114	0.02	0.0199999	0.0198415	0.0659068	0.0711798	0.0310648	0.0199633	0.0178567	0.0177284	0.0179687	0.0178046	0.0175176	0.017518	0.0174386	0.0174076	0.0173692	0.0173288	0.0172756	0.0172329	0.0172106	0.0171739	0.0171585	0.0171952	0.0172102	0.0172172	0.0174525	0.0173062	0.0201637	0.0196648	0.0173845	0.0173453	0.0178737	0.0177957	0.0172903	0.0163912	0.0156708	0.0154416	0.0162054	0.0170333	0.0167949	0.0160875	0.0161389	0.0160942	0.0160371	0.0159352	0.0158779	0.0158002	0.0156914	0.0156416	0.0156137	0.0155086	0.0155133	

62	0.379	32	0	task-3:0.178	task-0:0.034	task-1:0.05	task-2:0.194	|	0.0184548	0.199998	0.199987	0.1947	0.0357453	0.0195012	0.0197634	0.0187966	0.0269149	0.0253446	0.0181142	0.0188256	0.0188293	0.0182442	0.0178366	0.0175875	0.0171778	0.0170785	0.0171475	0.0172419	0.0171818	0.0170322	0.0169431	0.0169224	0.016908	0.016912	0.0168858	0.0168314	0.0166841	0.0163763	0.0161946	0.0165418	0.016588	0.0168033	0.0166502	0.0163453	0.0163259	0.0163983	0.0165139	0.0166622	0.0168415	0.0167469	0.0167981	0.0168198	0.0168167	0.0167899	0.0167784	0.0167823	0.0167716	0.0167143	0.0166131	0.0164527	0.0162084	0.015898	0.0155104	0.0150952	0.0150487	0.014753	0.0143606	0.0139513	0.0136003	0.0130864	

82	0.489	32	0	task-3:0.332	task-0:0.034	task-1:0.05	task-2:0.194	|	0.0183832	0.02	0.0199999	0.0198801	0.0401081	0.0341257	0.0180762	0.0180657	0.0179449	0.0178358	0.0176922	0.0178711	0.0178403	0.0176389	0.0175493	0.0175051	0.0174998	0.017482	0.0174396	0.0173848	0.0173385	0.017295	0.0172546	0.017253	0.017242	0.01726	0.0172803	0.0173033	0.0173468	0.0173621	0.0173337	0.0170447	0.0171635	0.0159522	0.0164146	0.0187613	0.0179686	0.0165653	0.0160937	0.0158473	0.0163808	0.0169168	0.0167682	0.0165708	0.0165735	0.0165682	0.0165793	0.0165513	0.0164787	0.0164483	0.0164235	0.0163862	0.0162672	0.0161783	0.0161175	0.0160271	0.0158681	0.0155245	0.0152368	0.0151698	0.014906	0.0144081	0.0139604	0.0135963	0.0133288	0.0130416	0.0128637	0.0126713	0.0124246	0.0124104	0.0122784	0.012075	0.0119255	0.0117623	0.0116534	0.0115589	0.0115441	0.0113639	0.0112136	0.0110238	0.0108076	0.0105729	

