60	0.031	0	0	task-0:0.056	|	0.289719	0.250687	0.199473	0.112375	0.103171	0.169941	0.0625739	0.0885745	0.0367189	0.0352918	0.0333344	0.0315866	0.0310352	0.0289627	0.0265772	0.0247267	0.0233891	0.0229012	0.0222672	0.0214611	0.0202684	0.0192908	0.0174424	0.0142969	0.0105779	0.0488699	0.0100553	0.00959452	0.00942867	0.00922258	0.00889911	0.00867831	0.00824472	0.00745289	0.00609361	0.00582538	0.0348679	0.00441131	0.00426269	0.00420138	0.00418645	0.00415735	0.00410945	0.00405143	0.00393542	0.00386367	0.00375894	0.00357057	0.0032918	0.00380682	0.00325032	0.00321839	0.00316621	0.00313593	0.00312052	0.0030958	0.00306592	0.00301968	0.00292129	0.00272767	0.00237864	

54	0.161	0	0	task-0:0.054	|	0.29355	0.240078	0.202997	0.150909	0.133536	0.12179	0.105097	0.0934741	0.0870087	0.0707068	0.0467225	0.0640591	0.036663	0.032014	0.0312437	0.0293038	0.0277098	0.0247502	0.0236934	0.0223792	0.0205419	0.0200665	0.0191518	0.0177748	0.0169487	0.0162139	0.0159668	0.0155439	0.0149193	0.0141276	0.0132848	0.0121732	0.0122191	0.011307	0.0109409	0.0108582	0.0106642	0.0102986	0.00989074	0.00912303	0.00778373	0.00567228	0.00495882	0.0688845	0.00346143	0.00311082	0.00307452	0.00304472	0.00297542	0.00290389	0.00285595	0.00282494	0.00275496	0.00261765	0.00237655	

74	0.153	0	0	task-0:0.052	|	0.227631	0.199077	0.1645	0.122382	0.0697813	0.0884768	0.0623479	0.0380591	0.0356819	0.0347934	0.0338515	0.0326084	0.0306165	0.0279169	0.0263502	0.0249572	0.024122	0.0231295	0.0225128	0.0211822	0.0194184	0.0179505	0.0185266	0.0166712	0.0163771	0.0158091	0.0147751	0.0139387	0.0139283	0.0130411	0.0127131	0.0124608	0.0119596	0.0113967	0.0109586	0.0108311	0.0105939	0.0102121	0.00970609	0.00941301	0.0091184	0.00897423	0.00879896	0.00861133	0.00832962	0.0081714	0.00790926	0.00742531	0.0066046	0.00522384	0.00411976	0.0687945	0.00346387	0.00336817	0.00332875	0.00332339	0.00331164	0.00329076	0.00326239	0.00323051	0.00314895	0.0030473	0.00300522	0.00294524	0.00290382	0.0028991	0.00288878	0.00287032	0.00284388	0.00281338	0.00273751	0.00266045	0.00259686	0.00251201	0.00244081	

61	0.027	0	0	task-0:0.056	|	0.292767	0.200328	0.169109	0.109818	0.102478	0.0764544	0.0589004	0.0556966	0.0482675	0.0407589	0.0399543	0.0348195	0.033197	0.0317008	0.0300729	0.0298167	0.0283489	0.0271086	0.0259148	0.0256033	0.02445	0.0229428	0.0221295	0.0218719	0.0211255	0.0207382	0.020264	0.0195996	0.0186971	0.0169694	0.0153245	0.0181321	0.0143189	0.014117	0.0137106	0.0129429	0.0115848	0.00927954	0.00623534	0.0467195	0.00610109	0.00590537	0.0058275	0.00566533	0.00534419	0.00474599	0.00475882	0.00848532	0.00388541	0.00381827	0.00375098	0.00368928	0.00363886	0.00354768	0.00346249	0.00338067	0.0032868	0.00310315	0.00276925	0.00277617	0.00514149	0.00231789	

53	0.111	0	0	task-0:0.052	|	0.214737	0.186746	0.15588	0.116348	0.0665523	0.112009	0.0667365	0.0897762	0.051854	0.0495249	0.0460998	0.0440258	0.04224	0.0389262	0.0336304	0.0349297	0.0293771	0.0281091	0.0257143	0.0240112	0.0227596	0.0219232	0.021303	0.0204937	0.0190476	0.0175859	0.0161833	0.0169316	0.0152677	0.0147839	0.014472	0.0140579	0.013611	0.0129446	0.0123327	0.0114167	0.0101457	0.0112543	0.0104617	0.00878709	0.00865054	0.00850542	0.00821255	0.00764995	0.00663784	0.00501101	0.00363121	0.0659153	0.00305974	0.00289717	0.00286417	0.00279668	0.00266496	0.00242221	

52	0.017	0	0	task-0:0.056	|	0.211546	0.189077	0.153699	0.100576	0.0491185	0.153026	0.052786	0.127307	0.0377894	0.0354028	0.0333491	0.0324769	0.0313221	0.0298274	0.0265655	0.0211635	0.0220515	0.0391931	0.0152516	0.0149177	0.0145231	0.014085	0.0139644	0.0136512	0.0131123	0.0125653	0.0117434	0.0102347	0.00780686	0.0113039	0.0410187	0.00561179	0.00522222	0.00508803	0.00506364	0.00501885	0.00493359	0.00478698	0.00453297	0.00405918	0.00336572	0.00956059	0.00326212	0.00322152	0.00316513	0.00313849	0.00309956	0.0030255	0.00288977	0.00264858	0.00266242	0.00322288	0.00230669	

62	0.021	0	0	task-0:0.066	|	0.283391	0.250128	0.196519	0.159656	0.129596	0.112663	0.107574	0.0893297	0.0818653	0.0704347	0.0658668	0.0599433	0.0551868	0.0517362	0.0491851	0.0434224	0.0341889	0.0369278	0.0321326	0.0257886	0.0251418	0.0236065	0.0214609	0.0177741	0.012897	0.0476299	0.0120666	0.0115781	0.0115772	0.0115427	0.0114621	0.011319	0.0111038	0.0107618	0.0101095	0.00949782	0.00989317	0.0090692	0.00898166	0.00881011	0.00849905	0.00797553	0.00704093	0.00804754	0.00814556	0.00602293	0.0059424	0.00579959	0.00564982	0.00536317	0.00484468	0.00487503	0.00655209	0.00412366	0.00404982	0.00397591	0.00390122	0.00382421	0.00367722	0.00348964	0.00313935	0.00253944	0.00205443	

61	0.117	0	0	task-0:0.074	|	0.237681	0.207402	0.181816	0.138346	0.120932	0.113591	0.0984316	0.0890589	0.0831613	0.0687585	0.0487426	0.047674	0.0576898	0.0304804	0.0294664	0.0277328	0.0261728	0.0251189	0.0235364	0.0224276	0.021781	0.0207959	0.0199878	0.0190656	0.0175438	0.0159446	0.0163628	0.0147536	0.0144594	0.0141235	0.0135889	0.0128867	0.0118225	0.0116116	0.0111768	0.0105343	0.0103833	0.0101016	0.00960892	0.00922729	0.00878147	0.00850231	0.00822395	0.00814731	0.00803022	0.00784355	0.00757966	0.00706381	0.00666529	0.00745422	0.00619997	0.00608336	0.00595382	0.00581956	0.0057007	0.00545994	0.00498633	0.00414318	0.00286134	0.00721422	0.0576164	0.00243432	

74	0.12	0	0	task-0:0.052	|	0.245701	0.204257	0.176033	0.125646	0.102889	0.107626	0.0687516	0.0622707	0.0576152	0.0551647	0.0507908	0.0432952	0.0331642	0.0224249	0.0738495	0.0215849	0.0206957	0.0191876	0.0189199	0.0182171	0.0168574	0.0156033	0.0159833	0.0147809	0.0145831	0.014225	0.013625	0.0128081	0.0123314	0.0118612	0.0117889	0.011635	0.0113379	0.010817	0.00995526	0.00845819	0.0105147	0.0121759	0.00690599	0.0067761	0.00667087	0.00661883	0.00654178	0.00646815	0.00632721	0.0061831	0.00607328	0.00606783	0.00602159	0.00591972	0.00581653	0.0057196	0.00561273	0.00544208	0.00526397	0.00493538	0.00517185	0.00467327	0.00460784	0.00456129	0.00445052	0.004248	0.00404349	0.00397302	0.00384655	0.00378329	0.00372384	0.00366141	0.00360435	0.00350109	0.00342498	0.00329684	0.00305307	0.00261714	0.00192265	

46	0.015	0	0	task-0:0.056	|	0.267395	0.238918	0.177552	0.128167	0.138711	0.0934644	0.0887956	0.0731792	0.0690073	0.0607455	0.047362	0.0392118	0.0536906	0.0321784	0.0312015	0.029159	0.0253611	0.0193505	0.0117643	0.0243878	0.140115	0.0064595	0.00576938	0.00562389	0.0055915	0.00553244	0.00541727	0.00520536	0.0048301	0.00483775	0.00491724	0.00431972	0.00425754	0.0041849	0.00406425	0.00384513	0.00348955	0.00354294	0.00453935	0.00302622	0.00299145	0.00292768	0.00284759	0.00270522	0.00253226	0.00286321	0.00246006	

56	0.145	0	0	task-0:0.056	|	0.229904	0.201172	0.178206	0.136357	0.117413	0.0944969	0.0922113	0.0855262	0.0810577	0.0693212	0.0566761	0.0393529	0.0481944	0.0416699	0.0262343	0.0253036	0.0244937	0.02367	0.0230477	0.0220366	0.019913	0.0165044	0.0228898	0.0150801	0.0141262	0.0140284	0.0136535	0.0130111	0.0124259	0.0118346	0.0114093	0.0110201	0.0105007	0.0100827	0.00971943	0.00965423	0.00952297	0.00931698	0.00902067	0.00842186	0.0073088	0.00549608	0.00629153	0.0744402	0.00370954	0.00343174	0.00333382	0.00332648	0.00331455	0.00329092	0.00325275	0.00318841	0.00307262	0.00285002	0.00269838	0.00355969	0.00248565	

66	0.152	0	0	task-0:0.052	|	0.215918	0.187692	0.164894	0.118082	0.109826	0.078748	0.0731773	0.0619279	0.0448112	0.0328019	0.0926533	0.0286151	0.0277009	0.0235985	0.0230461	0.0217155	0.0191418	0.0155313	0.0228024	0.0189604	0.0123663	0.0120911	0.0119083	0.0115384	0.0108329	0.00957101	0.00844426	0.018061	0.00767896	0.00747281	0.00741748	0.00738887	0.00733473	0.00725062	0.00715601	0.00696395	0.00683255	0.0067043	0.00659264	0.00639844	0.00620219	0.00596149	0.00567104	0.00555191	0.00535337	0.00529878	0.00520515	0.00506528	0.0048606	0.00477424	0.00474299	0.00465345	0.00447651	0.00421271	0.00378496	0.00335324	0.00840632	0.00312159	0.00307439	0.00300538	0.00295501	0.00289288	0.0027882	0.00273874	0.00267837	0.00255737	0.00233549	

79	0.153	0	0	task-0:0.056	|	0.29018	0.206482	0.209297	0.173947	0.153042	0.107466	0.0992254	0.0718455	0.0668113	0.0638544	0.0564685	0.0517862	0.0463839	0.0415265	0.0380149	0.0344185	0.0312068	0.0285728	0.0273793	0.0265633	0.0253968	0.0249836	0.0240777	0.0223406	0.0193352	0.0176555	0.0263611	0.0152346	0.0146317	0.0145443	0.0143721	0.0141018	0.0137929	0.0132551	0.0127548	0.0119076	0.0104085	0.00891712	0.0228195	0.0081915	0.00794527	0.00787108	0.00780945	0.00769252	0.007493	0.00717093	0.00654588	0.00545257	0.00512075	0.0315299	0.00406944	0.00394914	0.00389652	0.00388474	0.00386176	0.00382481	0.00378156	0.00369569	0.00358203	0.0035351	0.00353468	0.00351058	0.00345809	0.00339841	0.00335702	0.00330464	0.00321583	0.00309706	0.00301439	0.00291753	0.00290603	0.00288645	0.00285729	0.00282862	0.00275862	0.00270542	0.00266119	0.002616	0.00253007	0.0024582	

68	0.12	0	0	task-0:0.054	|	0.322419	0.279989	0.235579	0.180029	0.175509	0.158117	0.12357	0.0994197	0.0942049	0.0732382	0.0664677	0.0604198	0.0570926	0.0494529	0.037175	0.0415304	0.0417694	0.0258921	0.0251137	0.0240288	0.0230289	0.0228625	0.0220363	0.0211832	0.0203977	0.0201552	0.0193581	0.0179298	0.0172339	0.0165059	0.0158775	0.0155487	0.0150893	0.0141461	0.0126023	0.0144895	0.0116755	0.0114256	0.0111613	0.010589	0.00958386	0.0101389	0.00926671	0.0084764	0.0083838	0.00816506	0.00770149	0.0068167	0.00534349	0.00659215	0.0435546	0.00390262	0.00362066	0.00351491	0.00350729	0.00349616	0.00347399	0.00343862	0.00338038	0.00327795	0.00307768	0.00284147	0.00364323	0.00272086	0.00268222	0.00262503	0.00257639	0.00250216	0.00240543	

70	0.028	0	0	task-0:0.052	|	0.296271	0.22438	0.186596	0.127174	0.126201	0.106644	0.093588	0.0812463	0.075544	0.0631595	0.0468513	0.0602546	0.0435873	0.0396659	0.0379467	0.0370196	0.0349291	0.032961	0.0312261	0.0308092	0.0289786	0.0265181	0.025582	0.023871	0.0231961	0.0221485	0.0201368	0.0166976	0.0117019	0.0178319	0.083817	0.00745063	0.00683959	0.00667061	0.00662872	0.0065401	0.00638786	0.00620189	0.00597678	0.00588994	0.00586563	0.00580991	0.00568494	0.00552894	0.0054323	0.00537932	0.00525265	0.00502204	0.00482205	0.00474601	0.00466042	0.00464458	0.00461302	0.00455696	0.00446303	0.00430272	0.00400291	0.00376167	0.00476835	0.00353181	0.00350061	0.00343674	0.00331109	0.00307398	0.00321724	0.00302744	0.0027757	0.00275151	0.00269986	0.00259561	0.00241678	

51	0.029	0	0	task-0:0.064	|	0.252134	0.220793	0.178756	0.114648	0.0589919	0.168533	0.0608443	0.165332	0.0395305	0.0365623	0.0348006	0.0337623	0.0324651	0.0306518	0.0268172	0.0207047	0.0266322	0.0332462	0.0151547	0.0146882	0.0144826	0.0143728	0.0141769	0.0138766	0.0134366	0.0125887	0.0111691	0.0130188	0.0104267	0.00996037	0.00991133	0.00972397	0.00936692	0.0089555	0.00819229	0.00720078	0.0114197	0.00690856	0.00677025	0.00667876	0.00663948	0.00657606	0.00650179	0.00640803	0.00619603	0.00576156	0.00495809	0.00367258	0.006002	0.0502323	0.00281615	0.00240526	

47	0.122	0	0	task-0:0.052	|	0.247731	0.215983	0.175061	0.120902	0.0738206	0.149736	0.0618388	0.0598322	0.0564584	0.0487189	0.0358419	0.030966	0.0894365	0.0225268	0.0220265	0.0211366	0.0201505	0.0194618	0.0182233	0.0172504	0.0164596	0.0163745	0.0161682	0.0158177	0.0153072	0.0145652	0.0140149	0.0131296	0.0121453	0.0126945	0.0115793	0.011277	0.0110492	0.010795	0.0106018	0.0102702	0.00987237	0.00955808	0.00925635	0.00915268	0.00902081	0.0088461	0.00864035	0.00819905	0.00736266	0.00603367	0.00406062	0.00186773	

39	0.111	0	0	task-0:0.052	|	0.2396	0.198568	0.172327	0.111137	0.10306	0.0774515	0.0595339	0.0562675	0.0486851	0.0410437	0.0404317	0.0350675	0.0334616	0.0319081	0.0302388	0.0300444	0.0285754	0.0274667	0.0263253	0.0258911	0.0246792	0.0228671	0.0222015	0.0209669	0.0203932	0.0196483	0.0181917	0.0156066	0.0116043	0.00660035	0.0220157	0.109748	0.0102059	0.00574338	0.00264243	0.00258022	0.00253626	0.0025283	0.00251179	0.00247966	

64	0.174	0	0	task-0:0.056	|	0.310597	0.223374	0.185215	0.13801	0.123456	0.112777	0.0963818	0.0875665	0.0815921	0.0681202	0.0477529	0.062235	0.0366779	0.0343568	0.0325769	0.0292821	0.0271913	0.0254363	0.0249832	0.0242732	0.0234373	0.0220382	0.0204438	0.0176081	0.0156179	0.0280835	0.0135615	0.0133548	0.0129315	0.0121869	0.0108526	0.00889313	0.016767	0.00832074	0.00795499	0.00791596	0.00779429	0.00766745	0.00762104	0.00752318	0.00733713	0.00698197	0.00633561	0.00593383	0.00909829	0.00535187	0.00524622	0.00514848	0.00505881	0.00499318	0.00486575	0.00470721	0.00461523	0.00452042	0.0044469	0.00440677	0.00436801	0.00435063	0.00428521	0.00417287	0.00406518	0.00385506	0.00346454	0.00279747	0.00182569	

50	0.02	0	0	task-0:0.07	|	0.227153	0.198981	0.174413	0.132116	0.116404	0.108556	0.0937813	0.0849829	0.0793079	0.0654117	0.0455012	0.0647033	0.0351123	0.0329474	0.031514	0.0290266	0.0272524	0.0257478	0.0244426	0.0229936	0.0217081	0.0201016	0.0173283	0.0208883	0.0157361	0.0149233	0.0148382	0.0144499	0.0138337	0.0133292	0.0128254	0.0120856	0.0116546	0.0111795	0.0109448	0.0107739	0.0105855	0.0101468	0.00934421	0.00909951	0.00968881	0.00820746	0.00809787	0.00786692	0.00740711	0.00655155	0.00512012	0.00313247	0.00585028	0.155293	0.0016579	

82	0.202	0	0	task-0:0.058	|	0.241935	0.208768	0.171457	0.119406	0.0608366	0.151564	0.0639095	0.161596	0.0451052	0.0419623	0.0398019	0.0383372	0.0368301	0.0341603	0.0302493	0.0287835	0.0265198	0.0258374	0.0244252	0.0218066	0.0175045	0.0166901	0.0429388	0.0126549	0.0118667	0.0116798	0.0115324	0.0113971	0.0110337	0.0104308	0.0102215	0.00975992	0.0095902	0.00947835	0.00930486	0.00905534	0.00885603	0.00856529	0.00822277	0.00804663	0.00799985	0.00786148	0.00763347	0.00742404	0.00707808	0.00674494	0.00673195	0.0064764	0.00634958	0.00625358	0.00609682	0.00580838	0.0053125	0.00466086	0.00849331	0.00447626	0.00439974	0.0043194	0.00427878	0.00423327	0.00419492	0.00409884	0.00393687	0.00382608	0.00370038	0.00367991	0.00364887	0.00362673	0.00358251	0.00349752	0.003388	0.0032892	0.00317749	0.00313388	0.00311129	0.00305603	0.00298296	0.00293749	0.00289236	0.00280601	0.00273453	0.00259792	0.00243888	

50	0.193	0	0	task-0:0.054	|	0.260711	0.230844	0.175791	0.0974657	0.0537215	0.182569	0.0446695	0.04333	0.0415302	0.037416	0.030202	0.0251458	0.0579844	0.0210344	0.0206298	0.0197626	0.0181206	0.0169835	0.0169253	0.0154915	0.0151901	0.0146173	0.0136201	0.012015	0.0109513	0.0203709	0.00965553	0.00953066	0.00929491	0.00898536	0.00863497	0.00795831	0.00681297	0.00561299	0.0289893	0.00510695	0.00504713	0.00498833	0.00491947	0.00485655	0.00474795	0.00463215	0.00455667	0.00453934	0.00447339	0.00435557	0.00423682	0.00400566	0.00358029	0.00286219	0.00183492	

76	0.197	0	0	task-0:0.056	|	0.387482	0.273842	0.294305	0.201645	0.276631	0.131361	0.115198	0.0914761	0.0680491	0.0741687	0.0549504	0.0525091	0.0472721	0.0408465	0.0370132	0.0346393	0.033413	0.0312931	0.029727	0.0281463	0.0252736	0.0219617	0.0228372	0.0209545	0.0182648	0.0178642	0.0174529	0.016706	0.0154731	0.013801	0.0158413	0.0133101	0.012963	0.0127639	0.0126512	0.0124719	0.0122428	0.0118767	0.0113448	0.0110961	0.0108302	0.0105904	0.0104264	0.010095	0.00959987	0.00913208	0.00893224	0.00867703	0.00853041	0.00838461	0.00809081	0.00752824	0.00703512	0.00803381	0.0065709	0.00650124	0.00635763	0.00607414	0.005541	0.00461325	0.00444977	0.021106	0.00335361	0.0032927	0.0032372	0.00320378	0.00319111	0.00316709	0.00311369	0.00303457	0.0029777	0.00290501	0.00276169	0.00250074	0.00262672	0.00332406	0.0021643	

52	0.151	0	0	task-0:0.068	|	0.203801	0.182556	0.147888	0.103176	0.0768908	0.0950116	0.0561096	0.0534522	0.0478401	0.0380566	0.0264056	0.0611037	0.0256714	0.0243866	0.02306	0.0228331	0.0219977	0.0209544	0.0201365	0.02003	0.0193786	0.0184436	0.017678	0.0169857	0.0163306	0.0154071	0.0142507	0.0127529	0.0137948	0.0119723	0.0113601	0.0112808	0.0111798	0.0109982	0.0107579	0.0104092	0.0099292	0.00967791	0.00934952	0.00921333	0.00900723	0.00860639	0.00840613	0.00805539	0.0079437	0.00774443	0.00740943	0.00676421	0.0056165	0.00387001	0.0042973	0.127914	0.00225824	

58	0.189	0	0	task-0:0.062	|	0.278086	0.246224	0.192623	0.156847	0.129288	0.110343	0.106484	0.0907426	0.0838929	0.0678999	0.0482707	0.0500332	0.0584539	0.0310111	0.0287889	0.0285668	0.0280344	0.0272092	0.0257006	0.022712	0.0177667	0.0120247	0.098014	0.0111456	0.0110232	0.0107848	0.0103695	0.00964233	0.00833082	0.00691498	0.0279079	0.00634568	0.0062819	0.00618866	0.00606555	0.00598422	0.00583519	0.005636	0.00553169	0.00547818	0.00538697	0.00534986	0.00533027	0.00529098	0.00523408	0.00517441	0.0050545	0.00489554	0.00480429	0.00475934	0.00466584	0.00454637	0.00445849	0.00441852	0.0043243	0.00412469	0.00373771	0.00306491	0.00218807	

55	0.02	0	0	task-0:0.052	|	0.265941	0.235175	0.207835	0.156878	0.154659	0.140027	0.112092	0.0879146	0.0879633	0.0691029	0.0619519	0.0575316	0.0545315	0.0480416	0.0372396	0.0316798	0.0650143	0.02505	0.0244731	0.0232532	0.0212186	0.018005	0.0141812	0.0371964	0.0134179	0.0128294	0.0126141	0.0121667	0.0113011	0.00975195	0.00729237	0.00461585	0.107558	0.00416473	0.00412616	0.00408673	0.00402905	0.00393988	0.00380269	0.00354386	0.00328943	0.00433589	0.00312194	0.00309971	0.0030542	0.00296464	0.00284269	0.00271562	0.00274553	0.00266811	0.00261817	0.00257017	0.00254204	0.00253654	0.00250913	0.00245936	

58	0.189	0	0	task-0:0.056	|	0.304357	0.249544	0.205994	0.153308	0.134584	0.118566	0.108947	0.0903685	0.0835251	0.0685325	0.0624059	0.0523341	0.0500136	0.0476826	0.0439048	0.0398555	0.037534	0.0350624	0.0340624	0.0330447	0.0317914	0.0300315	0.0264265	0.0226458	0.0298214	0.0211999	0.0209409	0.0204223	0.0194699	0.0178575	0.0149772	0.0108352	0.0115589	0.0760114	0.00768251	0.00647543	0.0060317	0.00597147	0.00584073	0.00556668	0.00505685	0.00458801	0.00917401	0.00425461	0.00421408	0.00414139	0.00405564	0.00397594	0.00382192	0.00355044	0.00364953	0.00346526	0.00323333	0.00320494	0.00314784	0.00302792	0.00286354	0.00259288	0.00213316	

57	0.192	0	0	task-0:0.046	|	0.295316	0.263565	0.187594	0.172253	0.103322	0.0930552	0.0739972	0.0564179	0.0719736	0.0484618	0.0435661	0.041923	0.039998	0.0371647	0.0324351	0.0297181	0.0291051	0.0267175	0.0259752	0.0246098	0.0224214	0.0197324	0.0198641	0.0195507	0.0164904	0.0160807	0.0157038	0.0149581	0.0135866	0.0113768	0.00973386	0.0430338	0.00834534	0.00822886	0.00809419	0.0079328	0.00782938	0.00762869	0.00739322	0.00724045	0.00718373	0.00702372	0.00670969	0.00630076	0.005569	0.00457429	0.0154177	0.00438064	0.00430971	0.00424689	0.00423615	0.00421205	0.00416654	0.004084	0.00392151	0.00361435	0.00307197	0.00247454	

55	0.026	0	0	task-0:0.052	|	0.333313	0.217783	0.179899	0.139785	0.123483	0.116375	0.0954825	0.0848573	0.071192	0.0505195	0.0661934	0.0388007	0.0362616	0.0316792	0.0243068	0.0267217	0.0476258	0.0169629	0.0165041	0.0161658	0.0157781	0.0155327	0.0151763	0.0144741	0.013686	0.0125545	0.0117729	0.0128358	0.0109117	0.0107523	0.01043	0.00981191	0.0087423	0.0077755	0.0168502	0.00714365	0.00706862	0.00692875	0.00674723	0.0065652	0.00620844	0.00588465	0.00610647	0.00558204	0.00548085	0.00537263	0.00524921	0.0051126	0.00484645	0.00434297	0.00349068	0.00507292	0.0173097	0.00278372	0.00256665	0.00247777	

54	0.191	0	0	task-0:0.052	|	0.268463	0.238685	0.178018	0.0896283	0.121353	0.157336	0.0510482	0.0570609	0.0303424	0.0294427	0.02777	0.0261838	0.0248716	0.0238154	0.0227362	0.0220895	0.0205059	0.0178702	0.0203263	0.0162584	0.0155755	0.0155164	0.0151459	0.0146631	0.0142751	0.0139147	0.0132947	0.0124291	0.0112481	0.0119311	0.0105783	0.0101568	0.0101094	0.0100549	0.00995252	0.00981117	0.00964622	0.00929167	0.0087464	0.00886902	0.00834918	0.00821199	0.00793223	0.00746119	0.006606	0.00763287	0.00745295	0.00564799	0.00557548	0.00544277	0.00529046	0.00499378	0.00444606	0.00352346	0.00221395	

57	0.149	0	0	task-0:0.064	|	0.289926	0.258317	0.186753	0.108178	0.185382	0.0882469	0.0850934	0.0787015	0.0641928	0.0534391	0.0548244	0.0456074	0.044027	0.0409597	0.0358071	0.0274319	0.0292446	0.0486166	0.0191094	0.0186012	0.0181257	0.0175843	0.0173659	0.0168499	0.0159921	0.0153717	0.0147778	0.0145316	0.0141768	0.0137654	0.0132172	0.0128635	0.0121748	0.0113909	0.0112291	0.0109211	0.0108409	0.0106862	0.0104338	0.010047	0.00926683	0.00786882	0.00612504	0.038667	0.00576071	0.00571377	0.00564674	0.0055486	0.00544172	0.0052771	0.00519344	0.00504666	0.00476195	0.00423764	0.00335605	0.00351349	0.0370715	0.00247264	

81	0.231	0	0	task-0:0.054	|	0.24226	0.216724	0.153805	0.0740241	0.0765857	0.0550187	0.0442693	0.0424921	0.0381387	0.0336665	0.0309324	0.0298332	0.0276551	0.026539	0.0258385	0.0249335	0.0237011	0.0217499	0.0217465	0.0207966	0.0199962	0.0197758	0.019541	0.0191789	0.0186339	0.0177907	0.0164131	0.016572	0.0152662	0.014895	0.014152	0.0131075	0.0123082	0.012875	0.0115855	0.0112898	0.0110441	0.0107017	0.0102558	0.00953899	0.00920217	0.0091749	0.00859834	0.00848006	0.00826174	0.00787116	0.00721496	0.00812432	0.00683363	0.00674646	0.00660511	0.00630843	0.0057751	0.00594019	0.00619321	0.00508742	0.00502931	0.00490526	0.00466576	0.00430543	0.00406657	0.00539915	0.00376993	0.00370594	0.00362503	0.00356902	0.00355996	0.00351667	0.00343608	0.00334398	0.00323193	0.00307812	0.00300928	0.00291499	0.00286891	0.00283993	0.00280954	0.00273665	0.00267143	0.00261193	0.002534	0.00238496	

81	0.153	0	0	task-0:0.056	|	0.294557	0.25866	0.225659	0.171603	0.166981	0.150095	0.11865	0.0809547	0.101441	0.0686042	0.0631548	0.0545867	0.0518347	0.0459661	0.0367935	0.0371837	0.0337652	0.0277152	0.0269615	0.0251244	0.0219364	0.0232284	0.0197944	0.0185779	0.0183477	0.0176867	0.0165236	0.0158244	0.0151109	0.0149032	0.0146024	0.0143055	0.0137221	0.0130479	0.0122964	0.0118539	0.0115276	0.0113435	0.0109394	0.0101343	0.00869861	0.00835624	0.0229656	0.00677093	0.00665658	0.00655821	0.00646397	0.00641491	0.00633155	0.00618564	0.00606302	0.00583421	0.00550142	0.00528783	0.00534062	0.00505741	0.00496893	0.0048897	0.00476423	0.00454129	0.00420499	0.00446377	0.0039923	0.00390394	0.00389792	0.00385872	0.00377485	0.00365118	0.00359595	0.00352668	0.00347824	0.0034708	0.00345587	0.00343132	0.00339792	0.00334878	0.0032429	0.00303111	0.00265249	0.00365954	0.00269205	0.00238931	

79	0.123	0	0	task-0:0.052	|	0.287721	0.231917	0.193716	0.135952	0.128454	0.110352	0.0953978	0.0867297	0.0811717	0.0700663	0.0556625	0.0562896	0.0513131	0.0459932	0.0445333	0.0412741	0.0363621	0.0324751	0.031498	0.0303882	0.0285463	0.0280957	0.027337	0.0265437	0.0254564	0.0236078	0.0226005	0.0214128	0.0210504	0.0205283	0.0196547	0.018376	0.0160222	0.01409	0.0277546	0.0126123	0.0124429	0.0120955	0.0114928	0.0104537	0.0100773	0.01156	0.00900091	0.00880025	0.00862116	0.00835457	0.00795609	0.00763736	0.00751096	0.00730554	0.00718803	0.00713595	0.00703381	0.00685469	0.00656247	0.00603426	0.00572999	0.00724651	0.00529253	0.00523685	0.00512151	0.00489772	0.00460585	0.00460643	0.00438775	0.00430141	0.00425326	0.00419826	0.00412285	0.0040097	0.00380342	0.00369241	0.00366448	0.00349833	0.0034635	0.00340247	0.00329082	0.00307085	0.00266903	0.00201825	

79	0.159	0	0	task-0:0.056	|	0.306966	0.245134	0.200354	0.146086	0.129605	0.114758	0.100284	0.0863934	0.0799541	0.0649535	0.0514183	0.058824	0.0456182	0.0446801	0.0429748	0.0403935	0.0357607	0.032115	0.0306108	0.0285942	0.0277674	0.0259812	0.0232174	0.0192359	0.019997	0.0293883	0.0146665	0.0143737	0.0139682	0.0135649	0.0135337	0.0132853	0.012941	0.0127121	0.0122815	0.0115111	0.0108162	0.0111792	0.0102247	0.00998429	0.0097738	0.00949006	0.00912808	0.00854361	0.00820281	0.00818479	0.00775303	0.00765131	0.00747192	0.00716251	0.00657949	0.00600198	0.0090362	0.00564478	0.00559464	0.0054917	0.00529212	0.00518223	0.00500417	0.00495003	0.0048399	0.00462582	0.0043676	0.00437488	0.00419782	0.00417575	0.00413021	0.00405315	0.00393883	0.00377756	0.00368006	0.00355784	0.00351692	0.00345715	0.00336614	0.00318528	0.00285433	0.00277969	0.00572247	0.00239429	

76	0.026	0	0	task-0:0.054	|	0.279161	0.226003	0.192871	0.136281	0.128585	0.115155	0.0995045	0.0903251	0.0841469	0.0717559	0.0533742	0.0530123	0.0443061	0.0359376	0.0346795	0.0316391	0.0265798	0.028891	0.0234003	0.0217057	0.0214065	0.020515	0.01899	0.0180771	0.0171961	0.0168896	0.0165407	0.0162569	0.0155329	0.0141711	0.0132022	0.0150764	0.0121648	0.0119758	0.0115925	0.010852	0.00951208	0.00969206	0.0136811	0.00771959	0.00754097	0.00742582	0.00726249	0.00701538	0.00670825	0.00653227	0.00636825	0.00620538	0.00606451	0.00597386	0.00577916	0.00545817	0.00538115	0.0052303	0.0051529	0.00504206	0.00491804	0.00480112	0.00456626	0.00413412	0.00390938	0.00680853	0.00349173	0.00345335	0.00338916	0.00332494	0.00326927	0.00315827	0.00297231	0.00306845	0.0028328	0.00280064	0.0027771	0.00271742	0.0026188	0.00255006	0.00246366	

59	0.019	0	0	task-0:0.052	|	0.225426	0.189657	0.165611	0.109025	0.101634	0.0745878	0.0602109	0.0569169	0.0488726	0.0384239	0.0318396	0.0583238	0.026442	0.0245355	0.0238637	0.0231615	0.0223466	0.0205077	0.0175008	0.0210106	0.0165496	0.0147416	0.0145476	0.014029	0.0131742	0.0129061	0.0122563	0.0120341	0.0115813	0.010711	0.00916071	0.00765595	0.0268625	0.00689363	0.00668401	0.00660904	0.00653373	0.00638093	0.00608601	0.00554043	0.00461027	0.00754778	0.00785438	0.00371807	0.00363117	0.00360372	0.00356996	0.00351131	0.00342833	0.0033045	0.00325872	0.0032414	0.00319083	0.00311292	0.00305469	0.00294938	0.00276666	0.00255277	0.0030996	0.00246536	

93	0.145	0	0	task-0:0.056	|	0.241438	0.203755	0.173734	0.128982	0.0782913	0.126108	0.0695975	0.0783892	0.051203	0.0488948	0.0435778	0.0378976	0.0349044	0.0324486	0.0308407	0.0300625	0.029222	0.0282057	0.0267431	0.0241045	0.0213079	0.0222937	0.0193413	0.0185474	0.0183582	0.0180554	0.0176714	0.0173441	0.0165831	0.0154764	0.0153976	0.0149504	0.0146086	0.0143886	0.0142883	0.0141225	0.0138809	0.0134884	0.0128578	0.0123904	0.0116041	0.0112912	0.0108431	0.0104727	0.0103583	0.0102806	0.0101522	0.0100159	0.00981017	0.00943879	0.00905381	0.00857282	0.00829098	0.0080044	0.00792177	0.00781529	0.00774135	0.00757179	0.0073403	0.00716753	0.00704602	0.0067799	0.00627175	0.00557216	0.00781841	0.00530265	0.00523259	0.0052023	0.00513942	0.00501102	0.00481251	0.0046013	0.0045172	0.00435591	0.00431152	0.00423916	0.00413133	0.00392857	0.00372659	0.00366099	0.00357078	0.00344727	0.00341334	0.00339297	0.00335199	0.00327467	0.00313687	0.00292857	0.00311777	0.00284055	0.00281813	0.00276779	0.00265925	0.00244825	

59	0.138	0	0	task-0:0.052	|	0.225426	0.189657	0.165611	0.109025	0.101634	0.0745878	0.0602109	0.0569169	0.0488726	0.0384239	0.0318396	0.0583238	0.026442	0.0245355	0.0238637	0.0231615	0.0223466	0.0205077	0.0175008	0.0210106	0.0165496	0.0147416	0.0145476	0.014029	0.0131742	0.0129061	0.0122563	0.0120341	0.0115813	0.010711	0.00916071	0.00765595	0.0268625	0.00689363	0.00668401	0.00660904	0.00653373	0.00638093	0.00608601	0.00554043	0.00461027	0.00754778	0.00785438	0.00371807	0.00363117	0.00360372	0.00356996	0.00351131	0.00342833	0.0033045	0.00325872	0.0032414	0.00319083	0.00311292	0.00305469	0.00294938	0.00276666	0.00255277	0.0030996	0.00246536	

66	0.134	0	0	task-0:0.052	|	0.349701	0.272661	0.22169	0.16491	0.159499	0.142265	0.114503	0.0727436	0.104161	0.0674018	0.0675342	0.0525817	0.0503867	0.0444035	0.0358032	0.0245819	0.0295254	0.0763899	0.0166963	0.014814	0.0136225	0.0133895	0.012918	0.0120585	0.0109113	0.00988693	0.0144452	0.00912628	0.00889924	0.00875706	0.008603	0.0084548	0.0082378	0.00804935	0.00787316	0.00776415	0.00754962	0.0072382	0.00712673	0.00699685	0.00684997	0.00674037	0.00660005	0.00640925	0.00617488	0.00605799	0.00596148	0.00578883	0.00559644	0.00538992	0.00518094	0.00508071	0.00504422	0.00494865	0.0047385	0.00432921	0.00362958	0.00464524	0.0107713	0.00291331	0.00280137	0.00274473	0.00272833	0.0026977	0.00263606	0.00251578	0.00229099	

64	0.159	0	0	task-0:0.052	|	0.204938	0.180434	0.161119	0.121948	0.104419	0.083389	0.0799439	0.0740857	0.0654193	0.0510084	0.0543183	0.0404147	0.0379885	0.0333433	0.026551	0.0300226	0.026902	0.0203778	0.0199219	0.0189951	0.0178944	0.0159825	0.0156379	0.0164144	0.013419	0.0130878	0.0127823	0.0121777	0.0114227	0.0111157	0.0108103	0.0106507	0.0103206	0.00967503	0.00849422	0.00662956	0.014403	0.0102533	0.0054298	0.00522374	0.00510026	0.0050485	0.00498523	0.00488631	0.00474622	0.00447237	0.00428111	0.00449644	0.0040162	0.00395109	0.00387445	0.00379255	0.00370422	0.00353384	0.00341961	0.0033859	0.00325084	0.00320838	0.00317796	0.00311641	0.00299548	0.00276661	0.00269444	0.00337226	0.00241288	

93	0.126	0	0	task-0:0.056	|	0.241438	0.203755	0.173734	0.128982	0.0782913	0.126108	0.0695975	0.0783892	0.051203	0.0488948	0.0435778	0.0378976	0.0349044	0.0324486	0.0308407	0.0300625	0.029222	0.0282057	0.0267431	0.0241045	0.0213079	0.0222937	0.0193413	0.0185474	0.0183582	0.0180554	0.0176714	0.0173441	0.0165831	0.0154764	0.0153976	0.0149504	0.0146086	0.0143886	0.0142883	0.0141225	0.0138809	0.0134884	0.0128578	0.0123904	0.0116041	0.0112912	0.0108431	0.0104727	0.0103583	0.0102806	0.0101522	0.0100159	0.00981017	0.00943879	0.00905381	0.00857282	0.00829098	0.0080044	0.00792177	0.00781529	0.00774135	0.00757179	0.0073403	0.00716753	0.00704602	0.0067799	0.00627175	0.00557216	0.00781841	0.00530265	0.00523259	0.0052023	0.00513942	0.00501102	0.00481251	0.0046013	0.0045172	0.00435591	0.00431152	0.00423916	0.00413133	0.00392857	0.00372659	0.00366099	0.00357078	0.00344727	0.00341334	0.00339297	0.00335199	0.00327467	0.00313687	0.00292857	0.00311777	0.00284055	0.00281813	0.00276779	0.00265925	0.00244825	

67	0.144	0	0	task-0:0.054	|	0.306992	0.261858	0.22143	0.171818	0.145516	0.135873	0.102782	0.0897975	0.0732073	0.0705314	0.0662569	0.0599759	0.0488071	0.0471205	0.0391149	0.0370103	0.0362869	0.034336	0.0325865	0.0308955	0.0300351	0.0278916	0.0237557	0.0193153	0.0386296	0.0178853	0.0176197	0.0170909	0.0161555	0.0145728	0.011977	0.0189954	0.0115705	0.0102244	0.0101036	0.00989533	0.00984835	0.00979173	0.00969231	0.00957543	0.00942187	0.0090754	0.00841812	0.00774867	0.00958925	0.00735458	0.00728353	0.00713737	0.00685438	0.00632367	0.00539334	0.00715746	0.00857133	0.00437424	0.00428796	0.00423736	0.00416587	0.00404423	0.00384981	0.00348733	0.00295011	0.00591417	0.00308148	0.00262319	0.00259696	0.00258113	0.00254894	0.00248621	

40	0.014	0	0	task-0:0.046	|	0.348946	0.258828	0.204542	0.158145	0.154385	0.140951	0.114489	0.0894157	0.0860971	0.0720726	0.0643733	0.0594127	0.0561105	0.048713	0.0362701	0.0274769	0.101205	0.022464	0.022034	0.0211026	0.0193027	0.0161922	0.0141223	0.0367813	0.0118883	0.0117165	0.0114357	0.0111375	0.0111253	0.0109442	0.0106677	0.0104969	0.0101474	0.00947074	0.00824787	0.00627142	0.00365323	0.0124895	0.095153	0.00459901	0.00157256	

64	0.219	0	0	task-0:0.056	|	0.214886	0.188743	0.166922	0.125727	0.111824	0.106543	0.089875	0.0881925	0.0842394	0.0749733	0.0580725	0.0539597	0.0500374	0.0390373	0.0375393	0.0341281	0.0281792	0.0262127	0.0354795	0.0208685	0.0204015	0.0194221	0.017786	0.0149656	0.010949	0.0251215	0.0216948	0.00861575	0.00791275	0.00767055	0.00763435	0.00759416	0.00752627	0.00745209	0.00736914	0.00716134	0.00672214	0.00592635	0.00543832	0.017315	0.0047508	0.00468568	0.00461869	0.00455216	0.00451186	0.00444112	0.00434332	0.00428069	0.00415909	0.00393462	0.00356292	0.0037986	0.00398993	0.00313639	0.00310222	0.00303295	0.00290924	0.00286234	0.00275536	0.00272683	0.00271237	0.00269067	0.00264287	0.00256238	0.00248895	

59	0.023	0	0	task-0:0.052	|	0.204006	0.184031	0.143437	0.108234	0.108701	0.0826994	0.0739439	0.069587	0.0667336	0.0613092	0.0509435	0.0357757	0.0494737	0.0349641	0.0250134	0.0241411	0.0235728	0.0232479	0.0227543	0.0219509	0.0206983	0.018228	0.0142406	0.0195112	0.0302178	0.0106226	0.0102192	0.0100197	0.00992564	0.00974233	0.00942466	0.00891238	0.00795469	0.00645936	0.00733552	0.0252862	0.00468636	0.00453032	0.00449047	0.00445694	0.00438977	0.00426258	0.00403496	0.00377464	0.0042531	0.00364697	0.00358692	0.00350678	0.00345285	0.00342255	0.00335051	0.00323929	0.00317573	0.00309512	0.00303211	0.00296994	0.00289077	0.00274006	0.00250735	0.00209909	

55	0.024	0	0	task-0:0.058	|	0.271816	0.204021	0.173306	0.108069	0.108758	0.0734004	0.0577709	0.0547605	0.0480265	0.0434332	0.0392899	0.0392152	0.0385323	0.0372596	0.0354795	0.0324227	0.0296709	0.0255126	0.0214422	0.0364275	0.0195534	0.0192463	0.0185957	0.0173336	0.0150809	0.0124067	0.0283465	0.0116875	0.0112605	0.0111089	0.0108854	0.0104365	0.00958576	0.00809651	0.00581555	0.0121819	0.0425163	0.00401553	0.00347787	0.00344006	0.00336446	0.00322407	0.00310185	0.00305518	0.00296957	0.00294617	0.00290543	0.00284651	0.0027438	0.00271233	0.002699	0.00265566	0.00259495	0.00256117	0.00250066	0.00239709	

62	0.201	0	0	task-0:0.052	|	0.300315	0.266959	0.195863	0.149108	0.148301	0.100495	0.0973064	0.0803171	0.0762011	0.0678084	0.0539071	0.0397903	0.0631635	0.0344046	0.0335918	0.0321277	0.0292115	0.0242114	0.0170703	0.00948876	0.123435	0.00998862	0.0107944	0.00861461	0.00851684	0.00829573	0.00800364	0.00780777	0.00760806	0.00753946	0.00752439	0.00749243	0.00742713	0.00731493	0.0071588	0.00690683	0.00678985	0.00656804	0.00617339	0.00603873	0.00604554	0.00558908	0.00550481	0.00541969	0.00525307	0.00509162	0.00492841	0.00488564	0.00480307	0.00466177	0.00445792	0.00436564	0.00424384	0.00418715	0.00410411	0.00403806	0.00402255	0.00396177	0.00385187	0.00373698	0.00351501	0.00311118	0.0024388	

72	0.183	0	0	task-0:0.052	|	0.288605	0.257842	0.183077	0.102363	0.172183	0.0928695	0.180457	0.0597336	0.0560857	0.0512677	0.0475305	0.0456129	0.0417994	0.0392808	0.0365811	0.031127	0.0227569	0.02879	0.0559653	0.0154472	0.014833	0.0146003	0.0144509	0.0142179	0.0139773	0.0135706	0.0129896	0.0125806	0.0122967	0.0120338	0.011835	0.0116582	0.0114941	0.0110812	0.0103345	0.00988606	0.00998857	0.00924089	0.00910599	0.00885708	0.00841713	0.00759334	0.0065963	0.0136826	0.00625749	0.0062113	0.00611659	0.00595107	0.00567786	0.00534128	0.00550226	0.00522692	0.00515079	0.00505367	0.00500658	0.00490969	0.00471814	0.00435577	0.00371697	0.00337537	0.0179127	0.0028649	0.00279597	0.00276559	0.00276416	0.00275942	0.00274934	0.00273084	0.00270291	0.00266782	0.00258531	0.00252276	0.00240443	

78	0.123	0	0	task-0:0.056	|	0.246245	0.196459	0.173347	0.129572	0.102509	0.103616	0.0739258	0.0665084	0.0631741	0.0610362	0.056959	0.0489146	0.0358543	0.0287266	0.0953423	0.0219443	0.0214905	0.0205587	0.0191163	0.017408	0.0162051	0.0169282	0.0149022	0.0146322	0.0141047	0.0131278	0.0125043	0.0125079	0.0115586	0.0113035	0.0110762	0.0106257	0.0100862	0.00972808	0.00956553	0.00942142	0.00922454	0.0088188	0.00816763	0.00869028	0.00774173	0.00763212	0.00742148	0.00702248	0.00667908	0.00661181	0.00637814	0.00631724	0.00619461	0.00598293	0.00561939	0.00529461	0.00588239	0.00504546	0.00495463	0.00484659	0.00475954	0.00472666	0.0046387	0.00448735	0.00434531	0.00413718	0.00391875	0.00390662	0.00373223	0.00366752	0.00362238	0.00356684	0.00348834	0.00336947	0.00324683	0.0030208	0.00281007	0.00382848	0.00264899	0.0026079	0.00254851	0.00250783	0.00247272	

53	0.018	0	0	task-0:0.052	|	0.301022	0.216606	0.221678	0.180605	0.158038	0.106711	0.0976589	0.0716262	0.0623758	0.0588962	0.0502889	0.0373547	0.0531254	0.0358032	0.0332263	0.0317349	0.0300638	0.0272139	0.0247178	0.0236986	0.0222385	0.0215683	0.0208322	0.0200699	0.0198209	0.0190319	0.0176983	0.0171527	0.0162231	0.0159136	0.0153112	0.0142195	0.0131197	0.0140969	0.0123838	0.0120444	0.011791	0.0114821	0.0111832	0.0106851	0.0101127	0.00904954	0.00725623	0.00870867	0.0283657	0.0051944	0.00497473	0.00492865	0.00486329	0.00473195	0.0044795	0.00401249	0.0032219	0.00208061	

64	0.151	0	0	task-0:0.056	|	0.336695	0.275799	0.24713	0.202952	0.169271	0.183485	0.128525	0.11476	0.0918356	0.0920521	0.0757436	0.0672788	0.0621561	0.0587411	0.0513027	0.039112	0.0349308	0.0623863	0.026115	0.0254555	0.0241419	0.0225331	0.0210906	0.0199395	0.0187599	0.017443	0.0154185	0.0136156	0.0234379	0.0124243	0.0122644	0.0119277	0.0112757	0.0107693	0.0104307	0.0101453	0.0099793	0.00975699	0.00937098	0.00904535	0.00842515	0.00732098	0.0089021	0.00986541	0.006065	0.00594584	0.00586671	0.0057284	0.00545907	0.00496062	0.0041115	0.00539333	0.01214	0.00312936	0.0030627	0.0030262	0.00299965	0.00296697	0.0029317	0.00284955	0.00270749	0.00267137	0.00257833	0.0025211	0.00249953	

64	0.124	0	0	task-0:0.056	|	0.251504	0.198137	0.175374	0.130211	0.0968215	0.110134	0.0734493	0.0668278	0.0598879	0.0569975	0.0513829	0.0424047	0.0351668	0.0442451	0.0309501	0.0301479	0.0285914	0.0258108	0.0234161	0.0239926	0.0213611	0.0205001	0.0199651	0.0189156	0.0179869	0.0171423	0.0169876	0.0166681	0.0160501	0.0149484	0.0134537	0.0145097	0.0124664	0.0121957	0.0118423	0.0110895	0.00970582	0.00837663	0.0252948	0.00762212	0.0075395	0.00740082	0.00724157	0.00718935	0.00704951	0.00683407	0.00665587	0.00643113	0.00598871	0.00519325	0.00492841	0.0159286	0.00410724	0.00403314	0.00398525	0.00395335	0.00391909	0.00390819	0.00385874	0.00377262	0.00369185	0.00355521	0.00329582	0.00283291	0.00209759	

65	0.118	0	0	task-0:0.054	|	0.189994	0.172199	0.132802	0.093813	0.110113	0.076458	0.0701742	0.0609056	0.0577199	0.051229	0.0416082	0.0401361	0.0354339	0.0316738	0.0306886	0.02843	0.0239716	0.0174269	0.0339415	0.0247781	0.0134073	0.0126216	0.0122383	0.0120866	0.0118036	0.0112705	0.0103337	0.00978127	0.0112538	0.00893708	0.00873724	0.0085521	0.00830995	0.00800914	0.00746012	0.0065286	0.00936401	0.00614219	0.00603724	0.00599684	0.00588288	0.00566918	0.00542322	0.00497403	0.00490629	0.00590369	0.00432375	0.00425094	0.00416746	0.00408134	0.00399391	0.00382111	0.0035094	0.00370021	0.0033759	0.00323168	0.00321133	0.00316586	0.00305939	0.00289649	0.0029823	0.00281387	0.00278629	0.00272611	0.00260766	0.00239573	

56	0.019	0	0	task-0:0.054	|	0.303373	0.212279	0.222463	0.173402	0.15163	0.102605	0.103657	0.0670514	0.0615964	0.0534352	0.041371	0.0450936	0.0354862	0.0308931	0.0301078	0.0278759	0.0242317	0.0266272	0.0216166	0.0208916	0.0197345	0.0174389	0.0136479	0.0128362	0.0748921	0.00914762	0.00895863	0.00884335	0.008716	0.00858433	0.00845063	0.00814524	0.00758575	0.00726973	0.00769557	0.00676229	0.00667876	0.00651159	0.00619241	0.00569411	0.00613524	0.00542404	0.00536213	0.00525548	0.00502945	0.00459109	0.00382786	0.00402893	0.0215803	0.00294411	0.00281429	0.0027541	0.00274275	0.0027198	0.00267363	0.00258278	0.002412	

62	0.117	0	0	task-0:0.054	|	0.200638	0.174354	0.155065	0.10876	0.0901166	0.0844121	0.0623705	0.0588519	0.0511354	0.0384317	0.0289074	0.0846475	0.0239756	0.0234764	0.0224242	0.0204083	0.0169444	0.0119469	0.01184	0.134342	0.00671621	0.00656027	0.0064991	0.00644427	0.0063729	0.00633026	0.00621567	0.00605412	0.00593548	0.00578984	0.00555555	0.00538571	0.00516166	0.00497428	0.00478733	0.00471223	0.00467326	0.00457858	0.00438571	0.00404649	0.00430028	0.00396532	0.00366876	0.00363764	0.00356936	0.00342907	0.0032565	0.00328708	0.00315842	0.00310385	0.0030552	0.00300117	0.00293452	0.00283229	0.00279539	0.00277058	0.00271281	0.00265323	0.00261815	0.00261015	0.00257921	0.00252358	0.00246291	

48	0.112	0	0	task-0:0.052	|	0.235767	0.210971	0.157945	0.117825	0.125562	0.0857828	0.0798521	0.0691142	0.0657256	0.0588537	0.0474782	0.0351036	0.057169	0.0302337	0.0287284	0.0281863	0.0270888	0.0252327	0.0227066	0.0202372	0.0227121	0.0189849	0.0187372	0.0182457	0.0173619	0.0159616	0.0137401	0.0102725	0.0172531	0.0397578	0.00751867	0.00689686	0.00669208	0.00666272	0.00661283	0.00651928	0.00637043	0.00614012	0.00570622	0.00534687	0.00660175	0.00502283	0.00497585	0.00487856	0.00468553	0.00431974	0.00367571	0.00266282	0.00140063	

74	0.025	0	0	task-0:0.056	|	0.231707	0.206592	0.165003	0.0996993	0.0789396	0.146712	0.0537345	0.0617298	0.0355574	0.0343004	0.0317304	0.0287955	0.026438	0.0251533	0.0248614	0.023819	0.0231474	0.0223544	0.0217516	0.0207774	0.0195471	0.0187999	0.0187512	0.0183113	0.0179246	0.0178094	0.0175303	0.0170927	0.0162885	0.0147413	0.0127894	0.0186736	0.0121282	0.0117987	0.0116591	0.0115758	0.0114038	0.0111429	0.0107615	0.00999141	0.00860435	0.00694503	0.0318413	0.00645258	0.00639423	0.00630102	0.00617089	0.00606853	0.00588845	0.00561134	0.00560568	0.00542849	0.00534592	0.00520963	0.00506832	0.00484338	0.00462774	0.00463537	0.00445614	0.00437704	0.0043107	0.00421605	0.00406665	0.00388591	0.00384911	0.00381361	0.00376325	0.0036955	0.00365749	0.00358178	0.00347376	0.00334565	0.00314221	0.00277055	0.00215455	

65	0.023	0	0	task-0:0.054	|	0.189994	0.172199	0.132802	0.093813	0.110113	0.076458	0.0701742	0.0609056	0.0577199	0.051229	0.0416082	0.0401361	0.0354339	0.0316738	0.0306886	0.02843	0.0239716	0.0174269	0.0339415	0.0247781	0.0134073	0.0126216	0.0122383	0.0120866	0.0118036	0.0112705	0.0103337	0.00978127	0.0112538	0.00893708	0.00873724	0.0085521	0.00830995	0.00800914	0.00746012	0.0065286	0.00936401	0.00614219	0.00603724	0.00599684	0.00588288	0.00566918	0.00542322	0.00497403	0.00490629	0.00590369	0.00432375	0.00425094	0.00416746	0.00408134	0.00399391	0.00382111	0.0035094	0.00370021	0.0033759	0.00323168	0.00321133	0.00316586	0.00305939	0.00289649	0.0029823	0.00281387	0.00278629	0.00272611	0.00260766	0.00239573	

78	0.123	0	0	task-0:0.056	|	0.246245	0.196459	0.173347	0.129572	0.102509	0.103616	0.0739258	0.0665084	0.0631741	0.0610362	0.056959	0.0489146	0.0358543	0.0287266	0.0953423	0.0219443	0.0214905	0.0205587	0.0191163	0.017408	0.0162051	0.0169282	0.0149022	0.0146322	0.0141047	0.0131278	0.0125043	0.0125079	0.0115586	0.0113035	0.0110762	0.0106257	0.0100862	0.00972808	0.00956553	0.00942142	0.00922454	0.0088188	0.00816763	0.00869028	0.00774173	0.00763212	0.00742148	0.00702248	0.00667908	0.00661181	0.00637814	0.00631724	0.00619461	0.00598293	0.00561939	0.00529461	0.00588239	0.00504546	0.00495463	0.00484659	0.00475954	0.00472666	0.0046387	0.00448735	0.00434531	0.00413718	0.00391875	0.00390662	0.00373223	0.00366752	0.00362238	0.00356684	0.00348834	0.00336947	0.00324683	0.0030208	0.00281007	0.00382848	0.00264899	0.0026079	0.00254851	0.00250783	0.00247272	

