17	0.015	8	0	task-0:0.05	|	0.258922	0.492732	0.461104	0.229763	0.238324	0.238404	0.200016	0.186703	0.166439	0.14182	0.117102	0.0849047	0.065393	0.0569526	0.0445047	0.052526	0.0365898	

14	0.015	8	0	task-0:0.03	|	0.283447	0.490141	0.483292	0.362212	0.231159	0.27981	0.240455	0.186315	0.175618	0.144296	0.112578	0.0876797	0.0580407	0.0367987	

21	0.031	8	0	task-0:0.1	|	0.31349	0.470649	0.438787	0.345517	0.261083	0.263326	0.254946	0.239269	0.23571	0.203396	0.17499	0.160251	0.144245	0.128278	0.113253	0.0986588	0.0873589	0.0767286	0.0681447	0.0445019	0.014727	

17	0.031	8	0	task-0:0.085	|	0.313095	0.469945	0.437289	0.346006	0.261938	0.265646	0.258095	0.246039	0.23907	0.225142	0.203234	0.178179	0.156117	0.135246	0.101268	0.0811664	0.0265653	

18	0.031	8	0	task-0:0.045	|	0.311884	0.469989	0.437781	0.34602	0.261678	0.266668	0.25795	0.244577	0.236285	0.214457	0.185445	0.164161	0.149818	0.135479	0.122052	0.109334	0.0897508	0.0219743	

19	0.031	8	0	task-0:0.03	|	0.314872	0.469966	0.437492	0.345906	0.261674	0.264472	0.255823	0.241014	0.228069	0.199331	0.169011	0.141927	0.109483	0.0506746	0.0550629	0.0484209	0.0437216	0.0419465	0.0153218	

17	0.031	8	0	task-0:0.105	|	0.31231	0.469977	0.437454	0.346242	0.262167	0.265923	0.259016	0.249181	0.246969	0.240882	0.224543	0.198842	0.170052	0.134967	0.0853733	0.0532213	0.0179321	

15	0.031	8	0	task-0:0.045	|	0.314848	0.470038	0.437409	0.345748	0.261678	0.264684	0.256308	0.242086	0.230482	0.202275	0.164654	0.127494	0.0961152	0.0673852	0.0278451	

20	0.032	8	0	task-0:0.01	|	0.314207	0.470338	0.437761	0.345667	0.261806	0.265225	0.257767	0.24553	0.239367	0.223834	0.198512	0.171559	0.14236	0.121657	0.105637	0.0903094	0.0776205	0.0692721	0.0586566	0.0250267	

20	0.046	8	0	task-0:0.055	|	0.253541	0.483395	0.394784	0.110566	0.110475	0.146965	0.14617	0.0918041	0.109644	0.10538	0.084114	0.0884068	0.0865198	0.0737739	0.0670195	0.0613181	0.0542997	0.0482815	0.0424402	0.0377934	

21	0.032	8	0	task-0:0.09	|	0.252234	0.483484	0.396403	0.159368	0.159184	0.16624	0.165531	0.127507	0.137958	0.125608	0.111748	0.108354	0.0982818	0.0888187	0.0794033	0.0708428	0.0618543	0.0529944	0.0458128	0.0406598	0.0358146	

22	0.031	8	0	task-0:0.03	|	0.252463	0.483897	0.400166	0.144878	0.144663	0.165462	0.164748	0.119295	0.142818	0.137737	0.113005	0.111654	0.108694	0.0960919	0.0873094	0.0791161	0.0704886	0.0623245	0.0543483	0.0470877	0.0407724	0.0352727	

22	0.031	8	0	task-0:0.035	|	0.253338	0.484099	0.403038	0.120323	0.12022	0.151784	0.151071	0.098167	0.118474	0.113845	0.0922235	0.0940491	0.0923118	0.0807437	0.0744463	0.0687092	0.0627359	0.0573826	0.0518776	0.0467739	0.0419718	0.0372675	

22	0.031	8	0	task-0:0.015	|	0.253255	0.483754	0.398335	0.10734	0.10717	0.162287	0.161611	0.100026	0.105749	0.102266	0.0873504	0.0894409	0.084401	0.0745818	0.068624	0.0626538	0.0569196	0.0519502	0.0471861	0.0436397	0.0401833	0.0362026	

22	0.047	8	0	task-0:0.035	|	0.253421	0.484049	0.402034	0.126438	0.126269	0.168492	0.167772	0.112071	0.125383	0.1214	0.101779	0.108045	0.105964	0.0915455	0.082534	0.0759291	0.0688973	0.0616288	0.0541039	0.0481908	0.0433004	0.0396738	

23	0.031	8	0	task-0:0.02	|	0.252393	0.484083	0.40237	0.157771	0.157623	0.166127	0.16545	0.122666	0.133593	0.120316	0.10902	0.105916	0.0974757	0.0888185	0.0811852	0.0727009	0.0648089	0.0580845	0.0535647	0.0502896	0.0466296	0.0425546	0.0388778	

19	0.031	8	0	task-0:0.045	|	0.252598	0.483295	0.3919	0.135217	0.135107	0.143205	0.142556	0.0983745	0.102738	0.0894793	0.0881651	0.0859616	0.0758917	0.0687831	0.0624199	0.0566913	0.0508486	0.0446681	0.0386647	

21	0.031	8	0	task-0:0.04	|	0.252621	0.484184	0.406665	0.129857	0.129713	0.160439	0.159567	0.103048	0.127628	0.122075	0.0956625	0.0969009	0.0944057	0.0809337	0.0738064	0.0671699	0.0605139	0.0552313	0.0505147	0.0440624	0.0391647	

18	0.031	8	0	task-0:0.095	|	0.253706	0.484399	0.407589	0.101338	0.101187	0.155121	0.154333	0.0871693	0.0988156	0.0939283	0.0748338	0.0763964	0.0711172	0.0606396	0.0543281	0.0479005	0.0417241	0.0367303	

24	0.031	8	0	task-0:0.015	|	0.252721	0.484056	0.401196	0.143313	0.143169	0.161204	0.160477	0.111208	0.133931	0.125203	0.100949	0.108611	0.106688	0.0909527	0.0836644	0.0787803	0.0722161	0.0672369	0.0610251	0.0539833	0.0478425	0.0433184	0.0403187	0.0375368	

27	0.031	8	0	task-0:0.045	|	0.253224	0.483994	0.400023	0.133355	0.133289	0.149376	0.148741	0.101061	0.124394	0.116027	0.0930054	0.100025	0.0982398	0.0857876	0.0834795	0.0794565	0.073637	0.0698637	0.0645659	0.0583429	0.0529563	0.0495861	0.048834	0.047617	0.0436526	0.0400428	0.0377668	

21	0.047	8	0	task-0:0.035	|	0.25254	0.484195	0.406584	0.122534	0.12225	0.170093	0.169221	0.109681	0.118042	0.112954	0.0954337	0.0971153	0.0914586	0.0793948	0.0709793	0.06352	0.0568006	0.0507179	0.0452302	0.0401622	0.0363689	

21	0.031	8	0	task-0:0.04	|	0.25297	0.483821	0.40041	0.1218	0.12167	0.156529	0.155748	0.101062	0.119619	0.114925	0.0933826	0.0962505	0.0941051	0.0813658	0.0744697	0.0684626	0.0622013	0.0567102	0.0513044	0.0449662	0.039628	

22	0.031	8	0	task-0:0.03	|	0.253262	0.483714	0.397792	0.122346	0.122276	0.152488	0.151821	0.101665	0.121101	0.116534	0.095193	0.0978376	0.0962193	0.0844142	0.0772802	0.0714368	0.0650517	0.0587467	0.0519937	0.0458596	0.0401538	0.0345875	

24	0.031	8	0	task-0:0.005	|	0.252718	0.484349	0.406714	0.150297	0.150129	0.174983	0.174313	0.124746	0.148942	0.144113	0.119425	0.11937	0.11754	0.105154	0.0968474	0.0896041	0.0824744	0.0750748	0.0671706	0.0607448	0.0533236	0.0481744	0.0434956	0.0395333	

31	0.047	8	0	task-0:0.03	|	0.253634	0.484338	0.401987	0.127169	0.127112	0.162025	0.161504	0.107495	0.126076	0.121551	0.101004	0.10698	0.105664	0.0956212	0.0947377	0.0918878	0.0870274	0.0846723	0.0807895	0.0755181	0.0703393	0.0656166	0.0619308	0.060081	0.058285	0.0549195	0.0508916	0.0475778	0.0445284	0.0416178	0.0381835	

21	0.031	8	0	task-0:0.04	|	0.252621	0.48402	0.400396	0.135326	0.135136	0.162171	0.161493	0.11214	0.132992	0.127866	0.104451	0.105954	0.103611	0.0905579	0.0818365	0.0746576	0.0673529	0.0598741	0.0519722	0.0452911	0.0392285	

22	0.047	8	0	task-0:0.035	|	0.252919	0.484225	0.401482	0.117662	0.117541	0.159823	0.159252	0.100986	0.116242	0.111886	0.0924524	0.0936944	0.0901459	0.0806536	0.0753232	0.0696092	0.0644081	0.0597826	0.0548633	0.0479143	0.0420879	0.0364517	

21	0.031	8	0	task-0:0.035	|	0.252527	0.483915	0.402466	0.138048	0.137712	0.18211	0.181383	0.12953	0.132522	0.127745	0.114662	0.115063	0.107947	0.0957639	0.0848073	0.075864	0.0688073	0.0610157	0.0531893	0.0471005	0.0396835	

23	0.031	8	0	task-0:0.025	|	0.252976	0.483943	0.398943	0.150659	0.15055	0.164532	0.163889	0.119921	0.130897	0.119266	0.106758	0.10342	0.0956402	0.0875347	0.0800262	0.0718746	0.0644154	0.0587237	0.0555012	0.0507533	0.0461851	0.040871	0.0356316	

23	0.031	8	0	task-0:0.01	|	0.252628	0.484128	0.405779	0.132546	0.132387	0.170906	0.170132	0.113351	0.130819	0.126087	0.103768	0.1084	0.106328	0.0921637	0.0831166	0.0765787	0.0697821	0.0630762	0.0563362	0.0508237	0.0461572	0.0416203	0.0371753	

23	0.031	8	0	task-0:0.015	|	0.252464	0.484764	0.41355	0.154336	0.154174	0.174048	0.173255	0.121846	0.132583	0.119858	0.106509	0.102907	0.0942869	0.0856081	0.0778906	0.0696826	0.062207	0.0566321	0.0528054	0.0503976	0.0451542	0.0405308	0.0356594	

22	0.031	8	0	task-0:0.065	|	0.252715	0.483435	0.394841	0.136114	0.135978	0.155087	0.154374	0.109523	0.127782	0.120369	0.100345	0.106484	0.104361	0.0899523	0.0805267	0.0726854	0.0652733	0.0580398	0.0517293	0.0480024	0.0439538	0.0396716	

13	0.015	8	0	task-0:0.075	|	0.257999	0.492553	0.470492	0.342718	0.265955	0.240233	0.220321	0.179434	0.126423	0.0799326	0.0614121	0.0511556	0.0356277	

15	0.015	8	0	task-0:0.08	|	0.257962	0.492557	0.470203	0.341813	0.26605	0.240371	0.219791	0.180713	0.128091	0.0842232	0.0911628	0.0533432	0.0926134	0.06972	0.032901	

13	0.016	8	0	task-0:0.055	|	0.257628	0.492628	0.470613	0.342363	0.265594	0.239068	0.213397	0.157311	0.105506	0.0835503	0.0523593	0.0442792	0.0289228	

12	0.016	8	0	task-0:0.145	|	0.258655	0.492634	0.469853	0.339848	0.266124	0.241248	0.222179	0.183888	0.135786	0.0961612	0.0592958	0.039916	

14	0.016	8	0	task-0:0.04	|	0.258223	0.492571	0.46979	0.340496	0.266103	0.241179	0.221105	0.182053	0.131737	0.093088	0.0829881	0.0505049	0.0408943	0.0335057	

17	0.015	8	0	task-0:0.03	|	0.257661	0.492288	0.470499	0.345215	0.266277	0.240835	0.220379	0.182271	0.131837	0.0894298	0.0730312	0.071191	0.0531621	0.0483556	0.0413401	0.0403566	0.0365456	

16	0.031	8	0	task-0:0.02	|	0.257538	0.492348	0.470318	0.344512	0.266605	0.24175	0.223144	0.185049	0.134699	0.0902606	0.0809052	0.0648724	0.0516754	0.048747	0.042813	0.0395509	

13	0.031	8	0	task-0:0.075	|	0.257564	0.492363	0.471057	0.345129	0.265937	0.239956	0.216962	0.166372	0.12167	0.100069	0.0811598	0.0596526	0.0379627	

15	0.031	8	0	task-0:0.11	|	0.258738	0.492832	0.470005	0.337837	0.265353	0.238438	0.21873	0.179798	0.153767	0.112438	0.0716628	0.0413786	0.067473	0.0413085	0.0391784	

13	0.032	8	0	task-0:0.055	|	0.258003	0.492571	0.471092	0.342536	0.265123	0.238412	0.212437	0.160556	0.114379	0.0970981	0.0681285	0.046681	0.0292621	

18	0.031	8	0	task-0:0.075	|	0.257999	0.492852	0.470498	0.33927	0.265188	0.238455	0.212743	0.16125	0.131749	0.0933279	0.084624	0.0456362	0.0766282	0.0766282	0.0416396	0.0452215	0.0429745	0.0347064	

13	0.031	8	0	task-0:0.05	|	0.258342	0.492259	0.469981	0.343304	0.266714	0.241755	0.222454	0.187346	0.139603	0.0942878	0.0670207	0.077109	0.0394897	

12	0.031	8	0	task-0:0.105	|	0.25768	0.492402	0.47133	0.345181	0.26529	0.238618	0.211941	0.153241	0.100738	0.0701623	0.0606681	0.0397767	

14	0.031	8	0	task-0:0.03	|	0.257955	0.49269	0.469367	0.338791	0.266368	0.240918	0.220507	0.181778	0.131035	0.0895396	0.071559	0.0592326	0.041787	0.0384747	

16	0.032	8	0	task-0:0.055	|	0.258125	0.49234	0.470618	0.344587	0.266251	0.241194	0.22273	0.185606	0.137245	0.0946121	0.0840317	0.0621046	0.0520463	0.0491717	0.0431206	0.0393786	

13	0.031	8	0	task-0:0.065	|	0.256692	0.492329	0.470477	0.345339	0.266415	0.241463	0.220539	0.170871	0.121986	0.104634	0.0762992	0.0479741	0.0244423	

13	0.015	8	0	task-0:0.03	|	0.257917	0.492725	0.470749	0.341227	0.265339	0.239275	0.213784	0.159609	0.124704	0.0989564	0.0811931	0.059936	0.0368008	

13	0.016	8	0	task-0:0.08	|	0.256902	0.492521	0.471045	0.343989	0.265545	0.238265	0.212662	0.15484	0.102804	0.0778886	0.0570178	0.043971	0.0277487	

13	0	8	0	task-0:0.06	|	0.257255	0.492334	0.471165	0.346192	0.265912	0.240093	0.216224	0.161781	0.11359	0.0969242	0.0647509	0.0506948	0.0355311	

13	0.016	8	0	task-0:0.045	|	0.257208	0.492373	0.470892	0.345586	0.265955	0.239199	0.215018	0.160402	0.110325	0.0909005	0.065205	0.0477977	0.0329033	

13	0.015	8	0	task-0:0.185	|	0.257077	0.49252	0.469915	0.342322	0.266612	0.241218	0.223095	0.185481	0.135351	0.0872188	0.0593317	0.0852957	0.0329566	

14	0.016	8	0	task-0:0.06	|	0.25738	0.492387	0.470467	0.344055	0.266321	0.240914	0.221447	0.182558	0.130023	0.0841565	0.0713108	0.0596062	0.0442272	0.03846	

14	0.016	8	0	task-0:0.03	|	0.257618	0.492858	0.470383	0.339504	0.265375	0.239082	0.214552	0.164975	0.134619	0.101142	0.0731369	0.0555642	0.0427855	0.0382241	

14	0.016	8	0	task-0:0.055	|	0.257672	0.492597	0.470892	0.343105	0.26549	0.239678	0.215756	0.166472	0.13501	0.0987848	0.0906568	0.0557355	0.0495775	0.0289141	

13	0.015	8	0	task-0:0.045	|	0.257802	0.492323	0.471062	0.34557	0.265944	0.240484	0.220172	0.179502	0.125237	0.0764459	0.0420322	0.0614259	0.0252318	

13	0.015	8	0	task-0:0	|	0.257355	0.4925	0.4701	0.342161	0.266321	0.240496	0.221492	0.183797	0.134139	0.0887183	0.0567145	0.0772536	0.0276606	

15	0.016	8	0	task-0:0.05	|	0.25862	0.492669	0.470163	0.339966	0.265645	0.239097	0.215573	0.17428	0.122287	0.0815364	0.0671045	0.0553963	0.0444428	0.0400049	0.0366535	

