57	0.312	20	0	task-3:0.14	task-0:0.34	task-1:0.55	task-2:0.08	|	0.086059	0.27976	0.278764	0.0912183	0.119452	0.119225	0.111435	0.0576843	0.141883	0.0911103	0.0554764	0.0572463	0.0458435	0.0465601	0.0454692	0.0449845	0.0434753	0.0417226	0.0399552	0.038011	0.0358602	0.0334624	0.0310548	0.0288461	0.029307	0.0261208	0.0244418	0.0224391	0.0202516	0.0181419	0.0163724	0.0167205	0.0139031	0.012797	0.0117396	0.0116238	0.0103232	0.00996351	0.00926201	0.00876171	0.0082027	0.00756423	0.00718492	0.0069635	0.00664637	0.00658218	0.00632512	0.00610621	0.00584608	0.00563195	0.00547749	0.0053816	0.00524019	0.00512679	0.00501789	0.00490917	0.00480949	

61	0.344	20	2	task-3:0.02	task-0:0.3	task-1:0.36	task-2:0.08	|	0.249398	0.117132	0.114102	0.0855275	0.0912358	0.0862904	0.0816667	0.0771979	0.075503	0.075361	0.0742678	0.0758319	0.0723453	0.0792042	0.0789717	0.0736969	0.0723064	0.0719353	0.072104	0.0720099	0.0710976	0.0698155	0.0658621	0.0637738	0.0631623	0.0653031	0.0633218	0.057179	0.070812	0.0613508	0.0393555	0.0590214	0.058679	0.0424317	0.0339372	0.0328071	0.0305174	0.0298844	0.0303418	0.0284931	0.0270293	0.0250392	0.0223142	0.0193502	0.0165221	0.0158436	0.0149532	0.0135326	0.0132107	0.0124218	0.0117355	0.0113203	0.0102765	0.00941731	0.00889096	0.00840874	0.00781337	0.0073525	0.00715033	0.00671553	0.00617489	

72	0.405	20	0	task-3:0.04	task-0:0.31	task-1:0.57	task-2:0.08	|	0.107701	0.12	0.119998	0.119011	0.0807	0.0822294	0.0860585	0.0807388	0.0823669	0.0802734	0.0756142	0.0745865	0.0731505	0.0711163	0.0711002	0.0702225	0.0689978	0.0678538	0.0661895	0.0629024	0.0614491	0.0595739	0.057605	0.0556177	0.0519132	0.0478707	0.042008	0.0452092	0.0639686	0.0562624	0.0678033	0.0428958	0.0413541	0.0396863	0.0389249	0.0390483	0.03868	0.0377803	0.0374142	0.0374054	0.0371951	0.0368631	0.0365141	0.0361035	0.0358559	0.0354544	0.0354339	0.0353296	0.0351292	0.0337173	0.0723262	0.066165	0.0485449	0.054329	0.0358683	0.0398496	0.0326804	0.0304835	0.0286861	0.0268888	0.0781687	0.0726125	0.023653	0.0276385	0.0259521	0.022039	0.0225976	0.0223367	0.0204169	0.01975	0.0189049	0.0180302	

120	0.655	20	1	task-3:0.05	task-0:0.28	task-1:0.32	task-2:0.14	|	0.102368	0.279986	0.279976	0.265448	0.0760569	0.0806565	0.0789722	0.0769727	0.0830777	0.0776163	0.0740423	0.0727025	0.0702747	0.0689998	0.0683984	0.0661376	0.0650256	0.0633662	0.0621054	0.0609699	0.059119	0.0576466	0.0569657	0.0558071	0.0551668	0.0546396	0.053813	0.053289	0.0527775	0.0524275	0.0521426	0.0519112	0.0513618	0.0511896	0.0507928	0.0506176	0.0498825	0.0488094	0.0479734	0.047237	0.0463942	0.0459272	0.0454214	0.0441552	0.0421424	0.0408077	0.039689	0.0390517	0.0384611	0.036389	0.0362128	0.0355493	0.0379572	0.0367062	0.0350121	0.0324426	0.0317153	0.030858	0.0307578	0.0304472	0.0307028	0.0302209	0.0299414	0.0295999	0.0293033	0.0289403	0.0286831	0.0281855	0.0277365	0.0273586	0.0269734	0.0263068	0.0226378	0.021516	0.0222625	0.0312477	0.0375957	0.0437403	0.0411236	0.0397659	0.0370211	0.0224481	0.0244413	0.0350972	0.0352889	0.0268792	0.0280593	0.0266626	0.0199224	0.0283066	0.0284195	0.0220491	0.0202961	0.0202572	0.0194712	0.0193367	0.0190429	0.0190048	0.0189475	0.0188618	0.0187875	0.0189166	0.0192476	0.0183697	0.0181254	0.0181144	0.0179765	0.0179176	0.0177886	0.0175612	0.0174424	0.017264	0.0171198	0.0170864	0.0168563	0.0166604	0.0163675	0.0160099	0.0156694	0.0154537	

60	0.328	20	0	task-3:0.09	task-0:0.31	task-1:0.41	task-2:0.08	|	0.0872247	0.119995	0.119973	0.116952	0.0838514	0.0826449	0.0835242	0.0821148	0.0679076	0.0689025	0.0586742	0.0558808	0.0523995	0.0509536	0.0497943	0.0490344	0.0484932	0.0474625	0.0495379	0.0475449	0.0466346	0.0469664	0.0468136	0.0462323	0.0465084	0.0458932	0.0451361	0.044786	0.0442686	0.0435893	0.0432517	0.0425734	0.0423977	0.0416486	0.0409125	0.0406717	0.0412335	0.0430823	0.0425621	0.0399019	0.061568	0.08007	0.0388973	0.0388358	0.0501167	0.0395399	0.0384996	0.0387244	0.0384056	0.0381252	0.0380393	0.0379146	0.0377765	0.0376437	0.037706	0.038038	0.0386376	0.0394701	0.0397559	0.0408285	

141	0.749	20	3	task-3:0.17	task-0:0.35	task-1:0.42	task-2:0.08	|	0.194471	0.119992	0.119992	0.114356	0.233094	0.216088	0.0819401	0.107274	0.100143	0.0781349	0.0989899	0.0903673	0.0741955	0.0782559	0.0755431	0.0719357	0.0709498	0.0696817	0.0685729	0.0673435	0.0660878	0.0644486	0.0622626	0.059042	0.0579181	0.0582433	0.0569392	0.0556467	0.055041	0.0546291	0.0542191	0.0539271	0.0533538	0.0524615	0.0519801	0.0520173	0.0511925	0.0509965	0.0515787	0.05032	0.0499176	0.0496389	0.0495682	0.0491783	0.0488693	0.0480906	0.0480118	0.0486026	0.0485776	0.0478215	0.0478909	0.0475367	0.0473974	0.0474228	0.0474023	0.0474704	0.0475577	0.0476975	0.0479386	0.0480193	0.0480519	0.048091	0.0481523	0.0480733	0.0481035	0.0482405	0.0481283	0.0485962	0.0489051	0.049055	0.0492647	0.0496557	0.0497906	0.0490766	0.0486422	0.0491692	0.0481488	0.0478307	0.0470969	0.0468906	0.0468499	0.0469225	0.0469286	0.0467252	0.0471423	0.069851	0.050619	0.0550613	0.0521331	0.0535151	0.0554139	0.0592002	0.0622676	0.0642812	0.0795112	0.0671755	0.0670362	0.0631503	0.0464231	0.0457608	0.0462352	0.0488805	0.0560386	0.0534792	0.0468311	0.0447777	0.0446527	0.0685202	0.0661214	0.0636214	0.045242	0.0451673	0.0446151	0.0446474	0.0449719	0.0449926	0.0450387	0.0452443	0.0456706	0.045892	0.0456381	0.0452093	0.0446596	0.0447692	0.0448258	0.0447594	0.0446834	0.0449805	0.0449146	0.0448655	0.0448925	0.0448098	0.0447414	0.0446609	0.0445677	0.0445997	0.0447349	0.0447127	0.0445878	0.0445058	0.0444819	

99	0.515	20	1	task-3:0.09	task-0:0.39	task-1:0.32	task-2:0.1	|	0.0826539	0.279995	0.27999	0.274337	0.0827334	0.10118	0.110636	0.0861827	0.0937702	0.0827619	0.074011	0.0751976	0.0726156	0.0737342	0.071906	0.0704124	0.0702143	0.0694259	0.0685094	0.0675911	0.0665894	0.0656481	0.0648754	0.0638399	0.0629973	0.0618452	0.0774899	0.0759385	0.0622611	0.0622396	0.0614473	0.0630495	0.0608071	0.0608415	0.0605048	0.0599681	0.0595484	0.0592995	0.0589708	0.0588048	0.058119	0.0576291	0.0569025	0.0561322	0.0550237	0.0537108	0.0519106	0.0511898	0.050819	0.0511167	0.0520388	0.0531796	0.0539847	0.0544773	0.0533512	0.0528922	0.0539227	0.0513306	0.0501324	0.0496629	0.048735	0.0476189	0.0465617	0.0463409	0.0451069	0.0470918	0.0457003	0.0443732	0.0442508	0.043966	0.047148	0.0469137	0.0625578	0.0621952	0.0437231	0.0455732	0.04522	0.0436339	0.0429058	0.0427625	0.0428537	0.0429856	0.0425933	0.0425067	0.0421272	0.0423807	0.0423679	0.0422468	0.0418761	0.0414393	0.0409279	0.0407158	0.0405266	0.0401001	0.0397651	0.0393269	0.0391603	0.0378252	0.0373185	

73	0.375	20	0	task-3:0.03	task-0:0.32	task-1:0.27	task-2:0.08	|	0.176383	0.119901	0.119657	0.083566	0.214843	0.195887	0.134651	0.0781038	0.0965126	0.0963318	0.0833315	0.0799018	0.080248	0.0778135	0.0775873	0.0762862	0.0755182	0.0752832	0.0742501	0.0743236	0.0736158	0.0730363	0.0730618	0.0731723	0.0732921	0.0726696	0.0721479	0.0715996	0.0712829	0.0708932	0.0704691	0.0698365	0.0689704	0.0673696	0.0656822	0.0638783	0.0620074	0.0600262	0.0581698	0.0568219	0.0558349	0.0547427	0.0549283	0.0518939	0.0539474	0.0537857	0.051878	0.0513805	0.0510919	0.0509653	0.0509082	0.0510185	0.0508843	0.0506543	0.0502627	0.0498794	0.0495878	0.0495012	0.0496357	0.0497606	0.0498249	0.049567	0.0492192	0.0489866	0.0488591	0.0487303	0.0485547	0.0483295	0.0480307	0.0476163	0.0470192	0.0467754	0.0465875	

90	0.483	20	8	task-3:0.04	task-0:0.3	task-1:0.35	task-2:0.18	|	0.0880011	0.119644	0.119455	0.104933	0.115758	0.11008	0.0894869	0.0955303	0.0970908	0.0894935	0.0966235	0.0975937	0.0827099	0.0784441	0.0769386	0.0756492	0.07955	0.0771196	0.0710613	0.069967	0.0731775	0.0734367	0.0721109	0.0719613	0.0711433	0.069635	0.0668276	0.0665589	0.0664637	0.0662648	0.0660238	0.0657096	0.0652712	0.0643814	0.0599393	0.0583515	0.0654751	0.0587216	0.057304	0.0562834	0.0519009	0.100105	0.097295	0.0501097	0.0475791	0.0569589	0.0605252	0.0522088	0.0456909	0.0481375	0.0438874	0.0402815	0.0394964	0.0390104	0.04172	0.0468951	0.0410397	0.0400978	0.0392289	0.0381063	0.0372426	0.0378076	0.0383015	0.0377398	0.0433011	0.042395	0.0417294	0.0415755	0.0411608	0.0401142	0.0390009	0.0381216	0.037922	0.0380062	0.037998	0.0378787	0.0377557	0.0376983	0.0376051	0.0371118	0.0358463	0.0352535	0.0359467	0.0355994	0.0353404	0.0356579	0.0351127	0.0349579	0.0344328	0.0338404	

83	0.453	20	0	task-3:0.12	task-0:0.29	task-1:0.27	task-2:0.08	|	0.164501	0.119843	0.119778	0.108074	0.146174	0.147858	0.105228	0.0901755	0.0903383	0.0807408	0.0876041	0.0866921	0.0793113	0.0797138	0.0783237	0.0743957	0.0730888	0.0716006	0.0692738	0.0682227	0.0670727	0.0669408	0.0670592	0.0678016	0.06852	0.0674734	0.0662301	0.0666912	0.0680603	0.0679818	0.0671681	0.0671391	0.0663771	0.069172	0.0798095	0.0653695	0.0658371	0.0655535	0.0647721	0.0619024	0.0592648	0.0611214	0.0616683	0.0631437	0.0636783	0.0637197	0.0636557	0.0636215	0.0634056	0.0634324	0.0635142	0.0637421	0.0814996	0.0822988	0.0822156	0.0820805	0.0655064	0.0629937	0.0626084	0.0620032	0.0613795	0.0606999	0.0600873	0.0598015	0.0595448	0.0590883	0.0597155	0.0902843	0.07045	0.0590241	0.0589629	0.0583028	0.0582901	0.0502653	0.0714368	0.0740518	0.06023	0.0592691	0.0585184	0.0587874	0.0594041	0.0587981	0.0588815	

120	0.67	20	2	task-3:0.05	task-0:0.37	task-1:0.33	task-2:0.08	|	0.166343	0.119887	0.119742	0.103091	0.163717	0.152053	0.101156	0.0835457	0.0832834	0.0784165	0.0759401	0.0755476	0.0755699	0.0745118	0.0742068	0.0741176	0.0738599	0.0746455	0.0737083	0.0789883	0.0773467	0.0735334	0.0752382	0.0751095	0.0746592	0.0753484	0.0754166	0.0684214	0.0680244	0.0678975	0.0678141	0.0676815	0.067648	0.0674843	0.0673017	0.0671436	0.0669449	0.066742	0.0665794	0.0664864	0.0663646	0.0661251	0.0658405	0.0655908	0.0650853	0.0823222	0.0758431	0.0532087	0.0541319	0.0558651	0.0573568	0.0570979	0.0565895	0.0535997	0.0549555	0.0572271	0.0956111	0.0770568	0.0567089	0.0563856	0.0554895	0.0541183	0.0555432	0.0703767	0.0599776	0.0524975	0.0523473	0.0522071	0.140912	0.141186	0.0721499	0.052241	0.0518992	0.0512649	0.050026	0.0490294	0.0687297	0.0688722	0.0693911	0.0490785	0.0489858	0.0578092	0.0483678	0.0482981	0.0482254	0.04828	0.0559522	0.0620955	0.0617526	0.0822629	0.089971	0.0862634	0.0816982	0.061302	0.060976	0.0605206	0.0537146	0.0534467	0.133838	0.13407	0.0529691	0.0529631	0.0592602	0.133271	0.133308	0.112075	0.0529625	0.0529263	0.052908	0.0530138	0.0528885	0.0528926	0.0601912	0.0603828	0.0603589	0.0602681	0.059519	0.0553148	0.053177	0.053278	

91	0.5	20	0	task-3:0.04	task-0:0.24	task-1:0.25	task-2:0.1	|	0.186552	0.119975	0.119951	0.111752	0.12596	0.114206	0.0911454	0.0957557	0.0876192	0.0809601	0.0788368	0.0754742	0.0740854	0.0728941	0.0719723	0.0715487	0.0711351	0.0705639	0.0694946	0.0679925	0.067518	0.0683779	0.0679667	0.0680364	0.0694874	0.0678364	0.0676076	0.0673376	0.0670115	0.0666502	0.0661798	0.0666662	0.0665619	0.0845888	0.0835162	0.0666195	0.0666262	0.0667726	0.0667486	0.0667049	0.0814607	0.0769523	0.0662846	0.0661476	0.06594	0.0658207	0.0611994	0.0596493	0.0627186	0.060232	0.0584731	0.0548589	0.0567299	0.0523924	0.0520305	0.0514943	0.0495933	0.0493521	0.0496442	0.0503993	0.0538861	0.0560961	0.05616	0.0560462	0.0556034	0.0539221	0.0539341	0.0541179	0.0542848	0.0541724	0.0539247	0.0538748	0.0537721	0.0535607	0.0531756	0.0518695	0.046502	0.0432004	0.0445682	0.0614066	0.0793391	0.0800889	0.0799005	0.0798619	0.0802324	0.0811007	0.091977	0.0914652	0.0938287	0.0883913	0.0884618	

81	0.359	20	0	task-3:0.03	task-0:0.2	task-1:0.29	task-2:0.08	|	0.127461	0.119999	0.119997	0.117527	0.151097	0.128817	0.0857074	0.100767	0.0970598	0.086459	0.101703	0.101202	0.0899559	0.0910509	0.0926086	0.0912177	0.0887986	0.0798745	0.0710938	0.0696446	0.0684516	0.0671267	0.0666833	0.0661487	0.0653797	0.0644562	0.0631043	0.0618076	0.0597563	0.0575124	0.0552565	0.0531322	0.0506263	0.0494634	0.0471468	0.045611	0.0440074	0.0381238	0.0364697	0.0355074	0.0340009	0.0341844	0.0285578	0.0530819	0.0409132	0.0329473	0.0299401	0.0255194	0.0372342	0.0338669	0.0236804	0.0200161	0.0189304	0.0187084	0.0192659	0.0182014	0.0170548	0.0164934	0.0161414	0.0156986	0.0153761	0.0149532	0.015499	0.0155782	0.0151229	0.0146694	0.0145819	0.0145083	0.0143321	0.0140488	0.0136697	0.0131813	0.0126747	0.0120927	0.0114309	0.0109397	0.0105051	0.0101512	0.00970425	0.00918866	0.00865788	

91	0.406	20	1	task-3:0.04	task-0:0.37	task-1:0.31	task-2:0.08	|	0.12885	0.119999	0.119997	0.117273	0.150719	0.127335	0.0852089	0.0963624	0.0869809	0.0831057	0.0838634	0.0826805	0.0800273	0.0763973	0.0748033	0.071917	0.0691133	0.0671733	0.0623931	0.0605784	0.0596936	0.0617588	0.061926	0.0608942	0.0598485	0.0576809	0.0572507	0.0580051	0.0579653	0.0560739	0.0616155	0.0612174	0.0595922	0.0576973	0.0574277	0.0570795	0.0567808	0.0566636	0.0564095	0.0561359	0.0557978	0.0554459	0.0555253	0.0558123	0.0558798	0.0559176	0.056059	0.0564166	0.0569125	0.0580958	0.0573401	0.0573704	0.0573717	0.057398	0.0572695	0.0570641	0.0568515	0.0567989	0.056833	0.0570298	0.0573377	0.057663	0.0581324	0.055463	0.055326	0.0558873	0.0567646	0.059935	0.05519	0.0549845	0.0558566	0.056229	0.0564463	0.0566968	0.0566009	0.0559408	0.0549422	0.0540498	0.0533671	0.0526618	0.0519464	0.0512809	0.0504679	0.0495664	0.0486027	0.0480966	0.0486455	0.0640167	0.0683738	0.0624801	0.0616006	

87	0.405	20	2	task-3:0.05	task-0:0.27	task-1:0.36	task-2:0.08	|	0.0875654	0.279554	0.278453	0.20458	0.0913885	0.0874236	0.0788126	0.0772587	0.0807473	0.0813795	0.0739688	0.0707481	0.0714661	0.0701153	0.0701876	0.0692839	0.0685468	0.0678967	0.0668834	0.0661008	0.0660644	0.0656715	0.0654488	0.0653876	0.0651358	0.0649495	0.0650254	0.0649459	0.0648239	0.0647377	0.0645928	0.0645515	0.0644404	0.0642698	0.0640438	0.0637277	0.0618297	0.0674317	0.0651536	0.0625162	0.0640467	0.0615338	0.0584178	0.0521364	0.0534651	0.0534452	0.0581365	0.055175	0.053347	0.0521983	0.0506218	0.0503348	0.0499795	0.0503931	0.0499068	0.0493636	0.0490075	0.0486595	0.048014	0.0474503	0.0468013	0.0461989	0.0458626	0.0458285	0.0455818	0.045355	0.0454019	0.0457031	0.0462961	0.0471649	0.048352	0.0495998	0.110719	0.0899171	0.0525442	0.0533254	0.054311	0.0556142	0.0570728	0.0583897	0.0592522	0.0595585	0.0593383	0.0593422	0.0589577	0.0590421	0.0785154	

133	0.733	20	3	task-3:0.02	task-0:0.32	task-1:0.38	task-2:0.08	|	0.120341	0.119996	0.119994	0.118142	0.104291	0.0943071	0.0990454	0.0980438	0.0820921	0.0868388	0.0818825	0.073376	0.0703457	0.0623054	0.0623873	0.0805837	0.0750109	0.0681979	0.0663529	0.0624325	0.0697072	0.0670878	0.0609679	0.058998	0.0579981	0.0570493	0.0567208	0.0559985	0.0550858	0.0537223	0.0516668	0.0512326	0.0512101	0.0503668	0.0495459	0.0485023	0.0476317	0.0476428	0.0464563	0.0464421	0.0474616	0.0464647	0.0483142	0.0476782	0.0460433	0.0459443	0.0454402	0.0448481	0.0448616	0.0444525	0.0438766	0.0435083	0.043196	0.0429068	0.0425733	0.0421928	0.0416196	0.0408636	0.0399429	0.0388254	0.0377091	0.0378422	0.0364301	0.0370384	0.0368807	0.0373173	0.0359053	0.0353807	0.0351898	0.034757	0.0342967	0.0338555	0.0347351	0.0734947	0.0730785	0.0613083	0.0358449	0.0376405	0.0367433	0.0353252	0.0342701	0.0329083	0.0339729	0.0339466	0.0328972	0.0326186	0.0325272	0.0325146	0.0325738	0.0322709	0.0290746	0.0299031	0.0318506	0.0320127	0.03183	0.0314579	0.0306647	0.0289068	0.0257099	0.0282144	0.0246761	0.0253763	0.0281325	0.0292277	0.029843	0.0410697	0.0405129	0.0344995	0.0312746	0.0309215	0.0308718	0.0309052	0.0309071	0.0309457	0.0308492	0.029403	0.0219573	0.0272773	0.0220921	0.0246129	0.030534	0.0305613	0.0305413	0.0305533	0.0305749	0.0305719	0.0305341	0.0304134	0.0303513	0.030301	0.0302387	0.03017	0.0300789	

69	0.359	20	1	task-3:0.05	task-0:0.27	task-1:0.38	task-2:0.08	|	0.264646	0.11985	0.119681	0.0880074	0.204944	0.173561	0.113558	0.084119	0.0829763	0.0741647	0.0763423	0.0784444	0.0709475	0.0652027	0.0639007	0.0626999	0.0618557	0.0593081	0.05221	0.0481487	0.0463023	0.0414648	0.0385181	0.0345098	0.0363676	0.0342149	0.0315906	0.0320371	0.0301248	0.0290515	0.0283744	0.0266415	0.0245003	0.0211217	0.0190886	0.0160685	0.0153294	0.0145542	0.0137213	0.012976	0.0127859	0.0121962	0.0126345	0.0122011	0.0118608	0.0118152	0.0116174	0.0115116	0.0114221	0.0113343	0.0112953	0.0112102	0.0110699	0.0109191	0.0107299	0.0105458	0.0103964	0.0110389	0.0189474	0.012133	0.00998239	0.0096613	0.00942455	0.00944351	0.00925301	0.00918859	0.00920839	0.00908348	0.00895016	

91	0.437	20	3	task-3:0.04	task-0:0.29	task-1:0.37	task-2:0.08	|	0.104871	0.119999	0.119998	0.119649	0.0834256	0.253808	0.242246	0.134697	0.0935754	0.0969609	0.0801131	0.0764691	0.0744778	0.0681659	0.0676023	0.0659186	0.0618297	0.0577709	0.0554407	0.0459009	0.0475146	0.0476409	0.0452568	0.0456486	0.0429084	0.0435735	0.0431781	0.0410701	0.0404414	0.0396332	0.0384442	0.0374093	0.0369198	0.0365201	0.0359341	0.0355081	0.0350269	0.0346925	0.034306	0.0340008	0.0337341	0.0334055	0.0330752	0.0327622	0.0326203	0.0323557	0.0322742	0.0323883	0.0321826	0.0320692	0.031834	0.0315503	0.0312376	0.0308523	0.0305001	0.030153	0.0299558	0.0304056	0.0315494	0.0305276	0.0304041	0.0297034	0.0295542	0.0299591	0.0296771	0.0289225	0.028733	0.0286835	0.0285731	0.0285647	0.028376	0.0281392	0.0280182	0.0278103	0.0276129	0.027388	0.0270821	0.0269621	0.0267878	0.0266022	0.0262369	0.0262626	0.0255443	0.0256156	0.0252804	0.0248917	0.024634	0.0244949	0.0243942	0.0240454	0.0237842	

71	0.328	20	0	task-3:0.03	task-0:0.33	task-1:0.49	task-2:0.08	|	0.104333	0.279478	0.279246	0.218767	0.0973957	0.0931473	0.100472	0.104923	0.0865266	0.0859269	0.0844823	0.0800164	0.0774549	0.0760957	0.076338	0.0761426	0.0742743	0.0718041	0.07197	0.0716326	0.0713847	0.0702645	0.0687668	0.0667011	0.0642624	0.0714797	0.0660621	0.0646975	0.0638446	0.0608183	0.0579336	0.0557544	0.0542429	0.0562792	0.0626578	0.0618039	0.0687132	0.0634178	0.060609	0.0601439	0.0595043	0.0590485	0.0587729	0.0584067	0.0578555	0.0572408	0.0566012	0.0556715	0.054812	0.0538993	0.0530505	0.0607938	0.0540537	0.0428701	0.0361794	0.0372284	0.0504767	0.0382709	0.0343099	0.0342447	0.0415432	0.0417338	0.0329689	0.0300177	0.0310105	0.0311617	0.0307519	0.0284522	0.0293076	0.0315024	0.0310169	

74	0.312	20	0	task-3:0.02	task-0:0.29	task-1:0.36	task-2:0.08	|	0.0881225	0.279811	0.279602	0.241698	0.0784808	0.0825784	0.0905552	0.0903167	0.0748167	0.0719404	0.0679872	0.0627	0.0622744	0.0624226	0.0608277	0.0581705	0.0565739	0.0558404	0.0557151	0.0525485	0.0502563	0.0484171	0.0447134	0.0404828	0.040992	0.0465513	0.0417462	0.040302	0.0410258	0.0400585	0.0392162	0.0389499	0.0376655	0.0373509	0.0371667	0.0371774	0.0373603	0.0372495	0.0369882	0.0366798	0.0363505	0.0359887	0.0356075	0.0359094	0.0350858	0.0349528	0.0343304	0.0335798	0.0328458	0.0319699	0.0311391	0.0304325	0.0297708	0.0295898	0.0281653	0.0279323	0.0282928	0.0271818	0.0259471	0.0256311	0.0394275	0.0331455	0.0247988	0.0248502	0.0247102	0.0246568	0.0246658	0.0246646	0.0247955	0.0249252	0.0250839	0.0252083	0.0249282	0.0244255	

65	0.358	20	0	task-3:0.04	task-0:0.32	task-1:0.35	task-2:0.08	|	0.0912292	0.279815	0.279628	0.245302	0.0868222	0.0880654	0.0874359	0.107284	0.0882367	0.0925677	0.0897808	0.0739603	0.0788365	0.07395	0.0770023	0.0760436	0.0731046	0.0727232	0.0719525	0.0709861	0.0701424	0.0698994	0.0698568	0.0701023	0.0703758	0.0705458	0.0661687	0.0632869	0.0606926	0.0595422	0.06384	0.0691422	0.0646588	0.0663737	0.0661732	0.0615841	0.0623937	0.0606081	0.0591549	0.0578139	0.0573052	0.0569931	0.0563765	0.0572038	0.0570612	0.0567268	0.0562811	0.0636368	0.0666946	0.0562153	0.0573862	0.0564867	0.0578368	0.0594341	0.0707707	0.0697799	0.0613045	0.061164	0.0603811	0.0579008	0.0572956	0.0608111	0.058452	0.0571141	0.0569715	

114	0.624	20	5	task-3:0.04	task-0:0.21	task-1:0.39	task-2:0.08	|	0.208657	0.118421	0.116156	0.0811074	0.085765	0.0812667	0.0894858	0.0812486	0.0765291	0.0760862	0.0756952	0.0753996	0.0754494	0.0756503	0.0754773	0.075138	0.0747653	0.0745737	0.0744389	0.0743158	0.0739414	0.0733758	0.0727349	0.0721686	0.0716068	0.0710028	0.07023	0.069383	0.067998	0.0650752	0.0638106	0.0604694	0.0562975	0.0512266	0.0474298	0.0446757	0.0396426	0.038963	0.0365245	0.0392424	0.036476	0.0318065	0.0448069	0.0422334	0.0303702	0.0297718	0.0299806	0.0323988	0.0321242	0.030632	0.0374317	0.0364774	0.0360005	0.0351826	0.0258291	0.0348275	0.0340219	0.0283838	0.0273613	0.0272498	0.0242319	0.0239056	0.0248489	0.0290265	0.0296364	0.0277319	0.0284391	0.0282264	0.0274432	0.0273372	0.0272968	0.0269688	0.0266356	0.0261374	0.0260239	0.0260739	0.0258429	0.0254511	0.0249807	0.0244799	0.023928	0.02329	0.0225197	0.0216133	0.0213635	0.0196758	0.0195212	0.0194084	0.0192559	0.0192616	0.0192873	0.0189445	0.0178769	0.0337232	0.0327587	0.0147226	0.013131	0.0103968	0.00861493	0.0089047	0.00754855	0.0058886	0.00548074	0.0055668	0.00478082	0.00473312	0.00472871	0.0054717	0.0293407	0.025255	0.0260107	0.0278476	0.0272793	0.0261968	

75	0.406	20	0	task-3:0.03	task-0:0.27	task-1:0.35	task-2:0.08	|	0.184157	0.119968	0.11995	0.106024	0.190287	0.177764	0.102459	0.0966836	0.096741	0.0799209	0.100978	0.0988799	0.0792849	0.0796006	0.0767493	0.0707917	0.0707015	0.0682061	0.0660737	0.0647129	0.0625589	0.0606182	0.0597319	0.057681	0.055958	0.0541489	0.0519151	0.0533777	0.0508993	0.0511573	0.0505798	0.0502512	0.0487171	0.0479378	0.0473142	0.0456391	0.0434039	0.0413237	0.0390767	0.0367147	0.0343022	0.0330103	0.0329568	0.0320525	0.0317245	0.0315854	0.0312838	0.0310282	0.0304995	0.0301359	0.0297375	0.0293085	0.0289461	0.028613	0.0281677	0.0277929	0.0276608	0.0273388	0.0271325	0.0268782	0.0267014	0.0265085	0.0263104	0.0261182	0.0259471	0.0258502	0.0259075	0.0261497	0.0263727	0.0255027	0.0235162	0.020322	0.0193121	0.0176623	0.0188095	

107	0.53	20	1	task-3:0.01	task-0:0.28	task-1:0.46	task-2:0.11	|	0.131866	0.119979	0.119786	0.103711	0.0903188	0.0815432	0.0843308	0.0803842	0.0575007	0.048788	0.0426187	0.0437215	0.0489722	0.0488412	0.0389178	0.0361474	0.0374385	0.0389212	0.0410836	0.0441261	0.0442721	0.0405799	0.038843	0.0367433	0.035985	0.0333354	0.0263202	0.0247033	0.0232409	0.0298876	0.0270063	0.024553	0.0216865	0.022823	0.0209766	0.0214706	0.0228673	0.0222838	0.0219797	0.0223123	0.0227093	0.0231166	0.0236538	0.0244711	0.0238983	0.0245322	0.0247338	0.0244934	0.0237318	0.0214288	0.0200731	0.0212891	0.0237735	0.0266784	0.0186792	0.0173979	0.0266628	0.035038	0.0284892	0.0301645	0.0331154	0.0360117	0.0409966	0.0367729	0.0294088	0.027635	0.0158256	0.0159363	0.012997	0.0171534	0.0128287	0.0103843	0.0100901	0.00985506	0.00907328	0.00822745	0.00787805	0.00687568	0.00541722	0.0240893	0.00426984	0.0231229	0.0239175	0.0107835	0.0106404	0.00631279	0.0240904	0.0240889	0.0247042	0.00689845	0.00696684	0.00809061	0.00820936	0.0065247	0.00650147	0.00644935	0.00885595	0.00866661	0.00690004	0.00648227	0.006504	0.00659438	0.00682748	0.00712149	0.0268462	0.0265868	0.00648949	

72	0.358	20	0	task-3:0.06	task-0:0.32	task-1:0.36	task-2:0.12	|	0.0882848	0.119986	0.119965	0.113109	0.106174	0.0998535	0.0912323	0.0992036	0.0979036	0.0923234	0.0917122	0.0910223	0.0867283	0.0841136	0.081631	0.0786775	0.0751678	0.0721317	0.0680597	0.0626681	0.0609443	0.0581687	0.0500568	0.0513478	0.0554893	0.0544496	0.0528923	0.0466822	0.0472246	0.0512387	0.0504062	0.0476686	0.0456988	0.0434334	0.0414939	0.0397077	0.0377086	0.0374318	0.0364748	0.0360507	0.0352605	0.0346197	0.0339829	0.0330036	0.0319725	0.0311285	0.0302799	0.029804	0.0294368	0.0290128	0.0285341	0.0278891	0.0279781	0.0275798	0.0276347	0.0276314	0.0426989	0.0344611	0.0272201	0.0271899	0.0269429	0.0266656	0.0465019	0.0463921	0.0267415	0.0268524	0.0268283	0.0268938	0.0269766	0.0269878	0.0270344	0.0270679	

68	0.359	20	0	task-3:0.07	task-0:0.32	task-1:0.34	task-2:0.08	|	0.0866205	0.119974	0.119935	0.111105	0.120321	0.0930828	0.0907512	0.0905544	0.0699953	0.0912171	0.0890558	0.0673805	0.0670742	0.0880679	0.0706868	0.0584169	0.05811	0.0525602	0.0445594	0.0464759	0.0408402	0.0350137	0.0310285	0.0284453	0.026021	0.0241207	0.0223964	0.020394	0.0195929	0.0202407	0.0192774	0.0201594	0.0197455	0.0189893	0.0190873	0.0189312	0.0188766	0.0188878	0.0188279	0.0187984	0.018785	0.0187875	0.0187502	0.0186549	0.0190315	0.0189567	0.0184551	0.0184885	0.0382814	0.0383232	0.0210423	0.0204887	0.0186973	0.0179455	0.0178162	0.0177508	0.017734	0.0176658	0.0176073	0.0175615	0.0175366	0.0174449	0.0172734	0.0170915	0.0169069	0.016723	0.0165488	0.016385	

79	0.39	20	2	task-3:0.04	task-0:0.26	task-1:0.35	task-2:0.08	|	0.0885662	0.119966	0.119933	0.112706	0.180663	0.172865	0.0771879	0.0975069	0.0961113	0.0791478	0.0687248	0.0671989	0.0635903	0.0607891	0.0580038	0.0562299	0.0559374	0.0551324	0.0560719	0.0539322	0.0524826	0.0498913	0.0467151	0.0532088	0.0525884	0.0509022	0.0482917	0.0456726	0.0453323	0.0452988	0.0460757	0.0463822	0.0464477	0.0461673	0.045616	0.0448332	0.0443606	0.0437136	0.0434467	0.0435157	0.0431319	0.0430429	0.042767	0.0422745	0.0420972	0.0411647	0.0407882	0.040718	0.0400567	0.0398248	0.0391894	0.0385194	0.0379644	0.0373971	0.0365542	0.0357681	0.0351089	0.034711	0.03419	0.033549	0.0330234	0.0327356	0.0322212	0.0320404	0.0317801	0.0315825	0.0317288	0.031137	0.0308518	0.0306525	0.0305497	0.0502375	0.0507066	0.0305055	0.02995	0.0297009	0.0495493	0.049328	0.0491739	

112	0.593	20	1	task-3:0.1	task-0:0.23	task-1:0.35	task-2:0.12	|	0.149839	0.119994	0.119992	0.118784	0.0786353	0.0795065	0.0835631	0.0780142	0.0580225	0.0512856	0.0477969	0.0474364	0.046698	0.0457828	0.0411669	0.0362816	0.0353645	0.0356173	0.0337659	0.0340305	0.0329334	0.0319328	0.0312899	0.0304658	0.0295601	0.0287371	0.0276688	0.026488	0.0251038	0.023609	0.0221141	0.0211376	0.0220753	0.0197343	0.0200618	0.0193687	0.018697	0.0178646	0.0170901	0.016525	0.0156069	0.0146534	0.0139141	0.0128081	0.0115252	0.0100716	0.00933208	0.00887113	0.00789473	0.00785976	0.00713119	0.00666944	0.00626819	0.00592747	0.00573269	0.00544757	0.00517868	0.00491506	0.00464761	0.00441965	0.00430656	0.00410202	0.00426072	0.0233318	0.0237309	0.00429033	0.00430383	0.00386846	0.00383323	0.00380976	0.00359696	0.00406188	0.00351378	0.00319164	0.00315684	0.0029922	0.00285733	0.00278521	0.00284948	0.0353301	0.0247195	0.00293748	0.00284432	0.00280583	0.00281153	0.00278769	0.00271063	0.00266157	0.00261685	0.00254105	0.00246085	0.00236475	0.00228055	0.0021927	0.00210429	0.0819834	0.0820182	0.00518642	0.00382998	0.0031935	0.0621179	0.0610625	0.0403614	0.003306	0.0033131	0.00168387	0.0388338	0.0285712	0.00149444	0.0215361	0.0221825	0.0218159	

59	0.328	20	0	task-3:0.14	task-0:0.32	task-1:0.36	task-2:0.08	|	0.0838996	0.119994	0.119987	0.118757	0.0824494	0.100167	0.0799454	0.0984587	0.0966871	0.0710761	0.109204	0.0982887	0.0797988	0.0666583	0.0662432	0.0654888	0.05831	0.0627002	0.0593113	0.0595066	0.0599231	0.0569057	0.0555251	0.056446	0.0552948	0.0539139	0.0523574	0.0512814	0.0506504	0.0495391	0.0483882	0.0474917	0.046518	0.0456652	0.0452442	0.0445777	0.0442326	0.0436936	0.0432154	0.042657	0.0421226	0.0409931	0.0399933	0.0386555	0.0372992	0.0358175	0.0340384	0.0326451	0.0312872	0.0299887	0.0292633	0.0286838	0.0297579	0.0284974	0.0291186	0.0290988	0.0290923	0.0295351	0.0289795	

113	0.577	20	5	task-3:0.04	task-0:0.31	task-1:0.4	task-2:0.15	|	0.239686	0.118977	0.117967	0.0883754	0.146033	0.126773	0.0913879	0.0874003	0.0872011	0.0816144	0.0811906	0.0791126	0.0774523	0.0759146	0.0745605	0.0732795	0.0718643	0.0694642	0.0627612	0.088013	0.0722772	0.0674664	0.0654088	0.0587196	0.069105	0.0895584	0.0652678	0.0524347	0.0547596	0.0512293	0.0499863	0.0471167	0.0443646	0.0559959	0.0533235	0.0517841	0.0507969	0.045049	0.0470253	0.0537253	0.0499394	0.0455822	0.0447655	0.0469607	0.0507748	0.0556667	0.0602356	0.062333	0.0625444	0.0614335	0.0597149	0.0585534	0.0578613	0.0570718	0.0563567	0.0562431	0.0557992	0.0554014	0.054778	0.0542642	0.0537214	0.0532123	0.0527286	0.0526428	0.0677463	0.0649394	0.0537075	0.0443094	0.0476712	0.045627	0.0379177	0.0351336	0.0338299	0.0329824	0.0319337	0.0312557	0.030276	0.0293427	0.0278299	0.0264751	0.0253361	0.0237327	0.0221341	0.0207609	0.0198887	0.0187942	0.0179364	0.0169999	0.0160168	0.0150014	0.0305024	0.0217032	0.0156555	0.012072	0.0104705	0.0104374	0.0102721	0.0104112	0.0106383	0.0111665	0.0121254	0.0143622	0.0194561	0.0289599	0.03017	0.037665	0.0378665	0.0409685	0.0404101	0.0421071	0.0543395	0.0560799	0.0451086	

131	0.717	20	1	task-3:0.05	task-0:0.35	task-1:0.45	task-2:0.16	|	0.0923739	0.119998	0.119994	0.117911	0.0845107	0.0945526	0.0840304	0.0823946	0.0769337	0.0726503	0.0698529	0.0685433	0.0685948	0.0680394	0.0675906	0.06621	0.064692	0.0634592	0.0731304	0.069114	0.0581294	0.0655644	0.0636763	0.0552901	0.0541857	0.0560853	0.0551826	0.0554892	0.0554252	0.054322	0.0541689	0.055121	0.0566333	0.0583559	0.0597818	0.0604342	0.0574589	0.0566952	0.0529268	0.0502572	0.0491637	0.0481929	0.0476756	0.0476514	0.0475729	0.0484983	0.0491718	0.0499736	0.0500431	0.049775	0.0492471	0.0689503	0.0676343	0.0646603	0.0842505	0.086559	0.0670498	0.0650547	0.0642065	0.0625022	0.0609733	0.0546412	0.055171	0.0487549	0.0452346	0.0458903	0.0413892	0.0403122	0.0422228	0.0409028	0.039627	0.0390746	0.0393527	0.0392602	0.0388006	0.0386517	0.0385056	0.0383007	0.0381757	0.0380611	0.037973	0.0379271	0.0378447	0.0377256	0.0376684	0.0376348	0.0375812	0.037594	0.03765	0.0377158	0.0378344	0.0380259	0.0380804	0.0382356	0.0383929	0.0384817	0.0384544	0.0384088	0.0382235	0.0379606	0.0375898	0.0372743	0.0368367	0.0363771	0.0360454	0.0358683	0.0378962	0.0405538	0.0363384	0.0359297	0.0359774	0.0359781	0.0360055	0.0360124	0.0360358	0.0359355	0.0214626	0.0202193	0.036222	0.0370633	0.0306151	0.0170275	0.0175159	0.0183896	0.040922	0.0410191	0.0214056	0.017464	0.0175913	0.0175384	0.0171547	

68	0.359	20	2	task-3:0.04	task-0:0.32	task-1:0.36	task-2:0.08	|	0.117645	0.119995	0.119984	0.117786	0.0975033	0.0902468	0.101523	0.102454	0.0888977	0.0932433	0.0925527	0.0823148	0.0800883	0.0773338	0.0751435	0.0748077	0.0734089	0.0731116	0.0730406	0.0725013	0.0722222	0.0718176	0.071018	0.0699656	0.069559	0.0695715	0.0689343	0.0678864	0.066718	0.06506	0.0602716	0.0626453	0.0582068	0.0559262	0.0544815	0.0530014	0.0515747	0.0506335	0.0460512	0.0312081	0.0302872	0.0280057	0.0279557	0.0275079	0.0307955	0.0342136	0.0335093	0.0344058	0.0352965	0.0347549	0.035464	0.0358537	0.0366011	0.0355128	0.0345034	0.0327305	0.0321247	0.0317316	0.030485	0.0306147	0.0320137	0.0321044	0.0318144	0.0305215	0.0300062	0.0310578	0.0297294	0.0295684	

102	0.499	20	2	task-3:0.02	task-0:0.33	task-1:0.37	task-2:0.09	|	0.0800973	0.11997	0.119829	0.0966772	0.0913981	0.0785875	0.0782046	0.0708427	0.0692594	0.0623518	0.0589652	0.0631018	0.0539918	0.071438	0.066122	0.0526714	0.06588	0.0639335	0.0527162	0.0537094	0.0533631	0.0509439	0.0515439	0.0511001	0.0502754	0.050121	0.0496473	0.049075	0.0483454	0.0473634	0.0462752	0.0453244	0.0444199	0.04348	0.0423583	0.0414572	0.0407837	0.0399619	0.0392507	0.0386786	0.0383969	0.0377816	0.0373953	0.0370314	0.0367651	0.0365181	0.035955	0.0355186	0.0350171	0.0342285	0.0335959	0.0330946	0.0323095	0.0312631	0.0304024	0.0498295	0.0484159	0.0247806	0.0246147	0.0251244	0.0448872	0.046151	0.0259623	0.0253595	0.0255627	0.0262119	0.0246145	0.0243839	0.0435108	0.0426977	0.023278	0.0230384	0.0227808	0.0246775	0.0213957	0.02062	0.0195674	0.0179707	0.0155293	0.0118555	0.00821238	0.00745527	0.0103446	0.0181488	0.0182277	0.0139608	0.0139966	0.01137	0.00786803	0.00613108	0.00402373	0.00232474	0.00153391	0.000750046	0.000366687	0.000252523	0.00015577	0.000135396	0.000160381	0.000204272	0.000364864	0.000218515	

66	0.343	20	0	task-3:0.01	task-0:0.32	task-1:0.36	task-2:0.08	|	0.0845154	0.119995	0.119991	0.117594	0.0883459	0.0871332	0.0853102	0.0852296	0.0788087	0.0776589	0.0766801	0.075524	0.0744471	0.0733649	0.0728006	0.0721516	0.0713747	0.0704042	0.0698935	0.0693622	0.0694254	0.0692314	0.067353	0.0662729	0.0654311	0.0642347	0.0633566	0.062449	0.0605765	0.0579792	0.0562605	0.0571055	0.0586096	0.0553858	0.0574298	0.0498462	0.0492388	0.0499846	0.0547555	0.0546677	0.0508069	0.0448664	0.0441516	0.0440764	0.0425039	0.0406608	0.0397499	0.0390608	0.0383372	0.0372632	0.0361239	0.0353286	0.0349105	0.0343454	0.0338535	0.0341518	0.0336481	0.0330885	0.0325503	0.0321283	0.0316965	0.0313174	0.0310094	0.0305846	0.0301569	0.0296868	

66	0.359	20	0	task-3:0.02	task-0:0.32	task-1:0.39	task-2:0.08	|	0.176368	0.119996	0.119995	0.118746	0.109118	0.116991	0.0907065	0.100311	0.102273	0.0934748	0.0862248	0.0844119	0.080649	0.0775589	0.0755535	0.0740779	0.0699273	0.0667116	0.0615042	0.0585928	0.0540857	0.0456072	0.0419364	0.0374288	0.0358774	0.0328198	0.030963	0.0289124	0.0267234	0.0242094	0.0216324	0.0194937	0.017073	0.0189504	0.0153865	0.0139554	0.0138634	0.0130326	0.0127618	0.0123145	0.0118144	0.0110266	0.0102476	0.0103794	0.00946291	0.00903809	0.00919486	0.00910283	0.00890594	0.00910758	0.00890057	0.00861671	0.00866106	0.00870542	0.00861816	0.00847212	0.00833429	0.00819637	0.00805527	0.00790864	0.00784864	0.00771901	0.00754999	0.00714954	0.00698895	0.00679946	

88	0.468	20	1	task-3:0.07	task-0:0.28	task-1:0.34	task-2:0.09	|	0.172597	0.119995	0.119992	0.116525	0.133448	0.13434	0.0908694	0.0994049	0.0991005	0.0807443	0.0742335	0.0729877	0.072091	0.0711241	0.0679313	0.0663415	0.0648987	0.0643771	0.0645902	0.0664717	0.0666151	0.0669662	0.0650978	0.0643316	0.0653276	0.06467	0.0635824	0.0633535	0.062269	0.0622365	0.0616012	0.0618425	0.0616715	0.0608473	0.0598791	0.0591349	0.05836	0.0573415	0.0561424	0.0548292	0.0541225	0.0539515	0.0533897	0.0517292	0.051016	0.0501269	0.0488519	0.0478095	0.0468839	0.0460771	0.0463698	0.0458954	0.0446542	0.0442103	0.0453045	0.0443336	0.0432209	0.0338123	0.0483285	0.0618188	0.0548826	0.0389158	0.0328145	0.0312791	0.029447	0.0515203	0.0497857	0.0431849	0.0375137	0.0253391	0.0259235	0.025426	0.0259346	0.0251771	0.0248091	0.0250938	0.0246731	0.0244761	0.0248678	0.0247261	0.0242127	0.0240451	0.0239772	0.024278	0.0253283	0.0232405	0.0227838	0.0224908	

67	0.374	20	0	task-3:0.06	task-0:0.32	task-1:0.33	task-2:0.08	|	0.151566	0.119985	0.11997	0.10378	0.159748	0.0947679	0.082538	0.0815416	0.0798283	0.0803394	0.0789403	0.0751906	0.0725475	0.074152	0.074886	0.0723311	0.0705829	0.0683644	0.0591287	0.0611158	0.0538732	0.0599021	0.059806	0.0524804	0.0532301	0.0532386	0.0523489	0.0520057	0.0515295	0.0511411	0.0510876	0.0509252	0.0507908	0.050524	0.0502101	0.0500069	0.0495641	0.048466	0.0484566	0.0483112	0.0483415	0.0476366	0.0475135	0.0475762	0.0471591	0.0471301	0.0461421	0.0456379	0.0456639	0.0454147	0.0437804	0.0431922	0.0442056	0.0437172	0.0435986	0.0431378	0.0429018	0.0424988	0.0419446	0.0412276	0.040659	0.0404229	0.0397234	0.0393508	0.0388464	0.03855	0.0386817	

60	0.328	20	1	task-3:0.09	task-0:0.32	task-1:0.43	task-2:0.08	|	0.165585	0.119782	0.119555	0.108016	0.121635	0.110582	0.0859348	0.0972083	0.0936774	0.0777932	0.0719223	0.07257	0.0730085	0.0704768	0.0675421	0.0645937	0.0517486	0.053611	0.0494645	0.0400307	0.050664	0.0404922	0.040558	0.0403982	0.032007	0.0317775	0.0331163	0.0321403	0.0311682	0.0300246	0.0292007	0.0286934	0.0279027	0.027232	0.0265765	0.0256808	0.0253889	0.0248857	0.0251484	0.0251867	0.0244478	0.0241828	0.0242887	0.0240811	0.0239599	0.0239506	0.0238907	0.023829	0.0237614	0.0236821	0.0236022	0.0235229	0.0234424	0.0233632	0.0232807	0.0232083	0.0231546	0.023138	0.0231672	0.0233207	

86	0.421	20	0	task-3:0.09	task-0:0.26	task-1:0.29	task-2:0.08	|	0.159889	0.118447	0.117741	0.0883175	0.156551	0.140424	0.105415	0.0831366	0.102948	0.103018	0.0879835	0.0843242	0.0842918	0.0826195	0.0835598	0.0825809	0.0813404	0.0800627	0.0788894	0.0803905	0.075874	0.0728433	0.0666003	0.0650817	0.0647721	0.0625717	0.0613362	0.0596112	0.0580396	0.0571916	0.0561986	0.0539059	0.0522947	0.0512454	0.0492907	0.0477787	0.0463624	0.0451837	0.0446789	0.04435	0.0482023	0.0462599	0.0453295	0.0453756	0.0449447	0.0443065	0.0673092	0.0592541	0.0390058	0.0401426	0.0331986	0.0447896	0.0374654	0.0317942	0.0335739	0.0303505	0.0295737	0.0339076	0.0316434	0.0385668	0.0427608	0.0415717	0.0376296	0.0381039	0.0397515	0.040149	0.042565	0.0440327	0.0449207	0.0454809	0.0484885	0.0552345	0.0554012	0.0533792	0.0487399	0.0455651	0.0471509	0.0470522	0.0444019	0.0451196	0.0456702	0.0478485	0.0476783	0.0457253	0.0443377	0.0440485	

61	0.328	20	0	task-3:0.05	task-0:0.32	task-1:0.4	task-2:0.09	|	0.0872091	0.179028	0.129973	0.0866044	0.0923989	0.0929869	0.08603	0.0877758	0.0827805	0.0764668	0.0745035	0.0668213	0.0655702	0.0683985	0.0764871	0.0766416	0.0766425	0.07625	0.0752687	0.0742043	0.0738448	0.0735155	0.0724874	0.0714679	0.0703226	0.0704077	0.0704501	0.0698645	0.0681947	0.0654762	0.0589896	0.0575352	0.0607974	0.0548124	0.0637956	0.0547722	0.051203	0.0508552	0.0510888	0.0824676	0.0822899	0.0497215	0.0492072	0.0496852	0.047722	0.0465604	0.0461418	0.0467776	0.0477706	0.0470892	0.0455998	0.0448648	0.0445127	0.0434533	0.0421322	0.0410001	0.0402308	0.0410773	0.0411871	0.0507732	0.0429492	

106	0.515	20	2	task-3:0.01	task-0:0.36	task-1:0.41	task-2:0.1	|	0.0858952	0.165165	0.126889	0.0865164	0.0920923	0.0923962	0.085222	0.0882579	0.0866634	0.0776906	0.0767445	0.0845867	0.0846948	0.0757356	0.0758836	0.0759002	0.0765345	0.0741965	0.0737835	0.0731218	0.0725714	0.0723465	0.0735555	0.0733508	0.0727854	0.0712052	0.0710684	0.0707327	0.0689527	0.0691235	0.0680664	0.068349	0.0684134	0.0669552	0.0658619	0.0653248	0.0648337	0.0648158	0.0651334	0.0650687	0.0649401	0.065091	0.0653401	0.0659501	0.0663615	0.0667408	0.0667144	0.0664982	0.0661163	0.0654657	0.0645052	0.0620968	0.0634331	0.0626974	0.0584512	0.0581444	0.0590293	0.060544	0.0676348	0.069368	0.0615884	0.0597693	0.070404	0.0677746	0.0593671	0.0592828	0.0558409	0.0707892	0.0704627	0.0545546	0.054526	0.0537397	0.0598698	0.0591512	0.0533496	0.0538168	0.0545628	0.063302	0.0653698	0.0616699	0.0624227	0.0558391	0.0593293	0.0797406	0.0818846	0.0801973	0.0811351	0.0807503	0.0635747	0.049517	0.0487203	0.0499769	0.0482138	0.0792978	0.0458989	0.046229	0.0547779	0.0680948	0.0531475	0.0513443	0.0521205	0.0520001	0.0495563	0.0498593	0.0477301	0.0440387	

90	0.483	20	0	task-3:0.01	task-0:0.31	task-1:0.29	task-2:0.09	|	0.0826324	0.279978	0.279967	0.268358	0.0879986	0.106527	0.114269	0.111705	0.109882	0.0970675	0.131039	0.0746072	0.103823	0.102407	0.0793817	0.0804299	0.0798909	0.071307	0.072111	0.0701099	0.0710236	0.0704933	0.0697117	0.0699006	0.0696931	0.0693999	0.0692327	0.0688839	0.0686143	0.0683044	0.0722484	0.0711377	0.0695363	0.0662729	0.067398	0.0667438	0.0618735	0.0602088	0.0597196	0.0595401	0.0609461	0.0623805	0.0603234	0.062225	0.0579501	0.0571582	0.0552509	0.0533365	0.0520809	0.0533033	0.05729	0.0606535	0.0609128	0.0604765	0.0593625	0.0548193	0.0509612	0.0489102	0.0495206	0.048415	0.0465041	0.0456772	0.0447363	0.0439419	0.0427384	0.0415805	0.0406257	0.0400942	0.039324	0.038375	0.0387142	0.0359978	0.0354388	0.035235	0.0351912	0.0349266	0.0449765	0.0372635	0.0334695	0.0732028	0.0725982	0.0325316	0.0321216	0.03154	0.0310809	0.0707328	0.0305404	0.0303305	0.0703561	0.0583235	

112	0.593	20	2	task-3:0.11	task-0:0.34	task-1:0.47	task-2:0.07	|	0.215882	0.119971	0.119945	0.111841	0.132679	0.148531	0.0883403	0.0956336	0.0938996	0.0843975	0.0827368	0.0786988	0.0762795	0.076544	0.0759585	0.0756132	0.0753698	0.0751412	0.0745795	0.0737011	0.0744033	0.0742153	0.0754358	0.0764179	0.0756293	0.0741382	0.0727563	0.0727393	0.0723987	0.0724434	0.07257	0.0727843	0.0727954	0.0727937	0.0726834	0.0724832	0.0681252	0.0679581	0.0713788	0.0712414	0.0688052	0.0668041	0.0673381	0.0675342	0.0676013	0.0673906	0.0663261	0.0651561	0.0649975	0.0649356	0.0648892	0.0647486	0.0645899	0.0643261	0.0639006	0.0634921	0.0640184	0.0652934	0.0687521	0.0774538	0.079841	0.0778966	0.0707459	0.0622362	0.0618998	0.0663157	0.0657009	0.0617427	0.0626892	0.0618055	0.0623462	0.0625579	0.0626714	0.062576	0.0625495	0.0624114	0.0621862	0.0618611	0.0613388	0.0609425	0.060955	0.0610734	0.0610529	0.0611798	0.0614559	0.0617501	0.0625331	0.0625723	0.0688488	0.0659372	0.0637207	0.0640699	0.0641796	0.060617	0.0606726	0.0617783	0.0607396	0.0605672	0.0605659	0.0601686	0.0607171	0.0619396	0.0619992	0.0606298	0.0603895	0.0606057	0.0609949	0.0616384	0.0618443	0.0619126	0.0621684	0.0623681	

84	0.39	20	1	task-3:0.02	task-0:0.25	task-1:0.31	task-2:0.08	|	0.227077	0.119974	0.119963	0.110716	0.143918	0.111589	0.0747607	0.0892227	0.0965845	0.0818372	0.0740205	0.075787	0.0719903	0.0718038	0.0698258	0.0692843	0.0673852	0.0657776	0.064398	0.0631306	0.0615664	0.0594095	0.0549545	0.0542638	0.053491	0.0522652	0.0503986	0.0480308	0.0449015	0.0449089	0.0432155	0.0423535	0.0414674	0.0405401	0.0397729	0.0390338	0.0385793	0.0386309	0.0381001	0.0379985	0.0376847	0.0373933	0.0368047	0.0362556	0.0358457	0.0353508	0.0350147	0.0347227	0.0344954	0.0345458	0.0341747	0.0340642	0.0338534	0.0335352	0.0332416	0.0329593	0.0331033	0.0327994	0.0327057	0.032724	0.0327097	0.032999	0.0330174	0.0332189	0.0335616	0.0340278	0.0340282	0.0338075	0.0336542	0.0334009	0.0332256	0.0326231	0.0318623	0.0311497	0.0308218	0.0306483	0.0305071	0.0302437	0.0296594	0.0294464	0.0303531	0.0296485	0.0293085	0.0289553	

72	0.358	20	3	task-3:0.02	task-0:0.34	task-1:0.32	task-2:0.08	|	0.0875385	0.279905	0.279867	0.265271	0.0853041	0.100598	0.102318	0.0926735	0.0907908	0.0919897	0.090188	0.09042	0.0847537	0.0801302	0.0797253	0.0785436	0.0766047	0.0760447	0.0747204	0.0725703	0.0665277	0.0596768	0.0643051	0.0583952	0.0541115	0.0535606	0.0502361	0.040347	0.0521299	0.0493966	0.0353453	0.0407267	0.0403184	0.0333941	0.0308063	0.0285155	0.0278663	0.0268732	0.0261641	0.0253264	0.024567	0.0246006	0.0269832	0.0282354	0.0269938	0.0255104	0.0244049	0.0241398	0.0242068	0.0243138	0.0250263	0.0260072	0.0261109	0.0264484	0.026746	0.0270036	0.0279495	0.0282133	0.0278573	0.0273522	0.0267484	0.0253421	0.0400659	0.0241771	0.0411662	0.0410026	0.0337746	0.0236056	0.0239003	0.0231444	0.0231074	0.0234343	

71	0.39	20	1	task-3:0.04	task-0:0.29	task-1:0.38	task-2:0.08	|	0.200996	0.119993	0.119992	0.117521	0.120586	0.112528	0.0845599	0.0950568	0.0928251	0.0836217	0.0837996	0.0833957	0.0804331	0.0784764	0.0768658	0.0755172	0.0737139	0.0703542	0.0671495	0.0644663	0.0622001	0.0592757	0.0560685	0.0522966	0.0509946	0.051294	0.0498533	0.0453611	0.0429359	0.0399621	0.0376421	0.0358156	0.0345541	0.0326476	0.0314259	0.0275496	0.0278576	0.0209857	0.0265995	0.029967	0.0304781	0.0294202	0.0303273	0.0307263	0.0306908	0.0306279	0.0229297	0.0417238	0.0394075	0.0382377	0.0363824	0.0347315	0.0336775	0.03297	0.032882	0.0326453	0.032363	0.0325933	0.0328622	0.0333404	0.0341496	0.0331175	0.0327689	0.0326774	0.0321525	0.0320536	0.0321793	0.0323031	0.0320371	0.0317238	0.0315267	

66	0.359	20	0	task-3:0.06	task-0:0.32	task-1:0.36	task-2:0.08	|	0.0913286	0.119943	0.119936	0.116767	0.085554	0.0850884	0.100601	0.101495	0.09001	0.0869626	0.0869087	0.0853778	0.0855516	0.0849011	0.0846033	0.0822486	0.0765179	0.0752788	0.0726919	0.071849	0.0725694	0.0697387	0.0610681	0.0604521	0.056021	0.0614843	0.0551204	0.0538955	0.0536156	0.0525968	0.0520748	0.0718037	0.0718189	0.0585508	0.0558125	0.052368	0.0516042	0.0543032	0.0538849	0.0516894	0.0510439	0.0512314	0.0514788	0.0527379	0.0553303	0.062451	0.0700564	0.0708909	0.0706616	0.0751233	0.0969558	0.0880122	0.0701155	0.0701861	0.0601376	0.0638587	0.062473	0.0614572	0.0612161	0.0621588	0.0616183	0.0609572	0.0584	0.0522314	0.0511075	0.0506228	

119	0.562	20	1	task-3:0.06	task-0:0.27	task-1:0.33	task-2:0.1	|	0.219455	0.119998	0.119995	0.117865	0.125649	0.12919	0.0805408	0.0854835	0.0733607	0.0819977	0.081028	0.0714978	0.0721573	0.0709403	0.0700584	0.0695553	0.0688962	0.0680593	0.0672119	0.0658376	0.0641703	0.0619654	0.0571414	0.054886	0.0550316	0.0536581	0.0506024	0.0483645	0.0473433	0.0456702	0.0440928	0.0426902	0.0411626	0.0670724	0.0675073	0.0416017	0.0361254	0.0340538	0.0322986	0.0336553	0.0308689	0.0287863	0.0266636	0.0472316	0.0328835	0.0321042	0.0282378	0.0238951	0.023455	0.0225881	0.0218651	0.0206315	0.0193707	0.0203237	0.0212806	0.0177455	0.0172491	0.0169143	0.01637	0.016166	0.0152854	0.0147228	0.0148532	0.0153563	0.0157546	0.0154497	0.0159042	0.0165713	0.0175376	0.0190784	0.0215729	0.0333172	0.0374857	0.0336059	0.0350102	0.0371698	0.0350088	0.0346418	0.034152	0.0331341	0.0314384	0.026316	0.0231071	0.0206012	0.0199082	0.0175261	0.0149252	0.0146797	0.0134262	0.0131359	0.0127305	0.0124689	0.0120237	0.0115488	0.0111585	0.0106761	0.0103623	0.0108544	0.0195973	0.0309548	0.0310677	0.00980627	0.0102657	0.0103656	0.00947295	0.00831755	0.00798898	0.00818206	0.00788667	0.00768426	0.00759758	0.00742594	0.00725974	0.00711891	0.00678109	0.00656458	0.00629013	0.00586892	0.00546658	

82	0.452	20	8	task-3:0.03	task-0:0.36	task-1:0.32	task-2:0.08	|	0.0892798	0.119937	0.119936	0.116786	0.0860701	0.0844964	0.0929145	0.0867613	0.0817916	0.0817268	0.0797917	0.0793609	0.0783886	0.0778801	0.0756599	0.0742136	0.0735785	0.0718745	0.0706987	0.0697541	0.0688679	0.0678685	0.0667356	0.0654045	0.0644364	0.0627102	0.0612734	0.0598382	0.0613506	0.060219	0.0615337	0.0580325	0.0565217	0.0576069	0.0588095	0.0566273	0.0566583	0.0573336	0.0560305	0.0556412	0.0566061	0.0553098	0.0546699	0.0550203	0.0540812	0.0561482	0.0544494	0.052041	0.0463592	0.0469198	0.0543024	0.0533992	0.0471683	0.0464132	0.0453439	0.0439483	0.0432883	0.0444412	0.0711946	0.0641916	0.0703745	0.06872	0.0512809	0.0520457	0.0453762	0.0443549	0.0439069	0.0438309	0.0438388	0.0523422	0.0547534	0.0592298	0.0501284	0.0466422	0.0447851	0.045552	0.0434968	0.0411656	0.0401262	0.0583977	0.058048	0.0572473	

91	0.453	20	2	task-3:0.05	task-0:0.35	task-1:0.34	task-2:0.09	|	0.169455	0.119998	0.119991	0.113921	0.134484	0.113559	0.0822283	0.082505	0.0716434	0.0701858	0.0716912	0.0719932	0.0697856	0.0711281	0.0700366	0.0676044	0.0672201	0.0671262	0.0663234	0.0662151	0.065743	0.0649647	0.0645367	0.0641514	0.0632575	0.0749783	0.069078	0.0743439	0.0743255	0.070547	0.0673339	0.0616435	0.0616892	0.058987	0.0572823	0.0567279	0.0563009	0.0555567	0.0556225	0.0561865	0.0731271	0.0734239	0.0779842	0.0782312	0.0818927	0.0775462	0.0709273	0.0598589	0.0556755	0.0554704	0.0745979	0.0731176	0.0543691	0.0546577	0.0553638	0.0549722	0.0541329	0.0538027	0.0536705	0.0536032	0.053298	0.0525194	0.0516637	0.0512363	0.0508404	0.0500195	0.048149	0.0468835	0.0469388	0.047789	0.0491728	0.0493459	0.0495813	0.0494892	0.0491979	0.0487483	0.0608791	0.0630757	0.0506873	0.0493985	0.0480168	0.047673	0.0475696	0.0476033	0.047473	0.0475131	0.0674265	0.0675663	0.0679871	0.0487103	0.0483805	

62	0.296	20	0	task-3:0.02	task-0:0.27	task-1:0.42	task-2:0.08	|	0.101124	0.119999	0.119998	0.119233	0.0868093	0.0842644	0.0822511	0.0805314	0.0749731	0.0757624	0.068102	0.0665649	0.0613267	0.0581604	0.0558437	0.0544712	0.0556903	0.0528093	0.0520233	0.0509332	0.0531522	0.0518441	0.0501871	0.0526236	0.0514354	0.0488588	0.0488004	0.0486848	0.0487288	0.0482927	0.0480432	0.0475705	0.0469788	0.0465484	0.0462663	0.0458439	0.0453856	0.0451052	0.0448107	0.0443209	0.0438164	0.0432143	0.0426486	0.0419657	0.0427509	0.04084	0.0431131	0.0400242	0.0372066	0.0368902	0.0375267	0.0386652	0.0409636	0.0405279	0.0402027	0.0406175	0.0386324	0.038915	0.0381741	0.0370646	0.0362904	0.0355283	

101	0.561	20	3	task-3:0.07	task-0:0.33	task-1:0.29	task-2:0.08	|	0.177961	0.119901	0.119814	0.102341	0.173052	0.146898	0.105867	0.0872906	0.0889535	0.0812136	0.0814923	0.0769603	0.0732632	0.0686186	0.0649763	0.0611592	0.0607698	0.057862	0.0554702	0.0531447	0.0502916	0.0466976	0.0428978	0.0404144	0.0366336	0.0840683	0.0735313	0.0402917	0.0418349	0.0348176	0.0532213	0.0378937	0.0306227	0.0304517	0.0307513	0.0316963	0.030322	0.0293447	0.0290792	0.0283721	0.0241226	0.0227007	0.0298676	0.030881	0.0287589	0.0283232	0.0284576	0.0279674	0.0273775	0.0267967	0.0263844	0.0260898	0.0258481	0.0254254	0.0257795	0.0288187	0.0246125	0.0255864	0.0253149	0.0248408	0.0247221	0.024532	0.0242703	0.02381	0.023366	0.0227946	0.0248719	0.0429989	0.0543453	0.0374858	0.0335454	0.0318091	0.0232011	0.0210707	0.0207165	0.0256449	0.0368951	0.0346096	0.0293413	0.0225661	0.0205961	0.0201419	0.0223401	0.0221249	0.0212998	0.0206317	0.0202479	0.0199259	0.020311	0.0206401	0.0210248	0.0216602	0.0224156	0.0232906	0.0207413	0.0190319	0.0189372	0.0192261	0.0191681	0.0189365	0.0187498	

99	0.577	20	2	task-3:0.03	task-0:0.31	task-1:0.31	task-2:0.09	|	0.18332	0.119995	0.119993	0.118896	0.0816749	0.0815531	0.0776349	0.0877557	0.0733311	0.0880179	0.0868602	0.0716104	0.0798701	0.0781959	0.0701331	0.0720126	0.0710917	0.0705863	0.0705878	0.0699695	0.0697532	0.0695124	0.0690114	0.0683978	0.0677907	0.0674995	0.0669532	0.0660553	0.065157	0.0640175	0.0627908	0.0609464	0.058796	0.0565202	0.05445	0.0531213	0.0569245	0.0518901	0.0492893	0.0482455	0.0457589	0.0422759	0.0451715	0.0452085	0.0446291	0.0435114	0.0431211	0.042768	0.0429414	0.0426451	0.0398573	0.0388162	0.0391948	0.0378937	0.0353895	0.0330059	0.0299988	0.0325721	0.060342	0.0539853	0.0261188	0.0431088	0.0375902	0.024996	0.0249713	0.0250604	0.0442698	0.0434834	0.0419649	0.045241	0.0456069	0.06244	0.0358079	0.0339587	0.0312039	0.0444774	0.0437082	0.0498338	0.0495749	0.0487437	0.0479005	0.0468503	0.0456843	0.0446369	0.059028	0.0559448	0.0499408	0.0358221	0.0292542	0.0260013	0.022656	0.0191541	0.0163971	0.0156468	0.0145664	0.0325308	0.0316765	0.0268215	0.0285893	

83	0.468	20	1	task-3:0.06	task-0:0.41	task-1:0.37	task-2:0.08	|	0.0942572	0.119578	0.119067	0.108993	0.0880551	0.0883248	0.0872756	0.0928374	0.0853006	0.08289	0.0804178	0.0802893	0.078426	0.0748877	0.0725604	0.0723157	0.0723843	0.0717182	0.0702299	0.0691158	0.0682613	0.0672596	0.0657963	0.0649531	0.0629248	0.0648884	0.0654683	0.0630211	0.0627249	0.0625596	0.0626292	0.0629901	0.0629707	0.0627562	0.0623242	0.0608642	0.0603872	0.0490841	0.0534155	0.062632	0.0626881	0.0642177	0.0616561	0.059316	0.0586783	0.0565296	0.0586886	0.0584738	0.0580109	0.054326	0.0537662	0.0585793	0.0584275	0.0561724	0.0525451	0.0523025	0.0565543	0.0558784	0.0558763	0.0572251	0.0569577	0.0555923	0.0512239	0.0535633	0.0543326	0.0540692	0.0551589	0.0547755	0.0539317	0.0524808	0.0560745	0.0561287	0.0560588	0.0572116	0.0596576	0.0594533	0.0550627	0.0565696	0.0595028	0.0594275	0.05931	0.059123	0.0577963	

66	0.359	20	0	task-3:0.04	task-0:0.33	task-1:0.36	task-2:0.08	|	0.230285	0.119902	0.119769	0.101117	0.166709	0.152173	0.096331	0.0851339	0.083234	0.0730878	0.0724465	0.068003	0.0638309	0.0661918	0.0615817	0.0531283	0.0497361	0.0530228	0.0486263	0.0429121	0.040178	0.0374673	0.035354	0.0320839	0.0290605	0.0269632	0.025703	0.0246309	0.025814	0.0238193	0.0247755	0.0225295	0.0192757	0.0177327	0.0153777	0.0144497	0.0120397	0.00948471	0.00977067	0.00739675	0.00687675	0.00699228	0.00580078	0.00539179	0.00495285	0.00465968	0.00530373	0.00505388	0.00431087	0.00372751	0.0033444	0.00303239	0.00284838	0.0026617	0.00240977	0.00227147	0.00234809	0.0027648	0.00308761	0.00261261	0.00203395	0.00179951	0.00142206	0.00134316	0.00136741	0.00136357	

88	0.421	20	2	task-3:0.05	task-0:0.29	task-1:0.36	task-2:0.08	|	0.136686	0.119968	0.119944	0.113759	0.114173	0.103594	0.0857305	0.0874378	0.0854282	0.087977	0.0867749	0.0849313	0.0855701	0.0816822	0.074547	0.0701264	0.0654444	0.0646287	0.0648748	0.0638034	0.0634521	0.0648524	0.062913	0.0617229	0.0614042	0.0612943	0.0613557	0.0611949	0.0608037	0.0604199	0.0598062	0.0592372	0.0590143	0.0588065	0.0585627	0.058805	0.0585427	0.0598184	0.0595724	0.0599736	0.0595265	0.0586911	0.0581164	0.0576938	0.0566269	0.0572956	0.0562317	0.0545355	0.053031	0.0515201	0.0499834	0.0487505	0.0482682	0.0470708	0.0461322	0.0455324	0.0456515	0.045785	0.0471519	0.0471755	0.0457583	0.0453019	0.0446125	0.0438547	0.0435408	0.0432594	0.0432255	0.0432371	0.0436146	0.0447397	0.0445892	0.0433659	0.0431141	0.0425887	0.0423392	0.0425337	0.0427172	0.0428901	0.04328	0.0438465	0.0446361	0.0445052	0.0448836	0.0454036	0.046145	0.0459923	0.0450341	0.0448966	

78	0.39	20	2	task-3:0.04	task-0:0.31	task-1:0.36	task-2:0.08	|	0.0929731	0.278281	0.274781	0.106457	0.0987211	0.099976	0.0971883	0.0868781	0.0869655	0.0860501	0.0838139	0.0841233	0.0839054	0.0838464	0.0832988	0.082477	0.0812086	0.0787427	0.0744791	0.0708157	0.0672097	0.0632702	0.0612933	0.0598462	0.058406	0.0571358	0.0557849	0.0542655	0.0520951	0.0499577	0.0485758	0.0474196	0.0455639	0.0444716	0.0447341	0.0436448	0.0419357	0.0409721	0.0399019	0.0396873	0.0393372	0.0361414	0.0324824	0.0313905	0.0303242	0.0286252	0.0286698	0.0290928	0.0285079	0.0278984	0.0278361	0.028454	0.0279448	0.0271606	0.0269636	0.026909	0.0266477	0.0264178	0.0263046	0.0260894	0.0258538	0.0257095	0.0262295	0.0255824	0.0250619	0.0178352	0.0175779	0.0229583	0.0218693	0.0199157	0.0185629	0.0190235	0.0184205	0.0175627	0.016079	0.017328	0.0168512	0.01629	

74	0.375	20	1	task-3:0.06	task-0:0.32	task-1:0.34	task-2:0.08	|	0.0857061	0.119997	0.119993	0.111267	0.143178	0.10673	0.0855574	0.0872191	0.077434	0.0823765	0.0758725	0.0758854	0.0802593	0.0779743	0.0739583	0.0743955	0.0739942	0.0753305	0.0749118	0.0735806	0.073408	0.0733495	0.0729807	0.0727814	0.0725314	0.0721275	0.0714473	0.0703152	0.0697027	0.0691178	0.0692771	0.0688676	0.0682833	0.067992	0.0674008	0.0667446	0.0661713	0.0654001	0.0643946	0.0642554	0.0639167	0.0576158	0.0539404	0.0681071	0.0666746	0.0568533	0.0602532	0.0585933	0.0517007	0.0563633	0.0560009	0.0519558	0.0511361	0.050918	0.0505731	0.0513162	0.0509164	0.0500687	0.0497652	0.0495143	0.049371	0.0493598	0.0491559	0.0489705	0.049278	0.0490287	0.0488115	0.0490887	0.0491333	0.0489417	0.0485406	0.0480816	0.0475205	0.0468784	

65	0.343	20	0	task-3:0.04	task-0:0.3	task-1:0.36	task-2:0.08	|	0.0803954	0.0891272	0.274537	0.170553	0.119369	0.117849	0.0760753	0.220853	0.192805	0.0604082	0.100073	0.0977859	0.0614954	0.0745015	0.0715198	0.0525756	0.0537907	0.0501365	0.0506304	0.0489936	0.0481379	0.0480038	0.0468443	0.0458679	0.0451197	0.0444259	0.0437762	0.0431632	0.0428039	0.0427398	0.0454215	0.0426567	0.0423835	0.0423224	0.0422631	0.0421526	0.0420796	0.0418724	0.0417172	0.0415621	0.041403	0.0527633	0.0431021	0.0411083	0.0408029	0.039591	0.040474	0.040442	0.0402113	0.0400501	0.0400018	0.0399914	0.0399299	0.0398271	0.0397204	0.0396433	0.039404	0.0391715	0.0389411	0.0386912	0.0384319	0.0380889	0.0376682	0.0372412	0.0374024	

81	0.437	20	0	task-3:0.07	task-0:0.31	task-1:0.38	task-2:0.1	|	0.111211	0.12	0.12	0.119753	0.0838149	0.0888325	0.0795983	0.0754804	0.0712107	0.0665069	0.0616195	0.0622836	0.0557094	0.0492865	0.047323	0.0440427	0.0407896	0.0383653	0.0363734	0.0350139	0.033417	0.0317378	0.0299819	0.0277222	0.0252193	0.0226751	0.0197664	0.0181801	0.0160747	0.0143546	0.0127205	0.0111778	0.0107513	0.00868843	0.00979105	0.00878016	0.00690588	0.00666637	0.00679021	0.00595422	0.00487044	0.00464767	0.00431821	0.00408433	0.00387676	0.00354319	0.00332729	0.00324469	0.00308436	0.0026817	0.00232633	0.00199589	0.00176364	0.0015855	0.00145326	0.00128191	0.00108863	0.000888882	0.000741926	0.000630313	0.000499572	0.000483992	0.000368995	0.00032851	0.000298175	0.000275068	0.000211263	0.000145991	0.000105711	0.000111579	8.79651e-005	7.27359e-005	5.50653e-005	3.92249e-005	2.64324e-005	1.7429e-005	1.17207e-005	8.60576e-006	5.11832e-006	6.5972e-006	5.89064e-006	

