85	0.307	32	0	task-3:0.436	task-0:0.162	task-1:0.174	task-2:0.45	|	0.109774	0.166667	0.166666	0.165904	0.0741461	0.0919529	0.0769321	0.0765739	0.0748827	0.0734385	0.0734571	0.0729892	0.0726315	0.0722029	0.0718722	0.0713633	0.0707862	0.0702764	0.0695308	0.0685573	0.0675013	0.0664737	0.0656675	0.0642595	0.0637481	0.0610488	0.0621119	0.0604327	0.0658414	0.0597322	0.0709795	0.0635404	0.0678189	0.0618225	0.060031	0.0582951	0.0557211	0.0553006	0.0548433	0.0546367	0.0541265	0.0539326	0.0538481	0.0535227	0.0533583	0.0535303	0.0538424	0.0545848	0.0544819	0.0553104	0.0574357	0.0658759	0.0656317	0.0763418	0.0860719	0.101176	0.107638	0.118788	0.121551	0.127377	0.131714	0.128536	0.101683	0.0918725	0.0792975	0.0590119	0.0945102	0.104419	0.101031	0.104706	0.115609	0.123409	0.121715	0.1222	0.126316	0.130056	0.133243	0.120766	0.118352	0.0899973	0.0802417	0.0944979	0.0792482	0.0689536	0.0369225	

33	0.119	32	0	task-3:0.324	task-0:0.262	task-1:0.258	task-2:0.312	|	0.126693	0.133333	0.133332	0.132018	0.0760778	0.0742504	0.0810483	0.077284	0.0740639	0.0742016	0.07441	0.0740739	0.073889	0.0738491	0.0738291	0.0737871	0.0737456	0.0737341	0.0736362	0.0736191	0.0738598	0.0743516	0.0730697	0.0679704	0.0664618	0.0620356	0.0523204	0.0491313	0.0509216	0.049285	0.0434645	0.0402111	0.0373826	

33	0.118	32	0	task-3:0.324	task-0:0.262	task-1:0.258	task-2:0.312	|	0.126693	0.133333	0.133332	0.132018	0.0760778	0.0742504	0.0810483	0.077284	0.0740639	0.0742016	0.07441	0.0740739	0.073889	0.0738491	0.0738291	0.0737871	0.0737456	0.0737341	0.0736362	0.0736191	0.0738598	0.0743516	0.0730697	0.0679704	0.0664618	0.0620356	0.0523204	0.0491313	0.0509216	0.049285	0.0434645	0.0402111	0.0373826	

118	0.436	32	0	task-3:0.082	task-0:0.314	task-1:0.326	task-2:0.052	|	0.0784742	0.133332	0.133307	0.128468	0.0772908	0.0765281	0.0764292	0.0755413	0.0737659	0.0748056	0.0750522	0.0742617	0.0743674	0.0742247	0.0738627	0.073782	0.0734904	0.0733151	0.0731676	0.0729238	0.0726727	0.0727469	0.0753582	0.0744498	0.0731605	0.0730443	0.073126	0.0740683	0.0737399	0.0727919	0.0723772	0.0720001	0.0714638	0.0709336	0.0700143	0.0695256	0.0691188	0.0685229	0.067994	0.06751	0.0668262	0.0661971	0.0653983	0.064397	0.0631448	0.0616959	0.0597869	0.0592463	0.0581637	0.0576986	0.0572445	0.0564888	0.0561792	0.0558201	0.0555316	0.0552611	0.0549156	0.0544935	0.0541342	0.0538033	0.0535055	0.0532382	0.0527221	0.0520879	0.0513871	0.0506404	0.0500435	0.049585	0.0492126	0.0490611	0.0490539	0.0490818	0.0489032	0.0484763	0.0481944	0.0479301	0.0476883	0.0477194	0.0476294	0.0477101	0.0479073	0.0481903	0.0478744	0.0474923	0.0473101	0.0470164	0.0467863	0.0465915	0.0464785	0.0462054	0.0459233	0.0455677	0.0452279	0.0448374	0.04439	0.0438793	0.0434142	0.0433613	0.0431762	0.0428552	0.0425761	0.0423492	0.0421668	0.0420609	0.0419821	0.0418499	0.0417142	0.0415713	0.0415177	0.0414592	0.0413739	0.0412869	0.0410891	0.0408475	0.0405852	0.040312	0.0400122	0.0396876	

33	0.123	32	0	task-3:0.324	task-0:0.262	task-1:0.258	task-2:0.312	|	0.126693	0.133333	0.133332	0.132018	0.0760778	0.0742504	0.0810483	0.077284	0.0740639	0.0742016	0.07441	0.0740739	0.073889	0.0738491	0.0738291	0.0737871	0.0737456	0.0737341	0.0736362	0.0736191	0.0738598	0.0743516	0.0730697	0.0679704	0.0664618	0.0620356	0.0523204	0.0491313	0.0509216	0.049285	0.0434645	0.0402111	0.0373826	

118	0.418	32	0	task-3:0.082	task-0:0.314	task-1:0.326	task-2:0.052	|	0.0784742	0.133332	0.133307	0.128468	0.0772908	0.0765281	0.0764292	0.0755413	0.0737659	0.0748056	0.0750522	0.0742617	0.0743674	0.0742247	0.0738627	0.073782	0.0734904	0.0733151	0.0731676	0.0729238	0.0726727	0.0727469	0.0753582	0.0744498	0.0731605	0.0730443	0.073126	0.0740683	0.0737399	0.0727919	0.0723772	0.0720001	0.0714638	0.0709336	0.0700143	0.0695256	0.0691188	0.0685229	0.067994	0.06751	0.0668262	0.0661971	0.0653983	0.064397	0.0631448	0.0616959	0.0597869	0.0592463	0.0581637	0.0576986	0.0572445	0.0564888	0.0561792	0.0558201	0.0555316	0.0552611	0.0549156	0.0544935	0.0541342	0.0538033	0.0535055	0.0532382	0.0527221	0.0520879	0.0513871	0.0506404	0.0500435	0.049585	0.0492126	0.0490611	0.0490539	0.0490818	0.0489032	0.0484763	0.0481944	0.0479301	0.0476883	0.0477194	0.0476294	0.0477101	0.0479073	0.0481903	0.0478744	0.0474923	0.0473101	0.0470164	0.0467863	0.0465915	0.0464785	0.0462054	0.0459233	0.0455677	0.0452279	0.0448374	0.04439	0.0438793	0.0434142	0.0433613	0.0431762	0.0428552	0.0425761	0.0423492	0.0421668	0.0420609	0.0419821	0.0418499	0.0417142	0.0415713	0.0415177	0.0414592	0.0413739	0.0412869	0.0410891	0.0408475	0.0405852	0.040312	0.0400122	0.0396876	

44	0.156	32	0	task-3:0.104	task-0:0.186	task-1:0.134	task-2:0.134	|	0.0923991	0.166667	0.166667	0.166331	0.0746266	0.124925	0.0988556	0.0734055	0.0857974	0.0872872	0.0796866	0.074742	0.0744005	0.0752795	0.0737178	0.0741332	0.0740586	0.0734859	0.0743962	0.0755107	0.0753837	0.0848361	0.0937336	0.0845447	0.0689659	0.0639138	0.0687014	0.0693046	0.0641824	0.0591582	0.0600642	0.0585314	0.0556267	0.054437	0.052497	0.0500415	0.0475652	0.0464318	0.0457064	0.0444536	0.0434157	0.0422872	0.0410611	0.0393724	

95	0.336	32	0	task-3:0.384	task-0:0.204	task-1:0.192	task-2:0.29	|	0.119485	0.166667	0.166666	0.162422	0.0913248	0.0762606	0.093791	0.0907191	0.0801378	0.0744169	0.0769614	0.0769491	0.074213	0.0742475	0.0745485	0.075238	0.0747601	0.0737049	0.0733052	0.0703478	0.0682292	0.0704303	0.0658764	0.070436	0.0671131	0.0644781	0.0644072	0.0644285	0.0655338	0.0650334	0.0639841	0.063656	0.0634886	0.0633096	0.0630292	0.0623953	0.061158	0.0673349	0.0655259	0.0611664	0.0617441	0.0644527	0.0620435	0.0613817	0.061335	0.0614454	0.0624585	0.0644018	0.0681816	0.070586	0.0630254	0.0630537	0.0629648	0.0629208	0.0629	0.0627325	0.0625269	0.0632761	0.0632993	0.063095	0.0632273	0.0633438	0.0634627	0.0633883	0.0631846	0.0627806	0.0624221	0.0622773	0.0621654	0.0620828	0.0622869	0.0620145	0.0620852	0.0624903	0.0629181	0.0636054	0.0645921	0.0660868	0.0650322	0.0649237	0.0650941	0.0656452	0.0660398	0.0662031	0.0637155	0.061459	0.0582182	0.0537685	0.0492612	0.0477349	0.0453575	0.0435899	0.0425313	0.0406668	0.0394872	

95	0.338	32	0	task-3:0.384	task-0:0.204	task-1:0.192	task-2:0.29	|	0.119485	0.166667	0.166666	0.162422	0.0913248	0.0762606	0.093791	0.0907191	0.0801378	0.0744169	0.0769614	0.0769491	0.074213	0.0742475	0.0745485	0.075238	0.0747601	0.0737049	0.0733052	0.0703478	0.0682292	0.0704303	0.0658764	0.070436	0.0671131	0.0644781	0.0644072	0.0644285	0.0655338	0.0650334	0.0639841	0.063656	0.0634886	0.0633096	0.0630292	0.0623953	0.061158	0.0673349	0.0655259	0.0611664	0.0617441	0.0644527	0.0620435	0.0613817	0.061335	0.0614454	0.0624585	0.0644018	0.0681816	0.070586	0.0630254	0.0630537	0.0629648	0.0629208	0.0629	0.0627325	0.0625269	0.0632761	0.0632993	0.063095	0.0632273	0.0633438	0.0634627	0.0633883	0.0631846	0.0627806	0.0624221	0.0622773	0.0621654	0.0620828	0.0622869	0.0620145	0.0620852	0.0624903	0.0629181	0.0636054	0.0645921	0.0660868	0.0650322	0.0649237	0.0650941	0.0656452	0.0660398	0.0662031	0.0637155	0.061459	0.0582182	0.0537685	0.0492612	0.0477349	0.0453575	0.0435899	0.0425313	0.0406668	0.0394872	

42	0.155	32	0	task-3:0.132	task-0:0.264	task-1:0.224	task-2:0.178	|	0.111294	0.166666	0.166665	0.165224	0.076373	0.111851	0.0976632	0.0834117	0.0755516	0.0769407	0.0762549	0.0740287	0.0738953	0.0736556	0.0737625	0.0768161	0.0701363	0.0715317	0.06736	0.0652741	0.0634831	0.0619083	0.0601846	0.0580855	0.0565006	0.0555651	0.0534714	0.0527179	0.0517923	0.0507083	0.0500967	0.0479879	0.0460052	0.0448297	0.0454874	0.0443467	0.0448986	0.0431249	0.0420735	0.0410858	0.0401248	0.0398883	

43	0.162	32	0	task-3:0.382	task-0:0.254	task-1:0.156	task-2:0.372	|	0.0842159	0.166666	0.166658	0.138422	0.120027	0.106894	0.075682	0.0773775	0.0752712	0.0735742	0.0731311	0.0732328	0.0731171	0.0725629	0.0733435	0.0749827	0.073851	0.0727838	0.0730263	0.0729885	0.0728912	0.0732212	0.0732872	0.0732273	0.0733042	0.0735206	0.074028	0.0757365	0.0742402	0.0739743	0.0746914	0.0701477	0.0665386	0.06667	0.0636537	0.0599297	0.0567982	0.0525737	0.0476938	0.044829	0.0431314	0.0414593	0.0395403	

40	0.15	32	0	task-3:0.282	task-0:0.202	task-1:0.104	task-2:0.29	|	0.112319	0.166667	0.166667	0.166278	0.0759477	0.129629	0.125825	0.102541	0.0756017	0.0759587	0.0760383	0.0762448	0.0741771	0.0742795	0.0740624	0.0735874	0.073455	0.073296	0.0737101	0.0729454	0.0708153	0.0692646	0.0711532	0.0676697	0.065608	0.0628782	0.0593968	0.0568917	0.0545981	0.0522559	0.0483274	0.0467801	0.0484534	0.0473384	0.0447862	0.0410802	0.0417289	0.0407022	0.0404709	0.0384361	

41	0.154	32	0	task-3:0.346	task-0:0.336	task-1:0.21	task-2:0.462	|	0.0886489	0.166667	0.166667	0.166219	0.07803	0.12918	0.121879	0.0905091	0.0738896	0.0754069	0.0726998	0.0747188	0.074856	0.073372	0.0734296	0.0731659	0.0723637	0.0718928	0.0714911	0.0712585	0.0714418	0.0729976	0.0734304	0.0740414	0.0737422	0.0805938	0.0739513	0.0748753	0.0770565	0.0848969	0.0983623	0.107883	0.10629	0.0967002	0.0611351	0.0525953	0.0547592	0.0404198	0.0725822	0.0660756	0.0397909	

43	0.161	32	0	task-3:0.382	task-0:0.254	task-1:0.156	task-2:0.372	|	0.0842159	0.166666	0.166658	0.138422	0.120027	0.106894	0.075682	0.0773775	0.0752712	0.0735742	0.0731311	0.0732328	0.0731171	0.0725629	0.0733435	0.0749827	0.073851	0.0727838	0.0730263	0.0729885	0.0728912	0.0732212	0.0732872	0.0732273	0.0733042	0.0735206	0.074028	0.0757365	0.0742402	0.0739743	0.0746914	0.0701477	0.0665386	0.06667	0.0636537	0.0599297	0.0567982	0.0525737	0.0476938	0.044829	0.0431314	0.0414593	0.0395403	

43	0.158	32	0	task-3:0.382	task-0:0.254	task-1:0.156	task-2:0.372	|	0.0842159	0.166666	0.166658	0.138422	0.120027	0.106894	0.075682	0.0773775	0.0752712	0.0735742	0.0731311	0.0732328	0.0731171	0.0725629	0.0733435	0.0749827	0.073851	0.0727838	0.0730263	0.0729885	0.0728912	0.0732212	0.0732872	0.0732273	0.0733042	0.0735206	0.074028	0.0757365	0.0742402	0.0739743	0.0746914	0.0701477	0.0665386	0.06667	0.0636537	0.0599297	0.0567982	0.0525737	0.0476938	0.044829	0.0431314	0.0414593	0.0395403	

61	0.216	32	0	task-3:0.146	task-0:0.208	task-1:0.136	task-2:0.106	|	0.125609	0.166666	0.166664	0.162138	0.0866527	0.0805598	0.0750613	0.0732161	0.0727789	0.0733086	0.0729498	0.071935	0.0754981	0.0747175	0.0725408	0.0733264	0.0762492	0.0744882	0.0728428	0.0721481	0.0710185	0.0691443	0.0672879	0.0722775	0.0685929	0.0695868	0.0697757	0.0629878	0.060883	0.0596322	0.0576294	0.0584063	0.0583222	0.0598245	0.0661967	0.0621628	0.0579524	0.0575909	0.0568169	0.0558061	0.0545608	0.0532429	0.0518385	0.0504124	0.098388	0.09318	0.0549677	0.0539941	0.050933	0.102379	0.102226	0.0518914	0.0483897	0.0472994	0.0468204	0.0538181	0.0528635	0.0450935	0.0435129	0.0417348	0.0399078	

24	0.085	32	0	task-3:0.324	task-0:0.192	task-1:0.11	task-2:0.294	|	0.133087	0.166403	0.164823	0.076763	0.12524	0.106232	0.0783891	0.0735526	0.0760414	0.0757818	0.0737621	0.0744054	0.0747401	0.07369	0.0732014	0.0716211	0.0694234	0.0657453	0.0602347	0.0530411	0.0487721	0.0454584	0.0470412	0.0386173	

38	0.135	32	0	task-3:0.224	task-0:0.302	task-1:0.254	task-2:0.256	|	0.132661	0.166659	0.166608	0.133136	0.121987	0.1009	0.0755423	0.0744572	0.0744855	0.0744251	0.0742955	0.0738213	0.0739968	0.074226	0.0737754	0.0732618	0.0729924	0.0727613	0.0725439	0.0724288	0.0724527	0.0728529	0.0735291	0.0715864	0.0665298	0.0624108	0.0555039	0.0542752	0.0522774	0.0484638	0.0469724	0.0456609	0.045555	0.0453213	0.0437854	0.0425033	0.0411809	0.039748	

61	0.216	32	0	task-3:0.146	task-0:0.208	task-1:0.136	task-2:0.106	|	0.125609	0.166666	0.166664	0.162138	0.0866527	0.0805598	0.0750613	0.0732161	0.0727789	0.0733086	0.0729498	0.071935	0.0754981	0.0747175	0.0725408	0.0733264	0.0762492	0.0744882	0.0728428	0.0721481	0.0710185	0.0691443	0.0672879	0.0722775	0.0685929	0.0695868	0.0697757	0.0629878	0.060883	0.0596322	0.0576294	0.0584063	0.0583222	0.0598245	0.0661967	0.0621628	0.0579524	0.0575909	0.0568169	0.0558061	0.0545608	0.0532429	0.0518385	0.0504124	0.098388	0.09318	0.0549677	0.0539941	0.050933	0.102379	0.102226	0.0518914	0.0483897	0.0472994	0.0468204	0.0538181	0.0528635	0.0450935	0.0435129	0.0417348	0.0399078	

61	0.216	32	0	task-3:0.146	task-0:0.208	task-1:0.136	task-2:0.106	|	0.125609	0.166666	0.166664	0.162138	0.0866527	0.0805598	0.0750613	0.0732161	0.0727789	0.0733086	0.0729498	0.071935	0.0754981	0.0747175	0.0725408	0.0733264	0.0762492	0.0744882	0.0728428	0.0721481	0.0710185	0.0691443	0.0672879	0.0722775	0.0685929	0.0695868	0.0697757	0.0629878	0.060883	0.0596322	0.0576294	0.0584063	0.0583222	0.0598245	0.0661967	0.0621628	0.0579524	0.0575909	0.0568169	0.0558061	0.0545608	0.0532429	0.0518385	0.0504124	0.098388	0.09318	0.0549677	0.0539941	0.050933	0.102379	0.102226	0.0518914	0.0483897	0.0472994	0.0468204	0.0538181	0.0528635	0.0450935	0.0435129	0.0417348	0.0399078	

78	0.276	32	0	task-3:0.466	task-0:0.278	task-1:0.118	task-2:0.39	|	0.0745338	0.166666	0.166659	0.154399	0.102344	0.0801042	0.0845569	0.0852481	0.0801171	0.0754337	0.0743379	0.0743383	0.0737651	0.0738908	0.0734361	0.0731083	0.0729053	0.0725653	0.072216	0.0719277	0.092546	0.0878796	0.0742709	0.0656248	0.0644588	0.0635034	0.0594042	0.0575925	0.0599377	0.0646216	0.065722	0.0640696	0.0646416	0.0627179	0.0650873	0.0624953	0.0604728	0.0611392	0.066519	0.0685058	0.0717778	0.0675902	0.0701318	0.068799	0.0688689	0.0694482	0.0683855	0.0682671	0.0688469	0.0696341	0.092884	0.0892967	0.0736643	0.0755113	0.0772782	0.0730281	0.0721403	0.0697664	0.065987	0.0622726	0.059461	0.0597771	0.0614175	0.0622193	0.0615779	0.0636816	0.068432	0.0733808	0.0704086	0.0688938	0.0651036	0.0587762	0.0528621	0.0614751	0.0408178	0.0496962	0.0442623	0.0353565	

47	0.166	32	0	task-3:0.088	task-0:0.226	task-1:0.144	task-2:0.072	|	0.0791642	0.166667	0.166666	0.164081	0.0857644	0.0765338	0.077867	0.0750175	0.0740669	0.0739135	0.0732042	0.0728383	0.0728414	0.0727229	0.0721132	0.0714364	0.0703162	0.0683676	0.0658382	0.0627044	0.0612008	0.0601878	0.0588689	0.05634	0.0551334	0.054291	0.0533199	0.053094	0.0519137	0.0516892	0.0512479	0.0501583	0.0492452	0.0488254	0.0485277	0.0478932	0.0472102	0.0465696	0.0459141	0.0451899	0.0446357	0.0439723	0.0434516	0.0427183	0.042293	0.0412853	0.0397627	

30	0.106	32	0	task-3:0.364	task-0:0.16	task-1:0.272	task-2:0.376	|	0.127138	0.133333	0.13333	0.130127	0.0784939	0.0742568	0.0831267	0.0806219	0.0768669	0.0749799	0.0744698	0.0741518	0.0739116	0.0737836	0.0736095	0.0737089	0.0743859	0.0781688	0.0761962	0.0726472	0.0716021	0.0729482	0.0717416	0.0689162	0.0608758	0.071384	0.063545	0.0477284	0.0457225	0.0388695	

53	0.187	32	0	task-3:0.106	task-0:0.174	task-1:0.146	task-2:0.118	|	0.157289	0.133333	0.133332	0.128727	0.128708	0.0943682	0.0756391	0.076767	0.0748767	0.0745407	0.0744251	0.0741622	0.073907	0.073527	0.0732967	0.0732075	0.073406	0.0780261	0.0733783	0.0725817	0.0939322	0.0870476	0.0643982	0.0566521	0.0596011	0.0569356	0.0518057	0.0511275	0.0512942	0.0511232	0.05131	0.0513809	0.0511787	0.0507095	0.0501643	0.0491437	0.0478041	0.045579	0.0474216	0.0503101	0.0496033	0.049153	0.0483044	0.0497302	0.0462809	0.0456974	0.0449168	0.0431496	0.0427808	0.0413232	0.042117	0.0400868	0.0371569	

30	0.108	32	0	task-3:0.364	task-0:0.16	task-1:0.272	task-2:0.376	|	0.127138	0.133333	0.13333	0.130127	0.0784939	0.0742568	0.0831267	0.0806219	0.0768669	0.0749799	0.0744698	0.0741518	0.0739116	0.0737836	0.0736095	0.0737089	0.0743859	0.0781688	0.0761962	0.0726472	0.0716021	0.0729482	0.0717416	0.0689162	0.0608758	0.071384	0.063545	0.0477284	0.0457225	0.0388695	

32	0.115	32	0	task-3:0.196	task-0:0.27	task-1:0.122	task-2:0.308	|	0.148504	0.133333	0.13333	0.126652	0.121535	0.0932333	0.0751601	0.0744628	0.0739679	0.0748493	0.0749234	0.0740707	0.0744514	0.0744109	0.0746363	0.0744114	0.0742077	0.0767463	0.075036	0.0902519	0.0795629	0.0746746	0.100096	0.0941896	0.0642693	0.0586509	0.0554476	0.0574473	0.0532732	0.0488369	0.0456751	0.0376764	

54	0.196	32	0	task-3:0.176	task-0:0.316	task-1:0.37	task-2:0.086	|	0.0813061	0.133333	0.133324	0.120183	0.12991	0.100885	0.0742465	0.0742326	0.0738089	0.0730248	0.0726363	0.0725685	0.0725652	0.0730048	0.0751144	0.0745159	0.0730158	0.0727256	0.0703709	0.0783882	0.0720732	0.0772151	0.0756796	0.0608872	0.0599079	0.0580972	0.0571257	0.0565949	0.0565864	0.057943	0.0562634	0.0557197	0.0550995	0.0551609	0.054671	0.0543391	0.0535083	0.0564082	0.0560183	0.0534225	0.0521755	0.0518142	0.0511365	0.0515095	0.0512697	0.0501799	0.0493472	0.0481483	0.0468872	0.0456411	0.0442515	0.0427941	0.0411081	0.0397999	

55	0.204	32	0	task-3:0.172	task-0:0.252	task-1:0.224	task-2:0.09	|	0.126392	0.166664	0.16664	0.128295	0.125068	0.109413	0.0745277	0.0839419	0.0849176	0.0789129	0.0745179	0.0748344	0.07502	0.0741788	0.0740598	0.0736583	0.0733486	0.0730958	0.0730631	0.0729204	0.0729563	0.0738736	0.0724655	0.0724051	0.0720655	0.0714485	0.071009	0.0705817	0.0699584	0.0689222	0.0679623	0.0671999	0.0662424	0.0648803	0.0630744	0.0610334	0.0591201	0.0573341	0.0553578	0.053236	0.0520681	0.0505331	0.0491733	0.0483895	0.0483628	0.0486391	0.0491698	0.0512235	0.0535461	0.0509817	0.0501218	0.0510705	0.0469847	0.0416433	0.0398468	

43	0.16	32	0	task-3:0.424	task-0:0.34	task-1:0.212	task-2:0.412	|	0.131655	0.166665	0.166652	0.134002	0.124295	0.0974742	0.0746487	0.0739942	0.0745666	0.0742185	0.0729192	0.0722156	0.0717581	0.0713877	0.0698902	0.0677065	0.0666481	0.065624	0.0664884	0.0631525	0.0616236	0.0656777	0.0625592	0.0673583	0.0717317	0.0661815	0.070924	0.0635559	0.0642247	0.0606671	0.0563357	0.0540436	0.0530176	0.052133	0.051345	0.0586496	0.0951285	0.0861022	0.049488	0.0483878	0.0660688	0.0627022	0.0385903	

43	0.155	32	0	task-3:0.424	task-0:0.34	task-1:0.212	task-2:0.412	|	0.131655	0.166665	0.166652	0.134002	0.124295	0.0974742	0.0746487	0.0739942	0.0745666	0.0742185	0.0729192	0.0722156	0.0717581	0.0713877	0.0698902	0.0677065	0.0666481	0.065624	0.0664884	0.0631525	0.0616236	0.0656777	0.0625592	0.0673583	0.0717317	0.0661815	0.070924	0.0635559	0.0642247	0.0606671	0.0563357	0.0540436	0.0530176	0.052133	0.051345	0.0586496	0.0951285	0.0861022	0.049488	0.0483878	0.0660688	0.0627022	0.0385903	

43	0.153	32	0	task-3:0.424	task-0:0.34	task-1:0.212	task-2:0.412	|	0.131655	0.166665	0.166652	0.134002	0.124295	0.0974742	0.0746487	0.0739942	0.0745666	0.0742185	0.0729192	0.0722156	0.0717581	0.0713877	0.0698902	0.0677065	0.0666481	0.065624	0.0664884	0.0631525	0.0616236	0.0656777	0.0625592	0.0673583	0.0717317	0.0661815	0.070924	0.0635559	0.0642247	0.0606671	0.0563357	0.0540436	0.0530176	0.052133	0.051345	0.0586496	0.0951285	0.0861022	0.049488	0.0483878	0.0660688	0.0627022	0.0385903	

38	0.134	32	0	task-3:0.234	task-0:0.19	task-1:0.234	task-2:0.102	|	0.0908691	0.166637	0.166269	0.104003	0.109538	0.0856559	0.0748687	0.0756058	0.0741588	0.0731692	0.0730782	0.0732753	0.0736583	0.0734265	0.0728206	0.0722444	0.0730472	0.0724931	0.0724445	0.073009	0.072734	0.0809559	0.0791969	0.0672881	0.0622162	0.0658785	0.0626914	0.0614347	0.0601989	0.0581618	0.0569939	0.054531	0.0514488	0.0479744	0.0443449	0.0422996	0.0404672	0.039143	

32	0.114	32	0	task-3:0.342	task-0:0.136	task-1:0.186	task-2:0.364	|	0.0819694	0.166667	0.166665	0.164985	0.0749644	0.122452	0.108935	0.0858389	0.073945	0.0843998	0.0807155	0.0739109	0.0755732	0.0753299	0.0737102	0.0742149	0.0741465	0.0736894	0.0748691	0.087855	0.0799263	0.0946753	0.105084	0.0962404	0.0733041	0.0579476	0.045882	0.0523162	0.0504493	0.0442744	0.0411681	0.0395556	

49	0.181	32	0	task-3:0.354	task-0:0.238	task-1:0.124	task-2:0.332	|	0.074297	0.133333	0.133325	0.125374	0.108238	0.097655	0.0796279	0.0740572	0.078812	0.0810571	0.0755872	0.0738978	0.0738684	0.0737798	0.0737789	0.0735557	0.0738045	0.0738084	0.0737897	0.0743701	0.0751592	0.0769202	0.081683	0.0899088	0.0593212	0.0552356	0.0635304	0.0546212	0.050095	0.0492028	0.050117	0.0515871	0.0521803	0.0518398	0.0517668	0.0514397	0.0510462	0.0506089	0.0499928	0.0495036	0.0484464	0.046441	0.0449902	0.0438617	0.0430916	0.0586913	0.0576975	0.0416535	0.036771	

53	0.198	32	0	task-3:0.436	task-0:0.278	task-1:0.182	task-2:0.326	|	0.0956636	0.166667	0.166664	0.163509	0.0801183	0.0764288	0.0746387	0.0743054	0.0744249	0.0744717	0.0742535	0.074303	0.074264	0.0739742	0.0736977	0.0746332	0.072743	0.0720858	0.0726701	0.0724373	0.0713737	0.0660503	0.0743336	0.0716224	0.0647143	0.0702134	0.0691028	0.0820563	0.101968	0.104459	0.101736	0.0937383	0.0711029	0.0931604	0.0938012	0.0944926	0.0658458	0.0646441	0.095407	0.0899343	0.0883902	0.0888873	0.0876166	0.0864538	0.0856345	0.0845595	0.0839797	0.0831206	0.0828532	0.0787294	0.0451935	0.0422609	0.0387642	

38	0.142	32	0	task-3:0.188	task-0:0.176	task-1:0.254	task-2:0.224	|	0.0774156	0.133333	0.133333	0.132894	0.0758432	0.0790482	0.0743955	0.073713	0.0734462	0.0734523	0.0734015	0.0733056	0.0735039	0.0750452	0.0747075	0.0736697	0.0729506	0.0730255	0.073385	0.0735209	0.0739467	0.0749694	0.0739635	0.075452	0.0729306	0.0688705	0.0637368	0.0586682	0.053124	0.0504599	0.0518142	0.053345	0.0516184	0.0481531	0.0458613	0.0438623	0.0417619	0.039379	

49	0.183	32	0	task-3:0.354	task-0:0.238	task-1:0.124	task-2:0.332	|	0.074297	0.133333	0.133325	0.125374	0.108238	0.097655	0.0796279	0.0740572	0.078812	0.0810571	0.0755872	0.0738978	0.0738684	0.0737798	0.0737789	0.0735557	0.0738045	0.0738084	0.0737897	0.0743701	0.0751592	0.0769202	0.081683	0.0899088	0.0593212	0.0552356	0.0635304	0.0546212	0.050095	0.0492028	0.050117	0.0515871	0.0521803	0.0518398	0.0517668	0.0514397	0.0510462	0.0506089	0.0499928	0.0495036	0.0484464	0.046441	0.0449902	0.0438617	0.0430916	0.0586913	0.0576975	0.0416535	0.036771	

99	0.362	32	0	task-3:0.104	task-0:0.22	task-1:0.14	task-2:0.092	|	0.0806195	0.133333	0.133333	0.13165	0.0879817	0.0736456	0.086643	0.0812034	0.0744751	0.0749837	0.0752625	0.0741326	0.0738008	0.0737787	0.0735796	0.0760363	0.0723756	0.0742053	0.078287	0.0744238	0.0769236	0.0743636	0.0717336	0.0706996	0.0704941	0.0701385	0.0697536	0.0703022	0.069914	0.069295	0.0688733	0.0685851	0.0684332	0.0680936	0.0676467	0.0671455	0.0665709	0.0659046	0.0651414	0.0643239	0.0634488	0.0630032	0.0629563	0.0627949	0.0631948	0.0630054	0.0625802	0.0623005	0.0619729	0.0616836	0.0614128	0.0610145	0.0605696	0.0598198	0.0591803	0.0583109	0.0583308	0.0584628	0.0581627	0.0577836	0.0575574	0.0573409	0.0569285	0.0565173	0.056152	0.0558935	0.0557982	0.055299	0.0548778	0.0544965	0.0541382	0.0539666	0.053989	0.0522705	0.0505605	0.0497282	0.04981	0.049516	0.0494483	0.049564	0.0496378	0.0493831	0.0498149	0.0491051	0.048558	0.0482776	0.0479719	0.0478642	0.0474522	0.0467301	0.0461424	0.0455617	0.0449306	0.0442524	0.0434007	0.0425454	0.0416577	0.0405864	0.0393145	

49	0.175	32	0	task-3:0.22	task-0:0.392	task-1:0.462	task-2:0.156	|	0.10764	0.133333	0.13332	0.122348	0.114328	0.0891769	0.0743822	0.0752073	0.0738377	0.0736894	0.0735432	0.0729938	0.0731579	0.0733013	0.0728393	0.0728015	0.0728883	0.0732804	0.0733543	0.0729484	0.0722285	0.0767942	0.0668416	0.0625469	0.0653208	0.0691559	0.086418	0.0775948	0.0671611	0.0666754	0.0654402	0.0633461	0.0627094	0.0612029	0.0595063	0.0588164	0.0572182	0.0552598	0.0536689	0.0516732	0.0504283	0.0490512	0.0458444	0.0567577	0.0655033	0.0481892	0.0431845	0.0473726	0.0389037	

25	0.09	32	0	task-3:0.386	task-0:0.156	task-1:0.23	task-2:0.408	|	0.142697	0.133332	0.133322	0.127539	0.0957121	0.0778107	0.0765717	0.074995	0.0743248	0.0745525	0.0741555	0.0737391	0.0735121	0.0749141	0.0745502	0.0732433	0.0737108	0.0762919	0.078942	0.0683194	0.0738657	0.0942078	0.0666031	0.0703857	0.038842	

35	0.13	32	0	task-3:0.146	task-0:0.142	task-1:0.086	task-2:0.214	|	0.0891715	0.133333	0.133331	0.129302	0.10787	0.0972915	0.0762985	0.0743818	0.0739001	0.0741268	0.0742276	0.0737807	0.0747389	0.0774225	0.0774668	0.0780587	0.0794988	0.0771061	0.0747233	0.0713833	0.0746298	0.0715597	0.0655991	0.0637419	0.0624633	0.0609517	0.0594797	0.0570299	0.0542169	0.0519808	0.0492015	0.0474275	0.0437807	0.0405896	0.037246	

35	0.129	32	0	task-3:0.146	task-0:0.142	task-1:0.086	task-2:0.214	|	0.0891715	0.133333	0.133331	0.129302	0.10787	0.0972915	0.0762985	0.0743818	0.0739001	0.0741268	0.0742276	0.0737807	0.0747389	0.0774225	0.0774668	0.0780587	0.0794988	0.0771061	0.0747233	0.0713833	0.0746298	0.0715597	0.0655991	0.0637419	0.0624633	0.0609517	0.0594797	0.0570299	0.0542169	0.0519808	0.0492015	0.0474275	0.0437807	0.0405896	0.037246	

41	0.151	32	0	task-3:0.22	task-0:0.324	task-1:0.178	task-2:0.284	|	0.131527	0.133333	0.133332	0.132413	0.0750971	0.080615	0.100011	0.094956	0.0750923	0.0786972	0.0794055	0.0741298	0.0738288	0.0727831	0.0721008	0.0774873	0.0756099	0.0724667	0.073384	0.0720094	0.0749719	0.082286	0.0727278	0.0640692	0.0880704	0.0683819	0.0552412	0.0592398	0.0530851	0.0505845	0.0504557	0.04726	0.0463074	0.0461206	0.0469024	0.0454677	0.0440436	0.0426779	0.0415373	0.0403929	0.0391375	

35	0.131	32	0	task-3:0.146	task-0:0.142	task-1:0.086	task-2:0.214	|	0.0891715	0.133333	0.133331	0.129302	0.10787	0.0972915	0.0762985	0.0743818	0.0739001	0.0741268	0.0742276	0.0737807	0.0747389	0.0774225	0.0774668	0.0780587	0.0794988	0.0771061	0.0747233	0.0713833	0.0746298	0.0715597	0.0655991	0.0637419	0.0624633	0.0609517	0.0594797	0.0570299	0.0542169	0.0519808	0.0492015	0.0474275	0.0437807	0.0405896	0.037246	

29	0.106	32	0	task-3:0.344	task-0:0.158	task-1:0.146	task-2:0.286	|	0.129329	0.166665	0.166655	0.13917	0.126806	0.10671	0.0732188	0.0804872	0.0793673	0.0750299	0.0725113	0.0737367	0.0732879	0.0720807	0.0724772	0.0731873	0.0723039	0.0731166	0.0725939	0.0728307	0.0718267	0.0693325	0.0640432	0.0592832	0.0528295	0.0461284	0.0430963	0.0404838	0.0370667	

146	0.519	32	0	task-3:0.19	task-0:0.306	task-1:0.478	task-2:0.182	|	0.0775668	0.133333	0.133328	0.132155	0.081121	0.126448	0.0988673	0.0749738	0.077268	0.0765203	0.0738417	0.0744049	0.0742594	0.0736804	0.0735402	0.0732771	0.0730871	0.0729207	0.0727578	0.0726744	0.0725701	0.0728179	0.0745605	0.0881114	0.0848364	0.0749778	0.0737147	0.0725155	0.0693191	0.0675801	0.0666991	0.0670795	0.0665545	0.0660252	0.0659059	0.0656732	0.0656096	0.0664489	0.0676729	0.0654731	0.0661234	0.0677645	0.0662453	0.0659513	0.0649544	0.0641876	0.0647823	0.0646347	0.0672011	0.0658823	0.0617156	0.0607521	0.0600657	0.059507	0.0592712	0.0594822	0.0600789	0.0608323	0.0618723	0.0630859	0.0621659	0.0622866	0.062547	0.0628487	0.0631651	0.0634421	0.0637567	0.0639968	0.0639685	0.0639341	0.0634761	0.06273	0.0617897	0.0609196	0.0600777	0.0594303	0.0587744	0.0581785	0.0574398	0.0568912	0.0563584	0.0562062	0.0561407	0.0558204	0.0554958	0.0548416	0.0544542	0.0544851	0.0546111	0.0554374	0.0542344	0.0539758	0.0540436	0.0545616	0.0556646	0.0559179	0.0566614	0.0570064	0.056704	0.0560229	0.0548761	0.053497	0.0522732	0.0512301	0.0508209	0.0503696	0.0498512	0.0495246	0.0494118	0.0492145	0.0489599	0.0487337	0.0485887	0.0483239	0.0480858	0.0478256	0.0475651	0.0473365	0.046855	0.046439	0.0458582	0.0451876	0.0444357	0.0437342	0.0430599	0.0424133	0.0419011	0.0415972	0.0415246	0.0417595	0.0419678	0.0426183	0.043543	0.0446558	0.0457898	0.0469158	0.0479483	0.048992	0.0498495	0.0509775	0.0522895	0.0534439	0.0544654	0.0551967	0.0556055	0.036609	

46	0.164	32	0	task-3:0.194	task-0:0.212	task-1:0.064	task-2:0.174	|	0.109487	0.166665	0.166657	0.162551	0.0775068	0.107018	0.0843922	0.0753198	0.0770766	0.074073	0.0753762	0.0755949	0.0739323	0.0738515	0.0738314	0.0739022	0.0773463	0.0815434	0.0902045	0.0915744	0.0826041	0.0761751	0.0760465	0.0788681	0.0780744	0.073738	0.0684146	0.0645062	0.0607792	0.0571305	0.0597338	0.0575393	0.0555666	0.0572782	0.0551759	0.0542981	0.0523841	0.0510705	0.0496006	0.0482043	0.0468606	0.0456401	0.0444072	0.0428843	0.0411792	0.0345883	

39	0.14	32	0	task-3:0.28	task-0:0.294	task-1:0.408	task-2:0.27	|	0.132188	0.166656	0.166604	0.12892	0.120214	0.102988	0.0770141	0.0746982	0.0743629	0.0742107	0.0738447	0.0738157	0.0740023	0.0735921	0.0732986	0.0731585	0.0729917	0.0728206	0.0750158	0.0710151	0.070935	0.0675237	0.0665453	0.0656663	0.0652618	0.067082	0.0608794	0.0805786	0.0668028	0.064388	0.0609129	0.0444858	0.0427216	0.045275	0.0483151	0.0445862	0.0410672	0.0400952	0.0389438	

46	0.164	32	0	task-3:0.194	task-0:0.212	task-1:0.064	task-2:0.174	|	0.109487	0.166665	0.166657	0.162551	0.0775068	0.107018	0.0843922	0.0753198	0.0770766	0.074073	0.0753762	0.0755949	0.0739323	0.0738515	0.0738314	0.0739022	0.0773463	0.0815434	0.0902045	0.0915744	0.0826041	0.0761751	0.0760465	0.0788681	0.0780744	0.073738	0.0684146	0.0645062	0.0607792	0.0571305	0.0597338	0.0575393	0.0555666	0.0572782	0.0551759	0.0542981	0.0523841	0.0510705	0.0496006	0.0482043	0.0468606	0.0456401	0.0444072	0.0428843	0.0411792	0.0345883	

55	0.196	32	0	task-3:0.17	task-0:0.198	task-1:0.102	task-2:0.072	|	0.0749049	0.166666	0.16666	0.14469	0.128504	0.120551	0.0865852	0.0785783	0.0792807	0.0757741	0.075736	0.0762023	0.076057	0.0753006	0.0750918	0.0748695	0.0746708	0.0746755	0.0753726	0.0763665	0.0753425	0.0767695	0.0697015	0.0687665	0.074889	0.0739275	0.0688858	0.0617532	0.0604299	0.0601032	0.0605387	0.0584412	0.05669	0.0557887	0.0554119	0.0549754	0.0543498	0.0539474	0.0541196	0.0528005	0.0528521	0.053355	0.0529884	0.0524962	0.052261	0.0517829	0.0518362	0.0516471	0.0499102	0.0480441	0.0462618	0.0446224	0.0431332	0.0423632	0.0397352	

23	0.085	32	0	task-3:0.354	task-0:0.202	task-1:0.28	task-2:0.21	|	0.0818574	0.166667	0.166667	0.165943	0.0809429	0.0786067	0.0739509	0.0724684	0.0700365	0.0679869	0.0646117	0.0598387	0.0546613	0.0523021	0.0509829	0.0499745	0.049054	0.0475721	0.0465046	0.0444159	0.042397	0.0406515	0.0392987	

42	0.155	32	0	task-3:0.17	task-0:0.304	task-1:0.32	task-2:0.168	|	0.0757864	0.166667	0.166666	0.164851	0.0857396	0.0770961	0.0805521	0.0769658	0.0739184	0.0737701	0.0735599	0.0731772	0.0731667	0.0727588	0.0719091	0.0707051	0.0690388	0.0665594	0.0639571	0.0626261	0.0621852	0.0671499	0.0974061	0.0898603	0.0742683	0.0739187	0.0679075	0.0623016	0.0613924	0.0556365	0.0612528	0.0528221	0.0505494	0.0505914	0.0487736	0.0478957	0.0490392	0.0469485	0.044596	0.0429859	0.0414749	0.0397701	

37	0.133	32	0	task-3:0.128	task-0:0.24	task-1:0.208	task-2:0.166	|	0.0770254	0.166666	0.166662	0.162218	0.0745699	0.0749756	0.0730782	0.0727459	0.0718681	0.0709607	0.0706487	0.0707471	0.0705669	0.0694098	0.0679352	0.0663408	0.0652936	0.0646752	0.0645241	0.0652035	0.0658359	0.0691414	0.09884	0.0973933	0.100215	0.0937305	0.0923787	0.0965448	0.0971862	0.0828332	0.0773622	0.0612827	0.0697443	0.0646498	0.0499524	0.0419297	0.0392781	

36	0.129	32	0	task-3:0.14	task-0:0.272	task-1:0.386	task-2:0.25	|	0.0747272	0.166666	0.166662	0.16202	0.0855891	0.081778	0.076182	0.0757487	0.0741809	0.0744553	0.0754281	0.0744629	0.0738792	0.0739772	0.0738429	0.0738314	0.0738181	0.0737173	0.07362	0.0736323	0.074715	0.0984352	0.0920786	0.0740575	0.0723828	0.072445	0.0709846	0.0701046	0.0703875	0.0706855	0.0668278	0.0610487	0.0530883	0.0491203	0.0420628	0.039634	

47	0.167	32	0	task-3:0.258	task-0:0.192	task-1:0.242	task-2:0.342	|	0.118066	0.133333	0.133333	0.133133	0.0785982	0.140942	0.108878	0.0802957	0.0739402	0.0738625	0.0743018	0.0749991	0.074703	0.0752029	0.0748723	0.0742338	0.0720138	0.0696117	0.0702963	0.0645354	0.0619875	0.0603503	0.0586998	0.0568921	0.0553063	0.0555056	0.0649026	0.0598254	0.0666546	0.0605469	0.0588723	0.059515	0.0578363	0.0590773	0.0668341	0.0615816	0.0552611	0.0449938	0.0451607	0.0444426	0.0427904	0.0414015	0.0460303	0.0510002	0.0408955	0.0401329	0.0397002	

76	0.274	32	0	task-3:0.116	task-0:0.256	task-1:0.212	task-2:0.072	|	0.0766884	0.166666	0.166663	0.160695	0.0791627	0.0781907	0.0743195	0.0740686	0.073752	0.0736977	0.0735106	0.0734498	0.0731483	0.0725447	0.0999274	0.0994604	0.0681838	0.0678568	0.0752624	0.0743811	0.0671698	0.0659674	0.0664526	0.0649223	0.0630842	0.0630175	0.0629702	0.0624323	0.0624365	0.0621959	0.0617563	0.0611528	0.0602553	0.0595921	0.0591331	0.0581781	0.0574117	0.0574114	0.0585296	0.0588339	0.060354	0.0618743	0.0648076	0.064975	0.0633955	0.0623795	0.0626938	0.0629222	0.0623884	0.0615464	0.0607834	0.0604983	0.0599464	0.059637	0.0593168	0.0586168	0.0579326	0.0758739	0.0720382	0.0577841	0.0571409	0.0583846	0.0572892	0.0555536	0.054769	0.0538557	0.0527103	0.0514907	0.0500059	0.0481717	0.046377	0.0446583	0.0431461	0.0413864	0.0402422	0.0390071	

50	0.186	32	0	task-3:0.29	task-0:0.19	task-1:0.248	task-2:0.188	|	0.0791525	0.133333	0.133331	0.130988	0.0879912	0.0767418	0.0842609	0.0824289	0.0779084	0.0745346	0.0751537	0.0742069	0.0742216	0.0741291	0.0742471	0.074305	0.074039	0.0740113	0.0740414	0.0742025	0.0749924	0.075029	0.0744326	0.0741071	0.0739547	0.0754988	0.100164	0.0992736	0.0839362	0.0943072	0.103623	0.10015	0.100389	0.0970269	0.0946187	0.0925649	0.0628916	0.0621195	0.0590252	0.0555806	0.0536524	0.0526871	0.0508027	0.0489184	0.0477854	0.0461465	0.0444232	0.0425642	0.0404357	0.0386085	

76	0.284	32	0	task-3:0.116	task-0:0.256	task-1:0.212	task-2:0.072	|	0.0766884	0.166666	0.166663	0.160695	0.0791627	0.0781907	0.0743195	0.0740686	0.073752	0.0736977	0.0735106	0.0734498	0.0731483	0.0725447	0.0999274	0.0994604	0.0681838	0.0678568	0.0752624	0.0743811	0.0671698	0.0659674	0.0664526	0.0649223	0.0630842	0.0630175	0.0629702	0.0624323	0.0624365	0.0621959	0.0617563	0.0611528	0.0602553	0.0595921	0.0591331	0.0581781	0.0574117	0.0574114	0.0585296	0.0588339	0.060354	0.0618743	0.0648076	0.064975	0.0633955	0.0623795	0.0626938	0.0629222	0.0623884	0.0615464	0.0607834	0.0604983	0.0599464	0.059637	0.0593168	0.0586168	0.0579326	0.0758739	0.0720382	0.0577841	0.0571409	0.0583846	0.0572892	0.0555536	0.054769	0.0538557	0.0527103	0.0514907	0.0500059	0.0481717	0.046377	0.0446583	0.0431461	0.0413864	0.0402422	0.0390071	

36	0.134	32	0	task-3:0.24	task-0:0.258	task-1:0.292	task-2:0.162	|	0.0834524	0.166666	0.166654	0.163576	0.087846	0.0958674	0.0801395	0.0747482	0.0747762	0.0721741	0.0722314	0.0719766	0.0714212	0.0707719	0.070295	0.0699936	0.0700913	0.0709615	0.0734547	0.0713951	0.0702873	0.0647538	0.0647959	0.0687206	0.0642795	0.0614324	0.0604136	0.0593607	0.0596523	0.0574411	0.0540748	0.0505482	0.0470678	0.0449535	0.0427351	0.0395241	

28	0.106	32	0	task-3:0.304	task-0:0.202	task-1:0.22	task-2:0.348	|	0.0799515	0.166658	0.166604	0.150899	0.0846397	0.0758057	0.0826974	0.0839911	0.0813665	0.0787513	0.0747912	0.0743268	0.079499	0.0748927	0.0755335	0.0777693	0.075397	0.0747467	0.0745042	0.0750823	0.0883292	0.0791281	0.0730028	0.0710104	0.0682929	0.0706127	0.0474046	0.0388961	

