56	0.649	32	0	task-3:0.11	task-0:0.322	task-1:0.072	task-2:0.084	|	0.152906	0.116667	0.116666	0.116012	0.0790511	0.104401	0.0845846	0.0749134	0.0771937	0.0735544	0.0705791	0.0702972	0.0685667	0.0682503	0.0672404	0.0662223	0.0651328	0.0640861	0.0633961	0.0627297	0.0622012	0.061727	0.061165	0.0607233	0.060327	0.0602902	0.0603497	0.0600989	0.059695	0.0578951	0.0560674	0.0587519	0.0584245	0.0563085	0.0545837	0.0546376	0.118354	0.0688539	0.0541302	0.0531126	0.051556	0.0498686	0.0510476	0.0487375	0.0465473	0.0468654	0.057882	0.0549596	0.0473177	0.0447335	0.0421306	0.0481711	0.0715854	0.0580696	0.0401954	0.039021	

43	0.517	32	0	task-3:0.242	task-0:0.364	task-1:0.132	task-2:0.184	|	0.103432	0.183333	0.183329	0.176919	0.0824923	0.0783082	0.0854406	0.0821468	0.0747617	0.0708667	0.068408	0.0646692	0.0656525	0.06395	0.0641295	0.0617956	0.0581377	0.0574179	0.0570375	0.0559052	0.0552498	0.0549433	0.0595795	0.0581249	0.0563949	0.0568094	0.0557842	0.0547195	0.0531983	0.0490483	0.0467914	0.0510641	0.0526082	0.0510937	0.0661226	0.111901	0.0699551	0.0579867	0.0545023	0.052342	0.0490541	0.0446698	0.0390081	

42	0.512	32	0	task-3:0.148	task-0:0.304	task-1:0.266	task-2:0.352	|	0.0976148	0.183333	0.183332	0.181148	0.0763228	0.0798953	0.0695682	0.068524	0.0685633	0.0678441	0.0671938	0.0674218	0.0654738	0.0632731	0.0619733	0.0608857	0.059866	0.0597576	0.0617196	0.061163	0.0642426	0.0636645	0.0641744	0.0618432	0.0593582	0.059938	0.0583543	0.0581788	0.0564102	0.0549916	0.0643434	0.0628724	0.055752	0.0575502	0.0638884	0.0479105	0.0418195	0.0454756	0.0443543	0.041767	0.0403104	0.0393048	

43	0.514	32	0	task-3:0.192	task-0:0.288	task-1:0.238	task-2:0.136	|	0.107809	0.183333	0.183333	0.181205	0.0813582	0.0803422	0.0691003	0.0677217	0.0682152	0.067555	0.0668424	0.0659778	0.0650495	0.0636706	0.0621022	0.0611092	0.0611835	0.0644658	0.0641899	0.0668185	0.0718161	0.0706958	0.0642297	0.0853581	0.0840328	0.0781422	0.0743158	0.0724114	0.0656875	0.0624914	0.0610071	0.0597878	0.0581208	0.0566055	0.0557069	0.0542874	0.0530837	0.0524366	0.0487395	0.0450684	0.0435358	0.0425711	0.0384664	

41	0.505	32	0	task-3:0.154	task-0:0.332	task-1:0.166	task-2:0.16	|	0.0842373	0.183333	0.183333	0.182278	0.0720266	0.106312	0.092275	0.072447	0.0677309	0.0663263	0.065499	0.0624883	0.0639686	0.0625257	0.0607617	0.0615549	0.060491	0.0602535	0.0601474	0.0595982	0.0601304	0.0718541	0.0706319	0.0612562	0.0594441	0.0585968	0.0565682	0.120281	0.0907989	0.0564914	0.0546465	0.0523039	0.0493704	0.0484927	0.0465377	0.0441398	0.0440614	0.0430498	0.042257	0.0414349	0.0399812	

35	0.404	32	0	task-3:0.2	task-0:0.31	task-1:0.244	task-2:0.222	|	0.0896999	0.183333	0.183333	0.183126	0.0938856	0.105197	0.0942079	0.0719993	0.0856046	0.0885583	0.0746364	0.067404	0.0658566	0.0615981	0.0575192	0.0556638	0.0525989	0.0582244	0.0514204	0.0773137	0.0643409	0.0668542	0.0646413	0.0589178	0.0542451	0.0515608	0.0481399	0.0471869	0.0481039	0.0481426	0.0472314	0.0457376	0.0433956	0.042309	0.0396739	

52	0.604	32	0	task-3:0.26	task-0:0.382	task-1:0.406	task-2:0.168	|	0.167236	0.116663	0.116626	0.0956194	0.14656	0.118921	0.0769336	0.0722291	0.0764797	0.0744988	0.0726088	0.0719392	0.0709602	0.0710223	0.070661	0.0710459	0.0708822	0.0707405	0.0705879	0.0700001	0.0690313	0.0682267	0.0672333	0.0663383	0.0653339	0.064446	0.0628751	0.0595427	0.0499119	0.056411	0.120809	0.103555	0.0667122	0.0444746	0.0668153	0.0667357	0.0489221	0.0438254	0.0646769	0.063547	0.0467961	0.0452895	0.0429947	0.0424955	0.0418499	0.0433443	0.0501984	0.0500087	0.0460818	0.0403439	0.0402323	0.0399895	

172	2.064	32	0	task-3:0.282	task-0:0.328	task-1:0.322	task-2:0.218	|	0.174447	0.116666	0.116662	0.110145	0.149268	0.108799	0.0704874	0.071798	0.0715905	0.0706023	0.0697104	0.0689687	0.0679398	0.0664905	0.0646198	0.0630479	0.0619423	0.0609287	0.0623121	0.0638557	0.0750476	0.0704215	0.0627181	0.0660467	0.0671859	0.0803002	0.0785608	0.065246	0.0647109	0.0624893	0.0644059	0.0601078	0.0540804	0.051297	0.0536189	0.0567603	0.0565075	0.0559609	0.0570571	0.0552639	0.0532208	0.0509164	0.0502461	0.0510421	0.0517839	0.0540153	0.0571994	0.104314	0.100957	0.0871376	0.0587954	0.0583525	0.0567803	0.0519937	0.0565686	0.0599691	0.0585894	0.0548736	0.103296	0.103831	0.0883371	0.0572612	0.0597791	0.0576519	0.0558463	0.0584705	0.0576992	0.0592083	0.0679707	0.0697273	0.0595812	0.0566309	0.056188	0.0551884	0.053971	0.0534734	0.0534407	0.053187	0.0529394	0.0533701	0.052987	0.0515347	0.049769	0.0495409	0.0485567	0.0486021	0.0480474	0.0521651	0.0503379	0.0558895	0.0633011	0.0629391	0.0557305	0.0537793	0.0558115	0.0533426	0.0479356	0.0471602	0.0483175	0.0510519	0.0496303	0.0501256	0.0505123	0.0505532	0.0504296	0.0501479	0.0503646	0.0517765	0.0510599	0.0514145	0.0517347	0.0528027	0.0511943	0.0506413	0.0503428	0.0517815	0.0594361	0.0595129	0.0673272	0.0788706	0.0858519	0.0866102	0.0882399	0.0849206	0.0778029	0.0835244	0.106147	0.105396	0.0913707	0.0809404	0.0804787	0.0847878	0.086787	0.0877584	0.090321	0.089009	0.0886355	0.0878489	0.0871539	0.0876015	0.0904965	0.09159	0.0918641	0.0864584	0.0858834	0.0828821	0.0784826	0.0817431	0.0953584	0.0937659	0.0822622	0.0782307	0.092777	0.0770688	0.081621	0.0799537	0.077662	0.0774185	0.0790333	0.0813405	0.0814831	0.080395	0.0813589	0.0804846	0.0766212	0.0745469	0.0680888	0.0659814	0.0617424	0.0551232	0.0410958	0.0389229	

29	0.367	32	0	task-3:0.142	task-0:0.364	task-1:0.388	task-2:0.132	|	0.0712754	0.116667	0.116667	0.116553	0.0695511	0.070301	0.0725221	0.0700472	0.0707273	0.0688965	0.0671842	0.064867	0.0632581	0.0603152	0.0573979	0.0556113	0.0537515	0.052682	0.052172	0.0585537	0.0536969	0.0533084	0.05613	0.0656281	0.0633056	0.0621796	0.0525426	0.0458131	0.0392145	

186	2.236	32	0	task-3:0.128	task-0:0.132	task-1:0.15	task-2:0.084	|	0.101739	0.183332	0.183322	0.17693	0.0790866	0.075566	0.0764492	0.0730327	0.0701946	0.0699309	0.0696853	0.0689948	0.0679889	0.0669497	0.0657312	0.0647629	0.0632562	0.0618433	0.0598705	0.0581902	0.057844	0.0654889	0.0644696	0.103954	0.101686	0.0708454	0.0610249	0.0594189	0.0564841	0.058042	0.0577085	0.0554238	0.0549314	0.0550754	0.0542168	0.0532542	0.0522041	0.051404	0.0508474	0.0500846	0.0496507	0.0508445	0.0495183	0.0501224	0.0475063	0.0448943	0.044872	0.0453908	0.0470952	0.0450868	0.0461448	0.050542	0.0556136	0.0504145	0.0513893	0.0796074	0.0670098	0.0885165	0.106648	0.135393	0.132724	0.107152	0.111955	0.148798	0.147655	0.123114	0.123647	0.125575	0.127265	0.125428	0.0909458	0.0698699	0.0646005	0.0606419	0.0648121	0.0500983	0.0841844	0.0912062	0.0830264	0.0856689	0.0866133	0.0871888	0.103176	0.0895702	0.0982994	0.0923054	0.0892811	0.0613686	0.0545896	0.0908117	0.121971	0.119255	0.0757431	0.0474654	0.0478547	0.0465449	0.0804364	0.0974283	0.116472	0.125163	0.122621	0.119035	0.114589	0.11169	0.107035	0.106635	0.103202	0.0954183	0.0980327	0.116761	0.118895	0.120411	0.121067	0.120771	0.119351	0.115978	0.110669	0.113553	0.124373	0.166621	0.144345	0.123008	0.126699	0.104436	0.106357	0.102101	0.100061	0.101091	0.104712	0.10584	0.102434	0.0993167	0.0995925	0.10154	0.085906	0.0852257	0.084805	0.100329	0.0976529	0.0944192	0.0890801	0.0826768	0.0942382	0.0895259	0.0857165	0.085447	0.0871445	0.0792906	0.0718215	0.0731002	0.0854823	0.0838714	0.101022	0.103784	0.089751	0.0871277	0.0881357	0.0775465	0.06414	0.0515371	0.0860294	0.0807605	0.0710695	0.0730084	0.0515955	0.0624572	0.0668876	0.0531775	0.0462094	0.0416402	0.0596734	0.061613	0.0614684	0.0619599	0.062423	0.0627793	0.0510609	0.0491853	0.04635	0.0461931	0.0463247	0.0467916	0.0465387	0.0460567	0.0442086	0.0286382	

50	0.593	32	0	task-3:0.17	task-0:0.356	task-1:0.186	task-2:0.166	|	0.073987	0.183333	0.183331	0.177059	0.0820378	0.0781994	0.0716654	0.0715249	0.0704327	0.0694541	0.0692092	0.0682271	0.0665248	0.0652428	0.0637056	0.0633053	0.0640229	0.063148	0.0665453	0.0687065	0.0639152	0.0588412	0.0563449	0.0565443	0.0578696	0.0847327	0.0741952	0.0946569	0.0839366	0.0630335	0.0584419	0.0548925	0.0566868	0.0523668	0.0460775	0.0439445	0.0433359	0.0435199	0.0435648	0.0426447	0.045514	0.0695443	0.0654174	0.0760086	0.0428538	0.0427036	0.0510348	0.0455621	0.0405451	0.0386749	

41	0.504	32	0	task-3:0.294	task-0:0.362	task-1:0.306	task-2:0.226	|	0.0808389	0.183333	0.183332	0.180793	0.0743954	0.0751751	0.0732789	0.0713101	0.0687296	0.0686032	0.0677394	0.066632	0.0651978	0.0638976	0.0623857	0.0606488	0.0583677	0.0567491	0.0562267	0.0563118	0.0744879	0.0614094	0.0980238	0.0909566	0.0598791	0.0625266	0.0591805	0.0530752	0.051316	0.0510054	0.0522103	0.0495989	0.0484511	0.0473673	0.0468211	0.041566	0.0527524	0.0511708	0.0856635	0.0617431	0.0375366	

26	0.316	32	0	task-3:0.138	task-0:0.37	task-1:0.29	task-2:0.164	|	0.0910742	0.116666	0.11666	0.110785	0.104821	0.0946151	0.074292	0.073736	0.0719673	0.0728139	0.0714748	0.070007	0.0683526	0.0664597	0.0639329	0.0606828	0.0577525	0.0560931	0.0557851	0.0547861	0.0538824	0.0523544	0.0495622	0.0464692	0.0428053	0.0376683	

42	0.508	32	0	task-3:0.31	task-0:0.36	task-1:0.332	task-2:0.14	|	0.0796759	0.183333	0.183333	0.182758	0.0788734	0.100813	0.0823351	0.074668	0.0720103	0.0686473	0.0662115	0.0644404	0.0651487	0.0619111	0.059331	0.0577466	0.0574331	0.057104	0.0564253	0.0558922	0.0558126	0.0570755	0.0556741	0.0561986	0.0550211	0.0534135	0.052235	0.0516608	0.0512406	0.0508567	0.0504261	0.0499402	0.0499834	0.0487355	0.052385	0.0489439	0.046948	0.0444735	0.0431941	0.0416271	0.0404937	0.0398459	

37	0.449	32	0	task-3:0.126	task-0:0.372	task-1:0.212	task-2:0.152	|	0.103095	0.116667	0.116666	0.115788	0.0916326	0.0984214	0.0826937	0.0776911	0.0752214	0.072693	0.0705171	0.0680024	0.064895	0.0649277	0.0593031	0.0572404	0.054747	0.0576422	0.0694484	0.0572357	0.0611699	0.0562003	0.0541193	0.0513562	0.0481834	0.0469097	0.047265	0.0455004	0.0432969	0.0422982	0.0420033	0.0421775	0.042505	0.0414786	0.0407307	0.0400532	0.0392051	

42	0.514	32	0	task-3:0.178	task-0:0.19	task-1:0.068	task-2:0.194	|	0.12828	0.116667	0.116667	0.116633	0.0750081	0.18178	0.180919	0.152529	0.0770123	0.0966938	0.0963763	0.078208	0.0786586	0.0823091	0.0711682	0.0759086	0.075469	0.0700199	0.0716602	0.0739046	0.0738634	0.0715896	0.0743302	0.0744452	0.0718135	0.0689398	0.0659787	0.0634333	0.0613906	0.0601661	0.0589697	0.057264	0.0559338	0.0545941	0.0535084	0.0523757	0.0514471	0.0497217	0.0480384	0.0450666	0.0429845	0.0390964	

46	0.57	32	0	task-3:0.354	task-0:0.33	task-1:0.416	task-2:0.426	|	0.115112	0.116666	0.116659	0.109859	0.123155	0.0872549	0.0722184	0.0742407	0.0731028	0.0718879	0.0706186	0.0698286	0.0691861	0.068427	0.0675523	0.0663734	0.0655707	0.0660614	0.0706927	0.0828987	0.0759241	0.0668358	0.0641689	0.0798932	0.0776909	0.0629051	0.0603829	0.0597538	0.0591637	0.058431	0.0573658	0.0560901	0.0550809	0.0540823	0.0540193	0.0536105	0.053681	0.0532755	0.0522105	0.0971483	0.0805359	0.0503198	0.0478548	0.0458735	0.0401323	0.0387777	

41	0.499	32	0	task-3:0.096	task-0:0.304	task-1:0.146	task-2:0.118	|	0.0779458	0.183332	0.183314	0.175963	0.0738621	0.0745655	0.0669186	0.0673312	0.0680374	0.0676541	0.0661994	0.0646713	0.0648925	0.0644614	0.062329	0.0598087	0.057724	0.0564843	0.0550725	0.0541823	0.0533105	0.0542695	0.0571274	0.0576297	0.0567638	0.064555	0.0581937	0.0609353	0.0574305	0.0610333	0.0950197	0.0834246	0.0701229	0.0977004	0.0622334	0.0613612	0.0567722	0.0489219	0.0544422	0.0483137	0.0395683	

41	0.439	32	0	task-3:0.096	task-0:0.304	task-1:0.146	task-2:0.118	|	0.0779458	0.183332	0.183314	0.175963	0.0738621	0.0745655	0.0669186	0.0673312	0.0680374	0.0676541	0.0661994	0.0646713	0.0648925	0.0644614	0.062329	0.0598087	0.057724	0.0564843	0.0550725	0.0541823	0.0533105	0.0542695	0.0571274	0.0576297	0.0567638	0.064555	0.0581937	0.0609353	0.0574305	0.0610333	0.0950197	0.0834246	0.0701229	0.0977004	0.0622334	0.0613612	0.0567722	0.0489219	0.0544422	0.0483137	0.0395683	

35	0.401	32	0	task-3:0.134	task-0:0.324	task-1:0.314	task-2:0.098	|	0.169533	0.116666	0.116665	0.114871	0.0761829	0.0714208	0.0744657	0.0730842	0.0709355	0.0697645	0.0686362	0.0676929	0.066914	0.0660767	0.0648034	0.0638012	0.0637195	0.065092	0.0696316	0.0877171	0.0898748	0.0910079	0.086661	0.0653524	0.0552262	0.0479185	0.0467676	0.0455021	0.046172	0.0452919	0.0446736	0.0437997	0.0415408	0.0400533	0.0381409	

41	0.492	32	0	task-3:0.05	task-0:0.318	task-1:0.162	task-2:0.094	|	0.145217	0.116667	0.116666	0.116113	0.0701899	0.134618	0.0953295	0.0708325	0.0724691	0.0726156	0.0704082	0.071695	0.0716471	0.0697142	0.0692501	0.0695453	0.0689736	0.0682108	0.0687264	0.0696493	0.0734669	0.0714804	0.0685385	0.0674862	0.0671354	0.0700957	0.0668628	0.075094	0.0703053	0.0741408	0.0704936	0.0703445	0.0671282	0.0670138	0.0658879	0.0632859	0.0600289	0.0540463	0.0498478	0.0405958	0.0345238	

70	0.835	32	0	task-3:0.298	task-0:0.378	task-1:0.312	task-2:0.256	|	0.10097	0.18333	0.183297	0.165413	0.0941797	0.0825852	0.0806847	0.0737228	0.0693944	0.0678998	0.0669341	0.0664856	0.0666704	0.0657671	0.0640939	0.0624549	0.0614186	0.0606859	0.0598851	0.0589223	0.0580512	0.0576457	0.0566859	0.0559563	0.0549468	0.0536098	0.0524527	0.0507768	0.0500166	0.0504609	0.0503575	0.0515206	0.0650059	0.105137	0.0993442	0.0729878	0.0665958	0.0722534	0.0704143	0.0594524	0.0554608	0.0534294	0.0525678	0.0548733	0.0567119	0.0565783	0.0546281	0.0535401	0.0546749	0.0563657	0.0544528	0.0545337	0.0538434	0.0528627	0.0514213	0.0504872	0.0494821	0.048461	0.047395	0.0452654	0.043706	0.0424823	0.0416841	0.0418079	0.0413539	0.0415847	0.0784927	0.0742962	0.043406	0.0396839	

37	0.444	32	0	task-3:0.168	task-0:0.318	task-1:0.27	task-2:0.164	|	0.0882346	0.183329	0.183279	0.169729	0.0803688	0.0729325	0.0823826	0.0764486	0.0701592	0.0704068	0.0697493	0.068661	0.0695033	0.0685081	0.0667925	0.0653181	0.0642741	0.0634618	0.062609	0.0612471	0.0595025	0.0577973	0.0560195	0.053167	0.0495895	0.0498795	0.0485766	0.0458539	0.045547	0.0459919	0.0863149	0.0680801	0.0512816	0.045257	0.04503	0.0459263	0.0398693	

28	0.328	32	0	task-3:0.152	task-0:0.382	task-1:0.216	task-2:0.294	|	0.179115	0.116647	0.116486	0.0820172	0.152859	0.127547	0.0911609	0.078029	0.0713075	0.0735876	0.0705326	0.065798	0.065093	0.0630549	0.0598905	0.0568977	0.0598527	0.0570586	0.0549794	0.055291	0.0535652	0.0510479	0.0485841	0.0452613	0.0438322	0.0430229	0.0462741	0.0387373	

29	0.332	32	0	task-3:0.122	task-0:0.334	task-1:0.184	task-2:0.144	|	0.0756804	0.18333	0.183294	0.16865	0.073965	0.0723889	0.0739806	0.0728408	0.067888	0.0661403	0.0635029	0.0624288	0.0607999	0.0585226	0.0584669	0.0576713	0.058167	0.058247	0.0552293	0.0527448	0.0489779	0.0895856	0.0675334	0.0459701	0.0445	0.0435806	0.0431484	0.0418493	0.0379834	

44	0.515	32	0	task-3:0.27	task-0:0.372	task-1:0.226	task-2:0.208	|	0.0980578	0.116666	0.116654	0.110607	0.087044	0.088103	0.0765723	0.0727476	0.0742248	0.0721106	0.0704796	0.0683068	0.071239	0.070171	0.0671966	0.0815353	0.0741511	0.0706952	0.0748773	0.0771543	0.0835154	0.0755775	0.103881	0.0949065	0.0693586	0.0811018	0.0737776	0.104267	0.1001	0.062955	0.0591177	0.0647692	0.0590914	0.0560378	0.0552611	0.0523799	0.0513459	0.050708	0.0496751	0.0500487	0.0451043	0.0438331	0.0420341	0.0387062	

46	0.53	32	0	task-3:0.182	task-0:0.288	task-1:0.32	task-2:0.092	|	0.0854997	0.183333	0.183332	0.179171	0.0850741	0.0785101	0.0696175	0.0668875	0.0654922	0.0628195	0.0623286	0.0611062	0.0604944	0.0618134	0.0605007	0.062092	0.0625097	0.0768334	0.0750365	0.0653847	0.0853708	0.0893951	0.0905146	0.0871897	0.0643486	0.060467	0.0599728	0.0608332	0.0603131	0.0666787	0.0649412	0.0578301	0.0532758	0.05201	0.0515149	0.0510744	0.0521076	0.0844089	0.0868307	0.065862	0.0605037	0.067899	0.0539036	0.0498881	0.0434915	0.0395678	

26	0.284	32	0	task-3:0.302	task-0:0.268	task-1:0.224	task-2:0.152	|	0.138878	0.116667	0.116666	0.115739	0.0769427	0.08121	0.073581	0.0732171	0.0714986	0.067756	0.0642824	0.0626847	0.0597947	0.0619742	0.0806881	0.0716099	0.0624285	0.0604248	0.0598514	0.0580105	0.0515788	0.0498042	0.0475719	0.0472636	0.0429535	0.0394602	

26	0.284	32	0	task-3:0.302	task-0:0.268	task-1:0.224	task-2:0.152	|	0.138878	0.116667	0.116666	0.115739	0.0769427	0.08121	0.073581	0.0732171	0.0714986	0.067756	0.0642824	0.0626847	0.0597947	0.0619742	0.0806881	0.0716099	0.0624285	0.0604248	0.0598514	0.0580105	0.0515788	0.0498042	0.0475719	0.0472636	0.0429535	0.0394602	

30	0.34	32	0	task-3:0.122	task-0:0.372	task-1:0.358	task-2:0.16	|	0.112222	0.183299	0.182623	0.0954601	0.106216	0.0937945	0.0737639	0.0806211	0.0799163	0.0725352	0.0716208	0.0711904	0.0702478	0.0697005	0.0692646	0.0687881	0.0693532	0.0744759	0.0810561	0.0785808	0.069471	0.0653938	0.0611216	0.0538557	0.0465218	0.0473647	0.0436418	0.0727133	0.0473224	0.0351225	

59	0.701	32	0	task-3:0.152	task-0:0.288	task-1:0.236	task-2:0.188	|	0.104332	0.116667	0.116666	0.11559	0.073427	0.0749795	0.0731528	0.072379	0.070603	0.0691722	0.0681368	0.0672233	0.0658595	0.0645522	0.062716	0.0629423	0.0602716	0.0625907	0.0579381	0.0543617	0.0522409	0.0499279	0.0485443	0.0471892	0.0460786	0.0451157	0.0444242	0.044269	0.0440977	0.0446891	0.0464667	0.0551898	0.0720889	0.0631215	0.0663274	0.0779214	0.0754041	0.0983089	0.0665516	0.0628141	0.078572	0.0734247	0.0555245	0.0461029	0.0567162	0.0553596	0.0487968	0.049694	0.0494595	0.048571	0.0480821	0.0484688	0.0402674	0.0497998	0.0495879	0.0416525	0.0409052	0.0408591	0.038502	

89	1.045	32	0	task-3:0.066	task-0:0.266	task-1:0.122	task-2:0.05	|	0.116838	0.116667	0.116666	0.115744	0.0779325	0.0855594	0.0767527	0.0721474	0.0720006	0.0718842	0.0700649	0.0677282	0.065593	0.0647301	0.0626303	0.0599275	0.0583189	0.0573145	0.0563494	0.0578266	0.0550324	0.053781	0.0516931	0.0497537	0.04732	0.0455293	0.0446899	0.044109	0.0432731	0.0428739	0.0420583	0.0415691	0.0446846	0.0478302	0.0523148	0.0446434	0.0436909	0.0454159	0.0487756	0.0477316	0.0453512	0.0420185	0.054525	0.104305	0.130031	0.120947	0.0881424	0.05303	0.0592259	0.0703964	0.0626693	0.0591552	0.0487605	0.0628912	0.0838791	0.0775278	0.0586353	0.0428946	0.0441128	0.0435171	0.116214	0.112741	0.0842295	0.0926646	0.11839	0.128678	0.129841	0.106162	0.0942894	0.110373	0.109822	0.0803803	0.0744297	0.0898061	0.0847543	0.0805926	0.0810084	0.0818324	0.0793828	0.0807772	0.0798574	0.0707035	0.0563288	0.054015	0.0524476	0.0525301	0.0455752	0.0436929	0.0394004	

30	0.357	32	0	task-3:0.334	task-0:0.368	task-1:0.148	task-2:0.402	|	0.0848405	0.183333	0.183332	0.180065	0.0826042	0.0764391	0.0865097	0.0834172	0.0755137	0.0713125	0.0704611	0.06736	0.0632255	0.0624518	0.0604311	0.0596982	0.059184	0.0589285	0.0578818	0.0573472	0.0564946	0.0556933	0.0552084	0.0602776	0.0553088	0.0519459	0.0507238	0.0495431	0.0435571	0.0383777	

88	1.077	32	0	task-3:0.17	task-0:0.372	task-1:0.174	task-2:0.276	|	0.124183	0.116665	0.116653	0.11026	0.0984675	0.0710014	0.070992	0.069555	0.0690502	0.0690564	0.0679078	0.0658663	0.0640972	0.0612259	0.0585372	0.0587347	0.058328	0.0559078	0.0550463	0.0549932	0.0571042	0.0522152	0.053398	0.113572	0.107923	0.0735054	0.071947	0.0636876	0.0580948	0.0546519	0.0522802	0.0515276	0.0515616	0.0514184	0.0509803	0.050123	0.0486634	0.0486811	0.0637215	0.144596	0.12539	0.101217	0.0722377	0.0610463	0.0646321	0.0643363	0.0689484	0.0888119	0.073355	0.0754791	0.0849305	0.0754598	0.0682735	0.0664178	0.0660312	0.0664505	0.0679343	0.0666298	0.0641383	0.0627098	0.0617282	0.0603209	0.05867	0.0565089	0.0539922	0.0508173	0.0471053	0.101352	0.101583	0.0785373	0.145907	0.145903	0.0897935	0.0865965	0.0863442	0.0696858	0.11603	0.129226	0.0581948	0.0565856	0.0603727	0.0940198	0.0857459	0.0663578	0.0455963	0.0445053	0.0417764	0.0399512	

48	0.575	32	0	task-3:0.208	task-0:0.372	task-1:0.198	task-2:0.118	|	0.0811263	0.183333	0.183333	0.181595	0.074833	0.0749441	0.0848487	0.0858954	0.080931	0.0776842	0.0745872	0.0726038	0.0715372	0.0711222	0.0708991	0.0701501	0.0692773	0.0683918	0.0670325	0.0656895	0.0640393	0.0630435	0.0615599	0.0596885	0.0578916	0.0577963	0.0621578	0.163813	0.17202	0.0976167	0.0551721	0.0521346	0.0541807	0.0914562	0.0514216	0.0476867	0.0474158	0.0466962	0.0473338	0.0812443	0.080224	0.0593162	0.0448877	0.0433425	0.0412082	0.0891944	0.0842772	0.039796	

33	0.389	32	0	task-3:0.392	task-0:0.358	task-1:0.516	task-2:0.444	|	0.0864158	0.183333	0.183333	0.181885	0.0749943	0.0723027	0.0753362	0.0696774	0.0699817	0.0699058	0.0688964	0.0684226	0.0676498	0.0666314	0.0658001	0.0654572	0.0647782	0.0646052	0.0663414	0.0767335	0.0707272	0.065234	0.0686564	0.0659064	0.0642651	0.0610692	0.0584868	0.0581834	0.0577149	0.0576694	0.0539467	0.0818118	0.0351788	

51	0.628	32	0	task-3:0.132	task-0:0.324	task-1:0.302	task-2:0.074	|	0.0737377	0.116667	0.116665	0.115601	0.0724722	0.121592	0.0997493	0.0788413	0.0704672	0.0732	0.0722299	0.0673449	0.066714	0.0649275	0.06149	0.0605351	0.0620543	0.0645079	0.0568261	0.0555725	0.0522659	0.0506061	0.0502438	0.0487787	0.0480079	0.0472715	0.0457164	0.0452994	0.044928	0.0445946	0.0443758	0.0441626	0.0434723	0.0435437	0.0437629	0.0727949	0.0731162	0.0476681	0.0457964	0.0507791	0.0469447	0.0431435	0.0427857	0.0441857	0.0436836	0.0445921	0.0448377	0.0456377	0.0432466	0.0421484	0.0391213	

46	0.564	32	0	task-3:0.132	task-0:0.382	task-1:0.14	task-2:0.226	|	0.152767	0.116667	0.116666	0.116318	0.071601	0.16152	0.133714	0.0860914	0.0723995	0.0741168	0.0705909	0.0686969	0.0678628	0.0647888	0.0626908	0.0598955	0.0569412	0.0542597	0.0517486	0.0501686	0.0489416	0.0873342	0.0707492	0.0602575	0.0500512	0.0515545	0.106865	0.0534142	0.0453041	0.049954	0.0478379	0.0578271	0.0565962	0.051088	0.052674	0.0506776	0.0464121	0.0519921	0.0510051	0.0467388	0.0456257	0.0448254	0.0439202	0.0420319	0.0404973	0.0390878	

92	1.097	32	0	task-3:0.228	task-0:0.278	task-1:0.206	task-2:0.156	|	0.0680537	0.183332	0.183315	0.168634	0.0904391	0.0790247	0.0735569	0.0718099	0.0704278	0.0710645	0.0705415	0.0693234	0.068557	0.0677909	0.0666958	0.0656847	0.0657025	0.0830214	0.077601	0.0692439	0.0685831	0.0696197	0.0728399	0.0676732	0.063658	0.0639816	0.0800034	0.0782278	0.0634892	0.0564413	0.0548701	0.0537464	0.0532903	0.052072	0.0511817	0.0509985	0.0524475	0.0522547	0.0526443	0.0530196	0.0539739	0.0556806	0.0581719	0.0631056	0.0665531	0.0643378	0.059668	0.0565572	0.0553667	0.0525191	0.0501417	0.0488348	0.0463528	0.0457423	0.0458682	0.0450106	0.0446201	0.0443604	0.0442137	0.043782	0.0434971	0.0431974	0.0427852	0.0422731	0.042067	0.0418886	0.0420238	0.0424836	0.0432615	0.0444413	0.0462364	0.0449072	0.0459851	0.0485025	0.0551436	0.0645765	0.0716387	0.0819774	0.0809238	0.0733435	0.0681885	0.0629086	0.0619718	0.0568075	0.0533979	0.0513343	0.0500527	0.0488703	0.0464677	0.0439162	0.0423128	0.0392911	

33	0.393	32	0	task-3:0.134	task-0:0.162	task-1:0.248	task-2:0.134	|	0.150332	0.116665	0.11665	0.111597	0.0834001	0.0857041	0.0729426	0.0727444	0.0738611	0.0695758	0.0702237	0.0708483	0.0678148	0.0653717	0.0639764	0.0615893	0.0592955	0.0578993	0.0572973	0.0567988	0.0568098	0.0564075	0.0553766	0.0543709	0.0540326	0.0541446	0.0550151	0.0528838	0.049286	0.0456547	0.0407341	0.0400466	0.0314015	

36	0.408	32	0	task-3:0.28	task-0:0.338	task-1:0.272	task-2:0.22	|	0.0981205	0.183332	0.183324	0.176411	0.0780449	0.074055	0.0862146	0.0839916	0.0770396	0.0736511	0.0735391	0.0730016	0.0717426	0.0709485	0.0700631	0.0693121	0.0680966	0.0669758	0.0753332	0.0716124	0.0683179	0.067152	0.0648371	0.0635887	0.061137	0.0585131	0.0558767	0.0673534	0.0615448	0.0507493	0.0499764	0.0489311	0.0502495	0.0465423	0.0433756	0.0397607	

38	0.453	32	0	task-3:0.36	task-0:0.464	task-1:0.352	task-2:0.37	|	0.135449	0.116666	0.116659	0.114412	0.0689339	0.0715552	0.0703396	0.0695714	0.0694736	0.0693398	0.067977	0.0668031	0.0664817	0.069068	0.0609846	0.0559018	0.0556184	0.0538699	0.053463	0.0537614	0.0543864	0.05386	0.0591868	0.0534969	0.0549213	0.0522984	0.0505447	0.0446288	0.0422777	0.0537131	0.0416644	0.0412933	0.0440723	0.049546	0.0490391	0.0494583	0.0416757	0.0395344	

39	0.455	32	0	task-3:0.452	task-0:0.392	task-1:0.408	task-2:0.336	|	0.113736	0.116667	0.116667	0.116424	0.0727777	0.148362	0.118568	0.0810197	0.0723885	0.0747312	0.0731615	0.070256	0.0707955	0.0706114	0.0684613	0.067081	0.0644603	0.0615814	0.0571181	0.0565029	0.148682	0.140639	0.056675	0.0539584	0.0628078	0.0821028	0.0586651	0.0482429	0.0528379	0.0547864	0.0483764	0.0480858	0.0520642	0.0517719	0.045594	0.0431617	0.042063	0.0516366	0.0384814	

34	0.427	32	0	task-3:0.178	task-0:0.342	task-1:0.2	task-2:0.12	|	0.105254	0.116667	0.116666	0.115261	0.0803808	0.0761083	0.063968	0.0659587	0.0628357	0.0580989	0.05351	0.0522656	0.0558115	0.0553511	0.054941	0.0692809	0.0616901	0.0826365	0.0698978	0.0638506	0.0573512	0.0523619	0.0485423	0.050127	0.052312	0.0494235	0.0469622	0.0439715	0.0538199	0.0489667	0.0498297	0.0492437	0.0440078	0.0394757	

28	0.384	32	0	task-3:0.316	task-0:0.384	task-1:0.43	task-2:0.356	|	0.152899	0.116666	0.116661	0.114526	0.0717586	0.0754094	0.071547	0.0683993	0.0694293	0.0663218	0.0634901	0.062123	0.0605962	0.059293	0.0582477	0.0565956	0.0547843	0.0536449	0.0526804	0.0506208	0.0484316	0.04657	0.0443347	0.0619709	0.0460197	0.0566299	0.0440722	0.0373983	

52	0.633	32	0	task-3:0.3	task-0:0.352	task-1:0.27	task-2:0.336	|	0.0987347	0.183333	0.183333	0.182172	0.075429	0.105042	0.0842897	0.0768801	0.0741318	0.0704036	0.0674445	0.0670918	0.066888	0.064475	0.0632256	0.0622659	0.0602892	0.0584915	0.0572523	0.0565625	0.0559654	0.056199	0.0593808	0.0584868	0.0572861	0.0584967	0.0593619	0.0572518	0.0558461	0.0548734	0.0543402	0.0531029	0.0514523	0.0505483	0.0499321	0.0503685	0.0516976	0.052584	0.0493617	0.0484412	0.0486611	0.0498417	0.0537847	0.0511269	0.0527822	0.0489854	0.0482177	0.0451417	0.0438063	0.0427623	0.0407013	0.0395051	

52	0.63	32	0	task-3:0.3	task-0:0.352	task-1:0.27	task-2:0.336	|	0.0987347	0.183333	0.183333	0.182172	0.075429	0.105042	0.0842897	0.0768801	0.0741318	0.0704036	0.0674445	0.0670918	0.066888	0.064475	0.0632256	0.0622659	0.0602892	0.0584915	0.0572523	0.0565625	0.0559654	0.056199	0.0593808	0.0584868	0.0572861	0.0584967	0.0593619	0.0572518	0.0558461	0.0548734	0.0543402	0.0531029	0.0514523	0.0505483	0.0499321	0.0503685	0.0516976	0.052584	0.0493617	0.0484412	0.0486611	0.0498417	0.0537847	0.0511269	0.0527822	0.0489854	0.0482177	0.0451417	0.0438063	0.0427623	0.0407013	0.0395051	

38	0.453	32	0	task-3:0.196	task-0:0.354	task-1:0.234	task-2:0.214	|	0.0691133	0.183333	0.183316	0.168119	0.0830988	0.0787023	0.0691615	0.0686154	0.0679324	0.0655448	0.0640377	0.0642439	0.0643361	0.0627165	0.0602169	0.0585953	0.0569039	0.0549081	0.0529811	0.0516804	0.0509172	0.0529671	0.0991586	0.0930641	0.0646652	0.0602464	0.0576046	0.0595993	0.0601159	0.0548952	0.0526885	0.0517743	0.0740638	0.0534522	0.0449942	0.0448051	0.0406456	0.0377902	

48	0.575	32	0	task-3:0.186	task-0:0.258	task-1:0.25	task-2:0.16	|	0.105658	0.116667	0.116664	0.115458	0.0772836	0.101848	0.0813182	0.0720654	0.070659	0.069575	0.0696668	0.0694114	0.0680526	0.0683897	0.067712	0.0663011	0.0649259	0.0635007	0.0620394	0.0603304	0.0595383	0.0601875	0.064289	0.0771954	0.0709374	0.0664681	0.0648621	0.0642666	0.063612	0.0612761	0.0594152	0.0581468	0.0565738	0.0549004	0.0536206	0.0540764	0.0546802	0.0579551	0.0586532	0.0564307	0.0521545	0.0430439	0.0414161	0.0421961	0.0502894	0.0753701	0.0583246	0.0399185	

24	0.276	32	0	task-3:0.156	task-0:0.338	task-1:0.218	task-2:0.212	|	0.0937442	0.116667	0.116667	0.116401	0.0710897	0.139669	0.112357	0.0764564	0.0743563	0.072649	0.0671448	0.0610884	0.0554946	0.0518052	0.048129	0.0457291	0.0477563	0.0461929	0.0534709	0.0475732	0.046726	0.0443342	0.0402932	0.0381295	

49	0.612	32	0	task-3:0.24	task-0:0.266	task-1:0.41	task-2:0.312	|	0.0968926	0.116667	0.116666	0.114866	0.120376	0.0886751	0.0712269	0.0705386	0.0692062	0.0686134	0.0675308	0.0665681	0.0659965	0.0646177	0.0630506	0.0621502	0.0613992	0.060632	0.0603278	0.059682	0.0594689	0.0600125	0.0624329	0.0621646	0.0637084	0.0609229	0.0598886	0.0590702	0.0585896	0.0590379	0.0603066	0.0645429	0.0632378	0.0952047	0.0832164	0.0567715	0.0550333	0.0648557	0.0637934	0.0646806	0.0514317	0.0578342	0.0588842	0.0633199	0.052581	0.065921	0.059508	0.0492925	0.0353503	

44	0.52	32	0	task-3:0.242	task-0:0.252	task-1:0.266	task-2:0.178	|	0.102496	0.183333	0.183328	0.178448	0.0746372	0.0741398	0.0924143	0.0833925	0.0733122	0.0715182	0.0714497	0.0705396	0.0698917	0.0690542	0.0684782	0.0677591	0.0672478	0.0671889	0.0665659	0.0662123	0.0667931	0.0676404	0.0652907	0.0623371	0.0606315	0.0567844	0.0638441	0.0570438	0.0529789	0.0522304	0.0497466	0.0478511	0.0491464	0.0458553	0.0453736	0.054511	0.0563007	0.0557053	0.0554643	0.0541684	0.052637	0.0503798	0.0465819	0.0316628	

41	0.5	32	0	task-3:0.13	task-0:0.356	task-1:0.136	task-2:0.068	|	0.073016	0.116667	0.116666	0.115864	0.0696631	0.0778797	0.0772055	0.0746751	0.0742153	0.0712866	0.0696979	0.0686331	0.0661416	0.0634918	0.0608126	0.0592953	0.0582638	0.0623792	0.0585879	0.0620984	0.0582812	0.0580389	0.0539212	0.0511115	0.0496609	0.0477245	0.0468195	0.0462126	0.045247	0.0455496	0.0441353	0.0438452	0.0436812	0.0432038	0.0429609	0.0423832	0.0421174	0.0416862	0.0410421	0.0401628	0.0392197	

64	0.566	32	0	task-3:0.27	task-0:0.35	task-1:0.344	task-2:0.126	|	0.140764	0.116665	0.116655	0.112736	0.0766767	0.0708272	0.0718595	0.0722844	0.0723927	0.0725165	0.0712823	0.0692741	0.0682683	0.0679764	0.068109	0.0667946	0.0657586	0.064588	0.0638926	0.064198	0.0664467	0.0720317	0.0765911	0.0694063	0.0660606	0.0695231	0.0696996	0.0506325	0.0492727	0.0570761	0.0557789	0.0505084	0.0480256	0.0710878	0.0645915	0.0621566	0.0590627	0.0542303	0.049477	0.0464118	0.043061	0.0435221	0.0448903	0.0442977	0.0437557	0.0428059	0.0422967	0.0419783	0.0413708	0.040856	0.0405421	0.0406929	0.041336	0.0408213	0.0417717	0.0422424	0.0458689	0.0455431	0.0436971	0.0441392	0.0429217	0.0416838	0.0402666	0.0389863	

35	0.209	32	0	task-3:0.146	task-0:0.196	task-1:0.246	task-2:0.208	|	0.172693	0.116663	0.116623	0.102707	0.114369	0.0780414	0.0705348	0.0704809	0.0692631	0.0686015	0.0679703	0.0665609	0.0639076	0.0633826	0.0640821	0.06583	0.0693757	0.0847479	0.0876855	0.0718032	0.0647802	0.0639115	0.0622706	0.0599306	0.0566615	0.0494359	0.0451812	0.0457911	0.0426802	0.0865763	0.0805823	0.0447308	0.0421424	0.0414895	0.0369557	

41	0.244	32	0	task-3:0.368	task-0:0.384	task-1:0.318	task-2:0.472	|	0.164441	0.116667	0.116667	0.116155	0.0780319	0.0675755	0.0759826	0.0737224	0.0694516	0.0656307	0.065552	0.0655596	0.0652744	0.0648514	0.0638212	0.0621864	0.0603728	0.0579334	0.0559555	0.0548901	0.0608409	0.0556754	0.0542295	0.0504228	0.0505219	0.0550029	0.049169	0.0483297	0.0459293	0.0437322	0.0427475	0.0419677	0.0412933	0.0409169	0.040768	0.0405567	0.0404699	0.040336	0.040319	0.0413269	0.0397662	

35	0.211	32	0	task-3:0.146	task-0:0.196	task-1:0.246	task-2:0.208	|	0.172693	0.116663	0.116623	0.102707	0.114369	0.0780414	0.0705348	0.0704809	0.0692631	0.0686015	0.0679703	0.0665609	0.0639076	0.0633826	0.0640821	0.06583	0.0693757	0.0847479	0.0876855	0.0718032	0.0647802	0.0639115	0.0622706	0.0599306	0.0566615	0.0494359	0.0451812	0.0457911	0.0426802	0.0865763	0.0805823	0.0447308	0.0421424	0.0414895	0.0369557	

62	0.372	32	0	task-3:0.102	task-0:0.268	task-1:0.134	task-2:0.186	|	0.109676	0.116667	0.116666	0.115215	0.0972519	0.075986	0.0749398	0.0737244	0.0736934	0.0734521	0.0722383	0.0704966	0.068594	0.0671053	0.0656729	0.0637223	0.0616021	0.0597354	0.0576626	0.0568986	0.0563713	0.0555763	0.053888	0.0516723	0.049673	0.048512	0.0470811	0.049477	0.0469598	0.048075	0.0461572	0.0469845	0.143506	0.121868	0.0479222	0.0494202	0.0516366	0.0906277	0.0787949	0.0497736	0.0473441	0.0475975	0.0479188	0.0482334	0.051012	0.04855	0.0435916	0.0533268	0.0525318	0.0423547	0.0447831	0.0517504	0.0495557	0.0570153	0.0534874	0.0484386	0.0703609	0.0613303	0.0432249	0.0743463	0.0514549	0.0361873	

43	0.258	32	0	task-3:0.2	task-0:0.32	task-1:0.182	task-2:0.194	|	0.0818852	0.116667	0.116667	0.116117	0.0805462	0.0715301	0.0717323	0.0710554	0.0707949	0.0696991	0.0681709	0.0675042	0.0658498	0.0633053	0.0604403	0.0583005	0.0569104	0.0560693	0.0564082	0.0689663	0.0647241	0.0757419	0.0656272	0.0576143	0.0533324	0.0505143	0.0501896	0.0501906	0.0504037	0.0516085	0.0512557	0.0498032	0.0462915	0.0442283	0.0443777	0.0434094	0.0422526	0.0410918	0.0411882	0.0415307	0.0412022	0.0403147	0.0391771	

32	0.194	32	0	task-3:0.224	task-0:0.266	task-1:0.284	task-2:0.26	|	0.0737887	0.183333	0.183333	0.182082	0.07266	0.0729815	0.0819619	0.0783135	0.0751407	0.0720867	0.0701382	0.0680163	0.0656104	0.0625042	0.0598837	0.0584866	0.0597388	0.0655283	0.065652	0.0661401	0.060197	0.0543043	0.0557722	0.0598932	0.0570401	0.0483657	0.0460985	0.0443225	0.0432893	0.0432515	0.0412236	0.0395928	

