33	0.936	60	0	task-3:0.015	task-0:0.33	task-1:0.435	task-2:0.005	|	0.0682416	0.16	0.16	0.16	0.0613747	0.0638236	0.0790187	0.0740788	0.0609935	0.0613607	0.114181	0.0860931	0.0702371	0.0786027	0.0756554	0.0700305	0.0779831	0.0797447	0.0538348	0.0566086	0.0559668	0.0512434	0.0535705	0.0533481	0.0537548	0.0476202	0.0452318	0.0500376	0.0495243	0.0440658	0.0454269	0.0426928	0.0386792	

24	0.687	60	0	task-3:0.015	task-0:0.36	task-1:0.48	task-2:0.005	|	0.0893607	0.09	0.09	0.0898427	0.140842	0.129377	0.094089	0.0682134	0.0716195	0.0718422	0.0875069	0.0805454	0.0511529	0.0900915	0.0709973	0.0572684	0.0799407	0.0799407	0.0593956	0.0583913	0.0583223	0.0549727	0.0460196	0.0383541	

35	0.999	60	0	task-3:0.015	task-0:0.385	task-1:0.445	task-2:0.005	|	0.0811828	0.09	0.09	0.0899984	0.069054	0.0623276	0.0859668	0.0867388	0.0748638	0.0592534	0.0598542	0.0564522	0.0565411	0.055452	0.0554434	0.0551885	0.0550976	0.0547632	0.0547488	0.0546279	0.0543847	0.0541896	0.0538773	0.053497	0.0530482	0.052455	0.0516852	0.0506839	0.0494507	0.047981	0.0461768	0.0431939	0.04328	0.0407718	0.0383032	

31	0.873	60	0	task-3:0.015	task-0:0.42	task-1:0.48	task-2:0.005	|	0.0886154	0.09	0.09	0.09	0.0702813	0.158443	0.142094	0.0721182	0.0568251	0.0562434	0.0665524	0.0513148	0.0628253	0.0678552	0.0568358	0.0467934	0.0609184	0.0620743	0.049796	0.0457239	0.0455418	0.0449224	0.0456441	0.0444559	0.043437	0.0428453	0.042304	0.0418188	0.0412268	0.0405223	0.0398248	

27	0.796	60	0	task-3:0.03	task-0:0.465	task-1:0.46	task-2:0.005	|	0.086165	0.16	0.16	0.16	0.0567686	0.102875	0.0654635	0.0659028	0.0685921	0.0579824	0.0585405	0.0559389	0.0543131	0.0532499	0.0495495	0.0521625	0.0475476	0.0480606	0.0501449	0.0470333	0.045326	0.0433171	0.041132	0.0407983	0.0418046	0.0406924	0.0381063	

23	0.655	60	0	task-3:0.015	task-0:0.415	task-1:0.44	task-2:0.005	|	0.159523	0.09	0.09	0.089999	0.145722	0.143364	0.0561951	0.0790395	0.0710971	0.0530182	0.0517333	0.0548717	0.0533182	0.0493144	0.0505579	0.0480687	0.0456604	0.0455465	0.0450365	0.0441856	0.0425704	0.0409244	0.0392134	

24	0.656	60	0	task-3:0.015	task-0:0.535	task-1:0.48	task-2:0.005	|	0.159523	0.09	0.09	0.089999	0.143772	0.12977	0.0558723	0.0557654	0.0646437	0.0534221	0.0587678	0.0547322	0.0510821	0.0496934	0.048708	0.0478923	0.0471427	0.0463775	0.0446612	0.0429793	0.0422308	0.0417434	0.0400917	0.038029	

84	2.278	60	1	task-3:0.02	task-0:0.39	task-1:0.355	task-2:0.005	|	0.149377	0.09	0.09	0.0899978	0.0591844	0.057796	0.0827884	0.0666757	0.059361	0.059741	0.0583662	0.0714829	0.0675578	0.0586765	0.0577114	0.0576091	0.057084	0.0569565	0.0570493	0.0568869	0.0564999	0.0559105	0.0548699	0.054238	0.0538164	0.0530229	0.0519417	0.051563	0.0511225	0.0511468	0.0512691	0.0516044	0.0514114	0.0515241	0.0519854	0.0523632	0.0528963	0.0518047	0.0511946	0.049693	0.0516679	0.0500599	0.0485539	0.0474599	0.0461241	0.0484194	0.0457158	0.0437364	0.0465158	0.0479233	0.0462096	0.0442797	0.0453706	0.0465768	0.04539	0.0435631	0.0433679	0.0443227	0.0448741	0.0442441	0.0438795	0.0437362	0.0430793	0.0424622	0.0423173	0.0426732	0.0429825	0.0425259	0.0420644	0.0417808	0.0415306	0.0412787	0.0411211	0.0412288	0.0414184	0.0415357	0.0413487	0.0411421	0.0409376	0.0407108	0.0404321	0.0402022	0.0400072	0.0398667	

38	1.045	60	0	task-3:0.015	task-0:0.315	task-1:0.375	task-2:0.005	|	0.0546126	0.16	0.16	0.15983	0.0899995	0.0899959	0.0856207	0.146019	0.154433	0.0806084	0.0878372	0.0879781	0.0711356	0.0898082	0.0875345	0.0540369	0.0573075	0.0541087	0.0534885	0.0534816	0.0539307	0.052852	0.0525194	0.0520783	0.0515465	0.0512666	0.0508219	0.0503129	0.0498409	0.0494242	0.0490824	0.0487104	0.0487789	0.047863	0.0469885	0.0462743	0.0425498	0.0383219	

33	0.936	60	0	task-3:0.015	task-0:0.31	task-1:0.38	task-2:0.005	|	0.0707121	0.16	0.16	0.159999	0.0614658	0.0586591	0.111898	0.0783976	0.0580878	0.0548472	0.0534857	0.0528246	0.0557106	0.057139	0.0551206	0.0521932	0.0502222	0.0515917	0.0501675	0.0498251	0.0496012	0.0491786	0.04908	0.0488855	0.0486158	0.0482465	0.0477272	0.0470991	0.0463862	0.0456325	0.0447582	0.0436437	0.0376496	

26	0.765	60	0	task-3:0.015	task-0:0.365	task-1:0.475	task-2:0.005	|	0.150065	0.09	0.09	0.0899998	0.0705161	0.0576471	0.0828836	0.0769053	0.0885397	0.0885272	0.0532875	0.0532873	0.0651998	0.0651977	0.0506355	0.0499546	0.0518689	0.0534151	0.0481038	0.0626632	0.0703692	0.0467537	0.0439518	0.04158	0.0405685	0.0399137	

56	1.451	60	0	task-3:0.02	task-0:0.395	task-1:0.435	task-2:0.005	|	0.129036	0.09	0.09	0.0899987	0.156534	0.156312	0.0660403	0.0893462	0.0890813	0.0786317	0.0861549	0.0861573	0.0594802	0.0593376	0.061452	0.0623167	0.0577392	0.058834	0.0587279	0.0569737	0.0574259	0.05724	0.056071	0.0555649	0.0550285	0.054315	0.0536182	0.0528463	0.0521176	0.0513754	0.0507008	0.0499635	0.0492139	0.0483389	0.0476114	0.0470508	0.0469952	0.0476069	0.0479897	0.0473223	0.0460659	0.043745	0.0443445	0.0436899	0.0423273	0.0425197	0.0428044	0.0426879	0.0435094	0.0438435	0.043428	0.042809	0.0421053	0.0415625	0.0408199	0.0399973	

34	0.998	60	0	task-3:0.04	task-0:0.375	task-1:0.435	task-2:0.005	|	0.130515	0.09	0.09	0.09	0.0573268	0.0737406	0.0703964	0.0656466	0.0578453	0.0571238	0.0569371	0.0561912	0.0620711	0.0586838	0.0544307	0.0584689	0.0555152	0.0533376	0.0533693	0.0524791	0.0518568	0.0527068	0.052176	0.0511567	0.050572	0.0503402	0.0500306	0.049468	0.0487045	0.0478597	0.0467974	0.045433	0.0432807	0.0398331	

179	5.163	60	0	task-3:0.015	task-0:0.36	task-1:0.36	task-2:0.005	|	0.0852669	0.09	0.09	0.0899773	0.159479	0.159043	0.0614447	0.0668623	0.0891692	0.0602788	0.0751848	0.0701194	0.0833337	0.0589103	0.0784474	0.0700763	0.0595823	0.0599027	0.0585142	0.0638319	0.0612014	0.0578093	0.058997	0.0584842	0.0581994	0.0581381	0.058228	0.0582507	0.058206	0.0580791	0.057933	0.0577122	0.0573488	0.0569391	0.0567556	0.0565439	0.0560844	0.0558738	0.0555613	0.0549838	0.0544079	0.0537427	0.0528354	0.0524846	0.0524409	0.0523586	0.0523169	0.0520937	0.0518921	0.0515213	0.0514207	0.0515202	0.0514233	0.0514209	0.0512872	0.0511078	0.0508397	0.050553	0.0502768	0.0500669	0.0496883	0.0492435	0.0491611	0.0486731	0.0487517	0.0486007	0.0481848	0.0480313	0.0479372	0.0479912	0.0479136	0.0477332	0.0475352	0.047352	0.0472441	0.0471879	0.0471303	0.0471682	0.0471366	0.0473918	0.0470979	0.0469503	0.0480883	0.0496281	0.0482223	0.0472538	0.0472586	0.0470675	0.046961	0.0470124	0.0469798	0.0461515	0.0460105	0.0459071	0.0460087	0.0460761	0.0460623	0.0460977	0.0460562	0.0459242	0.0458467	0.0457237	0.0455266	0.0452795	0.0449776	0.0447341	0.0445922	0.044466	0.0450662	0.0454582	0.045603	0.0459532	0.0462391	0.0455451	0.0459135	0.0462123	0.046313	0.0462275	0.0460697	0.0458195	0.0453428	0.0451764	0.0451356	0.0451833	0.0450592	0.0510834	0.0501957	0.0551415	0.0551259	0.0515696	0.0514121	0.0518356	0.0545803	0.0543748	0.0512278	0.0512474	0.0535933	0.0541145	0.0538967	0.0534949	0.0534568	0.053312	0.0451176	0.0635578	0.0633405	0.0430985	0.0427335	0.0426261	0.042646	0.0426956	0.0427484	0.0428171	0.0429309	0.0431276	0.0430473	0.0430677	0.0429575	0.0428046	0.0426441	0.0424598	0.0423613	0.0423093	0.0422796	0.0422002	0.042147	0.042058	0.0422912	0.042189	0.0420589	0.0418881	0.0416907	0.0416128	0.0415988	0.0414254	0.0409796	0.0407767	0.0405129	0.0402694	0.0399712	

32	0.842	60	0	task-3:0.015	task-0:0.35	task-1:0.465	task-2:0.005	|	0.103983	0.09	0.09	0.0899995	0.138338	0.0938982	0.0628981	0.0594576	0.0652386	0.0613467	0.0575998	0.0575675	0.0565307	0.0578953	0.0560717	0.0557292	0.0553571	0.0530165	0.052952	0.0516791	0.0498448	0.0486796	0.0477401	0.0471299	0.0456524	0.0432087	0.0426076	0.0422135	0.0419666	0.0415646	0.0407496	0.0394896	

27	0.749	60	0	task-3:0.015	task-0:0.42	task-1:0.455	task-2:0.005	|	0.0654093	0.09	0.09	0.09	0.0911948	0.0840111	0.0801163	0.0804936	0.062955	0.0641627	0.0673525	0.0596842	0.0578111	0.0577308	0.0568969	0.0565403	0.0556905	0.0549682	0.0538713	0.0521533	0.0495158	0.0471017	0.0453329	0.0439674	0.0427882	0.0409293	0.0397642	

58	1.591	60	3	task-3:0.015	task-0:0.34	task-1:0.385	task-2:0.005	|	0.0614082	0.16	0.16	0.159999	0.0665263	0.0733821	0.0776487	0.0751913	0.0608872	0.0625039	0.058106	0.0648484	0.0592886	0.058365	0.0585108	0.0577608	0.0579074	0.0578711	0.0576319	0.0576673	0.0576086	0.0575001	0.0574282	0.0573321	0.0571996	0.0570604	0.056888	0.056678	0.0564223	0.0561208	0.0557613	0.055324	0.0547446	0.0570964	0.0558373	0.0542143	0.0501487	0.0487816	0.0460833	0.0468486	0.0439554	0.0427454	0.0438645	0.0420639	0.0428056	0.0419014	0.042269	0.043043	0.0431526	0.0430337	0.0423225	0.0425907	0.0429137	0.0426214	0.0421012	0.0413508	0.0404402	0.0394339	

59	1.7	60	0	task-3:0.015	task-0:0.265	task-1:0.445	task-2:0.005	|	0.0632009	0.09	0.09	0.0899996	0.150457	0.145555	0.076873	0.0768738	0.0795531	0.0972626	0.067206	0.0661534	0.0661534	0.0598516	0.0633611	0.0612475	0.0595831	0.0596276	0.0590839	0.0589477	0.0587407	0.0584885	0.0582307	0.057983	0.0576312	0.0572152	0.0567567	0.056237	0.0556525	0.0550272	0.0544907	0.0538294	0.0532356	0.0524162	0.0520843	0.0514597	0.0508751	0.0500962	0.0490632	0.0463092	0.0435925	0.0498056	0.044558	0.048515	0.0436816	0.0476331	0.0443407	0.0435163	0.0457078	0.0431402	0.0425806	0.0430525	0.0434281	0.0439838	0.0444224	0.0443909	0.0417496	0.0402912	0.0385178	

25	0.64	60	0	task-3:0.015	task-0:0.3	task-1:0.375	task-2:0.005	|	0.062217	0.16	0.159998	0.0596371	0.0713686	0.0869818	0.0620225	0.108839	0.084405	0.0510843	0.0529997	0.0437074	0.045151	0.0450418	0.0456451	0.0445768	0.0441639	0.0436631	0.042044	0.0423896	0.0423404	0.0417437	0.0411148	0.0404972	0.0399391	

40	1.138	60	0	task-3:0.015	task-0:0.46	task-1:0.48	task-2:0.005	|	0.12714	0.09	0.09	0.0899976	0.102908	0.065269	0.106406	0.0753752	0.0676859	0.0697995	0.0887168	0.0840197	0.0611745	0.0985629	0.0780507	0.0574904	0.0856757	0.0855223	0.0675554	0.0592586	0.059359	0.0563224	0.0657716	0.0639849	0.0565602	0.0555409	0.0554308	0.0553641	0.0555042	0.0545562	0.0539602	0.0531587	0.0519399	0.0505584	0.0487137	0.0466254	0.0448035	0.0429169	0.0410031	0.0390008	

29	0.796	60	0	task-3:0.015	task-0:0.34	task-1:0.41	task-2:0.005	|	0.0567161	0.16	0.16	0.159993	0.0860364	0.072386	0.108111	0.106342	0.0544745	0.0621223	0.0541519	0.0669952	0.0724758	0.0584883	0.0535721	0.0536639	0.0511791	0.0519848	0.0516491	0.0487328	0.0485034	0.047764	0.0463137	0.0448219	0.0435805	0.0423256	0.0412639	0.0403324	0.0390258	

58	1.685	60	0	task-3:0.015	task-0:0.42	task-1:0.405	task-2:0.005	|	0.108677	0.09	0.09	0.0899909	0.0905192	0.0791859	0.0658806	0.0646713	0.0631612	0.0847093	0.0790341	0.0681982	0.0602739	0.0602511	0.066769	0.0615534	0.0600146	0.0607899	0.0591355	0.0588625	0.0596283	0.0588689	0.05859	0.0585454	0.058362	0.0582254	0.0580562	0.0578736	0.0573202	0.0517453	0.0499741	0.0543247	0.0537388	0.0515589	0.0484633	0.0478103	0.0485173	0.0514591	0.0503502	0.0464919	0.0435943	0.042924	0.0430416	0.043316	0.0436792	0.0438945	0.0439483	0.0441436	0.0455555	0.0446791	0.0429122	0.0435136	0.0420211	0.0444071	0.0435999	0.0404938	0.0408982	0.0394667	

8	0.249	60	0	task-3:0.015	task-0:0.605	task-1:0.485	task-2:0.005	|	0.0681495	0.0899847	0.0951569	0.0899705	0.0492723	0.0450621	0.0476956	0.0388329	

42	1.248	60	0	task-3:0.015	task-0:0.47	task-1:0.47	task-2:0.005	|	0.0593383	0.09	0.09	0.0899983	0.127183	0.0874891	0.084485	0.0844857	0.0607819	0.0993251	0.0998166	0.0661861	0.0629749	0.0629721	0.0578674	0.0579127	0.0571765	0.0566607	0.0563734	0.055851	0.0552622	0.0547277	0.0540634	0.0533107	0.0523733	0.0513114	0.0501643	0.0497788	0.0443709	0.0606659	0.0523354	0.0461138	0.0458563	0.0461261	0.0460484	0.0436788	0.0422702	0.0415039	0.0419698	0.0416319	0.0405909	0.0395461	

25	0.656	60	0	task-3:0.015	task-0:0.31	task-1:0.445	task-2:0.005	|	0.0588685	0.09	0.09	0.0899936	0.132041	0.0929431	0.0796726	0.0796739	0.0555076	0.0967979	0.0872423	0.0564967	0.0577849	0.056323	0.0528482	0.0521299	0.0511888	0.0498567	0.0490815	0.0474604	0.0464741	0.0454379	0.0434996	0.0415618	0.0397493	

51	1.295	60	0	task-3:0.015	task-0:0.375	task-1:0.45	task-2:0.005	|	0.0586466	0.16	0.16	0.159691	0.0856766	0.0827236	0.0598653	0.0600237	0.06188	0.0590891	0.0587878	0.0566485	0.0588584	0.0572542	0.0552959	0.0570161	0.0561621	0.0556062	0.055466	0.0551292	0.0547451	0.0542037	0.0536567	0.0530057	0.0522334	0.0513261	0.0502857	0.0490568	0.0507971	0.0470963	0.0459842	0.0462878	0.0453118	0.0447866	0.0447739	0.0451268	0.0464772	0.0463869	0.0516953	0.0473898	0.0444256	0.0459219	0.0493835	0.0473076	0.0498875	0.048225	0.0474906	0.0428506	0.0588175	0.05341	0.0390119	

24	0.671	60	0	task-3:0.015	task-0:0.415	task-1:0.385	task-2:0.005	|	0.108876	0.09	0.09	0.0899649	0.150143	0.118816	0.0593772	0.0560865	0.05566	0.0827545	0.0738327	0.0507222	0.0535954	0.0557917	0.0544102	0.0545172	0.0523582	0.0508072	0.050403	0.0484007	0.0459726	0.0437371	0.0416186	0.0388239	

28	0.78	60	0	task-3:0.015	task-0:0.48	task-1:0.43	task-2:0.005	|	0.0600011	0.09	0.09	0.0899099	0.157148	0.140785	0.0817792	0.087044	0.0770731	0.0593064	0.0619442	0.0574639	0.0631652	0.0594354	0.0540212	0.0528841	0.0506124	0.049369	0.0473821	0.045811	0.0443378	0.0435202	0.0445156	0.0430285	0.0412888	0.0408545	0.04	0.0391757	

26	0.608	60	0	task-3:0.015	task-0:0.365	task-1:0.46	task-2:0.005	|	0.0743471	0.16	0.16	0.16	0.122356	0.0785624	0.0608414	0.0686178	0.0569925	0.0601126	0.0606141	0.0563363	0.0814066	0.0724563	0.0654399	0.0689918	0.0416023	0.0587109	0.048549	0.0481716	0.043861	0.0415459	0.0421052	0.04178	0.0403544	0.0388267	

41	1.045	60	0	task-3:0.015	task-0:0.3	task-1:0.34	task-2:0.005	|	0.0594548	0.09	0.09	0.0899999	0.12115	0.0569952	0.107537	0.101541	0.0896313	0.0896179	0.0707312	0.070607	0.0651311	0.0651433	0.0545155	0.0696311	0.067872	0.0580529	0.0527891	0.0525044	0.0520243	0.0510252	0.0495313	0.0498017	0.049186	0.0487884	0.0486386	0.0482784	0.0477325	0.0475169	0.0469885	0.0466002	0.0465444	0.0460396	0.0454184	0.0444844	0.0436638	0.0423037	0.0413197	0.0401089	0.038587	

28	0.733	60	0	task-3:0.015	task-0:0.365	task-1:0.5	task-2:0.005	|	0.0584116	0.09	0.09	0.0899999	0.100654	0.0815578	0.0634525	0.0599003	0.0603587	0.0622058	0.0567781	0.0540141	0.0573515	0.0569027	0.0539395	0.0517209	0.0485467	0.0479521	0.0459382	0.0526357	0.0490026	0.0429666	0.0446418	0.0424082	0.04123	0.042639	0.040809	0.039377	

26	0.624	60	0	task-3:0.015	task-0:0.36	task-1:0.545	task-2:0.005	|	0.0880107	0.16	0.16	0.159997	0.0773708	0.0570672	0.100595	0.0974124	0.0894699	0.0895317	0.0576023	0.0674856	0.0637179	0.0586418	0.0787687	0.0786931	0.058984	0.057428	0.0571627	0.0555428	0.0541329	0.0504382	0.0455934	0.0414788	0.0409575	0.0384409	

14	0.405	60	0	task-3:0.015	task-0:0.395	task-1:0.46	task-2:0.005	|	0.0536799	0.16	0.159697	0.0899998	0.0899979	0.0899483	0.0511533	0.0589388	0.0820939	0.0767466	0.0402306	0.0945138	0.0821734	0.0389226	

53	1.435	60	1	task-3:0.025	task-0:0.295	task-1:0.4	task-2:0.005	|	0.0573954	0.09	0.09	0.0899994	0.12684	0.0869203	0.0777333	0.0762821	0.0638106	0.0875663	0.061106	0.0628243	0.068973	0.0619724	0.0562348	0.0585402	0.0560681	0.0569014	0.0580674	0.0565245	0.0555866	0.0554215	0.0550809	0.0547645	0.0544207	0.0541167	0.0537295	0.0533277	0.0529041	0.0524167	0.0518979	0.0516121	0.0513409	0.0511358	0.0508447	0.0504217	0.050281	0.0501704	0.0498217	0.0494006	0.0481927	0.0460278	0.0466332	0.0438378	0.0449257	0.0439009	0.0433493	0.0437294	0.0434797	0.0438005	0.0427627	0.0403472	0.0381523	

41	0.889	60	0	task-3:0.04	task-0:0.35	task-1:0.365	task-2:0.005	|	0.0766985	0.09	0.09	0.09	0.116699	0.120226	0.0787707	0.0783402	0.0628456	0.0744204	0.0596089	0.0647242	0.0698586	0.0626162	0.0569764	0.058441	0.0567948	0.0576339	0.0576402	0.0567	0.0567978	0.0566941	0.0565613	0.0564785	0.0563698	0.0562596	0.0561095	0.0559524	0.0556158	0.0552699	0.0547392	0.0538351	0.0534349	0.0520293	0.0465541	0.0450208	0.045198	0.0457286	0.0445849	0.0407692	0.0382378	

26	0.562	60	0	task-3:0.015	task-0:0.365	task-1:0.485	task-2:0.005	|	0.0615054	0.16	0.16	0.0602143	0.0856727	0.055858	0.0566782	0.111271	0.100152	0.0525866	0.0899336	0.089923	0.0871913	0.0733371	0.0456629	0.123298	0.121642	0.0627228	0.0505408	0.0509952	0.0452277	0.0439287	0.0430097	0.0409339	0.040284	0.0393279	

43	1.139	60	0	task-3:0.015	task-0:0.35	task-1:0.4	task-2:0.005	|	0.0600635	0.16	0.16	0.159562	0.0894079	0.088344	0.0710858	0.126791	0.123773	0.0704439	0.061667	0.0626396	0.0568719	0.0621418	0.058248	0.0562801	0.0562251	0.0555412	0.0556965	0.0550758	0.0549643	0.0548138	0.054659	0.0546643	0.0543845	0.0540507	0.053735	0.0533387	0.0528357	0.0521911	0.0513888	0.0494321	0.0478693	0.0473478	0.0459629	0.0447091	0.0438247	0.0428446	0.0430211	0.0413341	0.040168	0.0407992	0.0392324	

40	0.952	60	0	task-3:0.015	task-0:0.335	task-1:0.39	task-2:0.005	|	0.0717556	0.09	0.09	0.0899986	0.102029	0.0650174	0.0929291	0.067383	0.0628258	0.0599083	0.0565598	0.0553993	0.0544122	0.0557225	0.0541124	0.0563256	0.055916	0.0534784	0.0545166	0.0544746	0.0531398	0.0527334	0.0524736	0.0520268	0.0515431	0.0504557	0.0490249	0.0491169	0.046882	0.0461603	0.0460022	0.0455865	0.044813	0.0440634	0.0439235	0.0430475	0.0427586	0.0417054	0.040227	0.039009	

44	1.061	60	0	task-3:0.015	task-0:0.35	task-1:0.405	task-2:0.005	|	0.0637184	0.09	0.09	0.0899976	0.153786	0.143564	0.0616112	0.0860157	0.0867958	0.0779616	0.0752179	0.107741	0.108352	0.0714981	0.0574197	0.0593494	0.0577	0.0698927	0.073455	0.0635468	0.0565914	0.0595587	0.0589654	0.0561995	0.056993	0.056303	0.0552901	0.0553735	0.055027	0.0544277	0.0540483	0.053724	0.0532633	0.0525205	0.0516172	0.0504504	0.0494347	0.0483628	0.0471071	0.0456068	0.0435444	0.0405013	0.0435798	0.0381645	

39	0.811	60	0	task-3:0.015	task-0:0.435	task-1:0.42	task-2:0.005	|	0.0825818	0.16	0.16	0.159999	0.071629	0.0780085	0.0597215	0.0570933	0.0630427	0.0522545	0.0547368	0.0509701	0.0541174	0.051667	0.0545489	0.05189	0.0498877	0.0512375	0.0500043	0.0489506	0.0489782	0.0481862	0.0476877	0.0476792	0.0478173	0.04748	0.046897	0.0464159	0.0459858	0.0455764	0.0450216	0.0442917	0.0434614	0.0425846	0.0424347	0.0415149	0.0424166	0.0401709	0.0393758	

41	0.921	60	0	task-3:0.015	task-0:0.375	task-1:0.46	task-2:0.005	|	0.153546	0.09	0.09	0.0899997	0.147014	0.139789	0.0778781	0.0771841	0.071422	0.0805935	0.0590983	0.0679223	0.0744435	0.0673389	0.0598822	0.0610413	0.0593868	0.0589382	0.0583464	0.0574465	0.0568316	0.0563001	0.0556077	0.0547189	0.0544912	0.0537075	0.0532894	0.0528764	0.0523546	0.0517014	0.050889	0.0499243	0.0488077	0.0475687	0.0462324	0.0446735	0.042864	0.0430518	0.0407166	0.0415538	0.0393888	

76	1.638	60	5	task-3:0.015	task-0:0.355	task-1:0.355	task-2:0.005	|	0.124977	0.09	0.09	0.0899927	0.154255	0.134695	0.0620221	0.0794481	0.0818819	0.0627366	0.0840576	0.0734827	0.0765309	0.0656661	0.0586198	0.0595084	0.0733471	0.0552877	0.0671969	0.0719931	0.0652972	0.0574216	0.0631365	0.058529	0.0566951	0.0587338	0.056648	0.0553777	0.0554479	0.0548172	0.0543382	0.053494	0.0527581	0.0539508	0.0525578	0.0509247	0.0504932	0.0501953	0.0502029	0.0495547	0.0487722	0.0482851	0.0480975	0.0476991	0.0472072	0.0469512	0.0467302	0.0464522	0.0463271	0.0461986	0.0469195	0.0543699	0.049157	0.0455482	0.0453843	0.0452741	0.0451206	0.0448869	0.0447384	0.0445476	0.0444562	0.0444424	0.044396	0.0443917	0.0441968	0.0436422	0.0435107	0.0496749	0.0490668	0.0501162	0.0547384	0.0538453	0.0607537	0.0595735	0.0411128	0.0399385	

27	0.624	60	0	task-3:0.015	task-0:0.44	task-1:0.49	task-2:0.005	|	0.0848093	0.16	0.16	0.159917	0.0645758	0.063536	0.132325	0.136148	0.0661279	0.0661909	0.107584	0.0968488	0.0636929	0.0844941	0.086412	0.0673383	0.0602759	0.0560398	0.0527947	0.0522553	0.0498066	0.0471608	0.0455337	0.0438149	0.0423357	0.0405334	0.0386962	

18	0.421	60	0	task-3:0.015	task-0:0.425	task-1:0.48	task-2:0.005	|	0.0675149	0.09	0.09	0.0899997	0.114711	0.0889038	0.0781238	0.0763806	0.0609838	0.0597902	0.0510138	0.046578	0.047293	0.0455389	0.0452951	0.0409662	0.0410884	0.0396323	

29	0.561	60	0	task-3:0.015	task-0:0.435	task-1:0.56	task-2:0.005	|	0.0675266	0.09	0.09	0.0899997	0.11467	0.0845613	0.0771663	0.0756453	0.0603368	0.0894996	0.0667818	0.0568697	0.0562704	0.0564906	0.0562487	0.0562686	0.0558604	0.0554185	0.0548786	0.0541309	0.0524501	0.051719	0.0495908	0.0473661	0.0448912	0.0425522	0.0400295	0.0400499	0.03668	

32	0.702	60	0	task-3:0.015	task-0:0.415	task-1:0.43	task-2:0.005	|	0.0567458	0.159999	0.159939	0.0878886	0.0686863	0.0839992	0.0601023	0.0658971	0.0636552	0.0574188	0.0578238	0.056403	0.0563847	0.0548671	0.0540892	0.0529752	0.0518368	0.0505854	0.0492678	0.0481108	0.0477507	0.0470826	0.0465381	0.0459796	0.04516	0.0444045	0.043548	0.0432058	0.0418785	0.0415833	0.0405444	0.0394311	

18	0.405	60	0	task-3:0.015	task-0:0.455	task-1:0.5	task-2:0.005	|	0.056438	0.159999	0.159862	0.0893173	0.0559916	0.0520607	0.0832965	0.0823503	0.156973	0.156929	0.0727309	0.0774527	0.0707994	0.0501781	0.0565178	0.0575469	0.0515785	0.0398959	

33	0.687	60	0	task-3:0.015	task-0:0.36	task-1:0.435	task-2:0.005	|	0.15358	0.09	0.09	0.0899864	0.13526	0.0671056	0.0824963	0.0803335	0.0629596	0.0869651	0.0822753	0.0617223	0.0639963	0.0648807	0.0600981	0.0637252	0.0621921	0.0592355	0.0599344	0.0592838	0.0576804	0.0571747	0.0562814	0.0550461	0.0539272	0.0524119	0.0506403	0.0489097	0.0471775	0.0451066	0.0426864	0.0402004	0.0374073	

44	0.858	60	0	task-3:0.015	task-0:0.37	task-1:0.42	task-2:0.005	|	0.153933	0.09	0.09	0.089987	0.135155	0.0687457	0.0819773	0.07976	0.0720132	0.05958	0.0766573	0.0542875	0.0772884	0.0737712	0.0538881	0.0704929	0.0696688	0.053064	0.0556112	0.0552377	0.051433	0.0517917	0.0510592	0.0507878	0.0505362	0.0501576	0.0498409	0.0492642	0.0484689	0.0475162	0.0467476	0.0465551	0.045828	0.0450093	0.0442371	0.0434795	0.0427893	0.0427773	0.042084	0.0415509	0.0412038	0.0408418	0.0401869	0.0393387	

40	0.795	60	0	task-3:0.015	task-0:0.345	task-1:0.415	task-2:0.005	|	0.141544	0.09	0.09	0.0899998	0.0706275	0.0749365	0.0799547	0.0751951	0.0646395	0.0740481	0.0772557	0.0571968	0.0835127	0.0835027	0.0615985	0.0581813	0.0581383	0.0561216	0.05932	0.0577797	0.055232	0.0562725	0.0559315	0.0548815	0.0546959	0.0545308	0.0543117	0.0542401	0.0543629	0.0547635	0.0546389	0.0544454	0.0538247	0.0522943	0.0511697	0.0504229	0.0481454	0.0449784	0.0424216	0.0394549	

53	1.092	60	0	task-3:0.015	task-0:0.305	task-1:0.325	task-2:0.005	|	0.144586	0.09	0.09	0.0899174	0.105158	0.0691501	0.0574983	0.0577629	0.0587134	0.0638355	0.0602779	0.0708547	0.0674308	0.0595509	0.0598562	0.0598264	0.0585737	0.0586992	0.0583373	0.0580559	0.0577184	0.0573329	0.056895	0.0562763	0.0554974	0.054529	0.0534133	0.0523874	0.0515047	0.0504836	0.0495904	0.0484849	0.0481811	0.0476421	0.0474307	0.0469049	0.04631	0.0449075	0.0429273	0.0439724	0.0429464	0.0481185	0.0472748	0.0403397	0.0482174	0.0439468	0.0521748	0.0480969	0.0480304	0.0488057	0.0464412	0.0445982	0.0372889	

48	1.029	60	0	task-3:0.02	task-0:0.285	task-1:0.41	task-2:0.005	|	0.143217	0.09	0.09	0.0899999	0.139166	0.0678118	0.0645121	0.0626233	0.069108	0.0548251	0.0614541	0.0618782	0.0566479	0.0543585	0.0543074	0.0535252	0.0545938	0.0543419	0.0535613	0.0524749	0.0525102	0.0524233	0.0522938	0.052349	0.0520753	0.051771	0.0516081	0.051469	0.0512815	0.0510456	0.0507629	0.0504679	0.0502392	0.0501179	0.0501507	0.0503032	0.0503335	0.0502568	0.050762	0.0499362	0.0488963	0.0483904	0.0482926	0.0477734	0.0481065	0.0485359	0.0426196	0.0383877	

67	1.373	60	0	task-3:0.015	task-0:0.455	task-1:0.395	task-2:0.005	|	0.147004	0.09	0.09	0.0899996	0.123335	0.0579679	0.0890099	0.0894931	0.0865874	0.0664229	0.0841107	0.0840893	0.0561723	0.0697478	0.0697437	0.0599697	0.0589182	0.0601598	0.0570961	0.0588325	0.0587792	0.0565411	0.0561206	0.0562413	0.0557958	0.0555885	0.0551965	0.0549083	0.0545924	0.0541692	0.053713	0.0531784	0.0525631	0.0519139	0.0512804	0.0505654	0.049811	0.0489634	0.0480592	0.0470524	0.0458967	0.0482371	0.0463235	0.0454557	0.0446891	0.0451792	0.0451131	0.0470851	0.0462178	0.047119	0.0474027	0.0473486	0.0465678	0.045689	0.0463062	0.0467377	0.0457351	0.0446511	0.0429309	0.0418347	0.0410314	0.0409157	0.0406876	0.0407722	0.0404324	0.0401355	0.0398506	

29	0.609	60	0	task-3:0.015	task-0:0.375	task-1:0.52	task-2:0.005	|	0.131946	0.09	0.09	0.0899999	0.134201	0.0989137	0.0670546	0.0625248	0.062297	0.0562998	0.089992	0.089992	0.0896473	0.0589022	0.0589022	0.057745	0.0577448	0.054456	0.0544515	0.0534605	0.0535205	0.0534308	0.0534625	0.0533691	0.0534272	0.05327	0.0490089	0.043913	0.0397444	

38	0.749	60	0	task-3:0.015	task-0:0.34	task-1:0.41	task-2:0.005	|	0.0706401	0.16	0.16	0.159996	0.0820588	0.0681125	0.096236	0.0993324	0.06222	0.0754153	0.0743524	0.0575569	0.0714631	0.0714627	0.0578625	0.0587331	0.0586167	0.0552935	0.0565773	0.0548403	0.0516251	0.0501839	0.0486624	0.0477224	0.0481151	0.0482195	0.0482612	0.0482068	0.0481218	0.0479019	0.0481894	0.0491102	0.0488573	0.047727	0.0458162	0.0457322	0.0433295	0.0395533	

33	0.671	60	0	task-3:0.015	task-0:0.515	task-1:0.465	task-2:0.005	|	0.148022	0.09	0.09	0.0899961	0.130078	0.11788	0.0834322	0.0839351	0.0887427	0.0611285	0.15758	0.157196	0.105565	0.0619315	0.0538121	0.0647145	0.0545845	0.0530752	0.0520659	0.0520929	0.0517093	0.051604	0.0509303	0.048795	0.0481237	0.0473357	0.0453596	0.0430528	0.0420948	0.0416661	0.0412687	0.0402138	0.0391355	

31	0.702	60	0	task-3:0.02	task-0:0.335	task-1:0.38	task-2:0.005	|	0.0753623	0.16	0.16	0.159988	0.0879674	0.0873805	0.112027	0.114585	0.0596667	0.0596318	0.0956898	0.0951703	0.0629018	0.0608472	0.0607269	0.0573043	0.0573605	0.0579359	0.0576348	0.0567863	0.0567851	0.056446	0.0559627	0.0556938	0.0551689	0.0521696	0.0512047	0.0521675	0.0474503	0.0417959	0.0399336	

56	1.217	60	0	task-3:0.015	task-0:0.335	task-1:0.43	task-2:0.005	|	0.0740515	0.16	0.16	0.159984	0.0866513	0.0838594	0.121146	0.121119	0.0574872	0.085496	0.0854074	0.0700706	0.0578906	0.0579031	0.059156	0.0587575	0.0562943	0.0580237	0.0575565	0.0560453	0.0563829	0.0561964	0.0556572	0.0556429	0.0553901	0.054924	0.0544735	0.0535183	0.0525197	0.0520669	0.0509549	0.050406	0.0503705	0.0487598	0.0488346	0.0463512	0.0466107	0.0470613	0.0478184	0.0462251	0.0462745	0.045684	0.0453358	0.045399	0.0447036	0.0445433	0.0445527	0.0440951	0.0443237	0.0440978	0.043672	0.0433623	0.0429136	0.0419894	0.0411842	0.0391935	

22	0.499	60	0	task-3:0.015	task-0:0.355	task-1:0.505	task-2:0.005	|	0.0664153	0.16	0.16	0.159999	0.0725089	0.0695099	0.0964006	0.0850398	0.0618109	0.0561989	0.0572827	0.0516789	0.0580024	0.0567816	0.0521585	0.0492247	0.0480247	0.0468727	0.0465224	0.0437215	0.0404903	0.0387304	

13	0.296	60	0	task-3:0.015	task-0:0.305	task-1:0.485	task-2:0.005	|	0.0750959	0.16	0.16	0.159997	0.070022	0.0737664	0.0606858	0.0590854	0.0599194	0.0611424	0.0550029	0.0546117	0.0346668	

