54	0.375	32	0	task-3:0.528	task-0:0.034	task-1:0.052	task-2:0.188	|	0.00768944	4.53971e-014	0	0	9.54092e-012	5.82531e-014	0	0	0	0	0	0	0	0	0	0	0	0	0	0	0	0	0	0	0	0	0	0	0	0	0	0	0	0	0	0	0	0	0	0	0	0	0	0	0	0	0	0	0	0	0	0	0	0	

56	0.375	32	0	task-3:0.142	task-0:0.034	task-1:0.948	task-2:0.188	|	0.0491486	1.92994e-013	0	0	0	0	6.35155e-013	0	9.76995e-014	0	0	0	0	0	0	0	0	0	0	0	0	0	0	0	0	0	0	0	0	0	0	0	0	0	0	0	0	0	0	0	0	0	0	0	0	0	0	0	0	0	0	0	0	0	0	0	

52	0.358	32	0	task-3:0.802	task-0:0.034	task-1:0.052	task-2:0.188	|	0.07208	0	2.4007e-014	0	0	0	0	0	0	0	0	0	0	0	0	0	0	0	0	0	0	0	0	0	0	0	0	0	0	0	0	0	0	0	0	0	0	0	0	0	0	0	0	0	0	0	0	0	0	0	0	0	

54	0.359	32	0	task-3:0.198	task-0:0.034	task-1:0.052	task-2:0.188	|	0.0164801	0	3.73274e-014	0	1.0445e-012	8.40001e-014	7.84567e-014	9.24393e-014	0	0	0	0	0	0	0	0	0	0	0	0	0	0	0	0	0	0	0	0	0	0	0	0	0	0	0	0	0	0	0	0	0	0	0	0	0	0	0	0	0	0	0	0	0	0	

54	0.359	32	0	task-3:0.198	task-0:0.034	task-1:0.052	task-2:0.188	|	7.14749e-005	0	0	0	4.41915e-013	0	2.51302e-015	0	0	0	0	0	0	0	0	0	0	0	0	0	0	0	0	0	0	0	0	0	0	0	0	0	0	0	0	0	0	0	0	0	0	0	0	0	0	0	0	0	0	0	0	0	0	0	

55	0.374	32	0	task-3:0.802	task-0:0.034	task-1:0.052	task-2:0.812	|	0.0984749	0	6.1802e-015	0	0	4.7467e-012	0	0	0	2.98159e-014	0	0	0	0	0	0	0	0	0	0	0	0	0	0	0	0	0	0	0	0	0	0	0	0	0	0	0	0	0	0	0	0	0	0	0	0	0	0	0	0	0	0	0	0	0	

53	0.359	32	0	task-3:0.802	task-0:0.034	task-1:0.052	task-2:0.188	|	0.0436457	0	0	2.7734e-013	0	1.68518e-014	0	0	0	0	0	0	0	0	0	0	0	0	0	0	0	0	0	0	0	0	0	0	0	0	0	0	0	0	0	0	0	0	0	0	0	0	0	0	0	0	0	0	0	0	0	0	0	

52	0.358	32	0	task-3:0.198	task-0:0.034	task-1:0.052	task-2:0.188	|	0.00881769	0	5.70463e-012	0	4.86003e-012	2.73364e-011	1.86406e-013	0	0	0	0	0	0	0	0	0	0	0	0	0	0	0	0	0	0	0	0	0	0	0	0	0	0	0	0	0	0	0	0	0	0	0	0	0	0	0	0	0	0	0	0	0	

54	0.359	32	0	task-3:0.802	task-0:0.034	task-1:0.052	task-2:0.812	|	0.0215278	0	7.87404e-014	0	1.45676e-012	3.19937e-012	0	0	0	0	0	0	0	0	0	0	0	0	0	0	0	0	0	0	0	0	0	0	0	0	0	0	0	0	0	0	0	0	0	0	0	0	0	0	0	0	0	0	0	0	0	0	0	0	

55	0.374	32	0	task-3:0.802	task-0:0.034	task-1:0.052	task-2:0.188	|	0.00247576	0	5.74701e-015	0	0	2.89871e-013	0	0	0	0	0	0	0	0	7.92005e-015	0	0	0	0	0	0	0	0	0	0	0	0	0	0	0	0	0	0	0	0	0	0	0	0	0	0	0	0	0	0	0	0	0	0	0	0	0	0	0	0	

53	0.375	32	0	task-3:0.802	task-0:0.034	task-1:0.052	task-2:0.188	|	0.0193536	0	0	3.68259e-014	0	4.88995e-015	0	0	0	0	0	0	0	0	0	0	0	0	0	0	0	0	0	0	0	0	0	0	0	0	0	0	0	0	0	0	0	0	0	0	0	0	0	0	0	0	0	0	0	0	0	0	0	

55	0.374	32	0	task-3:0.802	task-0:0.034	task-1:0.052	task-2:0.812	|	0.00272219	0	0	1.63857e-012	0	2.29309e-010	4.59218e-012	0	0	0	0	0	0	0	0	0	0	0	0	0	0	0	0	0	0	0	0	0	0	0	0	0	0	0	0	0	0	0	0	0	0	0	0	0	0	0	0	0	0	0	0	0	0	0	0	

51	0.343	32	0	task-3:0.198	task-0:0.034	task-1:0.052	task-2:0.188	|	0.098293	1.56474e-012	0	0	7.21691e-015	0	0	0	0	0	0	0	0	0	0	0	0	0	0	0	0	0	0	0	0	0	0	0	0	0	0	0	0	0	0	0	0	0	0	0	0	0	0	0	0	0	0	0	0	0	0	

52	0.359	32	0	task-3:0.198	task-0:0.034	task-1:0.052	task-2:0.188	|	0.0154469	0	1.22721e-013	0	2.00698e-013	1.55326e-013	0	0	0	0	0	0	0	0	0	0	0	0	0	0	0	0	0	0	0	0	0	0	0	0	0	0	0	0	0	0	0	0	0	0	0	0	0	0	0	0	0	0	0	0	0	0	

54	0.374	32	0	task-3:0.198	task-0:0.034	task-1:0.052	task-2:0.188	|	0.0152772	0	4.45501e-015	0	1.12895e-013	0	0	0	0	0	0	0	0	0	0	0	0	0	0	0	0	0	0	0	0	0	0	0	0	0	0	0	0	0	0	0	0	0	0	0	0	0	0	0	0	0	0	0	0	0	0	0	0	0	

51	0.343	32	0	task-3:0.198	task-0:0.034	task-1:0.052	task-2:0.188	|	0.00976545	7.96564e-014	0	0	3.30702e-014	0	1.91978e-013	0	1.21802e-013	0	0	0	0	0	0	0	0	0	0	0	0	0	0	0	0	0	0	0	0	0	0	0	0	0	0	0	0	0	0	0	0	0	0	0	0	0	0	0	0	0	0	

52	0.359	32	0	task-3:0.802	task-0:0.034	task-1:0.052	task-2:0.188	|	0.0247861	0	1.99878e-014	0	0	0	0	2.83115e-014	0	0	0	0	0	0	0	0	0	0	0	0	0	0	0	0	0	0	0	0	0	0	0	0	0	0	0	0	0	0	0	0	0	0	0	0	0	0	0	0	0	0	0	0	

54	0.374	32	0	task-3:0.198	task-0:0.034	task-1:0.052	task-2:0.506	|	0.0171359	1.23626e-014	0	0	6.03734e-014	0	0	0	0	5.40977e-015	0	0	0	0	0	0	0	0	0	0	0	0	0	0	0	0	0	0	0	0	0	0	0	0	0	0	0	0	0	0	0	0	0	0	0	0	0	0	0	0	0	0	0	0	

55	0.374	32	0	task-3:0.198	task-0:0.034	task-1:0.052	task-2:0.188	|	0.00580793	4.17606e-014	0	0	0	6.44843e-012	0	0	1.66262e-014	0	0	0	0	0	0	0	0	0	0	0	0	0	0	0	0	0	0	0	0	0	0	0	0	0	0	0	0	0	0	0	0	0	0	0	0	0	0	0	0	0	0	0	0	0	0	

53	0.359	32	0	task-3:0.198	task-0:0.034	task-1:0.052	task-2:0.188	|	0.0483245	0	0	8.64727e-013	1.23391e-014	0	0	0	0	0	0	0	0	0	0	0	0	0	0	0	0	0	0	0	0	0	0	0	0	0	0	0	0	0	0	0	0	0	0	0	0	0	0	0	0	0	0	0	0	0	0	0	0	

56	0.375	32	0	task-3:0.198	task-0:0.034	task-1:0.052	task-2:0.812	|	0.0597943	0	6.7341e-014	0	0	0	5.45891e-013	0	0	0	0	0	6.80472e-015	0	0	0	0	0	0	0	0	0	0	0	0	0	0	0	0	0	0	0	0	0	0	0	0	0	0	0	0	0	0	0	0	0	0	0	0	0	0	0	0	0	0	0	

54	0.375	32	0	task-3:0.198	task-0:0.034	task-1:0.052	task-2:0.188	|	0.0650935	6.04472e-013	0	0	9.32852e-011	4.83004e-013	0	0	0	0	0	0	0	0	0	0	0	0	0	0	0	0	0	0	0	0	0	0	0	0	0	0	0	0	0	0	0	0	0	0	0	0	0	0	0	0	0	0	0	0	0	0	0	0	

55	0.374	32	0	task-3:0.802	task-0:0.034	task-1:0.052	task-2:0.194	|	2.5315e-005	0	0	4.22052e-015	0	4.08934e-011	0	0	0	5.95041e-014	0	0	0	0	0	0	0	0	0	0	0	0	0	0	0	0	0	0	0	0	0	0	0	0	0	0	0	0	0	0	0	0	0	0	0	0	0	0	0	0	0	0	0	0	0	

56	0.374	32	0	task-3:0.198	task-0:0.034	task-1:0.948	task-2:0.188	|	0.0288603	0	0	7.87367e-014	0	7.89834e-012	3.45758e-011	2.0137e-011	5.36751e-014	0	0	0	0	0	0	0	0	0	0	0	0	0	0	0	0	0	0	0	0	0	0	0	0	0	0	0	0	0	0	0	0	0	0	0	0	0	0	0	0	0	0	0	0	0	0	0	

51	0.343	32	0	task-3:0.802	task-0:0.034	task-1:0.052	task-2:0.188	|	0.0362978	2.63773e-013	0	0	1.60687e-013	0	3.34656e-014	0	0	0	0	0	0	0	0	0	0	0	0	0	0	0	0	0	0	0	0	0	0	0	0	0	0	0	0	0	0	0	0	0	0	0	0	0	0	0	0	0	0	0	0	

55	0.374	32	0	task-3:0.802	task-0:0.034	task-1:0.062	task-2:0.812	|	0.0225278	0	0	2.80225e-013	0	2.23377e-010	1.01422e-010	1.42291e-010	3.12546e-012	0	6.01056e-015	0	0	0	0	0	0	0	0	0	0	0	0	0	0	0	0	0	0	0	0	0	0	0	0	0	0	0	0	0	0	0	0	0	0	0	0	0	0	0	0	0	0	0	0	

54	0.359	32	0	task-3:0.198	task-0:0.034	task-1:0.052	task-2:0.188	|	0.0112655	7.56595e-014	0	0	8.3129e-013	0	0	0	0	0	0	0	0	0	0	0	0	0	0	0	0	0	0	0	0	0	0	0	0	0	0	0	0	0	0	0	0	0	0	0	0	0	0	0	0	0	0	0	0	0	0	0	0	0	

52	0.359	32	0	task-3:0.198	task-0:0.034	task-1:0.052	task-2:0.812	|	0.0224291	0	4.5419e-015	0	0	3.24184e-014	2.07157e-015	0	5.59741e-015	0	0	0	0	0	0	0	0	0	0	0	0	0	0	0	0	0	0	0	0	0	0	0	0	0	0	0	0	0	0	0	0	0	0	0	0	0	0	0	0	0	0	0	

53	0.359	32	0	task-3:0.198	task-0:0.034	task-1:0.052	task-2:0.812	|	0.0575727	0	0	4.22901e-014	0	1.18283e-013	0	0	0	0	0	0	0	0	0	0	0	0	0	0	0	0	0	0	0	0	0	0	0	0	0	0	0	0	0	0	0	0	0	0	0	0	0	0	0	0	0	0	0	0	0	0	0	

55	0.374	32	0	task-3:0.802	task-0:0.034	task-1:0.052	task-2:0.188	|	0.0186218	0	4.05745e-014	0	0	1.71644e-013	0	1.67152e-014	0	0	0	0	0	0	0	0	0	0	0	0	0	0	0	0	0	0	0	0	0	0	0	0	0	0	0	0	0	0	0	0	0	0	0	0	0	0	0	0	0	0	0	0	0	0	0	

52	0.359	32	0	task-3:0.198	task-0:0.034	task-1:0.052	task-2:0.188	|	0.00724303	0	1.63707e-014	0	9.81881e-014	0	0	0	0	0	0	0	0	0	0	0	0	0	0	0	0	0	0	0	0	0	0	0	0	0	0	0	0	0	0	0	0	0	0	0	0	0	0	0	0	0	0	0	0	0	0	0	

52	0.344	32	0	task-3:0.802	task-0:0.034	task-1:0.052	task-2:0.188	|	0.000803043	0	4.75857e-015	0	3.69239e-014	0	0	2.12478e-015	0	0	0	0	0	0	0	0	0	0	0	0	0	0	0	0	0	0	0	0	0	0	0	0	0	0	0	0	0	0	0	0	0	0	0	0	0	0	0	0	0	0	0	0	

54	0.359	32	0	task-3:0.2	task-0:0.034	task-1:0.81	task-2:0.188	|	0.0524072	3.72164e-013	0	0	1.9977e-011	5.45068e-014	0	0	0	0	0	0	0	0	0	0	0	0	0	0	0	0	0	0	0	0	0	0	0	0	0	0	0	0	0	0	0	0	0	0	0	0	0	0	0	0	0	0	0	0	0	0	0	0	

54	0.358	32	0	task-3:0.802	task-0:0.034	task-1:0.052	task-2:0.178	|	0.013928	0	2.76273e-013	0	1.75933e-012	2.34463e-013	0	0	0	0	0	0	0	0	0	0	0	0	0	0	0	0	0	0	0	0	0	0	0	0	0	0	0	0	0	0	0	0	0	0	0	0	0	0	0	0	0	0	0	0	0	0	0	0	

51	0.343	32	0	task-3:0.198	task-0:0.034	task-1:0.052	task-2:0.812	|	0.0826507	2.81682e-011	0	9.38561e-015	0	2.05483e-012	4.79736e-012	6.22819e-014	0	0	0	0	0	0	0	0	0	0	0	0	0	0	0	0	0	0	0	0	0	0	0	0	0	0	0	0	0	0	0	0	0	0	0	0	0	0	0	0	0	0	0	

54	0.359	32	0	task-3:0.198	task-0:0.034	task-1:0.052	task-2:0.516	|	0.0739858	8.46341e-014	0	0	5.46416e-013	3.82081e-014	0	0	0	0	0	0	0	0	0	0	0	0	0	0	0	0	0	0	0	0	0	0	0	0	0	0	0	0	0	0	0	0	0	0	0	0	0	0	0	0	0	0	0	0	0	0	0	0	

51	0.343	32	0	task-3:0.198	task-0:0.034	task-1:0.052	task-2:0.812	|	0.0280696	1.23547e-011	0	0	2.87054e-012	2.13916e-014	0	0	0	0	0	0	0	0	0	0	0	0	0	0	0	0	0	0	0	0	0	0	0	0	0	0	0	0	0	0	0	0	0	0	0	0	0	0	0	0	0	0	0	0	0	

53	0.359	32	0	task-3:0.802	task-0:0.034	task-1:0.052	task-2:0.188	|	0.0138508	0	0	9.863e-014	0	0	0	0	0	0	0	0	0	0	0	0	0	0	0	0	0	0	0	0	0	0	0	0	0	0	0	0	0	0	0	0	0	0	0	0	0	0	0	0	0	0	0	0	0	0	0	0	0	

52	0.359	32	0	task-3:0.802	task-0:0.034	task-1:0.052	task-2:0.188	|	0.0243803	0	3.4503e-014	0	0	0	0	0	0	0	0	0	0	0	0	0	0	0	0	0	0	0	0	0	0	0	0	0	0	0	0	0	0	0	0	0	0	0	0	0	0	0	0	0	0	0	0	0	0	0	0	0	

55	0.375	32	0	task-3:0.198	task-0:0.034	task-1:0.052	task-2:0.812	|	0.0336423	9.02769e-015	0	0	0	1.60826e-011	6.57461e-013	1.95752e-014	0	0	0	0	0	0	0	0	0	0	0	0	0	0	0	0	0	0	0	0	0	0	0	0	0	0	0	0	0	0	0	0	0	0	0	0	0	0	0	0	0	0	0	0	0	0	0	

57	0.39	32	0	task-3:0.752	task-0:0.034	task-1:0.052	task-2:0.812	|	0.0291433	0	5.78319e-013	0	0	9.05604e-011	4.54181e-009	4.55089e-008	2.91858e-008	3.4703e-010	1.84023e-014	0	0	6.48127e-015	0	0	0	0	0	0	0	0	0	0	0	0	0	0	0	0	0	0	0	0	0	0	0	0	0	0	0	0	0	0	0	0	0	0	0	0	0	0	0	0	0	0	0	

52	0.343	32	0	task-3:0.198	task-0:0.034	task-1:0.052	task-2:0.188	|	0.0843111	0	2.11418e-015	0	2.52424e-014	1.05612e-013	0	0	0	0	0	0	0	0	0	0	0	0	0	0	0	0	0	0	0	0	0	0	0	0	0	0	0	0	0	0	0	0	0	0	0	0	0	0	0	0	0	0	0	0	0	0	

54	0.374	32	0	task-3:0.802	task-0:0.034	task-1:0.052	task-2:0.188	|	0.00023813	0	7.51562e-014	0	2.85688e-013	0	0	0	0	0	0	0	0	0	0	0	0	0	0	0	0	0	0	0	0	0	0	0	0	0	0	0	0	0	0	0	0	0	0	0	0	0	0	0	0	0	0	0	0	0	0	0	0	0	

55	0.375	32	0	task-3:0.198	task-0:0.034	task-1:0.052	task-2:0.812	|	0.00146076	1.02451e-014	0	0	0	1.20972e-012	0	1.6838e-013	0	0	0	0	0	0	0	0	0	0	0	0	0	0	0	0	0	0	0	0	0	0	0	0	0	0	0	0	0	0	0	0	0	0	0	0	0	0	0	0	0	0	0	0	0	0	0	

52	0.344	32	0	task-3:0.198	task-0:0.034	task-1:0.052	task-2:0.812	|	0.0684086	0	1.82144e-012	0	1.3444e-013	0	1.10165e-012	3.74938e-013	0	0	0	0	0	0	0	0	0	0	0	0	0	0	0	0	0	0	0	0	0	0	0	0	0	0	0	0	0	0	0	0	0	0	0	0	0	0	0	0	0	0	0	0	

53	0.359	32	0	task-3:0.802	task-0:0.034	task-1:0.052	task-2:0.188	|	0.0527413	0	0	8.24726e-013	2.98878e-015	0	8.17048e-013	8.81686e-013	1.89116e-014	0	0	0	0	0	0	0	0	0	0	0	0	0	0	0	0	0	0	0	0	0	0	0	0	0	0	0	0	0	0	0	0	0	0	0	2.22766e-015	0	0	0	0	0	0	0	0	

54	0.374	32	0	task-3:0.198	task-0:0.034	task-1:0.052	task-2:0.812	|	0.0405249	5.75838e-014	0	0	3.93077e-013	2.59003e-014	0	0	0	0	0	0	0	0	0	0	0	0	0	0	0	0	0	0	0	0	0	0	0	0	0	0	0	0	0	0	0	0	0	0	0	0	0	0	0	0	0	0	0	0	0	0	0	0	

54	0.359	32	0	task-3:0.198	task-0:0.034	task-1:0.052	task-2:0.188	|	0.048884	8.53407e-013	0	0	6.37438e-012	6.69724e-013	3.53505e-012	5.50767e-015	0	0	0	0	0	0	0	0	0	0	0	0	0	0	0	0	0	0	0	0	0	0	0	0	0	0	0	0	0	0	0	0	0	0	0	0	0	0	0	0	0	0	0	0	0	0	

57	0.39	32	0	task-3:0.802	task-0:0.034	task-1:0.052	task-2:0.19	|	0.0231891	0	7.07342e-014	0	0	9.16795e-013	5.73711e-012	1.22019e-011	7.78536e-013	0	0	0	0	0	0	0	0	0	0	0	0	0	0	0	0	0	0	0	0	0	0	0	0	0	0	0	0	0	0	0	0	0	0	0	0	0	0	0	0	0	0	0	0	0	0	0	0	

53	0.359	32	0	task-3:0.198	task-0:0.034	task-1:0.052	task-2:0.188	|	0.0272201	0	0	9.94781e-014	1.49519e-014	4.67163e-014	0	0	0	0	0	0	0	0	0	0	0	0	0	0	0	0	0	0	0	0	0	0	0	0	0	0	0	0	0	0	0	0	0	0	0	0	0	0	0	0	0	0	0	0	0	0	0	

54	0.375	32	0	task-3:0.17	task-0:0.034	task-1:0.052	task-2:0.812	|	0.00266427	4.36414e-015	0	0	2.23148e-012	1.53708e-013	0	0	0	0	0	0	0	0	0	0	0	0	0	0	0	0	0	0	0	0	0	0	0	0	0	0	0	0	0	0	0	0	0	0	0	0	0	0	0	0	0	0	0	0	0	0	0	0	

55	0.374	32	0	task-3:0.802	task-0:0.034	task-1:0.052	task-2:0.188	|	0.0582402	4.02426e-015	0	0	0	5.22816e-014	0	9.51931e-014	0	0	0	0	0	0	0	0	0	0	0	0	0	0	0	0	0	0	0	0	0	0	0	0	0	0	0	0	0	0	0	0	0	0	0	0	0	0	0	0	0	0	0	0	0	0	0	

51	0.343	32	0	task-3:0.198	task-0:0.034	task-1:0.052	task-2:0.812	|	0.0850886	3.67908e-012	0	0	1.5164e-013	0	5.94566e-012	3.64468e-013	0	0	0	0	0	0	0	0	0	0	0	0	0	0	0	0	0	0	0	0	0	0	0	0	0	0	0	0	0	0	0	0	0	0	0	0	0	0	0	0	0	0	0	

55	0.375	32	0	task-3:0.198	task-0:0.034	task-1:0.948	task-2:0.742	|	0.0721293	3.39203e-014	0	0	0	2.32075e-012	0	0	0	1.882e-015	0	0	0	0	0	0	0	0	0	0	0	0	0	0	0	0	0	0	0	0	0	0	0	0	0	0	0	0	0	0	0	0	0	0	0	0	0	0	0	0	0	0	0	0	0	

55	0.374	32	0	task-3:0.802	task-0:0.034	task-1:0.052	task-2:0.178	|	0.0528403	2.21519e-014	0	0	0	1.43194e-012	0	2.85193e-013	0	0	0	0	0	0	0	0	0	0	0	0	0	0	0	0	0	0	0	0	0	0	0	0	0	0	0	0	0	0	0	0	0	0	0	0	0	0	0	0	0	0	0	0	0	0	0	

54	0.359	32	0	task-3:0.198	task-0:0.034	task-1:0.052	task-2:0.188	|	0.0553364	3.01716e-014	0	0	7.43174e-014	0	0	0	0	0	0	0	0	0	0	0	0	0	0	0	0	0	0	0	0	0	0	0	0	0	0	0	0	0	0	0	0	0	0	0	0	0	0	0	0	0	0	0	0	0	0	0	0	0	

56	0.375	32	0	task-3:0.198	task-0:0.034	task-1:0.052	task-2:0.812	|	0.0186462	1.0904e-014	0	0	2.73933e-015	0	4.9077e-011	1.20109e-011	5.5268e-014	0	0	0	0	0	0	0	0	0	0	0	0	0	0	0	0	0	0	0	0	0	0	0	0	0	0	0	0	0	0	0	0	0	0	0	0	0	0	0	0	0	0	0	0	0	0	0	

55	0.374	32	0	task-3:0.802	task-0:0.034	task-1:0.052	task-2:0.188	|	0.00379918	0	0	8.30462e-013	0	2.37038e-010	1.89694e-011	1.77385e-013	0	0	0	0	0	0	0	0	0	0	0	0	0	0	0	0	0	0	0	0	0	0	0	0	0	0	0	0	0	0	0	0	0	0	0	0	0	0	0	0	0	0	0	0	0	0	0	

53	0.358	32	0	task-3:0.198	task-0:0.034	task-1:0.052	task-2:0.188	|	0.00750228	0	0	1.7327e-012	9.49995e-015	0	0	0	0	0	0	0	0	0	0	0	0	0	0	0	0	0	0	0	0	0	0	0	0	0	0	0	0	0	0	0	0	0	0	0	0	0	0	0	0	0	0	0	0	0	0	0	0	

53	0.343	32	0	task-3:0.802	task-0:0.034	task-1:0.052	task-2:0.188	|	0.00104787	0	0	6.38166e-012	3.00629e-014	0	0	0	0	0	0	0	0	0	0	0	0	0	0	0	0	0	0	0	9.87906e-015	0	0	0	0	0	0	0	0	0	0	0	0	0	1.51537e-014	0	0	0	0	0	0	0	0	0	0	0	0	0	0	

