184	1.123	8	0	task-0:0.168	|	0.46843	0.219096	0.218981	0.206685	0.171522	0.172472	0.174077	0.171616	0.157386	0.150122	0.139109	0.12889	0.120055	0.106423	0.0947192	0.0874261	0.0825557	0.080825	0.0801971	0.0806897	0.0817999	0.0850627	0.0893905	0.0873683	0.0948118	0.0919143	0.0915628	0.119428	0.0907498	0.092898	0.088348	0.0793921	0.0970392	0.0970392	0.0798756	0.0785937	0.0782009	0.0779685	0.0785798	0.0776789	0.0770807	0.0765099	0.0757795	0.0753597	0.0750178	0.0747008	0.0745858	0.0737916	0.0732467	0.0727629	0.0726382	0.0725497	0.0720436	0.0719194	0.0722655	0.0711954	0.07122	0.0704915	0.0695596	0.0689699	0.0686817	0.0680267	0.0673613	0.0665482	0.0654267	0.063706	0.0612631	0.0564134	0.0505933	0.0534691	0.0482344	0.0531228	0.052752	0.047323	0.0482989	0.0481251	0.0468851	0.0469527	0.0472481	0.0476434	0.0474711	0.0469783	0.0465297	0.0460843	0.0457266	0.0452665	0.0448231	0.0443287	0.0438133	0.0432814	0.0426743	0.0419538	0.0419469	0.0413326	0.0411963	0.0408156	0.0403467	0.0398085	0.03919	0.0388921	0.038345	0.0377326	0.0371548	0.0365533	0.036018	0.0354198	0.0348471	0.0349716	0.0344626	0.0342856	0.0346951	0.0342005	0.0338929	0.0338617	0.0337147	0.0337524	0.033796	0.0336748	0.0335326	0.0333787	0.0331628	0.0329351	0.0327034	0.0326379	0.0321447	0.0316681	0.031162	0.0306258	0.02994	0.0292515	0.0286181	0.0282559	0.0278485	0.0273734	0.0272449	0.0272595	0.02763	0.0282602	0.0290556	0.0300333	0.0311616	0.0324124	0.0335678	0.0347338	0.0357356	0.0363641	0.036929	0.0371173	0.0373383	0.0372832	0.037014	0.0370462	0.0371853	0.0370071	0.0368878	0.0367212	0.036521	0.036272	0.0360186	0.0358288	0.0357278	0.0356161	0.0354576	0.0352712	0.0350652	0.03485	0.0349231	0.034703	0.034626	0.034603	0.0345696	0.0346334	0.0346059	0.0345397	0.034522	0.0345016	0.034473	0.0344434	0.0343882	0.0343135	0.034227	0.0341283	0.0340196	0.0339171	

76	0.484	8	0	task-0:0.2	|	0.174404	0.219861	0.219833	0.213323	0.191058	0.191079	0.185711	0.185711	0.172395	0.185726	0.180467	0.168798	0.172132	0.171001	0.165573	0.161944	0.15942	0.156292	0.153124	0.149061	0.14408	0.138228	0.131209	0.122392	0.112995	0.10347	0.0908364	0.0868695	0.082307	0.0755428	0.0733597	0.0783106	0.0960071	0.414273	0.227283	0.0957605	0.0948272	0.0947391	0.349116	0.342564	0.127547	0.0926724	0.0922082	0.095258	0.121265	0.113646	0.0942035	0.0912232	0.0891309	0.0868382	0.0948015	0.0900129	0.0933329	0.0965704	0.0859733	0.085666	0.086521	0.093511	0.0894379	0.0954224	0.0940158	0.0879293	0.1242	0.122068	0.091835	0.0880585	0.0880497	0.0878515	0.0883112	0.0876108	0.0873919	0.087422	0.0876621	0.08726	0.0871793	0.0871651	

76	0.702	8	0	task-0:0.2	|	0.174404	0.219861	0.219833	0.213323	0.191058	0.191079	0.185711	0.185711	0.172395	0.185726	0.180467	0.168798	0.172132	0.171001	0.165573	0.161944	0.15942	0.156292	0.153124	0.149061	0.14408	0.138228	0.131209	0.122392	0.112995	0.10347	0.0908364	0.0868695	0.082307	0.0755428	0.0733597	0.0783106	0.0960071	0.414273	0.227283	0.0957605	0.0948272	0.0947391	0.349116	0.342564	0.127547	0.0926724	0.0922082	0.095258	0.121265	0.113646	0.0942035	0.0912232	0.0891309	0.0868382	0.0948015	0.0900129	0.0933329	0.0965704	0.0859733	0.085666	0.086521	0.093511	0.0894379	0.0954224	0.0940158	0.0879293	0.1242	0.122068	0.091835	0.0880585	0.0880497	0.0878515	0.0883112	0.0876108	0.0873919	0.087422	0.0876621	0.08726	0.0871793	0.0871651	

70	0.452	8	0	task-0:0.2	|	0.426219	0.216347	0.214164	0.191335	0.179073	0.179266	0.172159	0.17118	0.163712	0.159366	0.153973	0.152203	0.149228	0.143435	0.136997	0.129972	0.122654	0.115168	0.107246	0.0982568	0.0913318	0.0911084	0.0858819	0.0821714	0.0800543	0.0791774	0.0788153	0.0808073	0.0994426	0.802883	0.787039	0.116629	0.11511	0.394196	0.335176	0.161363	0.158119	0.144841	0.146349	0.121333	0.116404	0.122654	0.116728	0.0980778	0.0849471	0.0884762	0.089146	0.0855587	0.0843431	0.0859177	0.083467	0.0897561	0.0751885	0.0867406	0.0790697	0.0829337	0.0811254	0.0758855	0.0771186	0.0753359	0.0751018	0.074755	0.0743388	0.0740781	0.0741717	0.0748124	0.0767311	0.075112	0.0746546	0.0735338	

75	0.734	8	0	task-0:0.208	|	0.274604	0.218535	0.217584	0.198872	0.179653	0.179734	0.175348	0.174809	0.164848	0.163034	0.157618	0.153238	0.151543	0.146402	0.140283	0.134505	0.128447	0.122221	0.115784	0.107726	0.102776	0.0997819	0.105118	0.102493	0.0979949	0.0944487	0.0931724	0.0934472	0.092246	0.0908145	0.0886051	0.0839967	0.0844545	0.0950073	0.780104	0.78284	0.126739	0.12116	0.66696	0.642843	0.263027	0.104862	0.103305	0.100755	0.162731	0.170778	0.159394	0.492339	0.491388	0.33047	0.16025	0.159108	0.123623	0.355161	0.354526	0.138905	0.126308	0.125051	0.0941749	0.201644	0.201641	0.0866153	0.0845048	0.0819205	0.0816722	0.125787	0.125178	0.0887327	0.0808211	0.0807765	0.082449	0.0824449	0.0813407	0.0809711	0.0811543	

106	0.717	8	0	task-0:0.174	|	0.272113	0.216428	0.215163	0.188569	0.201408	0.200822	0.171015	0.186813	0.186702	0.174908	0.169504	0.168713	0.169224	0.168639	0.166206	0.164181	0.162515	0.160181	0.157305	0.153294	0.14792	0.140889	0.131911	0.121511	0.111395	0.102621	0.0951967	0.0862918	0.0769409	0.0753987	0.0758775	0.0811521	0.0900135	0.103208	0.66232	0.557407	0.0993941	0.0993941	0.105698	0.104352	0.0934787	0.0916816	0.0937953	0.0953231	0.0914288	0.0885027	0.085708	0.0820005	0.0811474	0.078711	0.0764573	0.0750228	0.0702958	0.0678827	0.0674161	0.0639876	0.0616305	0.0609815	0.0614834	0.0598885	0.0568414	0.0551583	0.0544315	0.053072	0.0516768	0.0502622	0.0485536	0.0467966	0.0449257	0.0442497	0.0430798	0.0423412	0.0416046	0.041063	0.0404227	0.0398098	0.0393336	0.0387462	0.0381289	0.0374859	0.0372113	0.0367977	0.036556	0.0363063	0.035974	0.035627	0.035318	0.0349988	0.034749	0.0343263	0.033921	0.0337901	0.0335701	0.033275	0.0329598	0.0326037	0.032225	0.0317931	0.0313167	0.0308333	0.0303277	0.0297085	0.0306022	0.0296878	0.0289401	0.0291489	

168	1.17	8	0	task-0:0.164	|	0.172868	0.219295	0.217027	0.168224	0.168183	0.19353	0.193521	0.162769	0.17482	0.171044	0.149118	0.160603	0.15761	0.145756	0.141445	0.139561	0.137797	0.136441	0.132208	0.127321	0.123911	0.121326	0.117695	0.113473	0.109271	0.105162	0.101132	0.0971977	0.0926312	0.0884144	0.0848524	0.0832434	0.0818135	0.0809112	0.0814733	0.0840215	0.0977694	0.0905917	0.116532	0.0957473	0.0787182	0.0921638	0.0780043	0.0950061	0.0871235	0.0972349	0.098349	0.102053	0.151916	0.129973	0.116661	0.116268	0.112809	0.112422	0.108194	0.105322	0.10269	0.100574	0.0985189	0.096435	0.094283	0.092279	0.0903777	0.0891471	0.0876858	0.0864978	0.0855695	0.0847405	0.0840415	0.0835032	0.0832915	0.082847	0.0823294	0.0819492	0.0815213	0.0809136	0.0807888	0.0803955	0.0800411	0.079659	0.0793648	0.0789463	0.0784557	0.0779382	0.0772884	0.0765302	0.0756886	0.0748706	0.0743212	0.0739587	0.0734073	0.072013	0.0775805	0.0774034	0.0730504	0.0718401	0.0717597	0.0715991	0.0712918	0.0707432	0.070318	0.0697483	0.0691559	0.0684795	0.0678213	0.0670035	0.0660471	0.0655098	0.0644308	0.06307	0.0613674	0.0586671	0.055546	0.0541171	0.0519963	0.0505315	0.052192	0.0504986	0.0502127	0.0498869	0.0500697	0.0498207	0.0491583	0.0488403	0.0486762	0.0483114	0.04795	0.0476551	0.0473833	0.0472181	0.0470341	0.0468689	0.0466934	0.0465371	0.0458494	0.0453712	0.0449937	0.0446095	0.0444742	0.0447417	0.0444238	0.0441497	0.0438504	0.0436835	0.0434624	0.0432145	0.0429428	0.0426118	0.0423698	0.0416984	0.0417014	0.0415555	0.0414105	0.0408417	0.040629	0.0405039	0.0402381	0.0398643	0.0394357	0.0389533	0.0384242	0.0378899	0.0382122	0.0371984	0.0371722	0.0366724	0.0364524	0.036411	

76	0.655	8	0	task-0:0.218	|	0.570695	0.208512	0.204504	0.172933	0.26327	0.257599	0.177832	0.174228	0.173973	0.161917	0.161123	0.156714	0.151369	0.150274	0.146007	0.14079	0.1358	0.129866	0.123664	0.119628	0.114757	0.110085	0.105718	0.101603	0.0977888	0.0917998	0.0880108	0.0875281	0.0854013	0.0848872	0.0861633	0.0969857	0.0926663	0.734149	0.695125	0.112537	0.112487	0.180751	0.176897	0.109922	0.106726	0.110278	0.155318	0.138404	0.102644	0.0955621	0.149491	0.146091	0.0921723	0.0924129	0.0915857	0.0905509	0.0904924	0.0897487	0.0897183	0.0912262	0.0971359	0.0940504	0.0990152	0.0956698	0.0957714	0.0967866	0.0906264	0.0857385	0.104476	0.0883785	0.0853134	0.0853134	0.0843041	0.0867872	0.0854107	0.0815393	0.0803342	0.0789709	0.0776716	0.0759688	

98	0.718	8	0	task-0:0.182	|	0.172666	0.219507	0.21936	0.208576	0.170374	0.171735	0.169036	0.163983	0.151177	0.142122	0.128463	0.116578	0.105282	0.0943012	0.0866948	0.0843704	0.0833818	0.0865743	0.0877493	0.0896714	0.101776	0.0916054	0.0987029	0.0928983	0.0881357	0.12771	0.12771	0.0801817	0.0884865	0.0884724	0.0862878	0.0782093	0.0773958	0.0812324	0.08092	0.0773417	0.0759484	0.075645	0.0749173	0.0744084	0.0739349	0.0735634	0.0732329	0.0730638	0.0734329	0.0639678	0.0566522	0.0746538	0.0741974	0.0662597	0.0574221	0.0574221	0.059122	0.0594964	0.0560175	0.0534427	0.0530097	0.0521263	0.0515575	0.0517094	0.0510974	0.0504807	0.0499962	0.0494659	0.0490987	0.0481777	0.0475639	0.0469408	0.0463164	0.0456041	0.04487	0.0448587	0.0442094	0.0434448	0.042886	0.0419436	0.0410747	0.0405183	0.0399013	0.039489	0.0391489	0.0383883	0.0373978	0.036442	0.0356154	0.0347508	0.0339546	0.033465	0.0326439	0.0315466	0.0305097	0.02947	0.0284932	0.0279006	0.0277069	0.0272919	0.0268713	0.0262617	

116	0.92	8	0	task-0:0.192	|	0.172132	0.21986	0.219827	0.215408	0.170731	0.17139	0.187023	0.183153	0.166715	0.183375	0.170892	0.162406	0.161095	0.157272	0.154219	0.150552	0.145851	0.139763	0.132504	0.124204	0.115609	0.107556	0.100472	0.0937442	0.0882514	0.0845866	0.0833767	0.0860115	0.0855819	0.0841695	0.0852121	0.336751	0.323038	0.0877671	0.0861237	0.131986	0.133325	0.0779474	0.0812949	0.081582	0.0792333	0.0757021	0.0749668	0.0761531	0.0756033	0.0750162	0.076881	0.0751727	0.075508	0.0754769	0.0746529	0.0741202	0.0738901	0.0730252	0.0709121	0.0654948	0.0663678	0.0618974	0.0622391	0.0594775	0.0587344	0.0565547	0.0539598	0.051081	0.0483839	0.0477448	0.0449798	0.0440144	0.0438703	0.0429765	0.0424884	0.0416211	0.0406527	0.0396779	0.0385564	0.0381596	0.0376518	0.0370994	0.0364852	0.0362159	0.035513	0.0350791	0.0344502	0.0338859	0.0333218	0.0326089	0.031808	0.0310234	0.030212	0.0298897	0.0292437	0.0290088	0.028594	0.0280973	0.0275719	0.0270283	0.0264838	0.0259525	0.0255151	0.0251006	0.0247742	0.0247831	0.0241459	0.0234588	0.0229836	0.0225877	0.0223622	0.0221295	0.0216615	0.0213267	0.0210354	0.0209539	0.0206094	0.0203081	0.0201285	0.0199025	

113	0.89	8	0	task-0:0.186	|	0.256931	0.219161	0.218804	0.196402	0.277074	0.274816	0.180789	0.195079	0.194751	0.178131	0.18053	0.178596	0.171682	0.170496	0.167986	0.165495	0.162481	0.158792	0.153661	0.146587	0.136748	0.123765	0.107648	0.089092	0.0771622	0.0743243	0.0744473	0.0736678	0.0730919	0.0724078	0.0779314	0.106996	0.10063	0.319558	0.271809	0.10868	0.108645	0.100935	0.101062	0.104434	0.103734	0.0952821	0.106497	0.106661	0.0926015	0.0880397	0.0845201	0.0811851	0.0789	0.0764211	0.0754695	0.0706284	0.0972679	0.0598385	0.0802132	0.0800662	0.0652404	0.0667581	0.0666427	0.0541097	0.0667679	0.0663829	0.0581143	0.0529801	0.0527441	0.053539	0.057872	0.0582891	0.0564355	0.0545893	0.0545631	0.0554812	0.0555363	0.0551393	0.0546901	0.0542453	0.0537447	0.0532159	0.0527414	0.0523625	0.0522012	0.0525163	0.0583736	0.0520311	0.0511527	0.050687	0.0487985	0.0479295	0.0451355	0.0435216	0.0425309	0.0404249	0.0392028	0.0383206	0.0377705	0.0368544	0.0361952	0.0359075	0.0354283	0.0347043	0.0340513	0.0337596	0.0338259	0.0336694	0.0335572	0.0335803	0.032962	0.0330754	0.0327382	0.0325022	0.0322262	0.0319405	0.0320391	

68	0.452	8	0	task-0:0.198	|	0.194032	0.219583	0.219393	0.206545	0.197018	0.195798	0.174789	0.174071	0.163495	0.161044	0.15369	0.148654	0.142251	0.133932	0.12397	0.112919	0.108058	0.100861	0.0914008	0.0805253	0.0758518	0.0750331	0.0754512	0.0748034	0.0779509	0.112387	0.784135	0.78859	0.428798	0.0946155	0.0945091	0.0956726	0.533986	0.529494	0.17626	0.0893654	0.0880615	0.0916995	0.150382	0.128454	0.0820711	0.178892	0.175787	0.0790709	0.0953615	0.0856539	0.09816	0.0808127	0.0837805	0.089319	0.0878806	0.0872173	0.0859054	0.084435	0.0824234	0.0816408	0.0819106	0.0820758	0.0843299	0.0831728	0.0842119	0.082627	0.0836208	0.082511	0.0826124	0.080852	0.0774934	0.731494	

123	0.952	8	0	task-0:0.192	|	0.334608	0.211525	0.206567	0.176139	0.198356	0.196376	0.168584	0.179154	0.179132	0.169375	0.167987	0.167243	0.165665	0.165183	0.163336	0.161218	0.15842	0.154431	0.148573	0.139229	0.123695	0.10578	0.102884	0.0935917	0.0896052	0.0865996	0.0866029	0.0871195	0.0887052	0.10096	0.155592	0.0998094	0.30604	0.192153	0.508287	0.349235	0.1994	0.196612	0.189859	0.422636	0.382765	0.210335	0.166558	0.153286	0.107296	0.274029	0.274029	0.126809	0.104067	0.100839	0.0978824	0.098286	0.0911272	0.0872018	0.0874859	0.0884488	0.0883199	0.0857149	0.0861247	0.0868152	0.0864314	0.0860408	0.0859986	0.0858106	0.0859631	0.0856394	0.0851448	0.0844736	0.0831544	0.0797273	0.0895511	0.089109	0.0871725	0.0792714	0.0781049	0.073763	0.0741282	0.0739784	0.0717998	0.0707678	0.0701578	0.0703288	0.0698602	0.0691771	0.0687105	0.068191	0.0676042	0.066957	0.0665759	0.0660574	0.065502	0.0649178	0.0642158	0.0634706	0.0633522	0.0629593	0.0630832	0.0640698	0.0633845	0.0632736	0.0635803	0.0631307	0.0629473	0.062974	0.0630746	0.0632065	0.0627879	0.0633969	0.0635426	0.0635471	0.0636526	0.0640043	0.0644452	0.0648414	0.0652164	0.0656576	0.0661964	0.066982	0.0682725	0.0704899	0.0700901	0.0823526	0.0752628	

131	0.904	8	0	task-0:0.136	|	0.447466	0.216493	0.215511	0.189847	0.204289	0.204344	0.16964	0.184711	0.184384	0.172142	0.166647	0.165389	0.165343	0.164267	0.161021	0.15732	0.154536	0.15288	0.149881	0.145447	0.140192	0.134221	0.12778	0.121288	0.115118	0.109323	0.104027	0.0984007	0.0896444	0.0800192	0.0743447	0.0746799	0.0748927	0.078554	0.0867398	0.727451	0.557493	0.132574	0.132574	0.106776	0.650262	0.650262	0.274319	0.109197	0.108998	0.0981833	0.352701	0.352396	0.132824	0.0984061	0.0977759	0.0928464	0.0930366	0.090438	0.0889394	0.0876918	0.0864244	0.0857928	0.0849648	0.0847584	0.08474	0.085111	0.0838501	0.0820387	0.0806119	0.0788998	0.07657	0.0737581	0.0701377	0.0654117	0.0604301	0.0598658	0.056077	0.0515723	0.0521929	0.0498489	0.0469271	0.0429503	0.0422385	0.0401386	0.0394727	0.0390391	0.0382117	0.0381345	0.0374949	0.036843	0.0366665	0.0365889	0.0363291	0.0361686	0.0359983	0.035714	0.0353845	0.0350048	0.0345695	0.0341827	0.0337799	0.033371	0.0329929	0.0327364	0.0323873	0.0319529	0.031479	0.0312836	0.0310333	0.0306888	0.0303847	0.0300398	0.0296594	0.0295685	0.0293416	0.0291277	0.0288747	0.0285463	0.0281658	0.0277652	0.028027	0.0276498	0.0273164	0.0270547	0.0267821	0.0269626	0.0267007	0.0264776	0.0264827	0.0266339	0.0266818	0.0266433	0.026548	0.0264892	0.0264203	

233	1.42	8	0	task-0:0.086	|	0.179753	0.219725	0.219037	0.167776	0.728989	0.724335	0.425092	0.169309	0.168474	0.186219	0.186215	0.15599	0.169544	0.16827	0.157516	0.155426	0.154881	0.153592	0.153195	0.151723	0.150353	0.14907	0.147422	0.145469	0.143173	0.140507	0.1373	0.133712	0.129716	0.12539	0.121048	0.116465	0.111076	0.106007	0.101431	0.0971918	0.0932577	0.0916677	0.0889127	0.0890768	0.0871354	0.0856885	0.0844322	0.124119	0.12355	0.0832463	0.0831501	0.0821444	0.153487	0.152473	0.081123	0.0820124	0.0820081	0.0809837	0.0830566	0.0829768	0.0801193	0.080034	0.079983	0.079797	0.0796412	0.0795111	0.0792367	0.0789369	0.0786284	0.0783841	0.0778398	0.0773215	0.0767183	0.0760236	0.0752368	0.0743684	0.0732951	0.0725653	0.0719555	0.0712887	0.0706825	0.0703312	0.0697489	0.0701064	0.0679592	0.0682443	0.0690134	0.0675872	0.0675456	0.0672054	0.0673006	0.0680119	0.071075	0.0663638	0.0680095	0.0743373	0.0894661	0.105221	0.105682	0.0974438	0.0986417	0.106614	0.109746	0.0981082	0.0916061	0.0890181	0.100861	0.0920905	0.122347	0.121271	0.0914524	0.0900781	0.0895473	0.0804688	0.0871649	0.0828991	0.0760286	0.0761679	0.0756415	0.0767293	0.0762962	0.0743254	0.0725516	0.0710888	0.0698755	0.0689171	0.0680259	0.0671149	0.0662915	0.0655512	0.0639799	0.0622418	0.0605227	0.059515	0.0584611	0.0574036	0.0561797	0.0547778	0.0540524	0.0531208	0.0520228	0.0516832	0.0512577	0.0507565	0.0505096	0.0500127	0.0502148	0.05009	0.0501233	0.0506069	0.0516111	0.0521912	0.0491955	0.040036	0.0389524	0.0354176	0.0336616	0.0329153	0.0334667	0.0326862	0.0304522	0.0297867	0.0288284	0.0276241	0.0266461	0.0256654	0.0246974	0.0238477	0.0224343	0.0213292	0.0209375	0.0202704	0.0195292	0.018724	0.0178729	0.0169985	0.0161499	0.0156149	0.0146189	0.0136462	0.0130624	0.0124369	0.0119866	0.0115741	0.0112478	0.0109251	0.010514	0.0100844	0.00974284	0.00944053	0.00913915	0.00878504	0.00840197	0.00796381	0.00757064	0.00723802	0.00690568	0.0065364	0.00618301	0.00585582	0.00552116	0.00533129	0.00512453	0.00493267	0.00475494	0.00458591	0.00442146	0.00423259	0.00403251	0.00383356	0.00362244	0.00350465	0.00326694	0.00310247	0.00302157	0.00285759	0.00274554	0.00265918	0.00250203	0.00237703	0.00226657	0.00220009	0.00200053	0.00195627	0.00180616	0.00171999	0.00170572	0.00170133	0.00168905	0.00162993	0.00157901	0.00151767	0.00149377	0.00150757	0.00148457	0.00146255	0.00145037	

150	1.061	8	0	task-0:0.154	|	0.593935	0.214778	0.212166	0.174829	0.254948	0.24742	0.171529	0.173501	0.173001	0.161631	0.159963	0.155002	0.152682	0.150271	0.144618	0.137118	0.128037	0.118036	0.112233	0.104499	0.0966503	0.0889084	0.0822333	0.0794679	0.0749282	0.0724413	0.0720029	0.0718512	0.0732252	0.0772676	0.0956668	0.143514	0.101613	0.368276	0.146824	0.207984	0.204808	0.181782	0.134152	0.0898178	0.0944998	0.136563	0.0976422	0.0859014	0.0852803	0.0842782	0.0939854	0.0909276	0.0841297	0.0830377	0.0838878	0.0849716	0.085736	0.0854024	0.087352	0.089022	0.0869778	0.0881431	0.0873748	0.0882959	0.0913959	0.0902674	0.09043	0.0894049	0.0897924	0.0886384	0.0879185	0.0875313	0.0870761	0.0866246	0.0859679	0.085196	0.0843714	0.0834833	0.0825003	0.0814517	0.0803572	0.0790462	0.0778216	0.0770556	0.0761612	0.0754208	0.0747959	0.0738033	0.0730117	0.0720575	0.0707775	0.0693026	0.0677919	0.0658931	0.0639477	0.0631746	0.0609906	0.0584618	0.0559939	0.0533354	0.0514735	0.0522796	0.0502468	0.0478486	0.047254	0.0472735	0.0470125	0.0461476	0.0447269	0.043286	0.0418102	0.040632	0.0393739	0.0383653	0.0371503	0.0358548	0.0349849	0.0338515	0.0326609	0.0315959	0.0319304	0.0313451	0.0305973	0.0305565	0.0294912	0.0286557	0.0284287	0.0280265	0.0275163	0.0269	0.0261973	0.0254086	0.0245532	0.0237641	0.023572	0.0225066	0.0220856	0.0217615	0.0214003	0.0211129	0.0215708	0.0213381	0.0209417	0.0208352	0.0206779	0.0206384	0.0205395	0.0203636	0.0201813	0.019774	0.0193956	0.0189751	0.0185208	0.018087	

140	0.764	8	0	task-0:0.186	|	0.199011	0.219615	0.219568	0.210729	0.178964	0.179048	0.185102	0.185047	0.172423	0.18014	0.178735	0.169683	0.170768	0.169897	0.165816	0.162932	0.160424	0.158443	0.155648	0.151326	0.146053	0.139709	0.132281	0.124079	0.116718	0.112495	0.107717	0.103091	0.0987145	0.0950729	0.0943651	0.0912291	0.0895619	0.0867066	0.084726	0.0838191	0.0825803	0.0859744	0.45904	0.435502	0.0855724	0.0845266	0.100889	0.0953186	0.144245	0.127226	0.0927466	0.0899659	0.0891398	0.0888687	0.0895873	0.0824854	0.0823951	0.0779884	0.0756442	0.0786752	0.0751257	0.0760074	0.0758145	0.0742648	0.0744892	0.074033	0.0741531	0.0740401	0.0739229	0.0741081	0.0742524	0.0743996	0.0748324	0.0754994	0.0753666	0.06864	0.0634383	0.0736927	0.0734451	0.0667903	0.0617347	0.0610434	0.0630581	0.0632538	0.0617296	0.0600265	0.0580905	0.0559653	0.0568446	0.0547988	0.0532132	0.0514825	0.0516324	0.0495315	0.0473997	0.0461942	0.0449424	0.0430997	0.0409467	0.039363	0.0373153	0.035109	0.0327375	0.0302072	0.0276826	0.0251325	0.0233425	0.026997	0.0213561	0.0267655	0.0267655	0.0216249	0.0220129	0.0220129	0.0207865	0.0214596	0.0212684	0.020652	0.020454	0.0203316	0.0202849	0.0202049	0.0200963	0.0200144	0.0199657	0.0199317	0.0197763	0.0196225	0.0193604	0.0191133	0.0188039	0.0185027	0.0182125	0.0181463	0.0179807	0.0177941	0.017606	0.0173485	0.0171145	0.0169842	0.0168187	0.0165331	0.0162628	0.0159758	

157	0.889	8	0	task-0:0.13	|	0.190924	0.21979	0.219725	0.213111	0.180576	0.18065	0.189919	0.189867	0.175583	0.18081	0.178988	0.170762	0.171676	0.169511	0.165501	0.162426	0.159421	0.155732	0.150986	0.144633	0.136658	0.12715	0.117001	0.107447	0.10296	0.0972886	0.090735	0.0859514	0.0807332	0.0776211	0.0789527	0.0829961	0.0920126	0.344408	0.237843	0.100134	0.0999788	0.0999829	0.298725	0.291083	0.128075	0.0957284	0.0945814	0.0947626	0.105554	0.0962171	0.0966907	0.0875389	0.085989	0.0834951	0.0853882	0.132399	0.104306	0.0962757	0.0881629	0.0916105	0.0914932	0.0850475	0.085922	0.0845931	0.08279	0.0824562	0.0817841	0.0809389	0.08024	0.0799244	0.0804153	0.0809082	0.0816028	0.0822564	0.0832224	0.0846999	0.0843656	0.0844115	0.0844183	0.0838764	0.0834786	0.0825047	0.0814822	0.080365	0.07912	0.0777434	0.0764315	0.0747085	0.0722809	0.0679802	0.0625734	0.0611419	0.0568316	0.0564069	0.0532377	0.0489308	0.0452394	0.0456307	0.0448347	0.0422626	0.0406434	0.0389365	0.0383782	0.0392954	0.0385961	0.0377428	0.0369671	0.0360304	0.0349648	0.0346191	0.0339796	0.0329298	0.0324088	0.032253	0.0319308	0.0309492	0.0301693	0.0293822	0.0286952	0.0285673	0.0281093	0.027573	0.027047	0.0264103	0.0255498	0.0254219	0.0253091	0.0246069	0.024071	0.0235446	0.0235031	0.0232875	0.0230903	0.0224673	0.0220246	0.0218857	0.0216506	0.0213643	0.0210462	0.0206971	0.0200397	0.0199904	0.01973	0.0194268	0.019075	0.018669	0.0182027	0.0177414	0.0175365	0.0179679	0.0178169	0.0174468	0.0173165	0.0172828	0.0171967	0.0170871	0.0169611	0.0168182	0.0166795	0.0165121	0.0163238	

80	0.531	8	0	task-0:0.194	|	0.597727	0.200341	0.194753	0.171802	0.216133	0.213465	0.174399	0.172129	0.171679	0.16551	0.166216	0.164037	0.160889	0.161641	0.16074	0.158583	0.156629	0.154452	0.152108	0.150496	0.148207	0.145583	0.142628	0.140245	0.137405	0.134613	0.132055	0.13	0.127978	0.12618	0.124345	0.121963	0.120112	0.119272	0.118877	0.11801	0.116424	0.11186	0.104405	0.101423	0.0740472	0.0772511	0.0742921	0.0816146	0.0881584	0.0902056	0.0908442	0.0907133	0.0900012	0.0855825	0.0738513	0.0881003	0.331247	0.170223	0.118184	0.117675	0.103213	0.23769	0.237424	0.109926	0.101128	0.100051	0.0999661	0.112594	0.110963	0.0990089	0.0942933	0.0917994	0.0905301	0.0900134	0.0915224	0.0898565	0.0830228	0.0823706	0.101985	0.0986951	0.1183	0.118305	0.126122	0.159597	

68	0.359	8	0	task-0:0.192	|	0.344915	0.219535	0.219508	0.204856	0.248756	0.248689	0.170024	0.168158	0.160607	0.153539	0.153898	0.152015	0.144395	0.135896	0.128448	0.121822	0.11391	0.105005	0.0953785	0.0864631	0.0799053	0.0755929	0.076334	0.0762118	0.0791698	0.0825834	0.0802942	0.0837937	0.0850703	0.0965774	0.0920805	0.100354	0.0896863	0.0900892	0.144627	0.0992708	0.117892	0.117892	0.0986545	0.104915	0.104915	0.0947801	0.0969092	0.0956954	0.0934972	0.0941631	0.0935121	0.0925396	0.0920511	0.0916521	0.0914839	0.0911369	0.090667	0.0901109	0.089637	0.0891568	0.0886137	0.0879354	0.0871408	0.0862364	0.0852115	0.084063	0.0828991	0.0831182	0.0823226	0.0820327	0.0820405	0.0821348	

102	0.702	8	0	task-0:0.15	|	0.244356	0.217237	0.216544	0.194278	0.205158	0.205191	0.174829	0.17314	0.168437	0.164642	0.161054	0.156076	0.149471	0.141912	0.132581	0.127129	0.119834	0.113043	0.108435	0.104133	0.100334	0.0961281	0.089219	0.0869361	0.0838905	0.0813793	0.077983	0.0740958	0.108308	0.786198	0.798341	0.237929	0.108005	0.107914	0.114077	0.320956	0.308016	0.129352	0.122114	0.146646	0.127119	0.100939	0.0953164	0.0938948	0.093236	0.0930231	0.0924989	0.0943919	0.151396	0.135518	0.0958715	0.100765	0.0865266	0.0766392	0.0982912	0.0950479	0.0801344	0.075839	0.0738152	0.0778365	0.0796194	0.0788759	0.0788454	0.0800643	0.0853491	0.0793846	0.0816651	0.0868469	0.0823546	0.0831073	0.0985566	0.106773	0.103804	0.0920334	0.085276	0.0851153	0.0867692	0.0889576	0.0924951	0.091992	0.0943125	0.0962572	0.0926437	0.091737	0.0914028	0.0917631	0.0858113	0.0910359	0.0962219	0.0869794	0.0902548	0.0857764	0.0827986	0.0795851	0.0764421	0.0796829	0.0746885	0.0768636	0.0775985	0.0782494	0.073117	0.0700123	

75	0.359	8	0	task-0:0.198	|	0.343139	0.211259	0.208161	0.177729	0.228268	0.224274	0.170682	0.181503	0.18147	0.170131	0.17058	0.169591	0.166017	0.165464	0.163417	0.161076	0.158037	0.15377	0.147702	0.138888	0.126822	0.122508	0.114037	0.105062	0.0949784	0.0853447	0.082197	0.0993944	0.12812	0.0953694	0.101443	0.101931	0.104582	0.0967434	0.114919	0.461389	0.333388	0.218562	0.212283	0.0973989	0.471884	0.459896	0.210817	0.190217	0.156214	0.125301	0.132941	0.117554	0.132065	0.12833	0.140003	0.137213	0.133751	0.128423	0.128847	0.130273	0.13217	0.136951	0.138718	0.137586	0.136064	0.132659	0.129567	0.126876	0.12343	0.119461	0.12027	0.116983	0.113526	0.115006	0.115791	0.109507	0.0958718	0.0890736	0.0947544	

111	0.577	8	0	task-0:0.2	|	0.256176	0.216425	0.214535	0.183361	0.232714	0.232765	0.169314	0.188426	0.18842	0.172773	0.169472	0.168558	0.166311	0.165726	0.16388	0.162321	0.160512	0.15831	0.155525	0.151864	0.147277	0.141511	0.134288	0.125263	0.114897	0.105513	0.0963388	0.0928166	0.0878631	0.0839001	0.0773015	0.0755422	0.0798088	0.0953019	0.504049	0.465913	0.0996306	0.0960484	0.134453	0.117051	0.0950858	0.106053	0.0883059	0.0879163	0.104231	0.0813198	0.0823825	0.0796848	0.203278	0.201801	0.0908343	0.0826992	0.0821292	0.0740738	0.102764	0.104438	0.0786557	0.0733117	0.0729713	0.0726828	0.072766	0.0724588	0.0727873	0.072565	0.0732887	0.0721341	0.07169	0.070606	0.0692167	0.0686892	0.0683909	0.0682873	0.0678307	0.0671602	0.0665444	0.0660194	0.0657227	0.0648896	0.065649	0.0651127	0.0641737	0.0640636	0.0639845	0.064061	0.0643194	0.0648907	0.0658458	0.0675938	0.0711279	0.0691384	0.0692038	0.0699132	0.0718865	0.073531	0.0788066	0.0883956	0.0922758	0.0983098	0.0955126	0.0906145	0.0850201	0.0804167	0.0783988	0.0762444	0.0745253	0.0738609	0.0739846	0.0736071	0.0731583	0.0729373	0.0724435	

112	0.734	8	0	task-0:0.162	|	0.170942	0.218072	0.209972	0.72058	0.718699	0.227546	0.213469	0.213385	0.190722	0.271185	0.267951	0.172923	0.184303	0.177025	0.150415	0.136975	0.128838	0.119031	0.114506	0.106567	0.100014	0.0962904	0.0939526	0.0920823	0.0901744	0.0890753	0.087405	0.0855045	0.0841874	0.0834867	0.081701	0.0809696	0.0792158	0.0777843	0.0771342	0.0763823	0.0757522	0.0754575	0.0746638	0.0750663	0.0771247	0.0804092	0.0872695	0.0884204	0.0893333	0.0872778	0.0823399	0.0810053	0.0779403	0.0751975	0.0741794	0.0723307	0.0704581	0.0692241	0.067855	0.0665082	0.0649671	0.0631671	0.0613703	0.0594589	0.0575701	0.0558694	0.0548835	0.0540547	0.0531959	0.0524257	0.0516811	0.0513799	0.0507766	0.0501096	0.0493583	0.0485475	0.0476599	0.0466976	0.0457174	0.0446571	0.0436273	0.0428033	0.0422947	0.0416903	0.0410219	0.0402773	0.0394698	0.0386647	0.0378819	0.0371893	0.0364308	0.0363718	0.0357877	0.0357252	0.0356157	0.0360851	0.036641	0.0374452	0.0386574	0.0408173	0.0402147	0.0410488	0.0403118	0.039021	0.0384075	0.0372971	0.0365719	0.0359598	0.0361767	0.035585	0.0350864	0.034981	0.0351439	0.03523	0.0351099	0.0350088	

441	2.589	8	0	task-0:0.078	|	0.338401	0.218674	0.218372	0.205225	0.175478	0.181422	0.165491	0.174137	0.172087	0.156244	0.147447	0.141578	0.133039	0.130427	0.123047	0.114704	0.108917	0.102936	0.096487	0.088923	0.0792537	0.0713652	0.0718289	0.0697096	0.0712488	0.0740234	0.083129	0.110094	0.0966317	0.0818091	0.0816576	0.0838407	0.0900667	0.0891497	0.0856369	0.0856399	0.0868202	0.223126	0.202916	0.12925	0.115455	0.108789	0.106336	0.080954	0.0743725	0.0733086	0.0707123	0.0682768	0.0669994	0.0654155	0.0635243	0.0619727	0.0605867	0.0593741	0.0586486	0.0569109	0.0558187	0.0549618	0.0534726	0.0588371	0.0553275	0.0517231	0.0516849	0.0539486	0.0539892	0.0513749	0.0452729	0.0299777	0.0278467	0.025506	0.0241324	0.0238995	0.0231511	0.0225865	0.0217525	0.020789	0.0206408	0.020207	0.0200757	0.0193904	0.0188967	0.0185628	0.0179894	0.0177646	0.0173342	0.016847	0.0163261	0.0157686	0.0152225	0.014666	0.0140851	0.0135233	0.0127862	0.0118052	0.011055	0.0104276	0.0099552	0.00981121	0.00886399	0.00833485	0.00782181	0.00736909	0.00693076	0.00671435	0.0062016	0.00566941	0.00529468	0.00513468	0.00494817	0.00467646	0.00451557	0.00448722	0.00452166	0.00430045	0.00409844	0.00396484	0.00384217	0.00375399	0.00363784	0.00351827	0.00338594	0.00324175	0.00308796	0.00295612	0.00291742	0.00274409	0.0026137	0.00251932	0.00243973	0.00239313	0.0023125	0.00225308	0.0020765	0.00187802	0.00176809	0.00167897	0.00162647	0.00163363	0.00152388	0.00148278	0.00143155	0.00148055	0.00148055	0.00142873	0.00140593	0.00139019	0.00137818	0.00136549	0.00135529	0.00133473	0.00130874	0.00128657	0.00126376	0.00123075	0.00119853	0.00116501	0.00114981	0.00112111	0.00107728	0.00104406	0.00101513	0.000993384	0.000981749	0.0010024	0.000971216	0.000936139	0.000914728	0.000892082	0.000866216	0.000840976	0.000818127	0.000796946	0.000777218	0.000760933	0.000750835	0.000729903	0.000716435	0.000679711	0.000642908	0.000608743	0.000574771	0.000543164	0.000515307	0.000505013	0.000502898	0.00046944	0.000440629	0.00043879	0.000419834	0.000396424	0.000386478	0.000389148	0.000383139	0.000369049	0.000359073	0.000347635	0.000334982	0.000320995	0.000305592	0.000287295	0.000286629	0.000271325	0.000260618	0.000253397	0.000243183	0.000241118	0.000235712	0.000220116	0.000208351	0.000197343	0.00018631	0.000175937	0.000170002	0.000169759	0.000161277	0.000154416	0.000146955	0.000136149	0.000134367	0.000123542	0.000114616	0.000109772	0.000106249	0.000108225	0.000103711	9.89778e-005	9.66284e-005	9.72104e-005	9.60435e-005	9.25276e-005	8.99046e-005	8.70193e-005	8.38627e-005	8.0489e-005	7.71555e-005	8.112e-005	7.51459e-005	7.02947e-005	6.7991e-005	6.7688e-005	6.67635e-005	6.49273e-005	6.34739e-005	6.1672e-005	6.11622e-005	6.1301e-005	6.10658e-005	5.86106e-005	5.81203e-005	5.61161e-005	5.43981e-005	5.25938e-005	5.0748e-005	4.89393e-005	4.61504e-005	4.33962e-005	4.1008e-005	3.86863e-005	3.71223e-005	3.6057e-005	3.58417e-005	3.37051e-005	3.22547e-005	3.42552e-005	3.2147e-005	2.96413e-005	2.82892e-005	2.81357e-005	2.77091e-005	2.74387e-005	2.60331e-005	2.50373e-005	2.40729e-005	2.32197e-005	2.28678e-005	2.24778e-005	2.18074e-005	2.11233e-005	2.04105e-005	1.96644e-005	1.89171e-005	1.82231e-005	1.90418e-005	1.73274e-005	1.55251e-005	1.47967e-005	1.46271e-005	1.41011e-005	1.38224e-005	1.37434e-005	1.36076e-005	1.35997e-005	1.30292e-005	1.24758e-005	1.19642e-005	1.14471e-005	1.08875e-005	1.03552e-005	1.04723e-005	1.0272e-005	9.49409e-006	8.96166e-006	8.43201e-006	7.90791e-006	7.97194e-006	7.98763e-006	7.47891e-006	7.05314e-006	6.97384e-006	6.81962e-006	6.68217e-006	6.51282e-006	6.35192e-006	6.20028e-006	5.95136e-006	5.65763e-006	5.41394e-006	5.98023e-006	5.36082e-006	4.8157e-006	4.64732e-006	4.46126e-006	4.27995e-006	4.05183e-006	3.82277e-006	3.61105e-006	3.41111e-006	3.2481e-006	3.18285e-006	3.16396e-006	2.91494e-006	2.77055e-006	2.62591e-006	2.47059e-006	2.59737e-006	2.4074e-006	2.25734e-006	2.24436e-006	2.17415e-006	2.08873e-006	2.01924e-006	1.95829e-006	1.89571e-006	1.83928e-006	1.88557e-006	1.77324e-006	1.6604e-006	1.58653e-006	1.51906e-006	1.46106e-006	1.42015e-006	1.40679e-006	1.34388e-006	1.29334e-006	1.23975e-006	1.25478e-006	1.19495e-006	1.13312e-006	1.06515e-006	1.0084e-006	9.51918e-007	8.93905e-007	8.44807e-007	8.44232e-007	7.98697e-007	7.69621e-007	7.42075e-007	7.11927e-007	7.62028e-007	7.10104e-007	6.63801e-007	6.32232e-007	6.36483e-007	6.08063e-007	5.91003e-007	5.70915e-007	5.49459e-007	5.27239e-007	5.05387e-007	5.03617e-007	4.84397e-007	4.68304e-007	4.54327e-007	4.39217e-007	4.25067e-007	4.17039e-007	4.14968e-007	3.89627e-007	3.71158e-007	3.50555e-007	3.31167e-007	3.36287e-007	3.22049e-007	3.1138e-007	3.07646e-007	3.0509e-007	2.9967e-007	2.91588e-007	2.76216e-007	2.72022e-007	2.59568e-007	2.50388e-007	2.45499e-007	2.38767e-007	2.30471e-007	2.2206e-007	2.18552e-007	2.1578e-007	2.15331e-007	2.14667e-007	2.1182e-007	2.04302e-007	2.00702e-007	1.9951e-007	1.89814e-007	1.80169e-007	1.72115e-007	1.64114e-007	1.55782e-007	1.48175e-007	1.41786e-007	1.41581e-007	1.3522e-007	1.30616e-007	1.31367e-007	1.3745e-007	1.3088e-007	1.21263e-007	1.16007e-007	1.12283e-007	1.0888e-007	1.06315e-007	1.00814e-007	9.72363e-008	9.61266e-008	9.53607e-008	9.44462e-008	9.1846e-008	8.69147e-008	8.03212e-008	7.62261e-008	

129	0.702	8	0	task-0:0.156	|	0.219429	0.219229	0.218893	0.204106	0.182131	0.182153	0.176047	0.175868	0.165253	0.166923	0.160863	0.156688	0.155059	0.150379	0.145309	0.139841	0.133013	0.124711	0.115526	0.105834	0.0962646	0.0885852	0.0864541	0.0814288	0.0774796	0.0749218	0.0732791	0.0761812	0.0849303	0.0939092	0.567752	0.523903	0.10481	0.103791	0.108336	0.360029	0.194203	0.189144	0.631444	0.631444	0.511213	0.189068	0.188535	0.279298	0.278912	0.182557	0.180979	0.186258	0.240074	0.217108	0.181169	0.173692	0.172837	0.166457	0.156826	0.136021	0.113922	0.0988527	0.0914458	0.0865171	0.0872493	0.0898283	0.0874032	0.0858348	0.0850184	0.0843271	0.0837711	0.0821053	0.0818777	0.0813672	0.0812227	0.077378	0.077082	0.0766189	0.0740808	0.0746151	0.0716821	0.0685998	0.0669321	0.0672857	0.0666983	0.0665982	0.0671338	0.0678985	0.0681631	0.0682353	0.0685671	0.0691473	0.0698575	0.0694791	0.0700011	0.070881	0.0726853	0.0703353	0.0706224	0.0715817	0.0724898	0.073449	0.0733319	0.0757282	0.0800282	0.0773366	0.0907916	0.0907916	0.0800114	0.0774257	0.0773712	0.0777914	0.0781059	0.0776453	0.0776609	0.0772888	0.0772398	0.0772929	0.0770252	0.0769398	0.0769304	0.0768725	0.0770024	0.0770533	0.0775661	0.0770886	0.0764268	0.0762382	0.0761473	0.0760564	0.0758182	0.0755147	0.0752636	

120	0.764	8	0	task-0:0.19	|	0.456713	0.214559	0.21267	0.177529	0.229159	0.22914	0.173789	0.182533	0.182445	0.16945	0.172174	0.170166	0.164274	0.167453	0.165953	0.159263	0.151714	0.143472	0.13865	0.130863	0.122198	0.113434	0.105738	0.0992585	0.0937001	0.0864276	0.0818914	0.0789005	0.0782629	0.0801666	0.0853722	0.094669	0.11296	0.622041	0.450652	0.210765	0.208893	0.183306	0.526589	0.516287	0.306892	0.157662	0.134543	0.135014	0.144609	0.0797093	0.0712354	0.0754465	0.0666109	0.0770596	0.0706038	0.0612844	0.0589451	0.0614803	0.0609247	0.0586334	0.0580082	0.0589116	0.060823	0.0629326	0.0627739	0.0544832	0.0508572	0.0748707	0.0750809	0.0532929	0.0485723	0.0527649	0.0527056	0.0516303	0.0536256	0.0508845	0.0479919	0.0452326	0.0430514	0.0423597	0.0421466	0.0405238	0.041078	0.0417484	0.0408295	0.0398902	0.0388471	0.0377328	0.0365193	0.0352537	0.0338124	0.0329078	0.0327751	0.0344389	0.0333715	0.0351267	0.0351756	0.0335896	0.0332961	0.0331188	0.033332	0.0333199	0.0331266	0.033054	0.0330468	0.0330949	0.0330685	0.0330255	0.0330205	0.0330218	0.0330218	0.0330225	0.0330294	0.0330453	0.0330676	0.0330957	0.0331317	0.0331793	0.0332329	0.0332169	0.0332348	0.0331958	0.0331651	0.0331247	

126	0.718	8	0	task-0:0.158	|	0.333795	0.216901	0.214912	0.182671	0.247044	0.2469	0.168067	0.188024	0.18797	0.170863	0.16698	0.165374	0.162604	0.161474	0.158356	0.155006	0.151944	0.147799	0.142588	0.135904	0.127901	0.118934	0.109899	0.101695	0.097247	0.0920249	0.0866081	0.0807617	0.078417	0.0762377	0.0768206	0.0824912	0.0965024	0.20155	0.153825	0.0962415	0.095861	0.0963505	0.118463	0.106417	0.0913786	0.0917197	0.0892866	0.097086	0.100887	0.0929819	0.0905388	0.0900723	0.0912321	0.0923625	0.0939517	0.0944902	0.094993	0.0934998	0.0927115	0.0924597	0.0896921	0.0877678	0.08577	0.0838684	0.0821116	0.0805347	0.0800698	0.0783854	0.0762423	0.0759036	0.0730038	0.0708198	0.0674717	0.0628406	0.0626771	0.0548643	0.0518468	0.0484385	0.044939	0.043702	0.0430396	0.0410654	0.044516	0.0443807	0.0417732	0.0413178	0.0412231	0.0409906	0.0410083	0.0408276	0.0406043	0.0400905	0.0396881	0.039333	0.0391929	0.0389494	0.038686	0.038407	0.0381039	0.0375538	0.0371887	0.0369876	0.0367206	0.0364366	0.03613	0.0358039	0.0356927	0.035485	0.0352444	0.0349665	0.0346485	0.0344831	0.0343008	0.0340712	0.0338209	0.033533	0.0331995	0.032811	0.0323583	0.0326845	0.0321705	0.0321431	0.0321466	0.0321061	0.0321558	0.0320719	0.0319973	0.0319351	0.0318332	0.031708	

64	0.374	8	0	task-0:0.204	|	0.655637	0.193696	0.188482	0.181539	0.181579	0.169248	0.168288	0.162999	0.158781	0.154327	0.148194	0.139166	0.126461	0.113174	0.0992687	0.0971701	0.0861514	0.0792867	0.0775852	0.0758256	0.0821858	0.0974511	0.173766	0.134791	0.388823	0.261793	0.13641	0.134101	0.11888	0.260602	0.224423	0.108575	0.0847126	0.0771199	0.0817691	0.0822057	0.0751764	0.121276	0.0871532	0.0946824	0.0840037	0.0633148	0.0846193	0.0769112	0.0620511	0.0682154	0.0664862	0.0656829	0.0675281	0.0647642	0.0632493	0.0630081	0.0625887	0.0627383	0.0630011	0.0634904	0.0646591	0.066526	0.0691631	0.0730563	0.0765234	0.0823683	0.0777882	0.0780882	

166	1.092	8	0	task-0:0.106	|	0.296404	0.219193	0.219028	0.201015	0.235627	0.234595	0.176966	0.188001	0.181529	0.172672	0.172641	0.174416	0.17406	0.171063	0.168656	0.167514	0.165283	0.163781	0.162351	0.160007	0.157235	0.154085	0.150561	0.146417	0.14047	0.129459	0.111636	0.0925583	0.100581	0.0998105	0.0983547	0.0831334	0.0746345	0.0748538	0.0737206	0.0731952	0.0681858	0.103791	0.790145	0.811189	0.141421	0.117068	0.114893	0.101525	0.242186	0.242143	0.106903	0.106494	0.128152	0.128803	0.113801	0.115285	0.128548	0.130483	0.11576	0.1833	0.0937034	0.0881905	0.0865684	0.0784366	0.0993667	0.0989756	0.0755348	0.0798386	0.0795765	0.0759815	0.074813	0.0748308	0.0721823	0.0720744	0.0693824	0.066432	0.0679204	0.0652423	0.065016	0.0649516	0.0662601	0.0660065	0.064646	0.0639639	0.0636294	0.0634355	0.0628041	0.0618605	0.0607633	0.0598025	0.0586826	0.0574112	0.0560666	0.0544434	0.0528686	0.0510033	0.0502012	0.0490268	0.0479039	0.0468401	0.0455242	0.0441603	0.0435686	0.0425562	0.0424386	0.0417889	0.0409047	0.0398899	0.0388314	0.0377813	0.0378214	0.0369154	0.0361021	0.0354025	0.0351882	0.034808	0.0343683	0.0338515	0.0332874	0.0326402	0.0319304	0.0313152	0.0305538	0.030565	0.0291716	0.03018	0.0291122	0.0287815	0.0288812	0.0277266	0.0286009	0.0274784	0.0276163	0.0282779	0.0279992	0.0278299	0.0277063	0.0275406	0.0274362	0.0277134	0.0269241	0.0272384	0.0270949	0.0266797	0.0268498	0.026725	0.0264819	0.0276646	0.0276146	0.0266741	0.0263787	0.0263542	0.0263297	0.0264527	0.0266449	0.0265	0.0262333	0.0260975	0.0260207	0.0259677	0.0259081	0.0258377	0.0257542	0.0256525	0.025539	0.0254407	0.0255938	0.0252903	0.0255976	0.0255216	

175	1.092	8	0	task-0:0.078	|	0.255313	0.219659	0.219623	0.20872	0.204915	0.204881	0.176092	0.175399	0.164099	0.159367	0.154591	0.147999	0.139565	0.130395	0.120045	0.108753	0.0976085	0.0877945	0.0861509	0.0816272	0.078653	0.0771778	0.0763826	0.0760941	0.0834698	0.10769	0.710464	0.585822	0.141689	0.141689	0.266751	0.266658	0.123238	0.12315	0.155161	0.15096	0.123973	0.115941	0.111644	0.108914	0.103842	0.0965314	0.0912854	0.0884977	0.0860025	0.0845491	0.084284	0.0847163	0.0862698	0.086479	0.0858273	0.0858914	0.0866437	0.0859353	0.0850881	0.0835177	0.079041	0.0900719	0.0829245	0.0743445	0.0739489	0.0726148	0.0715514	0.0707439	0.0703058	0.0698802	0.0691227	0.0681873	0.0675964	0.0667218	0.0657404	0.0647196	0.0635598	0.0623007	0.0609888	0.0599857	0.0588544	0.057728	0.0568228	0.0563376	0.0555492	0.0548169	0.0541165	0.0535851	0.0530343	0.0524602	0.051624	0.0508085	0.0498086	0.0499491	0.0483741	0.0486677	0.0482049	0.0482656	0.0481151	0.0473836	0.0470444	0.0468844	0.0466668	0.0461088	0.0456508	0.0452287	0.0449812	0.0446296	0.0442496	0.0438453	0.0434374	0.0430716	0.042815	0.042804	0.0420064	0.041965	0.039601	0.040009	0.0390134	0.037957	0.0372155	0.0368491	0.0364729	0.0360162	0.0355833	0.0352145	0.0350127	0.0344905	0.0338667	0.0353999	0.0325675	0.0361641	0.0341823	0.0307419	0.0287161	0.0271215	0.027597	0.0272785	0.0267082	0.0261744	0.0256742	0.0254225	0.02497	0.0244685	0.0239002	0.0232684	0.022563	0.0218044	0.0210378	0.0202692	0.0195387	0.019546	0.0190108	0.0185745	0.0181195	0.0180218	0.0177001	0.0174332	0.0171235	0.0168371	0.0168726	0.0165833	0.0163572	0.0161158	0.0158511	0.015772	0.0156213	0.0154999	0.0152497	0.0149925	0.0148689	0.0147819	0.0146499	0.0144504	0.0142398	0.0140271	0.0137492	0.0135355	0.0133387	

134	0.764	8	0	task-0:0.148	|	0.170857	0.219714	0.219619	0.214175	0.172193	0.309211	0.260521	0.178095	0.168744	0.167474	0.154818	0.145961	0.135133	0.118166	0.106123	0.0962572	0.0898894	0.0856443	0.0831929	0.0857178	0.083426	0.0830867	0.0850337	0.0907415	0.10283	0.096499	0.146344	0.124061	0.0974805	0.0967916	0.097042	0.0954546	0.0910022	0.0883777	0.08649	0.084262	0.0816727	0.0783741	0.0748655	0.0710761	0.0696063	0.0717066	0.0695848	0.0685518	0.0672781	0.0897499	0.0883801	0.0649598	0.0642953	0.064025	0.0628754	0.0617108	0.0611349	0.0611165	0.062283	0.0617677	0.0606625	0.0600606	0.0597688	0.0596277	0.0596046	0.0592902	0.0588224	0.0584492	0.0580892	0.0576368	0.057372	0.0570423	0.056627	0.0562743	0.0559034	0.0554926	0.0547499	0.0539539	0.0531399	0.0516671	0.0503372	0.0489608	0.0472718	0.0450696	0.0427888	0.0408372	0.0348557	0.0302289	0.024532	0.0235444	0.0209079	0.0191099	0.01749	0.0159986	0.0143177	0.0133923	0.013887	0.0130701	0.0119131	0.0111363	0.0106206	0.0102704	0.00991283	0.00964005	0.00930925	0.00904138	0.00877645	0.00845076	0.00806911	0.00767334	0.00727406	0.00691766	0.00670468	0.00603744	0.00561703	0.00521467	0.00480785	0.00442786	0.00460243	0.00412243	0.00386606	0.00388271	0.00383912	0.00361058	0.0034061	0.00334415	0.00326776	0.0030814	0.00299244	0.00287883	0.00287711	0.00285405	0.00285484	0.00270328	0.00257088	0.00244072	0.00232452	0.00232879	

155	0.905	8	0	task-0:0.162	|	0.216186	0.219737	0.219581	0.21297	0.172999	0.30358	0.271532	0.191726	0.167334	0.165861	0.165537	0.163403	0.160527	0.159241	0.157529	0.155038	0.152395	0.14906	0.144302	0.135625	0.114662	0.10575	0.0866741	0.078438	0.0795638	0.0737654	0.0757492	0.0750972	0.0788859	0.0921695	0.0955079	0.78037	0.780354	0.0808202	0.0752692	0.463602	0.383683	0.0925519	0.0925485	0.117031	0.116517	0.0818416	0.0808912	0.0834578	0.0825918	0.0776268	0.075914	0.0746831	0.0736505	0.0731003	0.0730768	0.0726754	0.071909	0.0709417	0.0704048	0.0699322	0.069612	0.0693683	0.0692041	0.0692137	0.068547	0.068173	0.0664781	0.0632026	0.059989	0.058377	0.0599418	0.0593762	0.0561785	0.0557297	0.0548744	0.0544734	0.0538524	0.0533351	0.052863	0.0524749	0.0528059	0.052934	0.0530931	0.0532252	0.0533407	0.0537257	0.0531644	0.0525333	0.0526206	0.0520592	0.0515465	0.051391	0.0514405	0.0510305	0.0506212	0.050199	0.0497519	0.0492649	0.0490466	0.0487807	0.0481075	0.0473078	0.0465707	0.0456211	0.0445109	0.0433095	0.041964	0.0405108	0.0403314	0.039182	0.0380428	0.0400809	0.0396415	0.0383376	0.0376807	0.0372574	0.0373399	0.036937	0.0362934	0.035783	0.0356596	0.0354669	0.0351828	0.034541	0.0340377	0.0335769	0.033662	0.0336426	0.0331472	0.0327672	0.0323664	0.0319532	0.0317832	0.0315195	0.0312761	0.0310618	0.0302767	0.0298125	0.0293064	0.029329	0.0292473	0.0286645	0.0282656	0.0278891	0.0278553	0.0277583	0.0273609	0.0270618	0.0270001	0.0268453	0.0266961	0.0262324	0.0259061	0.0258602	0.025694	0.0255214	0.0253512	0.024835	0.0245458	

464	2.745	8	0	task-0:0.102	|	0.365957	0.216969	0.216681	0.197603	0.180147	0.180126	0.176248	0.174903	0.165933	0.158768	0.146502	0.125149	0.0957002	0.0928649	0.080931	0.0841918	0.0793487	0.0878478	0.0877767	0.0792044	0.0769735	0.0753409	0.132632	0.132116	0.0741661	0.0738439	0.0732493	0.136147	0.130835	0.0791573	0.0721158	0.0717428	0.0712045	0.0800984	0.0791128	0.071976	0.0702509	0.0699995	0.0695975	0.0694147	0.0687486	0.0682069	0.0675945	0.0669195	0.0662133	0.0655074	0.0646854	0.0638467	0.0631066	0.062478	0.0748071	0.0659948	0.0644063	0.0646988	0.0622525	0.0629652	0.061738	0.0614568	0.0613832	0.0617322	0.0613494	0.0611536	0.0611256	0.0609969	0.0609949	0.0608964	0.0607574	0.0605686	0.0601078	0.0601219	0.0596129	0.0593383	0.059176	0.058546	0.0582387	0.0584012	0.0586333	0.0587126	0.0590964	0.0599638	0.0613074	0.0635101	0.063458	0.0630813	0.0633901	0.0635675	0.0641722	0.0653427	0.0641584	0.0641444	0.0641956	0.0642338	0.0640431	0.0632734	0.0629064	0.0616827	0.0599437	0.0575035	0.0546022	0.0546416	0.0522006	0.050173	0.0493026	0.047873	0.0452097	0.0427011	0.0408059	0.0384541	0.0361946	0.0345278	0.0342213	0.0309084	0.0287027	0.0264589	0.0246376	0.0242257	0.0225625	0.0215375	0.0212229	0.0200843	0.0190968	0.0180878	0.0179636	0.0171059	0.0160906	0.0152079	0.0147402	0.0141763	0.0134994	0.0127769	0.0123289	0.0119065	0.0112092	0.0108093	0.0106149	0.0102087	0.0097359	0.00930294	0.00896249	0.00855401	0.0081155	0.00767554	0.00710233	0.00665175	0.00643804	0.00626563	0.00599693	0.00569036	0.00543046	0.0050914	0.00484979	0.00465131	0.00444197	0.00426108	0.00405518	0.00384231	0.00362699	0.00351115	0.0033595	0.00320132	0.00306768	0.0029438	0.00281321	0.00274564	0.00266243	0.00259958	0.00255779	0.00246208	0.00236965	0.00229044	0.00221074	0.00215375	0.00207724	0.00201017	0.00196456	0.00190844	0.00186101	0.00182642	0.00176381	0.00170764	0.00164688	0.00158125	0.00151187	0.0014394	0.00136763	0.0013009	0.00127099	0.00119046	0.0011513	0.0011147	0.0011064	0.00104507	0.00100017	0.000967607	0.000934558	0.000905352	0.000877523	0.000846511	0.000816835	0.000785731	0.000755065	0.000733042	0.000721145	0.00068574	0.000656639	0.000625266	0.000590944	0.00055706	0.000524836	0.000523221	0.000487199	0.000455749	0.00044304	0.000438165	0.000421078	0.000408117	0.000397438	0.000390168	0.000386214	0.000369195	0.000355921	0.000341473	0.000324969	0.000308222	0.000291311	0.000275152	0.00027527	0.000256754	0.000247522	0.00023804	0.00022716	0.000232609	0.000216674	0.000202268	0.000195637	0.000188601	0.000182659	0.000177088	0.000170818	0.000163464	0.000155976	0.000148324	0.000140941	0.000143415	0.00013412	0.000128278	0.000122599	0.000116344	0.000110562	0.000105664	0.000113742	0.000102241	9.11039e-005	8.72513e-005	8.3608e-005	8.02789e-005	7.71271e-005	7.38251e-005	7.04814e-005	6.72354e-005	6.7091e-005	6.77956e-005	6.27296e-005	5.78853e-005	5.69271e-005	5.50735e-005	5.33115e-005	5.12109e-005	4.9086e-005	4.68862e-005	4.46732e-005	4.47931e-005	4.54071e-005	4.21718e-005	3.86072e-005	3.68951e-005	3.57432e-005	3.57491e-005	3.40158e-005	3.20189e-005	3.06419e-005	2.99521e-005	2.9542e-005	2.96279e-005	2.78643e-005	2.67368e-005	2.55401e-005	2.43008e-005	2.30666e-005	2.19159e-005	2.25391e-005	2.06145e-005	1.95932e-005	1.85339e-005	1.73582e-005	1.81801e-005	1.66539e-005	1.51537e-005	1.43727e-005	1.40877e-005	1.36572e-005	1.3198e-005	1.27305e-005	1.22469e-005	1.176e-005	1.12879e-005	1.07578e-005	1.09587e-005	1.00706e-005	9.53242e-006	8.9882e-006	8.47159e-006	8.8666e-006	8.25983e-006	7.90732e-006	7.47773e-006	7.04912e-006	6.6165e-006	6.20254e-006	6.43597e-006	5.85149e-006	5.49632e-006	5.12612e-006	4.75186e-006	4.4257e-006	4.55352e-006	4.68566e-006	4.13424e-006	3.83766e-006	3.51408e-006	3.22849e-006	3.01694e-006	3.21719e-006	2.8703e-006	2.67878e-006	2.49385e-006	2.3048e-006	2.55788e-006	2.27071e-006	2.10496e-006	1.991e-006	2.06762e-006	1.89448e-006	1.71862e-006	1.621e-006	1.58489e-006	1.52912e-006	1.54301e-006	1.59087e-006	1.58905e-006	1.51422e-006	1.47086e-006	1.42482e-006	1.37629e-006	1.32668e-006	1.28634e-006	1.32013e-006	1.26104e-006	1.21982e-006	1.17354e-006	1.12195e-006	1.065e-006	1.00302e-006	9.40094e-007	8.74662e-007	7.95203e-007	7.26165e-007	6.68193e-007	7.40288e-007	6.32732e-007	5.5419e-007	5.50396e-007	5.23732e-007	5.03035e-007	4.9439e-007	4.89453e-007	4.96007e-007	4.61936e-007	4.41249e-007	4.19555e-007	3.95846e-007	3.70952e-007	3.46367e-007	3.22982e-007	3.49449e-007	3.12286e-007	2.97954e-007	3.10563e-007	2.85711e-007	2.55543e-007	2.40431e-007	2.26115e-007	2.16688e-007	2.11639e-007	2.03855e-007	1.95391e-007	1.8686e-007	1.88403e-007	1.8673e-007	1.87974e-007	1.75744e-007	1.68676e-007	1.61125e-007	1.53259e-007	1.45368e-007	1.51554e-007	1.3973e-007	1.32561e-007	1.24776e-007	1.16435e-007	1.07655e-007	9.87007e-008	9.04167e-008	8.274e-008	1.00256e-007	8.47929e-008	7.43388e-008	6.87303e-008	7.45711e-008	6.71588e-008	5.88825e-008	5.62877e-008	5.47839e-008	5.28213e-008	5.07476e-008	5.10473e-008	5.06493e-008	5.07861e-008	4.78743e-008	4.60721e-008	4.41395e-008	4.21038e-008	4.00201e-008	4.0912e-008	3.8163e-008	3.63166e-008	3.43997e-008	3.24249e-008	3.05751e-008	2.86898e-008	2.67302e-008	2.98022e-008	2.68473e-008	2.48331e-008	2.33867e-008	2.18908e-008	2.29409e-008	2.10552e-008	2.00871e-008	1.8845e-008	1.7607e-008	1.66334e-008	1.74231e-008	1.59575e-008	1.50731e-008	1.41255e-008	1.31309e-008	1.21152e-008	1.11643e-008	1.01086e-008	1.11643e-008	9.84398e-009	9.20124e-009	8.56813e-009	

152	0.92	8	0	task-0:0.146	|	0.508752	0.211491	0.206421	0.172203	0.256504	0.249087	0.170819	0.174594	0.174556	0.164029	0.171342	0.169784	0.161507	0.162366	0.16137	0.157738	0.155178	0.152937	0.150639	0.147845	0.14409	0.139757	0.134768	0.129202	0.123306	0.117507	0.112025	0.107012	0.100651	0.0932557	0.0843444	0.08182	0.0786856	0.0775423	0.078991	0.451446	0.376657	0.10371	0.10371	0.104815	0.505228	0.50203	0.147896	0.101544	0.100773	0.105941	0.150137	0.143495	0.107785	0.102634	0.102099	0.101528	0.103011	0.090419	0.085261	0.0836605	0.0835981	0.0845148	0.0917134	0.0876824	0.10889	0.10889	0.0867425	0.0881629	0.0878521	0.0852757	0.0881879	0.0884943	0.085548	0.0843992	0.0841693	0.0840011	0.0837587	0.0833452	0.0829119	0.0824388	0.0818475	0.0809618	0.0795428	0.0785884	0.0773478	0.0756408	0.0732764	0.0690002	0.0678637	0.064022	0.0628551	0.0601932	0.0591042	0.0573102	0.0553313	0.0538791	0.0514972	0.0507933	0.0489489	0.0476036	0.0466782	0.0459114	0.0450245	0.0440987	0.0430455	0.0417946	0.0404648	0.0390997	0.0379263	0.037906	0.0368404	0.0361685	0.0356501	0.0350549	0.0347892	0.0344463	0.0341191	0.0338199	0.0338877	0.0336002	0.0332941	0.033117	0.0330038	0.0328812	0.0327997	0.0326169	0.0324409	0.0322334	0.0319923	0.0317133	0.0313845	0.0309982	0.0306574	0.0302268	0.0297144	0.0301979	0.0292803	0.0288875	0.0286743	0.028322	0.0279469	0.0276579	0.0273566	0.0270341	0.0266743	0.0265484	0.0263444	0.0259849	0.0257243	0.0256137	0.0254514	0.0252988	0.0249973	0.0247659	0.0247174	0.0245963	

99	0.671	8	0	task-0:0.17	|	0.279651	0.219254	0.218989	0.203939	0.20867	0.208667	0.174921	0.174265	0.162036	0.161892	0.150801	0.147891	0.145856	0.138513	0.130236	0.122802	0.116067	0.108037	0.0987069	0.0889416	0.0859288	0.0802037	0.0774942	0.0772034	0.078378	0.0818369	0.0779153	0.0787402	0.0829121	0.0912516	0.102903	0.495706	0.430951	0.109691	0.109324	0.159318	0.155009	0.0925458	0.083526	0.0856426	0.106359	0.08363	0.077134	0.0939538	0.084542	0.163688	0.163688	0.103348	0.0882615	0.0882229	0.082531	0.0827198	0.0812353	0.0807393	0.0811854	0.0813276	0.0804987	0.0800163	0.0799942	0.0804184	0.0808232	0.0813282	0.0818777	0.0827601	0.0843935	0.0842885	0.0856978	0.0862852	0.0852213	0.0851835	0.085519	0.0845004	0.0844948	0.0846542	0.0848747	0.0849507	0.0839353	0.083478	0.082983	0.0824709	0.0814388	0.0805524	0.0797336	0.078919	0.0778979	0.0772686	0.0767448	0.0762604	0.0757743	0.0752863	0.0748408	0.0744941	0.0738537	0.0782712	0.0757697	0.0734392	0.0732196	0.0745943	0.0749658	

109	0.546	8	0	task-0:0.204	|	0.260571	0.219731	0.219683	0.21189	0.210146	0.208047	0.180542	0.179695	0.169666	0.167702	0.164989	0.161149	0.15533	0.148816	0.142155	0.134606	0.126175	0.116986	0.105451	0.092806	0.0864851	0.0849644	0.0889324	0.0871946	0.0848912	0.0852456	0.0871885	0.0851033	0.0871067	0.0854765	0.478393	0.467268	0.245256	0.150076	0.134116	0.0958869	0.276988	0.276524	0.1545	0.0892588	0.0853906	0.0878735	0.0869366	0.0730866	0.0744518	0.0744673	0.0729383	0.0727791	0.0727994	0.0729109	0.0733715	0.0743388	0.071879	0.0696369	0.0658474	0.0655342	0.0628798	0.0600378	0.0627442	0.0597688	0.0579906	0.0571863	0.0546624	0.054601	0.0528978	0.050822	0.0485554	0.0460578	0.0446746	0.0424588	0.0401861	0.0375264	0.0347909	0.0321218	0.030432	0.030307	0.0277251	0.0282772	0.0268132	0.0239246	0.0230017	0.0223299	0.0216791	0.0221614	0.0218984	0.0211488	0.020658	0.0202231	0.0200082	0.0196744	0.0192797	0.0188339	0.0183599	0.0178814	0.0172825	0.0167582	0.0162776	0.0157424	0.0152644	0.015071	0.0147682	0.0145017	0.0141407	0.0138985	0.0136323	0.013478	0.0133104	0.0131432	0.0128472	

117	0.874	8	0	task-0:0.194	|	0.18719	0.219766	0.219717	0.215744	0.175764	0.352211	0.293836	0.186114	0.167577	0.165136	0.160278	0.156275	0.152064	0.14612	0.135288	0.120969	0.117748	0.10561	0.0984446	0.0909534	0.0861379	0.0836355	0.0813456	0.0810205	0.0795803	0.0788262	0.0785588	0.0783088	0.0785264	0.0792723	0.0896697	0.453789	0.390788	0.0965229	0.0962922	0.102003	0.345665	0.29174	0.097122	0.0994346	0.104842	0.0997357	0.0917733	0.0898696	0.0892932	0.0843407	0.0820434	0.0804318	0.0835925	0.0814439	0.0786744	0.0776281	0.079209	0.0774064	0.0758379	0.0756665	0.0752777	0.0757027	0.0751111	0.0747271	0.0745544	0.0742455	0.0739117	0.0734909	0.0727624	0.0709275	0.0664954	0.0681233	0.0614899	0.0733609	0.0719821	0.0612687	0.0601586	0.0596604	0.0566521	0.0575448	0.0564581	0.0547906	0.0545796	0.0548497	0.0546688	0.0543004	0.0539741	0.0535456	0.0530217	0.052426	0.0517391	0.0509465	0.0500346	0.0489906	0.0475891	0.0469381	0.046109	0.0451834	0.0442269	0.0438665	0.0430976	0.0422578	0.041421	0.0405418	0.0400213	0.0411085	0.0411267	0.0404276	0.0398484	0.0394611	0.0394169	0.0392071	0.0389415	0.0386316	0.0382717	0.0378636	0.0373932	0.036857	0.0362512	0.035466	0.0345829	

74	0.374	8	0	task-0:0.212	|	0.3565	0.219419	0.219288	0.205177	0.227575	0.227563	0.174015	0.173094	0.166681	0.162482	0.161592	0.159767	0.154222	0.149416	0.145531	0.141043	0.135902	0.1294	0.121668	0.113227	0.104293	0.0986753	0.0984214	0.0913775	0.0860253	0.0852104	0.0846592	0.085143	0.0886208	0.0829724	0.756838	0.716377	0.117096	0.117096	0.362684	0.361981	0.139022	0.114805	0.111563	0.102207	0.143098	0.136618	0.0894223	0.0774695	0.0805471	0.0866214	0.0889723	0.0829859	0.0845872	0.0815068	0.0777663	0.0772219	0.0795999	0.0730952	0.0715547	0.0766067	0.0759824	0.0822628	0.0823905	0.0788908	0.0781097	0.0814361	0.079233	0.0790259	0.0784079	0.0762136	0.0766174	0.0766056	0.0758476	0.0754076	0.0751829	0.0752262	0.0751213	0.0749275	

113	0.562	8	0	task-0:0.184	|	0.30791	0.218048	0.217032	0.196158	0.182506	0.182591	0.170022	0.169329	0.16009	0.156419	0.150244	0.147731	0.142746	0.133694	0.123642	0.113154	0.10277	0.100872	0.0957824	0.0907984	0.0830582	0.0808082	0.0800989	0.0773728	0.0762423	0.0828026	0.1161	0.794223	0.794638	0.169675	0.138476	0.137877	0.114117	0.265037	0.263327	0.109737	0.103603	0.100658	0.0973355	0.0805506	0.0811487	0.0847642	0.0912429	0.0862235	0.0844251	0.0784119	0.0729532	0.0717615	0.0716043	0.0717765	0.0724729	0.071973	0.0700793	0.0615785	0.0935211	0.0829901	0.0617781	0.0595773	0.0533182	0.0506631	0.0500198	0.0507021	0.0491047	0.0481914	0.0483864	0.0484422	0.0473524	0.0466207	0.0459861	0.0462889	0.0457203	0.0451701	0.0445618	0.0438878	0.0431359	0.0431874	0.0424268	0.0413825	0.0409219	0.0400322	0.0390501	0.0380863	0.0369912	0.0357825	0.0345207	0.0335941	0.0330265	0.0320589	0.0310465	0.029832	0.0283103	0.0264438	0.0246716	0.0236204	0.0236315	0.0221352	0.0210891	0.021027	0.0197194	0.0191752	0.0191689	0.0188262	0.0182158	0.0176795	0.0172963	0.0168626	0.0161822	0.0155216	0.0145995	0.0136469	0.0127021	0.0137238	0.0123083	

121	0.702	8	0	task-0:0.202	|	0.250996	0.219465	0.219342	0.206673	0.187279	0.184845	0.172431	0.170785	0.160915	0.158459	0.151459	0.149705	0.147778	0.142796	0.138169	0.133745	0.126666	0.106815	0.12261	0.0955382	0.100637	0.0999222	0.0891631	0.0912775	0.0886271	0.0845822	0.0833974	0.0813562	0.0796909	0.0782102	0.0775996	0.0772658	0.0766436	0.0769296	0.0768396	0.076755	0.0777059	0.0862112	0.120641	0.783649	0.791779	0.653384	0.108879	0.108878	0.111901	0.745195	0.743899	0.345731	0.107632	0.106974	0.12276	0.118535	0.153207	0.140618	0.108481	0.0998781	0.0943453	0.0883627	0.0829077	0.0789248	0.088439	0.0825793	0.109685	0.0912455	0.0892435	0.078673	0.0783611	0.074745	0.0665496	0.0674834	0.0652257	0.0623899	0.0612905	0.0613601	0.0605482	0.0591082	0.0575051	0.0556081	0.053881	0.052318	0.0508589	0.0508111	0.0493762	0.0487305	0.0486446	0.0485655	0.0476199	0.0468992	0.046309	0.0461402	0.045531	0.0449922	0.0445579	0.0439397	0.0432785	0.0427926	0.0418764	0.0409335	0.0408043	0.040631	0.0399667	0.0392884	0.0389198	0.0385155	0.0389493	0.0380182	0.0380751	0.0381572	0.0376936	0.0377559	0.0377329	0.037583	0.0374169	0.0372323	0.0370286	0.0368044	0.0365627	0.0364007	0.0362421	0.0361285	0.0357423	

119	0.639	8	0	task-0:0.212	|	0.178865	0.219705	0.21967	0.212526	0.172475	0.172514	0.189391	0.18935	0.174034	0.172069	0.170869	0.167762	0.166889	0.164412	0.161915	0.159037	0.155331	0.149837	0.141676	0.130131	0.116208	0.10403	0.100113	0.0926722	0.0819328	0.0793451	0.0775428	0.0797125	0.081052	0.0898739	0.107242	0.103861	0.474651	0.444968	0.0782209	0.0880954	0.0860293	0.0820353	0.0966538	0.0980714	0.0766022	0.0757492	0.0715571	0.114321	0.107108	0.068861	0.0712105	0.0705091	0.0667061	0.0696862	0.0698252	0.0656103	0.0659413	0.0657351	0.0645651	0.0639554	0.0634882	0.0632477	0.0629924	0.062107	0.0617366	0.0608649	0.0593958	0.0558522	0.0515635	0.0548771	0.0506339	0.0486686	0.0484776	0.0473196	0.0491003	0.0484669	0.0465632	0.0457643	0.0454439	0.0446132	0.0436692	0.0429859	0.0421045	0.0411243	0.0400051	0.0381634	0.0362685	0.0350102	0.033006	0.0306656	0.0292952	0.0281129	0.0291287	0.0271409	0.0282985	0.0282947	0.0270037	0.0269993	0.0268682	0.026554	0.026429	0.0262634	0.0261574	0.0259847	0.0257426	0.0254823	0.0251854	0.0248775	0.0245774	0.0242756	0.0239769	0.0235253	0.0232757	0.0232085	0.0232218	0.0232795	0.023471	0.0237987	0.0234503	0.0229402	0.0227328	0.0224345	0.0221541	

118	0.546	8	0	task-0:0.116	|	0.169081	0.219797	0.219784	0.214784	0.168205	0.307303	0.205448	0.167082	0.166253	0.153703	0.152328	0.152392	0.150222	0.144036	0.139026	0.134741	0.130257	0.125322	0.11968	0.11417	0.109081	0.104445	0.100189	0.0961476	0.0901491	0.0800879	0.0733966	0.0698665	0.0694807	0.070507	0.0776754	0.673837	0.530329	0.0906681	0.0906681	0.0697729	0.0693554	0.0832585	0.0824583	0.0745196	0.0735079	0.0733931	0.0665656	0.0670371	0.0641583	0.0637565	0.0652064	0.0647334	0.0629571	0.061099	0.0593106	0.0583746	0.0577863	0.0566861	0.0553139	0.0538036	0.0521085	0.0501115	0.0478484	0.0454603	0.043467	0.0411586	0.0390219	0.0369063	0.035173	0.0347316	0.0331512	0.0321431	0.0320246	0.031429	0.0310335	0.0312609	0.0310476	0.0309593	0.0308021	0.0306229	0.0304016	0.0300574	0.0298245	0.0295678	0.0291425	0.0286195	0.0291214	0.0284537	0.028164	0.0284358	0.0289593	0.029274	0.0291203	0.0290062	0.0292167	0.0302534	0.0339475	0.0296722	0.0295567	0.0303762	0.0319699	0.0295078	0.0309498	0.0293775	0.0277363	0.0276451	0.0283671	0.0282205	0.0276741	0.0274051	0.0274265	0.0275432	0.0275681	0.0274901	0.0273883	0.0272971	0.0271983	0.027192	0.0271463	0.0271016	0.027063	0.0270394	

151	0.905	8	0	task-0:0.136	|	0.179488	0.219961	0.21996	0.217451	0.183905	0.183042	0.198509	0.198375	0.182205	0.18287	0.181136	0.17548	0.174464	0.171863	0.170095	0.16732	0.165978	0.16422	0.161148	0.157503	0.153255	0.148463	0.14315	0.137543	0.131169	0.124183	0.117112	0.107626	0.0844773	0.0917653	0.0812823	0.0754022	0.0762244	0.0822667	0.0784546	0.0799595	0.12469	0.782147	0.792579	0.170018	0.0964671	0.0943587	0.0913643	0.268187	0.259317	0.100915	0.0980341	0.12135	0.116138	0.0983268	0.0989211	0.0833757	0.177219	0.219159	0.134186	0.0926787	0.0816258	0.0855508	0.0846989	0.087589	0.0876298	0.0816897	0.0799845	0.0790201	0.078266	0.0776753	0.0769652	0.076537	0.0771561	0.0772429	0.076123	0.0752403	0.0732782	0.0715553	0.0722637	0.0717271	0.0701153	0.0683578	0.0666005	0.0666929	0.0660222	0.0642843	0.0624251	0.0607905	0.0609122	0.0595446	0.0577229	0.0561653	0.0555027	0.054175	0.0525093	0.0507514	0.0488396	0.0483339	0.0470787	0.0458796	0.0446635	0.043734	0.0428089	0.0417441	0.0404781	0.0397662	0.0391439	0.0394096	0.0391088	0.0386717	0.0385351	0.0383737	0.0382038	0.0379616	0.0376435	0.0372781	0.036856	0.0363678	0.0358137	0.035235	0.0346075	0.0338815	0.0330804	0.0322536	0.032356	0.0314225	0.0325172	0.0325172	0.031503	0.0314541	0.0314332	0.0312941	0.0313024	0.0312141	0.0311154	0.031002	0.0308562	0.0307183	0.0306139	0.030607	0.0305413	0.0304508	0.0303514	0.0302458	0.0301399	0.0299615	0.0298105	0.0298304	0.0297706	0.0296813	0.0295771	0.0296131	0.0293324	0.0292166	0.0290131	

329	1.81	8	0	task-0:0.122	|	0.194095	0.632308	0.580461	0.36673	0.198899	0.173442	0.170816	0.16409	0.15123	0.135259	0.13042	0.122187	0.10689	0.0982434	0.0913391	0.0872079	0.0826448	0.0793907	0.0778513	0.0768168	0.0767461	0.0778056	0.0784865	0.0786396	0.0899798	0.0791454	0.0817899	0.0806761	0.0738488	0.084387	0.084387	0.0722686	0.0741582	0.0739723	0.0720147	0.0717017	0.0713532	0.0710448	0.0707249	0.0701291	0.0694149	0.068618	0.0677229	0.0670285	0.0664766	0.0660573	0.0649964	0.0639725	0.0630975	0.06196	0.061111	0.0602475	0.0582718	0.0582868	0.0566749	0.0554252	0.0539604	0.0524215	0.0507509	0.0490669	0.0471876	0.0454711	0.0443099	0.0439455	0.0433286	0.0430561	0.0424446	0.0417495	0.0409706	0.0402512	0.0391918	0.0389696	0.0378698	0.037623	0.0370911	0.0366712	0.0361896	0.0355344	0.0349956	0.0344719	0.0339996	0.0335602	0.0329005	0.0323134	0.0318081	0.031313	0.0307942	0.0302731	0.0297267	0.0288749	0.0284524	0.0280445	0.0277266	0.0272166	0.0267458	0.0263678	0.0259559	0.0254336	0.0247588	0.0242579	0.0238406	0.0233395	0.0228921	0.0224892	0.022066	0.0216522	0.0211862	0.0207056	0.0202716	0.019675	0.0191313	0.0185431	0.017886	0.017175	0.0164224	0.0157181	0.0149052	0.0140155	0.0130528	0.0120512	0.0110385	0.0121997	0.0123365	0.00989624	0.0118009	0.0108163	0.00998059	0.00927722	0.00945166	0.00929449	0.00862421	0.00845756	0.00821308	0.00786519	0.00761257	0.00739767	0.00722404	0.00708392	0.00680671	0.00658068	0.0063529	0.00609476	0.0058399	0.00558874	0.00536886	0.00524388	0.00506224	0.00492471	0.00480658	0.00464558	0.00452002	0.00442686	0.0043039	0.00420539	0.00413968	0.0040702	0.00399544	0.00391555	0.00379892	0.0037179	0.00361072	0.00351096	0.00340701	0.00329188	0.00316238	0.00301068	0.00290501	0.00276172	0.00266748	0.00260543	0.00254076	0.00248988	0.00238182	0.00231411	0.00224735	0.00221103	0.00216884	0.00207304	0.00204629	0.00200468	0.00194235	0.00188456	0.00183579	0.00180681	0.00177104	0.00173538	0.0017027	0.00163141	0.00157164	0.00150901	0.00148361	0.00143286	0.00137471	0.00131443	0.00125237	0.00119402	0.00113264	0.00106585	0.000987731	0.000912761	0.00098163	0.00085202	0.000760673	0.000767142	0.000726136	0.000731938	0.000741487	0.000712888	0.000682854	0.000660654	0.000637541	0.000613635	0.000601882	0.000592735	0.000576136	0.000558297	0.00053986	0.000518895	0.000495777	0.000470703	0.000444049	0.000414808	0.000384359	0.000354369	0.000403753	0.000329118	0.000271656	0.00027291	0.000255555	0.000243173	0.000237035	0.000236286	0.000226645	0.000220415	0.000213349	0.000205339	0.000196946	0.000188116	0.000178919	0.000169434	0.000160016	0.00017589	0.000149788	0.000128378	0.000125967	0.000127869	0.000118192	0.000115684	0.00011678	0.000113206	0.000111204	0.000108501	0.000105469	0.000102106	9.84018e-005	9.43958e-005	8.83282e-005	8.37895e-005	7.93419e-005	7.52283e-005	7.02202e-005	6.56594e-005	6.14379e-005	5.87349e-005	5.70554e-005	5.55828e-005	5.35604e-005	5.1044e-005	4.83768e-005	4.56066e-005	4.2796e-005	4.0023e-005	3.77114e-005	3.07311e-005	2.73308e-005	2.47069e-005	2.36767e-005	2.22057e-005	2.07339e-005	1.94626e-005	2.2075e-005	1.62229e-005	1.25903e-005	1.40419e-005	1.2093e-005	1.14728e-005	1.1843e-005	1.12547e-005	1.13908e-005	1.16092e-005	1.16011e-005	1.09359e-005	1.04659e-005	9.94653e-006	9.38127e-006	9.29144e-006	9.0021e-006	8.71471e-006	8.38559e-006	7.65681e-006	7.10769e-006	6.59027e-006	6.55201e-006	6.31266e-006	6.06484e-006	5.79782e-006	5.62695e-006	4.84373e-006	4.34812e-006	3.92022e-006	3.87797e-006	3.68079e-006	3.51581e-006	3.40235e-006	2.77884e-006	2.42913e-006	2.15577e-006	2.10199e-006	2.0026e-006	1.77635e-006	1.72033e-006	1.61768e-006	1.51e-006	1.39539e-006	1.27445e-006	1.1476e-006	9.57558e-007	8.16541e-007	7.84273e-007	

176	0.936	8	0	task-0:0.122	|	0.292699	0.217907	0.216735	0.194126	0.197453	0.197479	0.16776	0.166815	0.161578	0.158058	0.15486	0.150792	0.144808	0.138286	0.130866	0.123497	0.117234	0.113327	0.108986	0.104818	0.100925	0.0963032	0.0931782	0.0883572	0.0832088	0.0794553	0.0755016	0.0953563	0.784111	0.801094	0.262587	0.115612	0.115523	0.111376	0.416218	0.407025	0.118867	0.112953	0.156796	0.134903	0.0839938	0.076408	0.0724372	0.069701	0.0715209	0.0749939	0.111252	0.0907019	0.0982533	0.103442	0.092476	0.122522	0.121509	0.0894442	0.0926287	0.0924798	0.0863242	0.0902318	0.0897085	0.0856945	0.085046	0.0842558	0.0835479	0.0828568	0.0817405	0.0805645	0.0797673	0.0789484	0.0784383	0.0783568	0.0786062	0.0779039	0.0778767	0.0771909	0.0766832	0.0760855	0.0754618	0.0748616	0.0745297	0.0737465	0.0740055	0.0735532	0.073011	0.0729273	0.0727704	0.0727815	0.0727226	0.072751	0.0727979	0.0727356	0.072749	0.0728879	0.0731233	0.0733934	0.0728491	0.0725374	0.0717826	0.0705828	0.0680481	0.0632965	0.0624835	0.0597254	0.0608002	0.0583953	0.057522	0.0561419	0.0543912	0.0527241	0.0509682	0.048934	0.0466667	0.0443208	0.0417474	0.0389258	0.0385206	0.0349163	0.0348998	0.0338103	0.03318	0.032746	0.0322371	0.0314005	0.0307762	0.029947	0.0290361	0.0284421	0.0276182	0.0266507	0.0277552	0.0273624	0.0271987	0.0269992	0.0263139	0.0259462	0.0261824	0.025774	0.0252227	0.0247086	0.0243999	0.024009	0.0236653	0.0232711	0.0228663	0.022508	0.0221769	0.0215906	0.0214074	0.0211829	0.0209955	0.0204313	0.0201	0.0200191	0.0198111	0.0195594	0.019304	0.0190479	0.0185437	0.0184792	0.0183379	0.0182001	0.0177499	0.017482	0.0173787	0.0172329	0.0170588	0.0168497	0.016627	0.0162295	0.0161623	0.0160526	0.0159576	0.0156117	0.0153977	0.015328	0.0152111	0.0150754	

140	0.92	8	0	task-0:0.174	|	0.50947	0.211284	0.206209	0.16534	0.191354	0.158418	0.178522	0.178473	0.161948	0.157373	0.156058	0.154335	0.153426	0.150671	0.147756	0.145117	0.141458	0.136844	0.130895	0.123542	0.114887	0.105747	0.101943	0.0949878	0.0889728	0.085085	0.081886	0.0804646	0.0839271	0.0940218	0.136479	0.103471	0.282627	0.183738	0.140103	0.134627	0.102591	0.202364	0.205962	0.118888	0.0867356	0.0815878	0.0866646	0.0920798	0.0810141	0.0769287	0.0764046	0.0768094	0.077907	0.0804541	0.083951	0.081227	0.110605	0.105802	0.0813899	0.0793153	0.0783625	0.0769855	0.0784292	0.0771783	0.0751879	0.0739456	0.0731869	0.0729023	0.0726767	0.0721171	0.07135	0.0704507	0.069156	0.067175	0.0639627	0.060805	0.0575842	0.0559503	0.0528038	0.0495549	0.0486802	0.0460184	0.0451758	0.0440894	0.0430613	0.0415834	0.0412958	0.0406824	0.0400867	0.0389361	0.0385616	0.0380087	0.037388	0.0366804	0.0358454	0.0353626	0.0349112	0.0345315	0.0343259	0.0340843	0.0335934	0.033525	0.0333025	0.0330756	0.0327797	0.0324469	0.0320778	0.0316417	0.031206	0.0308247	0.0312832	0.030337	0.0316506	0.0316506	0.0305033	0.0303504	0.0303284	0.03024	0.0302818	0.0301967	0.0301396	0.0301224	0.0301196	0.0300756	0.0300157	0.029965	0.0299155	0.0298627	0.0298016	0.0297302	0.0296475	0.0295526	0.0294416	0.029368	0.0293281	0.0292499	0.0291501	0.0290595	0.0289609	0.0288483	0.0288144	0.0287667	0.0287065	0.0286494	

104	0.561	8	0	task-0:0.176	|	0.36184	0.218777	0.218637	0.195422	0.272678	0.272638	0.172511	0.201433	0.201416	0.181361	0.175098	0.174819	0.171306	0.170272	0.166283	0.163467	0.160138	0.15861	0.156374	0.152571	0.148126	0.143014	0.13738	0.131756	0.126207	0.120532	0.115097	0.109908	0.104745	0.0994929	0.0933315	0.0881422	0.0855866	0.0812897	0.0801273	0.0786417	0.0772101	0.0766431	0.0977454	0.762724	0.71318	0.118836	0.115956	0.289921	0.266888	0.126605	0.0975658	0.0914935	0.0866904	0.0868273	0.122957	0.0982689	0.0739209	0.0750304	0.0742359	0.0785334	0.0983839	0.0877638	0.0744907	0.0761192	0.0755893	0.077944	0.0856633	0.0827619	0.0774382	0.0769977	0.0775885	0.07842	0.0794632	0.0795811	0.0808836	0.0882216	0.083946	0.0822419	0.0822084	0.0815671	0.0837466	0.083365	0.0815838	0.0808801	0.08072	0.0806463	0.0808192	0.0810205	0.0805895	0.0803807	0.0801872	0.0800221	0.0799124	0.0799918	0.080195	0.0793759	0.0789964	0.0787887	0.0786871	0.0778639	0.0780624	0.0782378	0.0776515	0.0773945	0.0775282	0.0775479	0.0772424	0.076708	

74	0.515	8	0	task-0:0.208	|	0.177977	0.219725	0.219681	0.212346	0.181526	0.181573	0.186348	0.186321	0.170815	0.183845	0.181747	0.167677	0.170554	0.170061	0.164434	0.160271	0.156977	0.153384	0.14941	0.144044	0.137241	0.129367	0.120306	0.110699	0.101726	0.0933914	0.0837228	0.0778645	0.0742442	0.0742944	0.0724912	0.0767425	0.0966338	0.496532	0.436198	0.0973174	0.0952068	0.0990671	0.303448	0.156444	0.194849	0.193388	0.188438	0.13848	0.0836256	0.0987357	0.160249	0.129442	0.0864554	0.0890883	0.0853831	0.0911062	0.0917758	0.0841899	0.0832959	0.0831959	0.0857859	0.0889907	0.0878601	0.0864931	0.0861293	0.0865166	0.0877642	0.0887553	0.0883468	0.0889563	0.0891491	0.0891416	0.0890426	0.0888252	0.0886431	0.0884173	0.0882091	0.0881734	

65	0.359	8	0	task-0:0.196	|	0.255586	0.217677	0.216987	0.195867	0.190305	0.190496	0.171626	0.170613	0.16281	0.158841	0.152306	0.14669	0.139195	0.12921	0.118068	0.107954	0.10497	0.0999349	0.095109	0.0905884	0.0836696	0.0807897	0.0789898	0.0770556	0.0734333	0.0784877	0.116412	0.781912	0.786368	0.247391	0.0898432	0.0892892	0.0833687	0.398483	0.391137	0.093629	0.0896871	0.145224	0.130995	0.084708	0.0807248	0.106695	0.10291	0.0852128	0.109841	0.0804341	0.104617	0.100461	0.112811	0.113979	0.0762803	0.0759467	0.0853113	0.0869062	0.0783935	0.0759465	0.0762703	0.0764642	0.0769217	0.0779616	0.0804937	0.0782867	0.077702	0.0768493	0.0784403	

164	0.92	8	0	task-0:0.188	|	0.183605	0.219752	0.219631	0.2136	0.174924	0.189054	0.171219	0.16411	0.161732	0.152416	0.145637	0.140506	0.131393	0.122078	0.113027	0.104049	0.0959778	0.0894028	0.084502	0.0824981	0.0821061	0.0821116	0.0835405	0.0874671	0.0853993	0.0878208	0.139209	0.121533	0.0866054	0.0842034	0.0817881	0.182155	0.181366	0.083983	0.0819772	0.081865	0.0783075	0.0933424	0.0925857	0.0699847	0.0793819	0.0793441	0.0752066	0.0701545	0.070042	0.0711673	0.071122	0.0695687	0.0693341	0.069043	0.0685857	0.0689713	0.0687506	0.067997	0.0672287	0.0665362	0.0660741	0.0655842	0.0650457	0.0644931	0.0639052	0.0633089	0.0627494	0.0622421	0.0619525	0.0620376	0.0624456	0.0731469	0.0597384	0.0524277	0.0511677	0.0405442	0.0462607	0.041746	0.0411554	0.0445395	0.0408948	0.0398722	0.0405772	0.0454671	0.0442152	0.0401774	0.038209	0.0379405	0.0384416	0.0395006	0.0390308	0.0379179	0.0371673	0.0367996	0.0364411	0.0360966	0.0356883	0.0351761	0.0349325	0.0344984	0.0344247	0.034158	0.0335912	0.0329413	0.0321399	0.0312507	0.03026	0.0294486	0.0285367	0.0276749	0.0268679	0.0248846	0.02533	0.0236566	0.0234087	0.023003	0.0227166	0.022067	0.0217729	0.0223183	0.0215319	0.0214927	0.0219143	0.0210593	0.0207689	0.0205438	0.0205192	0.0199392	0.0197133	0.0196064	0.0191759	0.0194314	0.0186025	0.0181844	0.0177637	0.0174325	0.0172444	0.0168045	0.0163239	0.0159018	0.0154469	0.0149447	0.0145731	0.0142275	0.0139654	0.0137542	0.0135409	0.0133448	0.0130446	0.0126916	0.0123708	0.0120138	0.0116136	0.0111742	0.01092	0.0106556	0.0103342	0.0100199	0.00968004	0.00945859	0.00924235	0.00898041	0.00874981	0.00847876	0.0081799	0.00794606	0.00772548	0.007492	

69	0.375	8	0	task-0:0.206	|	0.31174	0.217276	0.216669	0.197675	0.173077	0.173288	0.176588	0.176321	0.167831	0.166992	0.164434	0.160275	0.158633	0.154518	0.149121	0.142921	0.134488	0.123952	0.112268	0.0988097	0.0909764	0.079909	0.0747195	0.074465	0.0730498	0.0709849	0.0713337	0.0742703	0.0881124	0.546331	0.428097	0.102225	0.102225	0.110562	0.109766	0.0938494	0.0897024	0.0928162	0.105478	0.0914183	0.0869088	0.0860109	0.107098	0.203401	0.179321	0.140153	0.117122	0.116338	0.116003	0.105293	0.100788	0.0943143	0.0911902	0.0896497	0.0877279	0.0868156	0.0863687	0.086297	0.0863044	0.0863488	0.0865123	0.0851435	0.0844044	0.0835786	0.0827905	0.0830698	0.0826871	0.0841953	0.0807866	

195	0.905	8	0	task-0:0.104	|	0.170182	0.420608	0.135568	0.254471	0.122624	0.168685	0.16588	0.118472	0.191267	0.191267	0.111613	0.123191	0.123053	0.110226	0.111952	0.110853	0.106214	0.106969	0.105139	0.102273	0.101217	0.0994224	0.0967922	0.0944388	0.0916985	0.0888626	0.0861321	0.0839864	0.0816169	0.0803386	0.0788242	0.0771703	0.0754108	0.0734814	0.0713481	0.0691235	0.0672896	0.0652732	0.0629444	0.0597839	0.0590556	0.0563341	0.0535764	0.0512836	0.049106	0.0468334	0.0446164	0.0424774	0.0434345	0.0411839	0.0394583	0.0373263	0.035482	0.0332871	0.0353461	0.0314624	0.0347705	0.0349003	0.0308193	0.0308873	0.0307913	0.0303149	0.0303078	0.0303862	0.0304199	0.0303242	0.030219	0.0301075	0.0297662	0.0294519	0.0290916	0.0287161	0.0282744	0.0277278	0.0272357	0.026943	0.0264874	0.0259193	0.0253423	0.0248265	0.0243755	0.0238543	0.0232135	0.022816	0.0235884	0.0235344	0.0229981	0.0226121	0.022384	0.0222702	0.0221834	0.0220245	0.0218489	0.0216677	0.0214435	0.0209567	0.0206284	0.0204171	0.0205777	0.0203511	0.0201032	0.019868	0.0197331	0.0195193	0.0192664	0.0189683	0.0186183	0.0182096	0.0177165	0.017362	0.0169917	0.0167651	0.0173784	0.0172694	0.0167368	0.0165368	0.0164369	0.0164782	0.016459	0.0164069	0.016356	0.0161528	0.0159966	0.015839	0.0157847	0.0156705	0.015538	0.0153859	0.0152124	0.0150168	0.0147999	0.0145633	0.0143655	0.0142241	0.0140816	0.0140365	0.0136947	0.0134824	0.0134293	0.0132957	0.0131432	0.0129709	0.0127791	0.0126899	0.0123688	0.012173	0.0121206	0.0120962	0.0118183	0.0116389	0.011582	0.0114728	0.0113572	0.0112382	0.0110322	0.0108878	0.0108883	0.0108897	0.0107376	0.010632	0.0105303	0.0104547	0.0103624	0.0102693	0.0101757	0.0100865	0.00993421	0.00979724	0.00976346	0.00976448	0.00961539	0.00949307	0.0093631	0.00931684	0.00924092	0.00916581	0.00909754	0.00897094	0.00883803	0.00882311	0.00881932	0.00868803	0.00859958	0.00851739	0.00852499	0.00848809	0.00847876	0.00835199	0.00826987	0.00816917	0.00811962	0.00805221	0.00798605	0.00792373	0.00780535	

101	0.406	8	0	task-0:0.164	|	0.278466	0.219472	0.219366	0.210332	0.176576	0.176775	0.186614	0.186473	0.173047	0.174721	0.172514	0.166567	0.168758	0.165899	0.158168	0.14974	0.140661	0.129385	0.115998	0.105118	0.102186	0.097537	0.0923135	0.0905745	0.0902542	0.0889343	0.0899703	0.0925335	0.0956286	0.104339	0.0935791	0.0904752	0.0900293	0.11145	0.0989674	0.104481	0.0984179	0.0897721	0.0889238	0.08716	0.0868464	0.0859635	0.0858731	0.0860114	0.0854761	0.0848359	0.084171	0.0826223	0.0692425	0.157392	0.148403	0.0629132	0.0803446	0.0758729	0.0589057	0.0609022	0.0598981	0.0516058	0.0612305	0.0610581	0.0546401	0.0510629	0.0508691	0.0516407	0.0546766	0.0545527	0.0524723	0.0502813	0.0483107	0.0475447	0.046994	0.046625	0.0454967	0.0445908	0.0433858	0.0421345	0.0410524	0.0400953	0.0407131	0.0405024	0.0397056	0.0388896	0.0379259	0.036951	0.0359675	0.0350865	0.0344103	0.0337107	0.0334108	0.0330123	0.0325402	0.0320562	0.0315752	0.0318131	0.0313793	0.030847	0.0308297	0.0306998	0.0304959	0.0302909	0.0300863	

85	0.39	8	0	task-0:0.186	|	0.200894	0.219528	0.219364	0.210825	0.167861	0.165763	0.164573	0.148594	0.120801	0.112208	0.107396	0.100323	0.0942284	0.0901421	0.0849166	0.0799008	0.0756457	0.0753889	0.0760603	0.0773456	0.0801139	0.0800696	0.0818399	0.0818159	0.0808571	0.077475	0.462987	0.459245	0.239319	0.0808715	0.0802528	0.064469	0.0637706	0.0736085	0.0734235	0.0659742	0.0722065	0.0699848	0.0614173	0.0671748	0.0668797	0.0630199	0.0617415	0.0616578	0.0615054	0.0613682	0.0609801	0.0607987	0.0606693	0.0604224	0.0600795	0.0597311	0.0593257	0.0588034	0.058146	0.0573966	0.0563774	0.0547852	0.052057	0.0474404	0.0427662	0.042456	0.0398073	0.0401941	0.0401913	0.0387808	0.0383806	0.0400374	0.0395636	0.0379515	0.0370211	0.0368507	0.0364193	0.0362572	0.0359704	0.0357886	0.0355947	0.0356294	0.0357375	0.0360656	0.0366199	0.0363457	0.0353045	0.0345383	0.0348118	

103	0.561	8	0	task-0:0.186	|	0.210198	0.219421	0.219243	0.2087	0.179263	0.178708	0.183024	0.182101	0.172558	0.178374	0.174752	0.167597	0.16794	0.16514	0.159227	0.152575	0.144789	0.134551	0.121788	0.111011	0.102438	0.0944534	0.0886423	0.0826333	0.0812188	0.0820021	0.0855661	0.0845375	0.0828574	0.081852	0.0788749	0.0773233	0.080213	0.079509	0.0777361	0.0737945	0.0710473	0.0724532	0.0719796	0.0669694	0.0685572	0.0667571	0.0631255	0.0627538	0.0621938	0.062583	0.0615083	0.0611816	0.060932	0.0609531	0.0614517	0.0626593	0.0592773	0.0615243	0.0642171	0.0737173	0.0860894	0.0746123	0.0709378	0.0681378	0.056732	0.0595157	0.0582627	0.0596968	0.0599447	0.049949	0.0446653	0.0396321	0.0467703	0.0468916	0.0405232	0.0392294	0.0387035	0.0385761	0.0385987	0.037772	0.037581	0.0374669	0.0373212	0.0370548	0.0365426	0.0357086	0.0351493	0.0345407	0.0341509	0.0338775	0.0336117	0.0331803	0.0326231	0.0321617	0.0319162	0.0315786	0.031134	0.0306704	0.0301406	0.0296283	0.0296207	0.0290009	0.0282449	0.0274166	0.027072	0.0264379	0.0262906	

236	0.967	8	0	task-0:0.07	|	0.190389	0.695841	0.662296	0.398707	0.181222	0.180634	0.174528	0.156559	0.171622	0.137751	0.139595	0.13748	0.122268	0.109686	0.101331	0.0940443	0.0864437	0.082063	0.0784482	0.0773696	0.0791211	0.0821181	0.0846374	0.0883119	0.346348	0.319466	0.119314	0.1077	0.0755143	0.356271	0.356271	0.198844	0.0795195	0.0784566	0.076853	0.0760067	0.0659031	0.0658727	0.0664613	0.06617	0.064448	0.0639729	0.0635356	0.0634107	0.0625915	0.0616885	0.0612131	0.0607892	0.0602585	0.05966	0.0590779	0.0585026	0.0579626	0.0582875	0.0585056	0.0575272	0.0570104	0.0566759	0.0564141	0.0559763	0.0562811	0.0563039	0.0569941	0.0555105	0.0565717	0.0559938	0.0558113	0.0561817	0.0564812	0.0569929	0.0578174	0.0586822	0.0559483	0.0586912	0.0591305	0.0529675	0.0528938	0.050777	0.0526294	0.0517133	0.0484808	0.0472979	0.0465734	0.0461	0.0460678	0.0454208	0.0444642	0.0433099	0.0419835	0.0407723	0.0394437	0.0379919	0.0364351	0.0354243	0.035291	0.0340517	0.0333384	0.03357	0.0325771	0.0317319	0.0313706	0.0314167	0.0311336	0.0305223	0.0299684	0.0296018	0.0291357	0.028721	0.0282868	0.0274892	0.0269004	0.0263297	0.0257539	0.0251866	0.0246622	0.0240816	0.0235027	0.0240899	0.0230034	0.0223492	0.0217379	0.0212189	0.020802	0.0203058	0.0212986	0.0205955	0.0194449	0.0190843	0.018813	0.0184537	0.0180817	0.0177097	0.01737	0.0168218	0.0164814	0.0163811	0.0163793	0.0164672	0.0169841	0.0171134	0.0174871	0.0180518	0.0185845	0.0191709	0.0196926	0.0202156	0.0204517	0.0202814	0.0199378	0.0194508	0.0188622	0.0182303	0.0175484	0.0167516	0.0159237	0.0152192	0.0147081	0.0147927	0.0142061	0.0143906	0.0142712	0.0138196	0.013661	0.0135024	0.0132568	0.013015	0.0127431	0.0124473	0.0121214	0.0117747	0.011427	0.0111837	0.0107952	0.0103323	0.00985962	0.00943298	0.00932546	0.00933078	0.00917274	0.00952685	0.0100355	0.0109793	0.0100178	0.00997022	0.0100534	0.0103467	0.0108986	0.0118027	0.0131611	0.0151456	0.0183479	0.0228383	0.0272395	0.0304865	0.0331671	0.0375492	0.0448119	0.0518974	0.0583236	0.0649198	0.0696614	0.0768261	0.0908123	0.0984222	0.0949289	0.0859219	0.0760692	0.0658104	0.057437	0.0523933	0.0577497	0.0501832	0.0394712	0.0603731	0.063942	0.0517717	0.0483353	0.0553857	0.0551926	0.0489629	0.0489388	0.0488002	0.0478043	0.0495118	0.0494747	0.0482302	0.047827	0.0478141	0.0478652	0.0477915	0.0475607	0.0473088	0.0470096	0.046674	0.0462953	0.0458686	

77	0.281	8	0	task-0:0.204	|	0.201849	0.2182	0.217427	0.199232	0.181945	0.182012	0.17581	0.175433	0.166624	0.170002	0.165213	0.157855	0.157202	0.153904	0.148856	0.144846	0.141078	0.136244	0.1304	0.124414	0.119427	0.114409	0.11348	0.111989	0.105257	0.101209	0.0970833	0.0930341	0.0906019	0.0870164	0.0840423	0.0823061	0.080053	0.0771394	0.0736294	0.0703507	0.0717477	0.103714	0.78	0.78	0.159853	0.0725715	0.0725486	0.0939665	0.189303	0.180242	0.112264	0.112251	0.128534	0.164717	0.153995	0.129584	0.121848	0.119099	0.111801	0.104833	0.105268	0.0995306	0.0959601	0.103173	0.100656	0.0959491	0.094713	0.0798668	0.0624712	0.0592917	0.0465294	0.0466468	0.0446712	0.0437598	0.0416482	0.0414092	0.039872	0.0388864	0.0378391	0.0371224	0.0363946	

127	0.546	8	0	task-0:0.212	|	0.350164	0.218767	0.218466	0.199059	0.232085	0.230468	0.172152	0.189532	0.18624	0.171003	0.174063	0.171995	0.164978	0.167145	0.164499	0.158235	0.152425	0.148645	0.14634	0.142266	0.136249	0.129666	0.122835	0.116071	0.109796	0.104185	0.0987895	0.0935196	0.0860825	0.0810961	0.0767984	0.0755213	0.0760294	0.0807669	0.089855	0.737587	0.655071	0.0974889	0.0974889	0.0884826	0.687923	0.686794	0.467441	0.0913084	0.0910984	0.177917	0.174296	0.0829995	0.0894858	0.0882325	0.0833251	0.0844432	0.0836467	0.0770596	0.0759753	0.0760728	0.0772387	0.0720692	0.0700858	0.0707029	0.0694951	0.0684261	0.0680669	0.0679069	0.0684906	0.0671603	0.0669104	0.0659055	0.06476	0.0634352	0.0609817	0.0580062	0.0549179	0.0519644	0.0526492	0.0497978	0.0499312	0.0488298	0.0485081	0.0475649	0.0465047	0.0451622	0.04386	0.0431468	0.0421836	0.0412721	0.0410134	0.0403181	0.0396013	0.0398268	0.0398329	0.0393719	0.0392391	0.0390365	0.0387722	0.0386255	0.0384828	0.038324	0.0381427	0.0378858	0.0376693	0.0375186	0.0373308	0.0371077	0.0368776	0.0366498	0.0364449	0.036235	0.0360253	0.0358643	0.0356942	0.0355643	0.0353982	0.0352382	0.0351231	0.0349896	0.0348501	0.0347062	0.0345668	0.0343549	0.0341457	0.0339152	0.0336687	0.0333998	0.033284	0.0330599	0.0327143	

97	0.422	8	0	task-0:0.156	|	0.334768	0.219596	0.219535	0.209378	0.191453	0.190286	0.17803	0.177553	0.165929	0.176877	0.172098	0.158919	0.161623	0.160159	0.152479	0.144698	0.13645	0.125072	0.110561	0.104233	0.0940662	0.0849795	0.0936898	0.085692	0.0815259	0.0809106	0.0860922	0.0919049	0.0911366	0.0931789	0.40692	0.376037	0.091885	0.0964362	0.0915594	0.0824954	0.116202	0.120978	0.0800184	0.0781733	0.0795268	0.0776415	0.0775076	0.0812842	0.0771458	0.0670929	0.0658056	0.068884	0.0641003	0.062727	0.0609136	0.0568556	0.0553995	0.054284	0.0544141	0.0537655	0.0526552	0.0517692	0.0509437	0.0503313	0.0498592	0.0486605	0.0472181	0.0461672	0.0452408	0.0438976	0.0422523	0.0404859	0.0387816	0.0387471	0.037877	0.0367603	0.035869	0.035381	0.0351953	0.0344146	0.0339116	0.0333958	0.0331457	0.0329956	0.0327386	0.0325338	0.0323414	0.0320788	0.0318102	0.0315159	0.0312064	0.0308905	0.0306697	0.0304787	0.0309863	0.0309727	0.030589	0.030427	0.0304165	0.0304664	0.0305052	

