144	0.112	4	0	task-0:0.255	|	0.337323	0.455869	0.455207	0.32547	0.251452	0.251377	0.25046	0.248613	0.244102	0.244541	0.2441	0.244737	0.236897	0.224542	0.216626	0.214436	0.211177	0.211128	0.208924	0.208096	0.206017	0.202609	0.202375	0.200908	0.198662	0.19696	0.194563	0.192658	0.191731	0.189426	0.187329	0.186328	0.185193	0.184351	0.183373	0.182442	0.181264	0.179729	0.177844	0.176882	0.172944	0.169764	0.165467	0.161553	0.157648	0.152517	0.146438	0.141363	0.137794	0.145193	0.142052	0.134881	0.132111	0.129586	0.127557	0.125982	0.123942	0.122301	0.120277	0.118368	0.116162	0.11461	0.115068	0.113742	0.11366	0.112719	0.111904	0.110969	0.110097	0.109143	0.108172	0.109497	0.109353	0.108128	0.107681	0.107502	0.107278	0.107117	0.106892	0.106556	0.105895	0.105298	0.104648	0.103991	0.103335	0.102737	0.102356	0.102529	0.102713	0.1026	0.102791	0.103124	0.10404	0.106093	0.114275	0.148058	0.153713	0.152909	0.153129	0.153539	0.153838	0.153938	0.152442	0.14534	0.143987	0.132737	0.131582	0.138893	0.138703	0.132219	0.127843	0.127165	0.126634	0.122038	0.0688865	0.0670468	0.102129	0.103191	0.0807876	0.0660663	0.0657484	0.0718038	0.0892063	0.0911589	0.0838923	0.0750493	0.0656412	0.0668238	0.063316	0.0652348	0.0651166	0.0651045	0.0652656	0.0631154	0.0615794	0.0601441	0.0595879	0.0629827	0.0919656	0.251846	0.252951	0.132903	0.134016	0.254711	

128	0.076	4	0	task-0:0.25	|	0.355557	0.286592	0.278012	0.25219	0.260615	0.260497	0.250769	0.25349	0.253356	0.24989	0.251255	0.25346	0.264763	0.264582	0.260664	0.248378	0.219351	0.184384	0.176371	0.198982	0.196018	0.169207	0.150468	0.147848	0.146044	0.145291	0.144904	0.143514	0.141951	0.141978	0.140545	0.14034	0.138671	0.137294	0.136424	0.135701	0.134931	0.133939	0.132023	0.128421	0.123695	0.120294	0.120352	0.119549	0.119078	0.119125	0.118579	0.117925	0.117146	0.115981	0.11528	0.114247	0.113923	0.115091	0.113213	0.112982	0.111555	0.110755	0.110297	0.110484	0.110255	0.110155	0.109357	0.109466	0.109532	0.109057	0.109079	0.109063	0.108614	0.108334	0.108257	0.107852	0.10753	0.107197	0.106858	0.107306	0.106663	0.108309	0.108178	0.106834	0.106881	0.106878	0.106787	0.107212	0.107187	0.106896	0.106798	0.106762	0.106778	0.106851	0.1069	0.106934	0.106904	0.106904	0.106913	0.106937	0.106973	0.107023	0.107093	0.107191	0.107386	0.107626	0.107957	0.108355	0.108462	0.108939	0.108838	0.109024	0.10939	0.109305	0.156374	0.156499	0.156668	0.156899	0.175287	0.10845	0.107842	0.107132	0.107218	0.107637	0.107502	0.107265	0.107286	0.107326	0.107389	0.107489	0.107647	0.114358	

117	0.097	4	0	task-0:0.25	|	0.262721	0.46013	0.455215	0.341504	0.262066	0.262094	0.261537	0.259818	0.25258	0.253388	0.250008	0.247204	0.245109	0.243547	0.241662	0.239149	0.23703	0.235197	0.233662	0.231604	0.228527	0.224596	0.219141	0.214498	0.210836	0.207015	0.206382	0.20726	0.201989	0.195898	0.191737	0.191774	0.189635	0.186803	0.184265	0.182059	0.179793	0.177389	0.174912	0.172685	0.172505	0.170885	0.169786	0.169199	0.167952	0.168044	0.16749	0.16671	0.166399	0.166281	0.166025	0.165374	0.164987	0.164832	0.164572	0.164291	0.163998	0.163611	0.163146	0.162634	0.162104	0.161554	0.160966	0.16035	0.160126	0.161392	0.15979	0.162036	0.162036	0.159856	0.16001	0.16001	0.159578	0.159992	0.159988	0.15965	0.159557	0.159544	0.159595	0.159633	0.159543	0.159443	0.159407	0.159428	0.159439	0.15944	0.159438	0.159468	0.159495	0.159546	0.159608	0.159693	0.159729	0.159738	0.159738	0.159722	0.159738	0.159758	0.1598	0.159942	0.160107	0.160269	0.160473	0.160787	0.161329	0.161223	0.160883	0.195507	0.18385	0.161582	0.161204	0.161051	0.160834	0.160827	0.160968	0.161037	0.161091	

69	0.067	4	0	task-0:0.43	|	0.257531	0.456797	0.451652	0.328557	0.255455	0.255449	0.254102	0.254102	0.244697	0.24438	0.243658	0.242169	0.240443	0.23894	0.237386	0.23568	0.233363	0.208093	0.199807	0.224483	0.221816	0.195819	0.189216	0.183979	0.193949	0.192124	0.181981	0.175334	0.169006	0.167624	0.164482	0.161789	0.155386	0.154234	0.155833	0.152959	0.148859	0.143133	0.135278	0.133425	0.14229	0.140139	0.133507	0.13355	0.13357	0.134048	0.135767	0.137941	0.136245	0.136813	0.137909	0.138997	0.140836	0.140271	0.140863	0.141949	0.141466	0.141852	0.14245	0.142299	0.142867	0.143831	0.14541	0.148494	0.146906	0.149899	0.149744	0.146245	0.145717	

136	0.131	4	0	task-0:0.235	|	0.26002	0.458295	0.453305	0.335028	0.258642	0.258641	0.260849	0.260849	0.249832	0.261259	0.260873	0.252146	0.249998	0.249994	0.249584	0.249467	0.249095	0.24884	0.248421	0.247914	0.24719	0.246227	0.244937	0.243249	0.241181	0.238748	0.234674	0.222075	0.21515	0.214678	0.215807	0.201729	0.181871	0.441836	0.412564	0.223926	0.223926	0.192671	0.381185	0.334363	0.200074	0.208921	0.205768	0.218396	0.248351	0.228294	0.230503	0.243713	0.232608	0.227331	0.233423	0.224834	0.220313	0.219647	0.21959	0.223912	0.223279	0.219295	0.216103	0.215052	0.214231	0.2128	0.211121	0.209759	0.208555	0.207099	0.205415	0.203483	0.202205	0.200189	0.197715	0.194673	0.190938	0.18646	0.180817	0.173821	0.165156	0.15752	0.148633	0.141598	0.135266	0.127291	0.120354	0.118042	0.108108	0.103333	0.0985749	0.101127	0.0956324	0.0926152	0.0900462	0.0873401	0.0848493	0.083764	0.0800244	0.0763388	0.0755998	0.0826765	0.0734121	0.072124	0.0838172	0.0681301	0.0789308	0.0699442	0.0676543	0.0727853	0.0680379	0.0665776	0.0687293	0.0702249	0.0726562	0.0674849	0.0657319	0.0669444	0.0671821	0.0675557	0.0681396	0.0690509	0.0704502	0.0725421	0.0648636	0.070393	0.0641404	0.0634933	0.0636883	0.0624463	0.0604085	0.0665787	0.0596456	0.0577966	0.0603421	0.0579395	0.0568139	0.0556365	0.0554522	0.0559393	

133	0.091	4	0	task-0:0.065	|	0.260354	0.457428	0.452313	0.332607	0.258912	0.258896	0.259663	0.259663	0.249542	0.249626	0.250138	0.249653	0.249256	0.249256	0.249207	0.249193	0.249102	0.249054	0.248973	0.248873	0.248763	0.248629	0.248468	0.24828	0.248067	0.247839	0.247645	0.247401	0.247096	0.246125	0.205402	0.217034	0.212523	0.175754	0.203376	0.200616	0.176612	0.169821	0.168428	0.160752	0.165085	0.185143	0.218579	0.165068	0.155442	0.150653	0.148402	0.147278	0.149217	0.158608	0.174688	0.204072	0.197863	0.170472	0.164504	0.168124	0.173915	0.173005	0.175499	0.172581	0.171277	0.169719	0.16807	0.166785	0.166124	0.158883	0.154398	0.150422	0.146822	0.144197	0.135254	0.12253	0.111225	0.100104	0.0884407	0.0771498	0.0671876	0.0596446	0.052991	0.0476321	0.0457384	0.04474	0.0449491	0.0534696	0.166298	0.155562	0.105231	0.123795	0.148837	0.170046	0.179829	0.139981	0.105786	0.0960784	0.097214	0.0974451	0.119872	0.111398	0.0988684	0.161762	0.153035	0.103551	0.074389	0.072839	0.0728091	0.0727845	0.0726619	0.0684251	0.0473977	0.0711267	0.189112	0.0666799	0.1178	0.156077	0.134133	0.334622	0.335154	0.269199	0.158294	0.158294	0.163635	0.161175	0.113359	0.108834	0.112191	0.115329	0.15894	0.163085	0.159235	0.122128	0.12066	0.115695	0.112394	

93	0.068	4	0	task-0:0.1	|	0.260267	0.45621	0.451229	0.330624	0.258265	0.258251	0.258348	0.258348	0.248601	0.248508	0.248093	0.247313	0.247451	0.246983	0.246323	0.246045	0.245485	0.244797	0.241373	0.231866	0.21303	0.259036	0.253006	0.235822	0.202641	0.172002	0.160599	0.162577	0.171644	0.170864	0.161194	0.149954	0.145638	0.144314	0.135496	0.125098	0.118984	0.113118	0.1049	0.0989165	0.0988077	0.090711	0.0869811	0.0840195	0.0814971	0.0808593	0.082047	0.0906162	0.0771251	0.0774624	0.105015	0.0952189	0.0779616	0.0778656	0.0814066	0.0890231	0.0862939	0.080206	0.078744	0.0784019	0.0793449	0.0782016	0.076811	0.0771959	0.0779912	0.0804503	0.0844066	0.089534	0.0932963	0.0931867	0.0973794	0.102298	0.104304	0.183477	0.177177	0.101786	0.101669	0.114199	0.112377	0.103501	0.102353	0.10294	0.104169	0.106404	0.109974	0.115068	0.124159	0.109231	0.103876	0.0989061	0.098752	0.0957733	0.0940645	

65	0.058	4	0	task-0:0.51	|	0.26384	0.459066	0.453677	0.338028	0.262909	0.262887	0.266407	0.266407	0.255271	0.257085	0.254424	0.251436	0.249672	0.247194	0.244012	0.240244	0.236748	0.234337	0.233497	0.232866	0.232687	0.23147	0.229494	0.227689	0.226193	0.225188	0.224567	0.223723	0.222797	0.222102	0.221651	0.221413	0.221223	0.221028	0.220782	0.220788	0.220703	0.220612	0.220485	0.220274	0.219962	0.219575	0.219622	0.219624	0.219572	0.219473	0.219467	0.219447	0.219558	0.219992	0.267825	0.268756	0.264195	0.257763	0.270512	0.299968	0.301431	0.302966	0.304652	0.239398	0.226865	0.224028	0.224508	0.211558	0.212989	

707	0.645	4	0	task-0:0.005	|	0.262705	0.457603	0.452192	0.334223	0.261374	0.261356	0.263113	0.263113	0.25284	0.255672	0.253357	0.251732	0.251427	0.251498	0.251315	0.250504	0.249685	0.248917	0.248079	0.247204	0.246443	0.246001	0.246042	0.245954	0.245994	0.245782	0.245386	0.244994	0.244791	0.244732	0.244708	0.24475	0.244778	0.244732	0.244548	0.244392	0.244104	0.243636	0.243123	0.242527	0.241836	0.241247	0.240338	0.239269	0.238113	0.236642	0.235312	0.233644	0.231477	0.234407	0.494047	0.48779	0.254976	0.245796	0.305018	0.222137	0.272432	0.255535	0.245155	0.238362	0.233579	0.22903	0.226127	0.221428	0.223482	0.220562	0.219485	0.218778	0.217074	0.217564	0.217381	0.216384	0.216303	0.216134	0.215403	0.214761	0.214117	0.213521	0.213107	0.212586	0.212001	0.211391	0.210739	0.210096	0.209429	0.208796	0.208305	0.207746	0.207666	0.207375	0.207173	0.207042	0.206288	0.205105	0.203683	0.202471	0.201869	0.200821	0.199636	0.198458	0.201801	0.198525	0.206788	0.206335	0.199551	0.198467	0.198406	0.197616	0.197167	0.196496	0.195747	0.19517	0.194582	0.193921	0.193234	0.192422	0.191518	0.190493	0.189397	0.18833	0.188095	0.187681	0.186721	0.185839	0.184926	0.184601	0.184041	0.183168	0.18226	0.181679	0.181187	0.180235	0.178846	0.177074	0.175029	0.174268	0.170825	0.167919	0.166742	0.165409	0.163811	0.162347	0.161161	0.160514	0.160425	0.159475	0.15791	0.156449	0.154843	0.152986	0.152397	0.150547	0.148842	0.147348	0.145645	0.144026	0.142266	0.141502	0.138761	0.136442	0.134502	0.132999	0.13179	0.130168	0.128726	0.12714	0.125717	0.124297	0.122568	0.120803	0.118785	0.116331	0.113524	0.110531	0.107413	0.104367	0.103676	0.101172	0.101312	0.100561	0.101013	0.101081	0.0997467	0.0988422	0.098209	0.0974937	0.0971268	0.0964901	0.0957603	0.0951287	0.0944411	0.0938354	0.0930444	0.0921133	0.0910202	0.0897414	0.0882514	0.0865254	0.0845435	0.0829673	0.0810528	0.0791518	0.0769767	0.0745717	0.0719649	0.0691401	0.0662405	0.0633254	0.0693841	0.0630545	0.0646314	0.0646314	0.0611655	0.061574	0.0609803	0.0609423	0.0609416	0.0607167	0.0606632	0.0604896	0.0602695	0.0600341	0.0597932	0.0595558	0.0593238	0.0591092	0.0588415	0.0585255	0.0581834	0.0578147	0.0576094	0.0573079	0.0570105	0.0566845	0.056341	0.0560742	0.0558601	0.0555618	0.0552923	0.0550136	0.0547933	0.0545807	0.0544101	0.054237	0.0540683	0.0538021	0.0535667	0.0533425	0.0531444	0.0529258	0.0527134	0.0524674	0.0522572	0.0520078	0.0517621	0.0515557	0.0513267	0.0510626	0.0507615	0.0504219	0.0500413	0.0496667	0.049431	0.049112	0.0487854	0.0484119	0.04799	0.0475198	0.0471696	0.0467463	0.0462729	0.0457354	0.0451378	0.0445207	0.0437343	0.0429291	0.0421786	0.0414811	0.041276	0.041252	0.0407776	0.0405118	0.0401377	0.0398504	0.0398204	0.0395504	0.0393401	0.0391181	0.0389372	0.0387516	0.0385716	0.0384234	0.0382668	0.0381027	0.0379339	0.037774	0.0376282	0.0375166	0.0372999	0.0371124	0.0369238	0.036743	0.0365409	0.036381	0.0362131	0.0360355	0.0358518	0.035666	0.035486	0.0353316	0.03512	0.0349571	0.034742	0.0345971	0.0345132	0.0343665	0.0342314	0.0340924	0.0339714	0.033839	0.0337129	0.033598	0.0334303	0.0332299	0.0330937	0.0330002	0.0328989	0.0327966	0.0326992	0.0325643	0.0324398	0.0323209	0.0322213	0.0321182	0.0320301	0.0318821	0.0317533	0.0316305	0.0315176	0.0313976	0.0312837	0.03112	0.0309814	0.0308821	0.0307868	0.0306956	0.0305922	0.0304507	0.0303361	0.0302456	0.0301302	0.0300249	0.0299283	0.0297977	0.0296671	0.0295298	0.0293925	0.0292771	0.0291894	0.0290139	0.0288709	0.0287384	0.0286098	0.0284987	0.0283691	0.0282455	0.0281479	0.0280698	0.0280041	0.0279088	0.0278125	0.0277108	0.0276085	0.0274984	0.0274121	0.0273535	0.0271932	0.0270663	0.0269378	0.0268163	0.0266973	0.0266124	0.0264946	0.0263859	0.0262794	0.0261863	0.0261104	0.0260091	0.0258993	0.0257706	0.025621	0.0254485	0.0252513	0.0250281	0.0247785	0.0246034	0.0243072	0.0241069	0.0239362	0.0238204	0.0237125	0.0236117	0.0235239	0.023457	0.0234145	0.0233113	0.0232259	0.0231397	0.0230953	0.0230573	0.0229688	0.0228939	0.0228161	0.0227397	0.0226719	0.0226227	0.0225486	0.0224801	0.0224103	0.0223631	0.0223219	0.0222581	0.0221976	0.0221338	0.0220965	0.0220568	0.0219973	0.021939	0.0218765	0.0218121	0.0217599	0.0217124	0.0216834	0.0215875	0.0215104	0.0214294	0.0213484	0.0212987	0.0212575	0.0211763	0.0211054	0.0210323	0.0209978	0.0209622	0.0208935	0.0208316	0.0207662	0.0207004	0.0206465	0.0206011	0.020551	0.0204711	0.0204164	0.0203848	0.0203422	0.0203012	0.0202303	0.0201613	0.0200853	0.0200121	0.0199932	0.0199547	0.0198958	0.0198543	0.0198268	0.0197915	0.0197579	0.0197046	0.0196511	0.0195915	0.0195268	0.0194587	0.0194233	0.0193624	0.0192894	0.0192295	0.0191928	0.0191449	0.0190998	0.0190577	0.018995	0.0189325	0.0188648	0.0187938	0.0187665	0.0187051	0.0186352	0.0185937	0.0185506	0.0185041	0.0184579	0.0184158	0.0183352	0.0182666	0.0182008	0.0181568	0.0181145	0.0180655	0.017998	0.0179614	0.0179333	0.0178981	0.0178623	0.0178031	0.017748	0.017694	0.0176684	0.0176459	0.0175953	0.0175517	0.017506	0.0174607	0.0174308	0.0173908	0.0173398	0.0172885	0.017227	0.0171837	0.0171475	0.0171071	0.0170682	0.0170099	0.0169549	0.0168997	0.0168665	0.0168414	0.0167882	0.0167429	0.0166963	0.0166726	0.016632	0.0165812	0.0165339	0.0164707	0.0164211	0.016394	0.0163579	0.0163238	0.0162572	0.0161939	0.0161236	0.0160473	0.016028	0.0159862	0.0159364	0.0159097	0.0158832	0.0158537	0.0158256	0.0157768	0.0157289	0.0156753	0.0156167	0.0155545	0.0155475	0.0154927	0.0154195	0.0153813	0.0153473	0.0153085	0.01527	0.0152349	0.015166	0.0151151	0.0150976	0.015067	0.0150218	0.0149746	0.0149212	0.014862	0.0148446	0.0148219	0.0147661	0.0147224	0.0146755	0.0146572	0.0146344	0.0145926	0.0145538	0.0145118	0.0144734	0.0144577	0.0144448	0.0144044	0.0143691	0.0143297	0.0142867	0.0142682	0.0142439	0.0142054	0.0141542	0.0141233	0.0141042	0.0140773	0.0140491	0.0140209	0.0139706	0.0139278	0.0138821	0.0138326	0.0138255	0.0138268	0.0137566	0.0137062	0.0136542	0.0136007	0.0135775	0.0135538	0.0134905	0.0134407	0.0133928	0.0133688	0.0133421	0.0132964	0.0132498	0.0131954	0.0131322	0.013053	0.0130222	0.0129771	0.0129113	0.0128687	0.0128257	0.0128372	0.0128032	0.0127635	0.012721	0.0126965	0.0126626	0.0126286	0.0125688	0.0125179	0.0124734	0.0124343	0.0123853	0.0123878	0.0123456	0.0122864	0.0122575	0.0122333	0.0122037	0.0121732	0.0121438	0.0120881	0.012038	0.0119933	0.0119929	0.0119712	0.0119333	0.0119079	0.0118942	0.0118733	0.0118517	0.0118306	0.0117871	0.0117475	0.0117051	0.0116616	0.0116456	0.0116164	0.0115816	0.0115499	0.0114959	0.0114568	0.011436	0.0114084	0.0113831	0.0113283	0.0112802	0.0112302	0.0112227	0.011195	0.0111593	0.011137	0.0111179	0.0110943	0.0110695	0.0110449	0.0110017	0.0109609	0.0109177	0.0109098	0.0108861	0.0108569	0.0108198	0.0107889	0.0107744	0.0107527	0.0107314	0.0106934	0.0106564	0.0106154	0.0105712	0.0105598	0.0105241	0.0104851	0.0104493	0.0103991	0.010363	0.0103454	0.0103267	0.0102869	0.0102488	0.0102062	0.0101622	0.0101604	0.0101403	

112	0.117	4	0	task-0:0.34	|	0.262756	0.457427	0.452326	0.334005	0.260887	0.260872	0.262452	0.262452	0.252197	0.253167	0.250884	0.250418	0.248932	0.248274	0.248363	0.24754	0.246784	0.246353	0.246148	0.246195	0.245801	0.245227	0.244722	0.244157	0.243366	0.242358	0.241165	0.239728	0.238043	0.236234	0.233886	0.231018	0.227554	0.223436	0.218688	0.213619	0.208151	0.205259	0.201609	0.205841	0.204422	0.199744	0.200364	0.199769	0.19857	0.200372	0.200733	0.199448	0.198472	0.198268	0.197999	0.197681	0.197808	0.197429	0.196647	0.195781	0.195053	0.194348	0.193598	0.192828	0.192073	0.191394	0.190883	0.190192	0.191273	0.189945	0.192791	0.192401	0.190299	0.190464	0.190289	0.190586	0.190744	0.190623	0.190662	0.190852	0.191138	0.191615	0.192238	0.192903	0.192649	0.192952	0.193445	0.193855	0.194501	0.195352	0.195261	0.20412	0.196167	0.196675	0.196586	0.19693	0.197594	0.197992	0.1986	0.198579	0.198903	0.199688	0.199751	0.197256	0.19477	0.199714	0.200263	0.200631	0.200903	0.20115	0.201443	0.201806	0.201977	0.202103	0.202135	0.202153	

55	0.053	4	0	task-0:0.52	|	0.281267	0.445814	0.444754	0.325772	0.250464	0.249985	0.250945	0.246182	0.24697	0.246956	0.243485	0.242855	0.239559	0.234068	0.228514	0.222307	0.218219	0.211014	0.203794	0.198631	0.190573	0.183828	0.182545	0.178295	0.175188	0.173797	0.17112	0.168564	0.167324	0.167669	0.166187	0.16503	0.163814	0.498564	0.497756	0.165886	0.166087	0.446503	0.408632	0.162567	0.164517	0.165214	0.213249	0.203781	0.167566	0.167461	0.172545	0.197086	0.19121	0.179485	0.178329	0.183833	0.191455	0.180034	0.18251	

58	0.055	4	0	task-0:0.48	|	0.27292	0.447608	0.446709	0.329014	0.251039	0.25077	0.255812	0.254327	0.25035	0.246195	0.240815	0.235804	0.22925	0.225275	0.216685	0.210963	0.207088	0.209369	0.204743	0.199472	0.194374	0.192585	0.188934	0.186275	0.184573	0.182797	0.181207	0.180423	0.180132	0.179488	0.178833	0.178262	0.176648	0.174966	0.174209	0.173014	0.171608	0.17012	0.170086	0.168983	0.168295	0.167524	0.16722	0.166856	0.166085	0.165174	0.164133	0.163004	0.161971	0.161634	0.162227	0.163677	0.162502	0.161916	0.16094	0.159437	0.157553	0.15583	

199	0.19	4	0	task-0:0.255	|	0.275771	0.445966	0.444931	0.326938	0.250574	0.250365	0.254066	0.253582	0.251269	0.258761	0.25726	0.251603	0.251277	0.250811	0.24946	0.247831	0.245815	0.240526	0.235207	0.234012	0.234301	0.235564	0.236603	0.237771	0.238235	0.241292	0.240182	0.242035	0.243737	0.245649	0.247688	0.249566	0.251074	0.25222	0.253552	0.263253	0.268647	0.274994	0.268836	0.263023	0.259005	0.24819	0.239727	0.231938	0.231047	0.236155	0.246096	0.254639	0.293654	0.274716	0.237334	0.234173	0.242924	0.241377	0.232222	0.226813	0.221669	0.215327	0.207948	0.206854	0.203362	0.201526	0.207555	0.185614	0.190012	0.177719	0.17957	0.190145	0.183905	0.171834	0.169833	0.170657	0.171229	0.172574	0.173823	0.169659	0.167851	0.167127	0.167148	0.167975	0.164727	0.163234	0.161912	0.160982	0.16071	0.156447	0.156246	0.155907	0.156741	0.157512	0.159177	0.161411	0.165173	0.168624	0.174481	0.173662	0.176557	0.182646	0.185294	0.189534	0.195354	0.200938	0.205626	0.203583	0.203707	0.20612	0.202283	0.201648	0.201333	0.200474	0.201016	0.20052	0.199293	0.198141	0.197424	0.197046	0.196352	0.19537	0.194322	0.193414	0.192482	0.191506	0.190353	0.188991	0.187373	0.185366	0.1827	0.178808	0.173809	0.173395	0.175724	0.175074	0.172664	0.171861	0.171591	0.171465	0.170181	0.169392	0.168602	0.166585	0.163754	0.161178	0.157696	0.15358	0.14864	0.142111	0.131627	0.117713	0.116183	0.112158	0.110258	0.106178	0.091266	0.0920388	0.0954682	0.103425	0.0999056	0.101435	0.103317	0.105459	0.108126	0.110867	0.111732	0.113573	0.115476	0.118529	0.109891	0.109224	0.147539	0.163924	0.174794	0.193745	0.178653	0.179399	0.184424	0.197891	0.200962	0.201153	0.206754	0.205988	0.211884	0.199733	0.156097	0.203247	0.157306	0.161116	0.16644	0.175968	0.18928	0.199233	0.198216	0.18059	0.154541	0.2088	0.212291	0.217722	0.213083	0.211209	0.187552	

183	0.164	4	3	task-0:0.065	|	0.272563	0.444657	0.443508	0.325705	0.25055	0.250097	0.251804	0.247039	0.241848	0.242617	0.236817	0.232447	0.225403	0.215959	0.203594	0.196595	0.193222	0.188034	0.184237	0.179334	0.17041	0.152094	0.134584	0.120414	0.122009	0.114882	0.126546	0.113392	0.110833	0.112842	0.120105	0.113941	0.114062	0.111253	0.111141	0.111037	0.108496	0.106031	0.103549	0.0993319	0.0945359	0.0913026	0.0872555	0.0827619	0.0769463	0.0697158	0.0627525	0.0590746	0.058797	0.0537673	0.0486164	0.0460899	0.0453356	0.045057	0.0422759	0.0407734	0.0388445	0.0369871	0.0348237	0.0332199	0.0327059	0.0319166	0.0306387	0.0293884	0.0280446	0.0264258	0.0248235	0.0230942	0.0271512	0.0263413	0.0259265	0.0257956	0.0212256	0.0196778	0.0188312	0.0180479	0.0193396	0.0233285	0.0175571	0.0158173	0.0150983	0.0130756	0.0127683	0.0126716	0.012656	0.0128381	0.0118397	0.0115112	0.0111413	0.0107837	0.0103982	0.0100886	0.010193	0.0092988	0.00894228	0.00879855	0.00938692	0.00862175	0.00899856	0.00766779	0.00685529	0.00642847	0.00614267	0.006022	0.00600547	0.00974781	0.0093544	0.00930182	0.00898118	0.00885088	0.00872753	0.00864777	0.00861595	0.00863202	0.00879568	0.00933007	0.00897866	0.00928521	0.00909708	0.00925947	0.00925649	0.00923472	0.00943324	0.00998173	0.00871899	0.00853031	0.00772515	0.00739306	0.00689323	0.00646013	0.00616668	0.00601316	0.00588348	0.00577366	0.00565814	0.00553324	0.0054015	0.0052174	0.00509364	0.00495219	0.00477967	0.00457875	0.00435391	0.00411446	0.00386051	0.00360412	0.00350872	0.0033686	0.012976	0.0122587	0.01171	0.0118384	0.0124864	0.0139388	0.012219	0.0100123	0.00924662	0.00873145	0.00817874	0.00788399	0.00758816	0.00734538	0.00737174	0.00774329	0.00814556	0.00687759	0.00577476	0.00544525	0.00538713	0.0051497	0.00484819	0.00470672	0.00461893	0.0045283	0.00444831	0.00437679	0.00431524	0.00427938	0.00431305	0.00449046	0.00439745	0.00399174	0.00379716	

123	0.118	4	0	task-0:0.235	|	0.250177	0.459442	0.407679	0.268934	0.243715	0.242118	0.225417	0.196587	0.180865	0.170738	0.158763	0.14287	0.142754	0.13128	0.134304	0.134282	0.128027	0.126408	0.124167	0.187285	0.185911	0.093974	0.12323	0.122278	0.117157	0.104577	0.104538	0.100397	0.100165	0.0911425	0.0904484	0.0920811	0.0911027	0.0888074	0.0887739	0.0878366	0.0861949	0.0853097	0.0840319	0.0823314	0.0806114	0.0789417	0.0769234	0.0746785	0.0723794	0.0702916	0.0691911	0.0683745	0.0679015	0.066813	0.0659998	0.0651837	0.0644461	0.0635745	0.0628728	0.0619673	0.0610589	0.0597439	0.0583199	0.0565022	0.0546641	0.0519022	0.0494595	0.0464684	0.0423524	0.0373318	0.0310849	0.0233336	0.0148484	0.00963495	0.00814582	0.0124439	0.0192688	0.0156794	0.00525643	0.00572714	0.00482345	0.00536179	0.00486489	0.00382923	0.00367482	0.0032974	0.00294931	0.00282643	0.00311275	0.00277922	0.00258277	0.00236789	0.00214916	0.00196277	0.0015803	0.00139881	0.0012435	0.00100552	0.000851298	0.000696163	0.000553171	0.000420973	0.000304075	0.000209616	0.00015217	0.000138496	8.12353e-005	0.000115074	0.000118054	7.61997e-005	6.81027e-005	6.02135e-005	5.17852e-005	4.50098e-005	3.84319e-005	3.21584e-005	2.67281e-005	2.34295e-005	1.69589e-005	1.45051e-005	1.22492e-005	1.01408e-005	8.24775e-006	6.68491e-006	4.84812e-006	4.50367e-006	3.54966e-006	

63	0.061	4	0	task-0:0.445	|	0.274738	0.444942	0.443805	0.325936	0.250923	0.250674	0.255221	0.254011	0.250246	0.247086	0.254747	0.244074	0.240192	0.240774	0.235837	0.234366	0.232576	0.231291	0.231844	0.230719	0.230602	0.230241	0.230025	0.230025	0.229669	0.229506	0.229325	0.229186	0.22905	0.228859	0.228665	0.228494	0.228344	0.228192	0.228042	0.227898	0.227778	0.227692	0.2276	0.227714	0.227503	0.227395	0.227239	0.227062	0.22702	0.226813	0.226752	0.22676	0.2267	0.226589	0.226471	0.226385	0.226252	0.226018	0.225752	0.225477	0.225331	0.225496	0.225297	0.225166	0.225026	0.224926	0.22487	

108	0.101	4	0	task-0:0.33	|	0.277835	0.443722	0.442481	0.324271	0.250678	0.250295	0.254288	0.253614	0.250307	0.250221	0.250132	0.24955	0.250211	0.2501	0.249394	0.24904	0.248942	0.24897	0.249133	0.249697	0.251198	0.26142	0.259081	0.259398	0.265963	0.268031	0.25754	0.252562	0.245577	0.238565	0.218212	0.318252	0.290624	0.184758	0.241628	0.245328	0.246566	0.238017	0.199941	0.215451	0.195351	0.198073	0.216946	0.215339	0.202009	0.194083	0.193948	0.197755	0.19517	0.18927	0.185285	0.182461	0.18054	0.178642	0.176053	0.171917	0.129262	0.143561	0.118409	0.118461	0.160353	0.167171	0.169276	0.171647	0.174245	0.1786	0.190241	0.178478	0.149003	0.181067	0.151085	0.158106	0.17337	0.159003	0.147193	0.149438	0.158931	0.163999	0.16469	0.166915	0.16948	0.172188	0.174867	0.17743	0.179904	0.182433	0.185272	0.188652	0.192919	0.190508	0.191154	0.192204	0.194509	0.197216	0.192875	0.184645	0.160236	0.176655	0.194098	0.18695	0.160813	0.160063	0.173639	0.186349	0.185495	0.17875	0.173613	0.169143	

101	0.092	4	0	task-0:0.265	|	0.263254	0.452933	0.449831	0.331757	0.25408	0.254094	0.260475	0.260443	0.248218	0.255845	0.255409	0.248366	0.247717	0.247349	0.245514	0.244589	0.243347	0.241913	0.240354	0.238761	0.23738	0.236365	0.237193	0.237919	0.240803	0.232952	0.222326	0.212469	0.202885	0.194769	0.191573	0.186725	0.182043	0.178956	0.176414	0.174085	0.17222	0.171867	0.172365	0.170729	0.171221	0.1686	0.14645	0.14312	0.140885	0.139511	0.138356	0.137593	0.137218	0.136682	0.185334	0.14863	0.146834	0.146871	0.135044	0.181306	0.142733	0.14195	0.147602	0.133641	0.134879	0.132366	0.185802	0.185309	0.132345	0.131201	0.128826	0.120536	0.116112	0.109882	0.103083	0.104376	0.098376	0.100618	0.0992224	0.0960003	0.0959369	0.0964358	0.0991724	0.100004	0.0994575	0.0988571	0.0982963	0.0983002	0.0985777	0.0986082	0.0986257	0.0988283	0.0991749	0.0996576	0.100305	0.101195	0.102426	0.104426	0.105692	0.101635	0.100949	0.0987686	0.095706	0.0923494	0.0917648	

183	0.169	4	0	task-0:0.08	|	0.26911	0.451059	0.427938	0.257314	0.253806	0.253709	0.226336	0.217857	0.205153	0.193339	0.183308	0.176825	0.173686	0.171924	0.171542	0.172854	0.170871	0.170406	0.170739	0.172451	0.17099	0.16855	0.166802	0.164155	0.159153	0.148684	0.130109	0.113803	0.12462	0.128141	0.132151	0.135514	0.13758	0.138521	0.138612	0.138214	0.137648	0.137441	0.138622	0.141831	0.145362	0.137336	0.13095	0.129977	0.12753	0.112172	0.125965	0.125125	0.124399	0.123386	0.115257	0.0869838	0.121197	0.12097	0.120539	0.120293	0.118607	0.0830427	0.119823	0.119656	0.119512	0.119319	0.117033	0.082088	0.118777	0.118796	0.118706	0.118308	0.0928152	0.0814562	0.11545	0.117009	0.0806458	0.0805167	0.0803418	0.0802345	0.0801193	0.0799772	0.0797883	0.0796411	0.0794871	0.0792961	0.079073	0.0790575	0.0919925	0.0918595	0.0969971	0.130058	0.129456	0.0908725	0.0904935	0.127482	0.127279	0.1267	0.0892318	0.0889628	0.115984	0.11639	0.0882528	0.0880841	0.0897262	0.0925495	0.0843021	0.0878701	0.102182	0.102548	0.104485	0.102647	0.0939546	0.0854567	0.0883304	0.0991815	0.101347	0.0995361	0.0990833	0.0998746	0.101119	0.102206	0.103645	0.106193	0.110907	0.167971	0.167497	0.113779	0.114284	0.087876	0.169074	0.168921	0.134552	0.106576	0.106448	0.0703466	0.0703461	0.0775915	0.0775904	0.0699188	0.0712432	0.0712081	0.0692308	0.0703114	0.0702919	0.0692065	0.0691002	0.0690195	0.0688032	0.0686908	0.068541	0.0682802	0.0677552	0.0663821	0.0618349	0.0464451	0.03062	0.0291985	0.02913	0.0291441	0.0311207	0.0310588	0.0293937	0.0292899	0.0297872	0.0296966	0.0292628	0.028776	0.0282262	0.0279014	0.0274069	0.0268474	0.0262206	0.0255248	0.0247639	0.023944	0.0230811	0.0222128	0.0213797	0.0205381	0.0199049	0.0193628	0.018878	0.0185521	0.0177822	0.0172743	0.0172903	

166	0.145	4	0	task-0:0.085	|	0.26268	0.457054	0.454828	0.343923	0.256458	0.256179	0.25706	0.251489	0.245508	0.246303	0.243332	0.241509	0.240516	0.235464	0.209579	0.197774	0.177852	0.164024	0.172984	0.175101	0.158963	0.141563	0.136425	0.140075	0.133197	0.119734	0.111286	0.107018	0.10178	0.0995384	0.0968578	0.0982237	0.10106	0.107213	0.105102	0.108638	0.114445	0.123829	0.138251	0.160897	0.220625	0.19406	0.204327	0.202782	0.169811	0.189129	0.185651	0.166868	0.159738	0.157319	0.156184	0.153221	0.148578	0.145018	0.142326	0.140049	0.137973	0.135909	0.133912	0.132626	0.131406	0.12994	0.129328	0.129416	0.124537	0.115552	0.107426	0.108933	0.104433	0.0994739	0.0944104	0.093982	0.091399	0.0886642	0.0861621	0.0803477	0.0725214	0.0663052	0.0615738	0.0578634	0.0552897	0.0525162	0.0489033	0.0679214	0.0526358	0.0495982	0.0451894	0.0567062	0.0468479	0.0348345	0.0328715	0.034673	0.032208	0.0313814	0.0307294	0.0282027	0.0253551	0.0226093	0.0207636	0.0197615	0.0199465	0.0204607	0.0162403	0.0139465	0.0127079	0.0115735	0.00820599	0.00620382	0.00456704	0.00336453	0.00235734	0.00175175	0.00147419	0.000995196	0.00121866	0.000812164	0.00110548	0.00110449	0.000800565	0.000835093	0.00082688	0.000757816	0.000755946	0.000735373	0.000718375	0.000703883	0.000682593	0.000659054	0.000633571	0.000602168	0.00057831	0.000558285	0.000552492	0.000676349	0.000506966	0.000492449	0.000462273	0.000440518	0.000424762	0.000468815	0.000375995	0.000360566	0.000350691	0.000341928	0.000543629	0.000331969	0.000343221	0.000282365	0.000257436	0.00024365	0.000239806	0.00021445	0.000203547	0.000194297	0.000186482	0.000172628	0.000172892	0.000153277	0.000143908	0.000134868	0.00012576	0.0001186	0.000102135	9.06976e-005	7.97118e-005	6.99458e-005	

94	0.085	4	0	task-0:0.51	|	0.262867	0.457353	0.455238	0.34354	0.255634	0.255621	0.267983	0.267983	0.252409	0.258123	0.258123	0.252316	0.252866	0.252711	0.251317	0.251506	0.251134	0.250799	0.250606	0.250364	0.250081	0.249768	0.249362	0.248887	0.248357	0.247994	0.247391	0.247041	0.246221	0.245495	0.244996	0.244552	0.243855	0.243092	0.242329	0.241638	0.241168	0.240952	0.240989	0.241177	0.241485	0.2419	0.24234	0.242761	0.243177	0.243649	0.244256	0.24512	0.246156	0.247271	0.248308	0.249107	0.249469	0.249505	0.249203	0.247604	0.239813	0.248972	0.249337	0.249311	0.248742	0.249877	0.249997	0.25	0.25	0.25	0.25	0.25	0.25	0.25	0.25	0.25	0.25	0.25	0.25	0.25	0.25	0.25	0.25	0.25	0.25	0.25	0.25	0.25	0.25	0.25	0.25	0.25	0.25	0.25	0.25	0.25	0.25	0.25	

153	0.109	4	0	task-0:0.06	|	0.26352	0.456257	0.453925	0.342004	0.255654	0.255649	0.267498	0.267475	0.252212	0.258033	0.257986	0.252058	0.252416	0.25217	0.250703	0.250431	0.250035	0.249697	0.249262	0.248825	0.248369	0.247996	0.247836	0.249193	0.256567	0.293349	0.297622	0.276564	0.255634	0.249906	0.246077	0.238842	0.230827	0.226635	0.224428	0.222735	0.221155	0.220158	0.218204	0.216653	0.217282	0.217011	0.21489	0.213586	0.212472	0.211863	0.210178	0.20457	0.194269	0.186412	0.187445	0.183092	0.174978	0.171809	0.170143	0.168847	0.167934	0.167343	0.162188	0.154593	0.147382	0.139001	0.13058	0.122742	0.116805	0.109596	0.103523	0.100687	0.0999949	0.100977	0.097396	0.0971951	0.095223	0.0930205	0.0928815	0.0910317	0.0893371	0.0883408	0.0874675	0.0868131	0.0864986	0.0855686	0.0846587	0.0838119	0.0832398	0.0827441	0.08222	0.0818641	0.0821232	0.0802386	0.0797672	0.0791673	0.0786751	0.0783366	0.0779419	0.0781716	0.07922	0.0804517	0.0784819	0.0779968	0.0778632	0.0778776	0.0781104	0.0785664	0.0793302	0.0804205	0.0818299	0.0836839	0.0861076	0.0891771	0.0929507	0.0975557	0.103783	0.111125	0.120907	0.133106	0.147903	0.163924	0.176983	0.180011	0.183109	0.154549	0.138904	0.137247	0.13482	0.133467	0.131815	0.13919	0.166524	0.196525	0.20519	0.205616	0.205293	0.204813	0.204563	0.204322	0.204277	0.204036	0.20389	0.203628	0.203462	0.20332	0.199153	0.166095	0.160207	0.127895	0.127333	0.126938	0.12667	0.126261	0.125872	0.125662	0.125604	

158	0.151	4	1	task-0:0.115	|	0.264281	0.457003	0.454819	0.344966	0.256494	0.256473	0.270068	0.270036	0.2539	0.258746	0.258715	0.253211	0.253867	0.253491	0.251945	0.251936	0.251398	0.250723	0.250317	0.24996	0.249867	0.249959	0.249475	0.228157	0.227685	0.231164	0.2181	0.225811	0.222679	0.218823	0.219503	0.216447	0.214105	0.210742	0.206543	0.202349	0.198329	0.20091	0.196251	0.196242	0.197803	0.201659	0.199301	0.196901	0.196665	0.197021	0.197872	0.199646	0.198566	0.199041	0.199908	0.200205	0.20127	0.271796	0.270443	0.268853	0.266974	0.264766	0.262193	0.259237	0.255905	0.252261	0.248407	0.244485	0.240721	0.237296	0.233615	0.228586	0.221874	0.213849	0.209084	0.205907	0.200446	0.193771	0.187911	0.183106	0.178753	0.174731	0.171149	0.166731	0.162076	0.157165	0.151623	0.146717	0.140824	0.13436	0.128629	0.122641	0.119792	0.123354	0.115926	0.110485	0.107202	0.103117	0.0996702	0.0980561	0.0972987	0.0912333	0.0871147	0.0831499	0.0758474	0.069644	0.0633741	0.0570613	0.0511994	0.0441587	0.0384349	0.0392997	0.0322108	0.0301111	0.0279163	0.0256611	0.023723	0.0232666	0.0205643	0.0177329	0.0156835	0.0140086	0.0125208	0.0113844	0.0105041	0.00988157	0.00740575	0.00667841	0.00576588	0.00454961	0.0044692	0.00378451	0.00345014	0.00340993	0.00459551	0.00440887	0.00409159	0.00380277	0.00346301	0.00314663	0.00284588	0.00260813	0.00240422	0.00223921	0.00213087	0.00207663	0.00207076	0.00181092	0.00153851	0.00268001	0.00259978	0.0017487	0.00162632	0.00152902	0.00170697	0.00167325	0.0014565	0.00126244	0.00109421	0.0010105	0.000924513	0.000834473	

64	0.061	4	0	task-0:0.405	|	0.248967	0.458783	0.452515	0.334509	0.25153	0.25156	0.260065	0.260018	0.246285	0.25312	0.25264	0.24583	0.245831	0.245443	0.243207	0.242436	0.241148	0.240123	0.239253	0.23815	0.237246	0.236464	0.235249	0.234317	0.232918	0.231238	0.229616	0.22813	0.226031	0.223548	0.220828	0.217384	0.213404	0.208655	0.205269	0.200836	0.199408	0.194481	0.19141	0.192919	0.189701	0.187656	0.186516	0.186141	0.185721	0.184459	0.183546	0.182925	0.182293	0.181841	0.181423	0.181023	0.180257	0.179554	0.178811	0.178057	0.17723	0.176433	0.175481	0.176399	0.17487	0.173798	0.173621	0.173082	

74	0.052	4	0	task-0:0.42	|	0.256899	0.45378	0.450898	0.333606	0.252639	0.25267	0.259629	0.259577	0.246488	0.253915	0.253253	0.24615	0.24623	0.246058	0.24363	0.242527	0.241349	0.239844	0.238356	0.236721	0.234955	0.232898	0.230845	0.228455	0.225526	0.222295	0.219036	0.215827	0.215682	0.213336	0.212005	0.210305	0.208549	0.207139	0.206283	0.224621	0.220122	0.208683	0.208583	0.208651	0.219585	0.217868	0.209738	0.20694	0.206619	0.206566	0.206754	0.206378	0.206169	0.206136	0.205924	0.206091	0.206039	0.205909	0.206038	0.206243	0.206483	0.206407	0.205682	0.204779	0.205112	0.205404	0.205936	0.206419	0.206681	0.206829	0.206919	0.206943	0.206888	0.206682	0.206246	0.206349	0.206293	0.206092	

72	0.052	4	0	task-0:0.3	|	0.265	0.456925	0.454633	0.341816	0.255989	0.255914	0.257055	0.252734	0.246744	0.246583	0.245343	0.244286	0.24332	0.242332	0.240855	0.238874	0.236029	0.232323	0.226557	0.21736	0.207281	0.203852	0.202408	0.203109	0.206674	0.204402	0.205444	0.207332	0.210652	0.215926	0.222853	0.229649	0.234476	0.236957	0.237664	0.237257	0.236602	0.236408	0.236513	0.23664	0.25034	0.250604	0.250418	0.250188	0.249753	0.246938	0.237408	0.242424	0.249928	0.250019	0.250009	0.249999	0.249999	0.249999	0.249995	0.249987	0.249933	0.249331	0.239793	0.24818	0.249985	0.25	0.25	0.25	0.25	0.25	0.25	0.25	0.249991	0.249875	0.246025	0.2495	

194	0.136	4	0	task-0:0.08	|	0.251332	0.465929	0.461671	0.338361	0.249789	0.249757	0.259993	0.25883	0.249128	0.249215	0.248579	0.2471	0.247951	0.246996	0.244194	0.240626	0.233842	0.222887	0.207343	0.191232	0.195345	0.186534	0.177109	0.170612	0.171487	0.171644	0.172182	0.17352	0.175668	0.179056	0.18574	0.181326	0.18542	0.192668	0.189354	0.192617	0.192109	0.188581	0.187883	0.188277	0.188608	0.187623	0.187388	0.18719	0.187004	0.186831	0.186683	0.186541	0.186438	0.186537	0.187267	0.185923	0.183857	0.182094	0.180824	0.179411	0.177664	0.175458	0.172982	0.17146	0.164728	0.15845	0.151761	0.142748	0.132583	0.120492	0.107883	0.0993192	0.090071	0.079873	0.0755124	0.0691534	0.0680865	0.0670344	0.0629985	0.0602693	0.0580515	0.0548903	0.0515598	0.0474541	0.0423948	0.0425568	0.0378566	0.0477733	0.0477733	0.0385069	0.0383849	0.0383849	0.0373531	0.0371695	0.0366505	0.0364601	0.036203	0.0357338	0.0352186	0.0345435	0.0338196	0.0330423	0.0321898	0.0316918	0.0310552	0.0304239	0.0296647	0.0286377	0.0278186	0.0274568	0.0268016	0.0260226	0.0251013	0.0240068	0.0228942	0.0224224	0.0222363	0.0215903	0.0207912	0.0199195	0.0189421	0.018593	0.0179911	0.0171755	0.0163461	0.0158851	0.0152014	0.0144685	0.0136972	0.0127369	0.0124294	0.0127272	0.01242	0.0119703	0.0117261	0.01155	0.011419	0.0112192	0.0109931	0.0108138	0.0104826	0.0102148	0.00993881	0.00964918	0.00934396	0.00902652	0.00870815	0.00828544	0.00787488	0.00778841	0.00753266	0.00720895	0.00708214	0.00701243	0.00697327	0.00691053	0.00666064	0.00648483	0.0063088	0.00617046	0.00601562	0.00586802	0.00571251	0.00548006	0.00538267	0.00532307	0.00525653	0.00517861	0.00501244	0.00489899	0.00478824	0.00469228	0.00458476	0.00448067	0.00438637	0.00423437	0.00413503	0.0040485	0.00396001	0.00387157	0.00380003	0.00365501	0.00356808	0.00348647	0.00341096	0.00331922	0.00321712	0.00312107	0.00303155	0.00287445	0.00283635	0.00277158	0.00270656	0.00264015	0.00250821	0.00245239	0.00238339	0.00232431	

292	0.174	4	0	task-0:0.055	|	0.255687	0.466021	0.46197	0.344248	0.251001	0.253464	0.250821	0.250104	0.251787	0.251787	0.249652	0.250175	0.250039	0.249242	0.249344	0.249141	0.248612	0.248175	0.247563	0.246732	0.245771	0.245006	0.24418	0.243786	0.242686	0.241438	0.240209	0.238455	0.236263	0.233597	0.230119	0.225722	0.220452	0.214684	0.208443	0.2054	0.205836	0.202223	0.200606	0.198946	0.197124	0.195525	0.194392	0.187538	0.193737	0.180207	0.173837	0.170116	0.163476	0.157348	0.150727	0.144869	0.137834	0.131018	0.130291	0.124703	0.120206	0.118318	0.115931	0.111375	0.10822	0.106889	0.105098	0.102087	0.0987568	0.096181	0.0943812	0.0948573	0.0923127	0.0927378	0.0907023	0.0902719	0.0902719	0.0896509	0.0896701	0.089215	0.0885968	0.0879813	0.0874298	0.0869131	0.0862829	0.0854992	0.0845026	0.0835643	0.0824756	0.0812733	0.0798923	0.0782561	0.0763723	0.0742538	0.0718228	0.0691049	0.06601	0.0625754	0.0646807	0.0601802	0.0618044	0.0617909	0.0591631	0.0603649	0.060169	0.0588044	0.0582254	0.0577331	0.0571001	0.0565324	0.0569188	0.0879339	0.0767741	0.0566842	0.0569856	0.0561764	0.0557771	0.0558603	0.0556573	0.0552595	0.0555687	0.0554129	0.0550935	0.0550521	0.0549885	0.0548414	0.054683	0.0545295	0.0544175	0.0543032	0.0542574	0.0540195	0.0537651	0.0534156	0.053038	0.0524602	0.051881	0.0512511	0.0505863	0.0499152	0.0494612	0.0488239	0.0482458	0.0477825	0.0473108	0.0468779	0.0462425	0.0457508	0.0451691	0.0445467	0.0437808	0.0428556	0.0417924	0.0405625	0.039154	0.0375417	0.035723	0.0336872	0.0314354	0.0289899	0.0263702	0.023627	0.020838	0.0180068	0.0153033	0.0475157	0.0217747	0.0217006	0.0217006	0.0132208	0.0155891	0.0135096	0.0132872	0.0132872	0.0126691	0.0128567	0.0126149	0.0125411	0.0125411	0.0125129	0.0125221	0.0124837	0.0124607	0.0124501	0.0124378	0.0124146	0.0123911	0.0123631	0.0123295	0.0122894	0.0122412	0.0121838	0.0121153	0.0120337	0.0119366	0.0118213	0.0116847	0.0115232	0.0113315	0.0111068	0.0108437	0.010537	0.0101816	0.00977236	0.00931032	0.010667	0.00922995	0.00973672	0.00973672	0.00889472	0.00944555	0.00944555	0.00894995	0.0089348	0.0089348	0.00886531	0.00886575	0.00883411	0.00882867	0.0088349	0.00883704	0.00880646	0.00877592	0.00875869	0.00874122	0.00872725	0.00871138	0.00869274	0.00867049	0.00864395	0.00861235	0.00857476	0.00853015	0.00847732	0.00841416	0.00833872	0.00824925	0.00814354	0.00801902	0.00787289	0.00770213	0.00750364	0.00727402	0.00700866	0.00745717	0.0068378	0.00745422	0.00745422	0.00683364	0.00691454	0.00691454	0.00676075	0.00686592	0.00686218	0.00676848	0.00673132	0.00671636	0.00669577	0.0066914	0.00669108	0.00668489	0.0066612	0.00664338	0.00662311	0.00659971	0.00657297	0.00654275	0.00650917	0.00646722	0.00641776	0.00636001	0.00629118	0.00623767	0.00620031	0.0061562	0.00610868	0.00604977	0.00598157	0.00589943	0.00580362	0.00569131	0.00556031	0.0054084	0.00523346	0.00503033	0.00479799	0.00453259	0.00568661	0.00457557	0.00489102	0.00489102	0.00428541	0.00474609	0.00474609	0.00434959	0.00431113	

143	0.088	4	3	task-0:0.08	|	0.255955	0.465613	0.461362	0.344228	0.250647	0.253245	0.250653	0.250091	0.252154	0.252134	0.249756	0.250265	0.250119	0.249333	0.249553	0.249364	0.248796	0.248471	0.247967	0.247148	0.246131	0.245103	0.244926	0.243938	0.242849	0.24207	0.240898	0.239541	0.237874	0.235676	0.232924	0.229542	0.225508	0.220732	0.215188	0.211234	0.206696	0.201285	0.19662	0.193057	0.187382	0.181421	0.174852	0.16764	0.164533	0.151195	0.146614	0.143796	0.139733	0.138355	0.135303	0.131576	0.127719	0.125537	0.122495	0.118638	0.112869	0.105593	0.101205	0.0946844	0.0872623	0.083881	0.0782487	0.0768162	0.0769236	0.0751676	0.0718215	0.0684175	0.0659113	0.0634526	0.0605547	0.0576461	0.0561089	0.05411	0.0508527	0.0471629	0.0431808	0.0397201	0.037929	0.0353231	0.0337461	0.0315473	0.0291553	0.0264816	0.0236572	0.0208513	0.0182592	0.0167337	0.0170918	0.0151809	0.0160147	0.0156407	0.0143796	0.0142449	0.0139588	0.0137171	0.0135335	0.0132402	0.0128531	0.0124202	0.0119301	0.0113787	0.010772	0.010102	0.0100932	0.00919093	0.0095885	0.00958232	0.00908769	0.00917773	0.00914881	0.00899683	0.00893986	0.00890827	0.00882328	0.00876912	0.00873026	0.00867348	0.00862018	0.0085475	0.00846167	0.00835938	0.0082434	0.00821898	0.00808445	0.00793247	0.00776014	0.00756661	0.0073498	0.00711722	0.00699149	0.00685419	0.00669754	0.00652623	0.00633938	0.00613655	0.00599145	0.00590777	0.00577246	0.00561491	0.00544952	0.00535282	0.00526708	

170	0.099	4	0	task-0:0.04	|	0.261317	0.482776	0.480814	0.359055	0.262736	0.262737	0.265333	0.265333	0.253208	0.253216	0.250437	0.249095	0.246708	0.245193	0.243332	0.246051	0.238007	0.229359	0.222627	0.21533	0.208477	0.203488	0.201996	0.197937	0.192417	0.18804	0.184694	0.184455	0.180163	0.177033	0.157404	0.148245	0.14414	0.139305	0.12877	0.0774122	0.0685854	0.0848697	0.0677036	0.0776728	0.0901487	0.0737786	0.0606461	0.0589683	0.0578588	0.0658568	0.0633635	0.0551576	0.0501619	0.0489657	0.0496212	0.0491316	0.0481224	0.0473674	0.0469486	0.0469699	0.0476	0.0493071	0.0518594	0.0555176	0.0547047	0.0516902	0.0485152	0.0452875	0.0425111	0.0438587	0.0488269	0.0534087	0.0600637	0.068281	0.0797466	0.0839997	0.0923576	0.0952667	0.0999159	0.100907	0.100554	0.0999995	0.10019	0.10042	0.0993989	0.0976898	0.094704	0.0902809	0.084925	0.0791363	0.0732051	0.0648369	0.0548638	0.0455066	0.0392077	0.0321723	0.0438574	0.0359757	0.0244295	0.0238878	0.0230916	0.0228324	0.0233	0.0255304	0.032973	0.0273407	0.0234084	0.0229052	0.0228054	0.0230008	0.0237188	0.0254623	0.0285307	0.0338799	0.0277337	0.0282246	0.0303488	0.0262279	0.0257504	0.0260969	0.027386	0.029965	0.0272829	0.0286234	0.0410133	0.0355745	0.0322462	0.030046	0.0256774	0.0242806	0.0239662	0.0247223	0.0264974	0.0251433	0.0254981	0.0266064	0.029164	0.0311446	0.0295709	0.0307896	0.0307961	0.0325497	0.0288028	0.0276831	0.0289723	0.0218812	0.0345081	0.0939753	0.0474575	0.0396679	0.0390312	0.0260398	0.0231463	0.0194998	0.030263	0.0295667	0.0235013	0.0233706	0.0268861	0.0300546	0.0313252	0.0321611	0.0324759	0.0324345	0.0326815	0.0330587	0.0332776	0.0333972	0.0335144	0.0336366	0.0312798	0.0307108	0.0332723	0.0312886	

200	0.124	4	3	task-0:0.475	|	0.254919	0.465285	0.46086	0.343272	0.252046	0.252986	0.256114	0.254063	0.249756	0.249723	0.249972	0.249882	0.248982	0.248816	0.248433	0.245646	0.244906	0.247455	0.247455	0.24605	0.244109	0.243844	0.243335	0.243303	0.242389	0.241337	0.240676	0.23957	0.238601	0.238082	0.238638	0.238372	0.237698	0.23746	0.237233	0.237031	0.236651	0.236141	0.23564	0.235187	0.234666	0.234074	0.233496	0.232914	0.232436	0.231844	0.231217	0.230582	0.229991	0.229705	0.230147	0.229503	0.230242	0.229826	0.229065	0.228991	0.229097	0.229	0.228747	0.228535	0.228374	0.228225	0.228025	0.227777	0.227501	0.227196	0.226831	0.226429	0.225984	0.225495	0.224922	0.224301	0.223611	0.222965	0.222311	0.221764	0.221175	0.220568	0.219917	0.219245	0.218582	0.217755	0.21706	0.216215	0.215453	0.214475	0.213529	0.213838	0.214406	0.213963	0.213353	0.213003	0.213008	0.213021	0.212878	0.212708	0.212512	0.212291	0.212034	0.211799	0.211563	0.211299	0.211014	0.210694	0.210371	0.21005	0.254236	0.340936	0.378914	0.304639	0.251438	0.158028	0.176026	0.188058	0.204139	0.204016	0.203759	0.188075	0.188062	0.187905	0.203184	0.201836	0.204236	0.206293	0.210146	0.220872	0.223749	0.221318	0.222363	0.218512	0.2076	0.21245	0.222197	0.227896	0.226782	0.221226	0.220267	0.216964	0.203702	0.213972	0.214535	0.215382	0.194407	0.411417	0.212281	0.225817	0.225817	0.215867	0.261177	0.261177	0.201907	0.213211	0.211135	0.214588	0.219739	0.222309	0.222751	0.222976	0.223038	0.222927	0.222807	0.222778	0.222783	0.222815	0.222718	0.222742	0.22272	0.222553	0.222465	0.2224	0.222258	0.222128	0.222001	0.221858	0.221686	0.221489	0.221263	0.221055	0.22082	0.22058	0.220328	0.220119	0.219927	0.219774	0.219605	0.219147	0.218752	0.21829	0.21783	0.217315	0.216546	0.215813	0.214984	0.214156	0.213423	0.212804	0.21234	0.212219	0.211534	0.211157	

169	0.118	4	1	task-0:0.4	|	0.262021	0.482457	0.480372	0.35788	0.266175	0.2662	0.26641	0.26641	0.255916	0.254884	0.251309	0.248173	0.245488	0.243032	0.241465	0.238738	0.235622	0.232218	0.228274	0.224373	0.221227	0.218284	0.216313	0.220694	0.217511	0.215622	0.215746	0.21664	0.21861	0.240594	0.260719	0.218874	0.211169	0.244311	0.226027	0.217679	0.217557	0.217485	0.215012	0.199796	0.184053	0.209051	0.200173	0.254731	0.254731	0.181621	0.205326	0.205326	0.188414	0.18469	0.184581	0.180467	0.184136	0.182214	0.181205	0.180337	0.180522	0.180876	0.18197	0.184116	0.180652	0.18063	0.181364	0.182828	0.185302	0.189044	0.185853	0.186138	0.187114	0.184475	0.183777	0.183473	0.183625	0.184425	0.182011	0.181333	0.179259	0.176663	0.174314	0.170994	0.168988	0.16792	0.165535	0.162687	0.16065	0.159006	0.158559	0.157737	0.157499	0.156452	0.156	0.156	0.155964	0.155948	0.155823	0.155526	0.155251	0.154939	0.257898	0.257364	0.256259	0.255008	0.253611	0.25208	0.250454	0.248821	0.247367	0.246471	0.245124	0.243204	0.241193	0.239269	0.236703	0.234029	0.224325	0.211123	0.197342	0.182164	0.17246	0.171095	0.171489	0.167704	0.168068	0.169587	0.16775	0.163361	0.160592	0.158974	0.157354	0.156255	0.155532	0.154832	0.153824	0.152605	0.151378	0.150031	0.148887	0.14865	0.147736	0.149045	0.14889	0.14855	0.148325	0.147782	0.147384	0.147198	0.147068	0.146996	0.146876	0.146784	0.146683	0.146614	0.146559	0.146476	0.146407	0.146337	0.14625	0.146152	0.146044	0.145943	0.14584	0.14589	0.145935	0.145815	0.145649	0.145615	0.145592	0.145644	0.145672	

84	0.075	4	0	task-0:0.14	|	0.257166	0.454378	0.450124	0.319446	0.25164	0.251149	0.24765	0.243818	0.23814	0.236783	0.229486	0.222259	0.215825	0.206849	0.192528	0.174993	0.157936	0.1422	0.131994	0.115734	0.102376	0.0913771	0.0808922	0.0701959	0.0686629	0.0629742	0.0597836	0.0548866	0.0493449	0.040613	0.0319923	0.0251611	0.0270849	0.0209456	0.0223526	0.0221654	0.0186318	0.0191823	0.0187886	0.017562	0.01691	0.0161918	0.0154911	0.0147172	0.0138434	0.0128916	0.0118727	0.0108174	0.00979126	0.00877907	0.00777565	0.00679537	0.00584627	0.00498735	0.00446964	0.0039619	0.00365883	0.00301736	0.00259583	0.00223095	0.00287988	0.00209484	0.00148595	0.00133018	0.00123333	0.0012199	0.00106326	0.000889814	0.000719972	0.000562594	0.000488065	0.000563354	0.000394331	0.000339569	0.000290293	0.00026633	0.000219794	0.000170258	0.000135617	0.000105815	7.82679e-005	5.37971e-005	3.46099e-005	2.1033e-005	

91	0.083	4	0	task-0:0.33	|	0.256241	0.465644	0.461388	0.343021	0.250047	0.248412	0.25101	0.245054	0.240028	0.238706	0.236589	0.234804	0.233237	0.229851	0.225388	0.221538	0.218791	0.216145	0.213926	0.216903	0.248306	0.238682	0.235646	0.249226	0.254744	0.241886	0.219196	0.263894	0.267866	0.244474	0.227184	0.225646	0.207188	0.207568	0.182119	0.172843	0.16484	0.14072	0.128366	0.122206	0.112702	0.105341	0.0998707	0.0979103	0.11801	0.157344	0.206383	0.273285	0.288624	0.350085	0.339599	0.333191	0.31488	0.283132	0.283673	0.289417	0.289042	0.280496	0.271283	0.324938	0.273695	0.295907	0.296019	0.275247	0.282924	0.282943	0.266133	0.270969	0.268397	0.265693	0.268052	0.266193	0.262976	0.260929	0.259096	0.257125	0.255097	0.25539	0.256665	0.251168	0.248501	0.246734	0.245578	0.244333	0.244602	0.24162	0.24051	0.240078	0.238568	0.238176	0.238547	

54	0.047	4	0	task-0:0.45	|	0.252899	0.463485	0.458103	0.337448	0.253336	0.251547	0.250502	0.24587	0.233242	0.218233	0.197685	0.186571	0.178942	0.175502	0.170879	0.166443	0.184414	0.184414	0.172473	0.166376	0.166369	0.168003	0.174075	0.174272	0.171	0.169153	0.169931	0.170735	0.171255	0.170455	0.169989	0.169425	0.169049	0.16879	0.168427	0.167971	0.167405	0.166708	0.165922	0.165008	0.163954	0.16283	0.173676	0.166555	0.159737	0.15983	0.162645	0.169188	0.169723	0.166076	0.163043	0.163188	0.165064	0.166013	

251	0.231	4	0	task-0:0.08	|	0.270715	0.445722	0.430787	0.340013	0.256924	0.267133	0.263883	0.249742	0.255474	0.255195	0.24889	0.249268	0.248769	0.246549	0.246857	0.245898	0.243755	0.241458	0.237975	0.232778	0.225521	0.221534	0.217513	0.217411	0.222826	0.241502	0.235995	0.226728	0.232433	0.247155	0.268676	0.288388	0.282987	0.301711	0.331419	0.363024	0.306662	0.229748	0.207878	0.23028	0.232846	0.174315	0.165893	0.157412	0.146481	0.139833	0.14263	0.144483	0.148297	0.157472	0.159473	0.168939	0.181129	0.21484	0.216174	0.242587	0.241706	0.23834	0.239625	0.233151	0.231459	0.229032	0.226719	0.224796	0.222249	0.219351	0.216847	0.213965	0.21125	0.209401	0.205788	0.202705	0.198819	0.19903	0.194601	0.192039	0.188828	0.185224	0.180959	0.174825	0.16632	0.155232	0.141246	0.124883	0.107321	0.0975633	0.0847002	0.0782179	0.0821009	0.0954749	0.0965204	0.107743	0.0929153	0.0907544	0.077626	0.0699211	0.0773513	0.0756932	0.0817509	0.0812681	0.0761939	0.0704309	0.0660128	0.0611669	0.0561973	0.0520103	0.0478637	0.0440369	0.0407488	0.0600201	0.054866	0.0536742	0.0556344	0.0585962	0.0596435	0.0578192	0.0568971	0.0580913	0.0581661	0.0574033	0.0569136	0.0570982	0.0576046	0.0580915	0.0582996	0.0266592	0.0136084	0.056484	0.0567357	0.0156166	0.0142002	0.0558972	0.0558955	0.0580317	0.0574731	0.0568547	0.0563197	0.0563484	0.0564253	0.05644	0.0564962	0.0565504	0.0572109	0.0579369	0.0590796	0.23327	0.230763	0.055191	0.0551151	0.0568355	0.258182	0.258181	0.0580378	0.057641	0.158032	0.156185	0.0621034	0.0559153	0.0557917	0.0563243	0.0571527	0.0565148	0.0567953	0.0573833	0.0582487	0.0578571	0.0579659	0.0581953	0.0588676	0.0593781	0.0604615	0.0606479	0.0615969	0.0630361	0.0649977	0.0678688	0.0677604	0.069989	0.078324	0.0761776	0.069911	0.0697554	0.0689136	0.0677694	0.0675211	0.0680213	0.0693099	0.069692	0.0692751	0.0690377	0.0688623	0.0681097	0.0679093	0.072667	0.0690686	0.0634146	0.0627744	0.040669	0.0168557	0.0163648	0.01508	0.0486568	0.0486568	0.0240805	0.0148292	0.0147972	0.0163841	0.0264004	0.0262892	0.0196565	0.0156888	0.0155647	0.0168929	0.0195528	0.0196494	0.0182182	0.0167921	0.0168959	0.0180176	0.0184382	0.0184858	0.0185554	0.0186718	0.0185468	0.018525	0.0185764	0.0185965	0.0183827	0.0182207	0.0177978	0.0171473	0.0163547	0.015434	0.0143733	0.0179865	0.0180581	0.0132139	0.0371903	0.0371903	0.0197876	0.0131671	0.01311	0.0143199	0.0174257	0.0160784	0.0136447	0.0128817	0.0127093	0.0128452	0.0132188	0.0136945	

100	0.087	4	0	task-0:0.37	|	0.265521	0.445723	0.430727	0.340215	0.256642	0.267216	0.264433	0.250552	0.256244	0.256141	0.250247	0.251169	0.251146	0.249296	0.250124	0.250038	0.250157	0.261329	0.28341	0.273684	0.256653	0.255729	0.258535	0.258347	0.245683	0.23698	0.235839	0.236263	0.235652	0.234593	0.235091	0.236865	0.240929	0.245065	0.250442	0.255263	0.25645	0.252536	0.24321	0.221235	0.200269	0.197983	0.221396	0.227171	0.227052	0.2263	0.224566	0.221548	0.217866	0.216815	0.216945	0.21717	0.218486	0.220788	0.221139	0.220513	0.221561	0.223593	0.224927	0.223438	0.215625	0.212504	0.21351	0.214648	0.216056	0.217109	0.218774	0.202029	0.202785	0.220094	0.220094	0.220001	0.202334	0.215651	0.204521	0.220231	0.220716	0.220811	0.220922	0.221144	0.221401	0.221727	0.222149	0.221959	0.221618	0.22158	0.221629	0.221675	0.221712	0.212012	0.205053	0.204812	0.222243	0.222243	0.222005	0.204832	0.204832	0.204778	0.221389	0.2179	

69	0.061	4	0	task-0:0.455	|	0.271702	0.446136	0.431524	0.342129	0.257877	0.264606	0.262783	0.249368	0.255362	0.255052	0.248358	0.248051	0.247413	0.245437	0.246304	0.24555	0.24352	0.241643	0.240216	0.238151	0.235682	0.23356	0.233578	0.233087	0.232878	0.233451	0.235462	0.237644	0.238364	0.239053	0.238999	0.238424	0.23795	0.237232	0.236125	0.234287	0.232871	0.231339	0.230013	0.229144	0.230132	0.242709	0.234762	0.223949	0.220559	0.2181	0.216767	0.218202	0.218044	0.21863	0.219164	0.219586	0.220123	0.221116	0.221913	0.221463	0.22245	0.224916	0.224441	0.223812	0.22391	0.224571	0.225281	0.225633	0.226089	0.226781	0.227819	0.229325	0.2317	

107	0.101	4	1	task-0:0.475	|	0.266294	0.445562	0.430298	0.340002	0.257115	0.267325	0.264881	0.250821	0.256542	0.256534	0.250749	0.251542	0.251542	0.250064	0.251148	0.251151	0.250232	0.250143	0.250152	0.250072	0.250086	0.250115	0.250136	0.250136	0.250154	0.250193	0.25021	0.250182	0.249863	0.248807	0.247015	0.244581	0.243764	0.24372	0.244231	0.245206	0.246467	0.247881	0.249299	0.250366	0.250871	0.25085	0.250624	0.250371	0.250186	0.250064	0.250003	0.249968	0.249894	0.252172	0.322276	0.324852	0.312168	0.250425	0.25016	0.251068	0.237037	0.223445	0.323247	0.312764	0.222998	0.222539	0.228534	0.321727	0.318505	0.250527	0.22031	0.219058	0.220202	0.227805	0.267148	0.250741	0.227141	0.224345	0.225566	0.22729	0.228586	0.226838	0.23245	0.223236	0.22207	0.228236	0.232663	0.231624	0.231533	0.23225	0.233675	0.235745	0.238364	0.241212	0.243742	0.245371	0.245867	0.245449	0.24537	0.253487	0.25316	0.24675	0.244869	0.244748	0.244895	0.245967	0.249238	0.258561	0.256566	0.249997	0.249455	

64	0.06	4	0	task-0:0.45	|	0.269698	0.462429	0.451339	0.369301	0.270114	0.260862	0.260524	0.25013	0.260285	0.254719	0.242915	0.240551	0.239304	0.236804	0.237892	0.237317	0.235404	0.233959	0.231122	0.225721	0.21707	0.207381	0.202016	0.204714	0.204728	0.203294	0.204144	0.208686	0.213505	0.219047	0.22454	0.22884	0.232363	0.235629	0.238322	0.240649	0.243069	0.245568	0.247608	0.24813	0.249534	0.250237	0.250049	0.250036	0.250036	0.250001	0.250001	0.250007	0.250007	0.250001	0.250001	0.250001	0.25	0.250001	0.250001	0.25	0.25	0.25	0.25	0.25	0.25	0.25	0.25	0.25	

192	0.181	4	0	task-0:0.175	|	0.266178	0.445791	0.431105	0.340208	0.256364	0.266407	0.263645	0.25026	0.25609	0.255962	0.249942	0.250518	0.250536	0.248663	0.249435	0.249473	0.250645	0.257702	0.280138	0.33554	0.328579	0.319726	0.297396	0.260227	0.23709	0.228297	0.226176	0.230171	0.232708	0.234016	0.237372	0.243164	0.247961	0.251331	0.253782	0.25427	0.253867	0.253281	0.252569	0.251558	0.248413	0.23829	0.240353	0.247946	0.265405	0.336974	0.334465	0.316962	0.23524	0.233705	0.274507	0.322697	0.329245	0.242373	0.220464	0.220799	0.219551	0.218542	0.218121	0.2181	0.2171	0.217096	0.210377	0.207518	0.204618	0.201629	0.201733	0.196262	0.195289	0.194735	0.194135	0.192806	0.194541	0.193475	0.332606	0.33462	0.225987	0.225987	0.279389	0.338461	0.338541	0.317103	0.313394	0.32669	0.338456	0.350531	0.349928	0.354448	0.359095	0.364229	0.357835	0.351897	0.324871	0.280048	0.300702	0.283419	0.231529	0.297896	0.291974	0.239701	0.22365	0.217842	0.211721	0.214255	0.205379	0.201034	0.197235	0.192876	0.187969	0.182539	0.176596	0.17036	0.165672	0.163394	0.166962	0.16047	0.160201	0.158697	0.158223	0.157912	0.157932	0.159322	0.17689	0.165598	0.161448	0.164311	0.165965	0.169285	0.171829	0.160616	0.158463	0.154139	0.153052	0.151599	0.149916	0.148514	0.144982	0.140986	0.136632	0.133344	0.131909	0.130312	0.129211	0.126596	0.124764	0.132853	0.12632	0.115337	0.101152	0.0976318	0.0984691	0.0959075	0.0824946	0.0805399	0.0797717	0.0995362	0.0965902	0.091549	0.0785822	0.0774415	0.0755917	0.0928413	0.0925834	0.0838497	0.075708	0.0753708	0.0751393	0.0866262	0.0868218	0.0796676	0.0736826	0.0730802	0.0748838	0.0817057	0.0825247	0.0791127	0.0752922	0.0718304	0.0721913	0.0742951	0.0750729	0.0747493	0.0744712	0.0744835	0.0745475	0.0739457	0.0700709	0.0679219	0.0685425	0.0681238	0.0676857	0.0672504	

60	0.056	4	0	task-0:0.475	|	0.277067	0.446076	0.431309	0.342104	0.258595	0.263878	0.261855	0.249131	0.255294	0.255073	0.248618	0.248281	0.247981	0.24689	0.248512	0.248572	0.247509	0.247254	0.24758	0.248056	0.248463	0.248784	0.24911	0.249385	0.249603	0.249752	0.249851	0.24992	0.249969	0.249992	0.249997	0.249999	0.25	0.25	0.25	0.25	0.25	0.25	0.25	0.25	0.25	0.25	0.25	0.25	0.25	0.25	0.25	0.25	0.25	0.25	0.25	0.25	0.25	0.25	0.25	0.25	0.25	0.25	0.25	0.25	

107	0.103	4	0	task-0:0.42	|	0.267389	0.445829	0.430774	0.340633	0.257102	0.266284	0.263918	0.250523	0.256344	0.256292	0.250398	0.251067	0.251003	0.249441	0.250433	0.25028	0.249172	0.249021	0.248862	0.248446	0.248355	0.248125	0.247869	0.247788	0.247815	0.248031	0.24852	0.249195	0.250044	0.251292	0.252937	0.254498	0.255651	0.251621	0.242925	0.2413	0.241011	0.239425	0.236856	0.236342	0.239473	0.246642	0.255481	0.244212	0.234552	0.25259	0.252213	0.242502	0.230938	0.232831	0.235884	0.241493	0.305066	0.274073	0.246283	0.246283	0.239638	0.239591	0.240517	0.244284	0.243221	0.240845	0.240502	0.240853	0.241045	0.241361	0.241628	0.241778	0.241593	0.241584	0.241658	0.241374	0.24082	0.240318	0.239785	0.23925	0.238587	0.237908	0.237075	0.236148	0.235277	0.23463	0.234199	0.233993	0.234006	0.233376	0.233207	0.233169	0.233789	0.233398	0.232797	0.232597	0.232498	0.23248	0.232148	0.23179	0.23159	0.231414	0.231228	0.231025	0.230852	0.230689	0.23048	0.230246	0.230006	0.229777	0.229817	

74	0.07	4	0	task-0:0.41	|	0.275576	0.445791	0.43082	0.340641	0.257811	0.265058	0.262296	0.248411	0.25406	0.253217	0.245754	0.245106	0.243731	0.240677	0.240384	0.238735	0.235941	0.234379	0.233524	0.232615	0.231724	0.231263	0.231432	0.232233	0.233497	0.23512	0.236941	0.238855	0.240792	0.242851	0.244902	0.246723	0.248139	0.249103	0.24972	0.24994	0.249991	0.25	0.25	0.25	0.25	0.25	0.25	0.25	0.25	0.25	0.25	0.25	0.25	0.25	0.25	0.25	0.25	0.25	0.25	0.25	0.25	0.25	0.25	0.25	0.25	0.25	0.25	0.25	0.25	0.25	0.25	0.25	0.25	0.25	0.25	0.25	0.25	0.25	

99	0.092	4	1	task-0:0.195	|	0.271373	0.446036	0.431881	0.34231	0.257778	0.26409	0.262504	0.248776	0.254566	0.253983	0.246701	0.24527	0.243619	0.240691	0.240601	0.240355	0.251422	0.23588	0.256309	0.257313	0.252634	0.233427	0.266527	0.273203	0.274993	0.287377	0.345093	0.185347	0.213441	0.21472	0.22063	0.282231	0.278687	0.152786	0.1402	0.123287	0.11569	0.107504	0.107121	0.114102	0.126956	0.132786	0.139612	0.156191	0.161554	0.175008	0.163369	0.159619	0.159533	0.168726	0.171427	0.185127	0.206418	0.203461	0.229233	0.214279	0.182128	0.177694	0.172018	0.168177	0.215256	0.215453	0.198983	0.168144	0.168545	0.169842	0.169942	0.168511	0.167717	0.163405	0.156864	0.152702	0.146686	0.141404	0.138538	0.153002	0.146583	0.129585	0.124548	0.123122	0.123326	0.120678	0.121746	0.121258	0.122536	0.122611	0.123895	0.126488	0.120765	0.117696	0.107846	0.0936522	0.0841582	0.0846884	0.083045	0.082215	0.0846956	0.0836177	0.0818417	

107	0.1	4	0	task-0:0.475	|	0.287559	0.384351	0.365373	0.268271	0.258873	0.258605	0.2439	0.246458	0.240977	0.228575	0.220086	0.217765	0.206078	0.197258	0.19178	0.187839	0.185707	0.184327	0.183627	0.183819	0.185205	0.187964	0.19206	0.197013	0.202298	0.208113	0.214851	0.222061	0.228477	0.233918	0.236001	0.236697	0.236822	0.236843	0.23685	0.23733	0.24035	0.244538	0.247411	0.248905	0.249582	0.249851	0.249935	0.249957	0.249986	0.249999	0.25	0.25	0.250002	0.250002	0.25	0.25	0.25	0.25	0.25	0.25	0.25	0.25	0.25	0.25	0.25	0.25	0.25	0.25	0.25	0.25	0.25	0.25	0.25	0.25	0.25	0.25	0.25	0.25	0.25	0.25	0.25	0.25	0.25	0.25	0.25	0.25	0.25	0.25	0.25	0.25	0.25	0.25	0.25	0.25	0.25	0.25	0.25	0.25	0.25	0.25	0.25	0.25	0.25	0.25	0.25	0.25	0.25	0.25	0.25	0.25	0.25	

150	0.139	4	0	task-0:0.075	|	0.25118	0.467978	0.437634	0.2592	0.269191	0.269182	0.24247	0.272842	0.272846	0.243423	0.244485	0.24448	0.240298	0.239605	0.238115	0.237021	0.235868	0.233349	0.230733	0.228068	0.225348	0.223951	0.221742	0.219333	0.217158	0.215306	0.214417	0.211877	0.209731	0.207388	0.204615	0.20181	0.199145	0.198552	0.19606	0.193287	0.189218	0.180841	0.164306	0.162303	0.155484	0.149709	0.140993	0.131477	0.117946	0.0827341	0.0688992	0.0664822	0.0632645	0.0600604	0.0256216	0.023447	0.0213337	0.032895	0.0190065	0.021121	0.0527395	0.0523895	0.0429517	0.0158472	0.0153118	0.0230842	0.0213297	0.0145958	0.013945	0.0141579	0.0151945	0.0180996	0.0186406	0.0179011	0.0175764	0.0132893	0.0114231	0.00860778	0.00783285	0.00754037	0.00626811	0.00591258	0.0058421	0.00542195	0.00469084	0.00428478	0.00396357	0.00378925	0.00364358	0.003341	0.00311264	0.00289185	0.00268388	0.00258506	0.00254202	0.00228333	0.00210288	0.00191388	0.00171901	0.00152443	0.00134129	0.00118979	0.00100222	0.000812921	0.000670187	0.000942495	0.000536209	0.000461285	0.000446001	0.000360858	0.000454114	0.000439694	0.000350505	0.000320306	0.000311295	0.000297619	0.000296284	0.000299013	0.000293167	0.0002858	0.000279424	0.000274906	0.000249656	0.000236766	0.000225919	0.000219199	0.000222503	0.000220167	0.000206075	0.000173424	0.000153028	0.000139174	0.000127327	0.000116499	0.000108542	9.63787e-005	0.000105577	8.22611e-005	6.97787e-005	6.37629e-005	6.50278e-005	6.61084e-005	5.55517e-005	4.96083e-005	4.38313e-005	3.82852e-005	3.30882e-005	2.85339e-005	3.23371e-005	2.46411e-005	2.04148e-005	1.83935e-005	1.93667e-005	2.02287e-005	

170	0.125	4	0	task-0:0.135	|	0.251178	0.481251	0.480709	0.376092	0.256118	0.256125	0.275902	0.275902	0.25325	0.256836	0.25592	0.249929	0.254511	0.25451	0.250418	0.249634	0.249395	0.249093	0.248854	0.24836	0.247971	0.247458	0.246854	0.246174	0.245383	0.244476	0.243453	0.242322	0.241097	0.239796	0.238395	0.237039	0.235769	0.234583	0.233572	0.232792	0.23229	0.232485	0.230315	0.228023	0.226507	0.225409	0.223609	0.221601	0.219844	0.218739	0.217925	0.216859	0.218091	0.216609	0.216483	0.216483	0.216004	0.218107	0.29202	0.291029	0.290289	0.289964	0.289462	0.326438	0.372435	0.370029	0.368369	0.36751	0.366217	0.21513	0.172144	0.360541	0.357984	0.15531	0.150857	0.145554	0.138849	0.129614	0.118345	0.108865	0.107179	0.149751	0.151265	0.13617	0.284981	0.284471	0.181239	0.10301	0.102923	0.152376	0.120294	0.103773	0.109057	0.151747	0.151319	0.156323	0.240561	0.226811	0.225876	0.150603	0.108337	0.158041	0.139412	0.143186	0.143313	0.16118	0.139149	0.135136	0.124573	0.177886	0.186441	0.224455	0.163964	0.139704	0.137561	0.132831	0.124824	0.109531	0.101567	0.0960117	0.0885525	0.0774362	0.0966076	0.0931469	0.064774	0.0617227	0.0591735	0.0718232	0.0705369	0.058729	0.0543172	0.0521142	0.0414823	0.0593807	0.038457	0.023009	0.0188377	0.0155912	0.0149097	0.0264095	0.0251166	0.0169136	0.0170294	0.0212164	0.0296508	0.0234592	0.0144707	0.0130927	0.0128224	0.0130034	0.0140074	0.0152529	0.0149736	0.0156667	0.0171758	0.0209822	0.0294356	0.0229107	0.0135645	0.0123347	0.0125849	0.0135593	0.0154491	0.0177236	0.0212985	0.0183053	0.0186857	0.0197651	0.0167362	0.0156447	0.0147715	0.0141229	0.015609	0.0163793	

135	0.125	4	0	task-0:0.235	|	0.251757	0.467187	0.432693	0.245079	0.260156	0.260144	0.225749	0.242163	0.237441	0.221775	0.220861	0.218922	0.216734	0.214868	0.213038	0.21194	0.21181	0.212305	0.208621	0.204706	0.204438	0.203104	0.202617	0.202188	0.201989	0.201892	0.201771	0.201662	0.201482	0.201307	0.201144	0.201064	0.201251	0.202335	0.201891	0.201093	0.20086	0.200698	0.200479	0.200436	0.200291	0.200097	0.199873	0.199633	0.199358	0.198999	0.198542	0.197982	0.197755	0.197322	0.196809	0.196176	0.195386	0.194411	0.193206	0.191711	0.18991	0.188713	0.186751	0.184278	0.181246	0.178386	0.175244	0.172501	0.171428	0.169533	0.166473	0.162827	0.15846	0.155752	0.150847	0.147059	0.143045	0.13921	0.135116	0.131167	0.128026	0.126057	0.125882	0.128017	0.125654	0.125145	0.124697	0.124212	0.123832	0.124002	0.126643	0.147216	0.148728	0.147751	0.169035	0.143527	0.147562	0.147562	0.138608	0.146995	0.146995	0.139246	0.139034	0.139263	0.139976	0.139732	0.138738	0.138333	0.138134	0.137961	0.137819	0.137737	0.137749	0.137907	0.138289	0.138905	0.139831	0.141185	0.143151	0.145973	0.149224	0.149522	0.147919	0.157303	0.150583	0.147142	0.147142	0.14684	0.14834	0.150249	0.149325	0.14964	0.150109	0.150808	0.151846	0.14825	0.148942	0.150319	0.151242	

136	0.131	4	1	task-0:0.315	|	0.250895	0.481495	0.480972	0.376873	0.255213	0.255223	0.275851	0.275851	0.252563	0.258162	0.258156	0.251454	0.253894	0.253892	0.251028	0.251429	0.251245	0.250472	0.251063	0.251034	0.250295	0.249728	0.249525	0.249144	0.248857	0.248631	0.24826	0.247828	0.247294	0.246559	0.245536	0.244176	0.242533	0.240867	0.239309	0.238023	0.23699	0.235353	0.234798	0.233414	0.231897	0.230229	0.228512	0.232114	0.230138	0.227838	0.225063	0.22169	0.218044	0.217025	0.21073	0.232544	0.230618	0.204158	0.207972	0.205813	0.202726	0.210026	0.207851	0.210465	0.207888	0.208792	0.212178	0.219756	0.215672	0.218263	0.224016	0.218609	0.221801	0.221908	0.222276	0.240567	0.235714	0.223316	0.221169	0.220595	0.220889	0.22077	0.219099	0.217669	0.216431	0.215339	0.214292	0.213147	0.211956	0.210842	0.210436	0.209676	0.208833	0.208231	0.207468	0.206471	0.20555	0.204638	0.203486	0.202136	0.201348	0.200173	0.198664	0.196973	0.195067	0.193147	0.190863	0.188321	0.185475	0.182304	0.180644	0.178208	0.176597	0.174925	0.173177	0.171223	0.169157	0.166912	0.164601	0.162285	0.16009	0.157699	0.155499	0.153898	0.155506	0.15477	0.153022	0.151712	0.151278	0.150854	0.150574	0.150165	0.149922	0.14957	0.149212	0.148839	0.148426	0.147989	0.147543	0.147101	

96	0.092	4	0	task-0:0.4	|	0.287633	0.384424	0.36525	0.26822	0.259954	0.259906	0.249613	0.249528	0.251961	0.251867	0.249658	0.249069	0.248849	0.248516	0.248226	0.247763	0.247366	0.247001	0.24655	0.246031	0.245486	0.244929	0.244372	0.243832	0.242994	0.242026	0.240156	0.237453	0.235586	0.234765	0.235857	0.235565	0.236784	0.236063	0.236304	0.236731	0.237502	0.239036	0.241468	0.235128	0.229012	0.223168	0.221205	0.22095	0.232035	0.217068	0.21624	0.220787	0.229146	0.231809	0.232307	0.233373	0.236727	0.240016	0.242175	0.243327	0.243825	0.243778	0.244114	0.245667	0.244139	0.242959	0.242197	0.242143	0.242123	0.241521	0.241063	0.240719	0.240551	0.240639	0.240201	0.239657	0.239657	0.239885	0.240275	0.240275	0.240064	0.240058	0.240148	0.24021	0.240268	0.240258	0.240301	0.240348	0.240409	0.240484	0.240579	0.240708	0.240854	0.241027	0.241031	0.241134	0.241254	0.241397	0.241569	0.241782	

75	0.072	4	0	task-0:0.14	|	0.248532	0.46835	0.439646	0.250585	0.260365	0.260358	0.227901	0.247704	0.24258	0.224681	0.223886	0.221646	0.217125	0.213172	0.208707	0.204434	0.200557	0.197204	0.192284	0.178299	0.178021	0.175366	0.159597	0.155624	0.147393	0.133633	0.12515	0.121864	0.134371	0.123444	0.107037	0.102455	0.104967	0.106647	0.101434	0.0946464	0.0899719	0.0878441	0.0871936	0.0843352	0.0794561	0.0772694	0.0741709	0.0705471	0.0658409	0.059384	0.0510923	0.0383821	0.0342757	0.0337281	0.0344538	0.0331811	0.0343355	0.0371525	0.0363598	0.0379038	0.03923	0.0408492	0.0433367	0.0472934	0.051989	0.0560726	0.0587635	0.0603576	0.0611985	0.0614533	0.0613065	0.0609877	0.0178275	0.0582535	0.0172192	0.0588102	0.0588837	0.0574212	0.0264444	

91	0.088	4	0	task-0:0.41	|	0.249109	0.411237	0.321447	0.24717	0.276462	0.276405	0.255795	0.248211	0.248211	0.24839	0.248939	0.247807	0.247137	0.246265	0.244685	0.24206	0.238665	0.234727	0.229894	0.225046	0.226839	0.219783	0.22319	0.218788	0.217765	0.219295	0.210347	0.204564	0.202991	0.203626	0.20292	0.201286	0.200254	0.199539	0.198499	0.197618	0.196988	0.197249	0.195986	0.194983	0.196874	0.195724	0.198616	0.199206	0.198331	0.197647	0.197248	0.199075	0.200015	0.201628	0.20378	0.202048	0.201302	0.201168	0.2009	0.200543	0.200144	0.199709	0.200685	0.203063	0.206239	0.208151	0.208764	0.210489	0.214391	0.215767	0.216226	0.215991	0.216031	0.215931	0.215251	0.214748	0.214344	0.213913	0.213544	0.213223	0.212847	0.212619	0.212382	0.212204	0.211841	0.211798	0.211688	0.211567	0.21127	0.211065	0.210859	0.210672	0.210541	0.210599	0.210383	

248	0.233	4	0	task-0:0.035	|	0.249288	0.471179	0.452085	0.265036	0.257308	0.257302	0.226285	0.233371	0.220473	0.218321	0.21832	0.215104	0.214462	0.211766	0.208904	0.205965	0.202777	0.199545	0.196721	0.19321	0.186316	0.183432	0.188308	0.1848	0.179187	0.179009	0.177495	0.178148	0.178237	0.181398	0.192624	0.190474	0.195972	0.209978	0.202856	0.205912	0.209328	0.211319	0.210038	0.207717	0.201713	0.200866	0.191859	0.187435	0.186012	0.181955	0.179189	0.176202	0.173743	0.171225	0.168565	0.170121	0.168713	0.166724	0.166577	0.165612	0.163981	0.163378	0.163637	0.162993	0.163116	0.162934	0.162456	0.162185	0.161995	0.161867	0.161925	0.162033	0.162305	0.162963	0.164336	0.166689	0.170006	0.174894	0.179509	0.178724	0.18543	0.185237	0.179934	0.179971	0.180461	0.179905	0.180563	0.182812	0.182892	0.184319	0.186242	0.188548	0.191458	0.192503	0.192725	0.19415	0.193809	0.194062	0.194125	0.193882	0.193207	0.192019	0.190018	0.186615	0.181291	0.173093	0.161442	0.14755	0.143333	0.136114	0.127383	0.11832	0.106766	0.0931167	0.0740628	0.066308	0.0656805	0.0551188	0.0680664	0.0665946	0.0540747	0.0528039	0.0518717	0.0490371	0.0495723	0.0485321	0.0468712	0.0457779	0.0444122	0.0431695	0.042521	0.041205	0.0395478	0.0376347	0.0354697	0.0330784	0.030507	0.027932	0.0270544	0.0251904	0.0234583	0.0215548	0.0206734	0.019446	0.0189373	0.0182379	0.0176411	0.0171032	0.0163414	0.0154012	0.0143795	0.0133004	0.0121551	0.0109631	0.00965381	0.00824713	0.0068163	0.00541501	0.00409617	0.00293254	0.00198969	0.00464226	0.00192055	0.00301515	0.00301515	0.00138508	0.00141723	0.00125365	0.00134566	0.00134566	0.00122111	0.00119282	0.00117252	0.00113764	0.00113379	0.0011378	0.00113155	0.00109449	0.00106791	0.00104406	0.00100823	0.000972094	0.000932059	0.000888247	0.000840996	0.000784511	0.000720954	0.000653364	0.000581249	0.000505754	0.000428769	0.000352629	0.000280079	0.000213104	0.00015222	0.000101369	6.25727e-005	3.5321e-005	1.76189e-005	7.82654e-006	2.9651e-006	9.08951e-007	3.91931e-005	2.06677e-005	1.473e-006	1.12591e-006	6.36024e-007	2.40987e-007	8.30185e-008	3.79224e-007	3.79224e-007	8.20957e-008	9.99382e-008	9.99382e-008	6.59858e-008	6.27919e-008	6.173e-008	6.21731e-008	5.7465e-008	5.34924e-008	5.20508e-008	5.07337e-008	5.0781e-008	4.76375e-008	4.54382e-008	4.2933e-008	4.01088e-008	3.69643e-008	3.35151e-008	2.9693e-008	2.98248e-008	2.73805e-008	2.55385e-008	2.34922e-008	2.12535e-008	1.88489e-008	1.63221e-008	1.37356e-008	1.11699e-008	8.70619e-009	6.45259e-009	4.50421e-009	2.92586e-009	4.80819e-009	5.22484e-009	2.35928e-009	1.58504e-009	1.27493e-009	1.6296e-009	1.22608e-009	1.29237e-009	1.29237e-009	

143	0.132	4	0	task-0:0.36	|	0.318736	0.368524	0.357952	0.263407	0.272606	0.27251	0.250847	0.270984	0.270983	0.253207	0.252017	0.252008	0.249999	0.249983	0.250369	0.250343	0.249878	0.249603	0.249446	0.24924	0.249031	0.248775	0.248489	0.24819	0.24791	0.247727	0.247549	0.247427	0.247353	0.247214	0.246986	0.246614	0.246064	0.245358	0.244474	0.243413	0.242166	0.240752	0.239229	0.237948	0.236324	0.234505	0.232513	0.230328	0.227863	0.309208	0.289165	0.251716	0.251713	0.230536	0.326158	0.326155	0.232477	0.23342	0.233417	0.225257	0.224825	0.22746	0.226705	0.224298	0.221921	0.221155	0.221107	0.221882	0.221353	0.220106	0.21856	0.218129	0.217117	0.215907	0.214625	0.212912	0.210675	0.210311	0.208903	0.20719	0.206639	0.20669	0.206844	0.206118	0.205629	0.205108	0.204629	0.204251	0.203196	0.2016	0.199693	0.198517	0.196555	0.195163	0.194071	0.193354	0.192992	0.19288	0.192887	0.193104	0.193215	0.193608	0.194196	0.195062	0.196154	0.197093	0.198635	0.199125	0.199472	0.199725	0.200013	0.200432	0.201098	0.201433	0.212905	0.215459	0.215189	0.219061	0.222978	0.225378	0.22698	0.227879	0.22827	0.228329	0.228204	0.227981	0.228048	0.2275	0.227173	0.226879	0.227097	0.22689	0.226861	0.227594	0.229205	0.232375	0.232006	0.23387	0.233602	0.232521	0.232314	0.231789	0.231149	0.230477	0.230413	0.230672	0.230838	

88	0.079	4	0	task-0:0.415	|	0.317105	0.370556	0.361711	0.265071	0.273172	0.273036	0.251188	0.268835	0.267005	0.251002	0.252393	0.252309	0.248909	0.250704	0.250193	0.248048	0.248106	0.247767	0.246611	0.245689	0.244963	0.244405	0.243704	0.24287	0.242072	0.241375	0.240729	0.240247	0.240076	0.240083	0.240003	0.240023	0.240134	0.239858	0.238994	0.237555	0.235535	0.232984	0.229942	0.227609	0.222253	0.215809	0.21475	0.216471	0.218127	0.220448	0.222427	0.222863	0.222078	0.223364	0.222439	0.222057	0.222219	0.223045	0.223201	0.22294	0.222344	0.22241	0.222757	0.223165	0.223679	0.224368	0.225307	0.226607	0.226932	0.228017	0.229344	0.231014	0.230264	0.230601	0.231029	0.231612	0.232424	0.232637	0.233808	0.233639	0.233404	0.233008	0.232487	0.231955	0.231655	0.231159	0.230829	0.230572	0.230232	0.229586	0.229491	0.229625	

172	0.153	4	0	task-0:0.255	|	0.311415	0.366001	0.353418	0.256529	0.268988	0.267218	0.241087	0.257997	0.255934	0.23695	0.234716	0.232749	0.226637	0.220207	0.211294	0.200674	0.188348	0.174599	0.161047	0.148194	0.131387	0.122654	0.114841	0.107417	0.10131	0.0964883	0.093295	0.0916322	0.0919871	0.0874429	0.0975757	0.0888934	0.0932602	0.0932602	0.0859867	0.0901622	0.0900955	0.0866843	0.0861653	0.0861408	0.0857552	0.0860845	0.0858506	0.0857239	0.085814	0.0846959	0.0846701	0.0818598	0.0797146	0.0838225	0.0817577	0.0801407	0.0794286	0.0740881	0.0707807	0.0658682	0.0643947	0.0628272	0.0612087	0.0523309	0.0494159	0.0466965	0.0446396	0.0422765	0.0404082	0.0402951	0.0399844	0.0399284	0.0396479	0.0393799	0.0395293	0.0394391	0.0393578	0.0392948	0.0393224	0.0393812	0.0392444	0.0390203	0.0389115	0.0388497	0.0388418	0.0388229	0.0386853	0.038569	0.0384402	0.0383185	0.0480106	0.0463657	0.0399115	0.0382506	0.0382506	0.0373519	0.0437625	0.0437625	0.0329492	0.0375941	0.0375165	0.033161	0.0325209	0.0320607	0.0307366	0.0327927	0.03225	0.0300577	0.0297956	0.0297482	0.0293766	0.0289642	0.0286483	0.0283292	0.0279886	0.0276382	0.0272948	0.0269873	0.0267624	0.0266432	0.0268947	0.0267499	0.0265474	0.0235305	0.0118569	0.0110465	0.0176537	0.0170433	0.0107266	0.00936992	0.0101713	0.0121646	0.0106864	0.00722187	0.00555369	0.00448884	0.00343223	0.00249149	0.00113482	0.000531221	0.000260427	0.000130661	7.08446e-005	4.84923e-005	5.2154e-005	2.49758e-005	9.37008e-006	4.6832e-006	2.1587e-006	0.0011804	2.75704e-006	0.0499479	0.0245592	3.57781e-009	3.59328e-010	3.37422e-009	1.01464e-009	9.61055e-011	9.18778e-011	4.83892e-011	2.26054e-011	9.12084e-012	2.77117e-012	8.18114e-013	3.01754e-012	1.15495e-010	5.83303e-014	0	0	0	0	0	0	0	0	0	

194	0.185	4	2	task-0:0.285	|	0.314945	0.368904	0.358599	0.262673	0.274424	0.274335	0.251665	0.270184	0.270181	0.252922	0.253068	0.253063	0.250366	0.249842	0.249192	0.248496	0.247911	0.247535	0.247162	0.229484	0.27543	0.265632	0.235753	0.256984	0.256271	0.220633	0.241199	0.241197	0.223981	0.219979	0.218873	0.216162	0.217307	0.214718	0.21247	0.211378	0.210457	0.209185	0.207775	0.206687	0.205505	0.204627	0.203969	0.203242	0.202488	0.201612	0.200526	0.19907	0.197405	0.195482	0.193258	0.190687	0.187985	0.185659	0.184376	0.183742	0.187982	0.183186	0.179741	0.178745	0.178632	0.178571	0.179056	0.180984	0.183048	0.185591	0.188535	0.190832	0.193213	0.194258	0.194648	0.194898	0.194701	0.19429	0.193756	0.193144	0.192477	0.191753	0.190972	0.190146	0.191039	0.189696	0.190517	0.190517	0.189451	0.189304	0.189245	0.238859	0.23905	0.358703	0.304648	0.287483	0.287519	0.287495	0.383431	0.384505	0.431478	0.432374	0.470371	0.417308	0.460803	0.190336	0.189842	0.190155	0.18809	0.189296	0.188432	0.187926	0.187351	0.186872	0.187943	0.188235	0.188178	0.188211	0.188496	0.188583	0.188633	0.188727	0.188852	0.189017	0.187345	0.141114	0.140254	0.189971	0.189986	0.189612	0.189343	0.189252	0.22837	0.191815	0.210302	0.187942	0.187855	0.188676	0.188885	0.188944	0.188979	0.188996	0.189172	0.189202	0.189234	0.155557	0.140326	0.139565	0.1897	0.189619	0.18943	0.189266	0.189161	0.189243	0.189312	0.189078	0.140937	0.188388	0.187429	0.176694	0.141445	0.187654	0.189011	0.188903	0.187208	0.172016	0.141883	0.184796	0.187299	0.18686	0.180863	0.16219	0.141924	0.168138	0.173939	0.170374	0.164558	0.142557	0.180112	0.186666	0.187701	0.186103	0.173842	0.163953	0.189945	0.189911	0.189909	0.189922	0.189937	0.189956	0.18998	0.190007	0.19004	0.190081	0.190132	0.190196	0.190276	0.190378	

132	0.129	4	0	task-0:0.07	|	0.254302	0.46593	0.464832	0.353495	0.252106	0.252099	0.272954	0.272954	0.254239	0.252514	0.252215	0.250594	0.250218	0.249283	0.248668	0.247792	0.247133	0.246496	0.24581	0.245135	0.244503	0.243986	0.243615	0.24305	0.234466	0.303755	0.290739	0.221525	0.257152	0.256756	0.233794	0.224815	0.224784	0.219267	0.219085	0.218345	0.217748	0.216954	0.216531	0.215805	0.215127	0.21442	0.213782	0.213322	0.213102	0.212544	0.211822	0.211247	0.210712	0.210254	0.209738	0.209169	0.208503	0.207876	0.206969	0.206025	0.204893	0.203734	0.203198	0.207279	0.203702	0.23154	0.21307	0.196656	0.194024	0.182563	0.162914	0.154553	0.135613	0.127412	0.109821	0.0935945	0.0794677	0.0822472	0.0729711	0.0798018	0.0798018	0.0710501	0.0698308	0.0672572	0.0640977	0.0614261	0.05972	0.0578432	0.0557896	0.0547366	0.0564381	0.05018	0.0511824	0.0529177	0.0581361	0.0551983	0.0577894	0.0615633	0.0603549	0.0614805	0.0626306	0.0602636	0.0593355	0.0586643	0.0578589	0.0569359	0.0558776	0.0546239	0.053232	0.0516917	0.0501304	0.0488505	0.051278	0.0452178	0.0461128	0.0481914	0.0523639	0.0484669	0.0487751	0.0495732	0.050741	0.0521993	0.0533106	0.303387	0.296506	0.110148	0.110148	0.0691104	0.319083	0.319083	0.18301	0.075902	0.075902	0.070566	0.0651268	0.0528819	

66	0.053	4	0	task-0:0.475	|	0.320332	0.370869	0.362363	0.266304	0.272198	0.272087	0.251055	0.269288	0.267021	0.250076	0.250585	0.250051	0.244741	0.241762	0.238713	0.235397	0.233465	0.231775	0.228133	0.226058	0.224502	0.223862	0.224452	0.226434	0.22979	0.228942	0.225801	0.224755	0.222006	0.220262	0.220569	0.21915	0.217102	0.215424	0.214636	0.215069	0.215114	0.214486	0.213773	0.213041	0.212348	0.211713	0.211033	0.210299	0.209542	0.208524	0.208541	0.207937	0.206998	0.206022	0.204951	0.203848	0.203747	0.203113	0.202494	0.201968	0.201729	0.20148	0.201104	0.200843	0.200751	0.200628	0.200505	0.200467	0.200418	0.200327	

