13	0.036	24	0	task-3:0.188	task-0:0.194	task-1:0.206	task-2:0.196	|	0.0526322	0.05	0.0499998	0.049819	0.0517506	0.0541277	0.0436847	0.0425415	0.0416234	0.0409035	0.0405476	0.0400124	0.0395007	

15	0.041	24	0	task-3:0.096	task-0:0.194	task-1:0.194	task-2:0.058	|	0.0574233	0.0499991	0.0499898	0.0489308	0.0442655	0.0422127	0.0449566	0.044735	0.041797	0.0411473	0.0416673	0.0414702	0.0415903	0.0408045	0.0383548	

13	0.036	24	0	task-3:0.16	task-0:0.194	task-1:0.226	task-2:0.196	|	0.0682925	0.0499993	0.0499956	0.0492557	0.0434032	0.0409775	0.0433841	0.0428993	0.0406235	0.0415023	0.0408401	0.0400052	0.0399345	

7	0.019	24	0	task-3:0.196	task-0:0.194	task-1:0.226	task-2:0.196	|	0.134206	0.0499975	0.0499821	0.0480607	0.0649773	0.0713337	0.0398118	

12	0.033	24	0	task-3:0.118	task-0:0.194	task-1:0.226	task-2:0.132	|	0.0978797	0.05	0.0499998	0.0498866	0.0411866	0.15266	0.136848	0.0533474	0.0411055	0.0404549	0.0404976	0.0396752	

16	0.044	24	0	task-3:0.208	task-0:0.194	task-1:0.204	task-2:0.206	|	0.0877874	0.0499904	0.0497846	0.0428488	0.0925853	0.0877027	0.0514171	0.0415803	0.0414957	0.0414753	0.0415154	0.0404738	0.0406881	0.0405686	0.0401374	0.0399548	

12	0.033	24	0	task-3:0.196	task-0:0.194	task-1:0.226	task-2:0.196	|	0.145052	0.0499993	0.0499967	0.0493887	0.0482301	0.0460593	0.0434892	0.0432794	0.0400631	0.0420535	0.0414983	0.0398133	

16	0.045	24	0	task-3:0.208	task-0:0.194	task-1:0.204	task-2:0.206	|	0.0877874	0.0499904	0.0497846	0.0428488	0.0925853	0.0877027	0.0514171	0.0415803	0.0414957	0.0414753	0.0415154	0.0404738	0.0406881	0.0405686	0.0401374	0.0399548	

10	0.027	24	0	task-3:0.2	task-0:0.194	task-1:0.226	task-2:0.196	|	0.161642	0.0499982	0.0499911	0.048732	0.0532172	0.0502673	0.0411611	0.0406206	0.0400995	0.0390585	

35	0.097	24	0	task-3:0.116	task-0:0.196	task-1:0.204	task-2:0.056	|	0.141989	0.0499997	0.0499988	0.0489375	0.137549	0.126097	0.0656881	0.0434802	0.0459112	0.0450827	0.0428796	0.0434959	0.0421068	0.0412076	0.0408738	0.0402082	0.0408683	0.0410318	0.0413363	0.0419744	0.0419956	0.042186	0.0423723	0.0422972	0.0420071	0.041674	0.0413771	0.0410636	0.040789	0.0405168	0.0404144	0.0403363	0.0401753	0.0400771	0.0399993	

13	0.035	24	0	task-3:0.164	task-0:0.194	task-1:0.212	task-2:0.196	|	0.123734	0.0499996	0.0499973	0.049309	0.0555619	0.063308	0.0409157	0.0420252	0.0401461	0.0455068	0.0471819	0.0410724	0.0398533	

14	0.038	24	0	task-3:0.138	task-0:0.194	task-1:0.226	task-2:0.196	|	0.0664208	0.0499997	0.0499974	0.0490233	0.0842819	0.0816634	0.0444403	0.0432733	0.0422879	0.0408549	0.0408104	0.0401666	0.0403373	0.0396734	

14	0.038	24	0	task-3:0.15	task-0:0.194	task-1:0.226	task-2:0.184	|	0.189294	0.0499975	0.0499921	0.0480724	0.162755	0.143381	0.0604866	0.0434728	0.0452436	0.0454297	0.0419826	0.0469281	0.0453023	0.0396979	

11	0.031	24	0	task-3:0.164	task-0:0.194	task-1:0.226	task-2:0.196	|	0.0467984	0.05	0.05	0.0498885	0.0591558	0.0440685	0.0433106	0.041711	0.0408125	0.0413216	0.0394211	

9	0.024	24	0	task-3:0.432	task-0:0.194	task-1:0.22	task-2:0.192	|	0.055091	0.0499998	0.0499969	0.0473927	0.156449	0.128295	0.0410615	0.0411005	0.0388516	

16	0.044	24	0	task-3:0.13	task-0:0.198	task-1:0.226	task-2:0.196	|	0.103389	0.0499929	0.049957	0.0473666	0.051108	0.0472471	0.0423209	0.042734	0.0428778	0.0429918	0.0429518	0.0421978	0.0416075	0.0412058	0.0405358	0.0399723	

17	0.047	24	0	task-3:0.15	task-0:0.194	task-1:0.21	task-2:0.196	|	0.0448271	0.0499994	0.0499912	0.0487447	0.0577712	0.0519186	0.0432377	0.0434811	0.0425394	0.0429755	0.0421549	0.0418844	0.0415069	0.0410248	0.0406084	0.0400391	0.0398446	

18	0.049	24	0	task-3:0.196	task-0:0.194	task-1:0.212	task-2:0.196	|	0.0610554	0.0499984	0.0499858	0.0471416	0.129996	0.0691327	0.042625	0.0425365	0.0428081	0.0420343	0.0421427	0.0418254	0.0421125	0.0420507	0.0414653	0.0408519	0.0405062	0.0394955	

20	0.057	24	0	task-3:0.11	task-0:0.194	task-1:0.226	task-2:0.196	|	0.0445817	0.0499976	0.0499785	0.0473495	0.0758711	0.0630522	0.0412384	0.0449895	0.0441343	0.041603	0.0410602	0.0407844	0.040715	0.0409826	0.0408202	0.0408633	0.0411987	0.0406735	0.0405165	0.0398576	

10	0.029	24	0	task-3:0.17	task-0:0.194	task-1:0.226	task-2:0.196	|	0.172498	0.0499994	0.0499961	0.045574	0.177628	0.117995	0.0462803	0.0423232	0.0413966	0.0388452	

16	0.044	24	0	task-3:0.196	task-0:0.194	task-1:0.202	task-2:0.196	|	0.0472636	0.0499995	0.0499974	0.0487475	0.0872593	0.0711518	0.0421498	0.0459601	0.0448727	0.0416177	0.0421918	0.0430617	0.0406123	0.0410675	0.0406838	0.0395888	

20	0.056	24	0	task-3:0.11	task-0:0.194	task-1:0.226	task-2:0.196	|	0.0445817	0.0499976	0.0499785	0.0473495	0.0758711	0.0630522	0.0412384	0.0449895	0.0441343	0.041603	0.0410602	0.0407844	0.040715	0.0409826	0.0408202	0.0408633	0.0411987	0.0406735	0.0405165	0.0398576	

12	0.033	24	0	task-3:0.196	task-0:0.194	task-1:0.226	task-2:0.196	|	0.0710286	0.0499999	0.0499996	0.0491736	0.136511	0.128291	0.0419599	0.0466452	0.0450251	0.0423986	0.0415517	0.039715	

12	0.033	24	0	task-3:0.196	task-0:0.194	task-1:0.226	task-2:0.196	|	0.194443	0.0499995	0.0499974	0.0483238	0.0966057	0.0790776	0.0406484	0.0441648	0.0424515	0.0402259	0.0406461	0.0396312	

20	0.054	24	0	task-3:0.11	task-0:0.194	task-1:0.226	task-2:0.196	|	0.0445817	0.0499976	0.0499785	0.0473495	0.0758711	0.0630522	0.0412384	0.0449895	0.0441343	0.041603	0.0410602	0.0407844	0.040715	0.0409826	0.0408202	0.0408633	0.0411987	0.0406735	0.0405165	0.0398576	

12	0.033	24	0	task-3:0.11	task-0:0.194	task-1:0.226	task-2:0.196	|	0.0568749	0.0499996	0.049997	0.0477713	0.134072	0.10251	0.0428088	0.0451713	0.0437001	0.0411545	0.0410693	0.0394744	

20	0.055	24	0	task-3:0.11	task-0:0.194	task-1:0.226	task-2:0.196	|	0.0445817	0.0499976	0.0499785	0.0473495	0.0758711	0.0630522	0.0412384	0.0449895	0.0441343	0.041603	0.0410602	0.0407844	0.040715	0.0409826	0.0408202	0.0408633	0.0411987	0.0406735	0.0405165	0.0398576	

20	0.055	24	0	task-3:0.11	task-0:0.194	task-1:0.226	task-2:0.196	|	0.0445817	0.0499976	0.0499785	0.0473495	0.0758711	0.0630522	0.0412384	0.0449895	0.0441343	0.041603	0.0410602	0.0407844	0.040715	0.0409826	0.0408202	0.0408633	0.0411987	0.0406735	0.0405165	0.0398576	

12	0.033	24	0	task-3:0.11	task-0:0.194	task-1:0.226	task-2:0.196	|	0.0568749	0.0499996	0.049997	0.0477713	0.134072	0.10251	0.0428088	0.0451713	0.0437001	0.0411545	0.0410693	0.0394744	

20	0.055	24	0	task-3:0.11	task-0:0.194	task-1:0.226	task-2:0.196	|	0.0445817	0.0499976	0.0499785	0.0473495	0.0758711	0.0630522	0.0412384	0.0449895	0.0441343	0.041603	0.0410602	0.0407844	0.040715	0.0409826	0.0408202	0.0408633	0.0411987	0.0406735	0.0405165	0.0398576	

14	0.039	24	0	task-3:0.196	task-0:0.194	task-1:0.22	task-2:0.196	|	0.0531372	0.0499993	0.0499945	0.0489117	0.0764786	0.0966775	0.0640863	0.0467717	0.0426717	0.0432309	0.0406438	0.0408708	0.0410987	0.0390928	

20	0.054	24	0	task-3:0.11	task-0:0.194	task-1:0.226	task-2:0.196	|	0.0445817	0.0499976	0.0499785	0.0473495	0.0758711	0.0630522	0.0412384	0.0449895	0.0441343	0.041603	0.0410602	0.0407844	0.040715	0.0409826	0.0408202	0.0408633	0.0411987	0.0406735	0.0405165	0.0398576	

13	0.036	24	0	task-3:0.134	task-0:0.194	task-1:0.218	task-2:0.196	|	0.0443901	0.0499989	0.0499792	0.0484161	0.0632161	0.0666018	0.0428707	0.0437159	0.0431996	0.042393	0.041839	0.0408407	0.0399455	

8	0.022	24	0	task-3:0.208	task-0:0.194	task-1:0.202	task-2:0.196	|	0.0565158	0.0499996	0.049995	0.0487267	0.0608204	0.0560013	0.0407751	0.0395378	

12	0.033	24	0	task-3:0.138	task-0:0.194	task-1:0.226	task-2:0.196	|	0.215562	0.0499136	0.0491201	0.050447	0.0604393	0.042635	0.0441793	0.0445023	0.0410766	0.0425117	0.0413819	0.0395345	

15	0.041	24	0	task-3:0.202	task-0:0.194	task-1:0.218	task-2:0.196	|	0.0429032	0.249995	0.249982	0.238912	0.0442364	0.0475361	0.0459882	0.0417546	0.044576	0.0441504	0.0407384	0.0409372	0.0409692	0.0402253	0.0394064	

10	0.027	24	0	task-3:0.126	task-0:0.238	task-1:0.178	task-2:0.196	|	0.167206	0.049999	0.0499934	0.047116	0.092298	0.0664438	0.0410121	0.0439968	0.0427496	0.038068	

1	0.003	24	0	task-3:0.196	task-0:0.194	task-1:0.226	task-2:0.196	|	0.0395107	

15	0.042	24	0	task-3:0.196	task-0:0.194	task-1:0.226	task-2:0.196	|	0.207531	0.0499958	0.0499737	0.0444659	0.178294	0.124431	0.0464817	0.0445664	0.0435035	0.0415886	0.0410528	0.0410065	0.0406063	0.0401351	0.0399034	

13	0.036	24	0	task-3:0.136	task-0:0.194	task-1:0.226	task-2:0.196	|	0.107641	0.0499996	0.0499957	0.0478425	0.125885	0.117291	0.0440031	0.045728	0.0449371	0.0414349	0.0407786	0.0403576	0.0394282	

15	0.041	24	0	task-3:0.202	task-0:0.194	task-1:0.218	task-2:0.196	|	0.0429032	0.249995	0.249982	0.238912	0.0442364	0.0475361	0.0459882	0.0417546	0.044576	0.0441504	0.0407384	0.0409372	0.0409692	0.0402253	0.0394064	

16	0.044	24	0	task-3:0.196	task-0:0.194	task-1:0.226	task-2:0.196	|	0.071491	0.0499999	0.0499996	0.0495076	0.0951209	0.0548546	0.0413845	0.0427253	0.0431054	0.0423527	0.0421064	0.0419859	0.0414358	0.0409475	0.0404004	0.0397055	

10	0.029	24	0	task-3:0.2	task-0:0.194	task-1:0.178	task-2:0.196	|	0.115581	0.0499999	0.0499995	0.0496702	0.0446087	0.0466194	0.0423619	0.0424458	0.0410141	0.0393784	

25	0.068	24	0	task-3:0.116	task-0:0.194	task-1:0.176	task-2:0.192	|	0.123843	0.0499997	0.0499978	0.0489635	0.0731588	0.056908	0.0413699	0.0413836	0.0436829	0.0439357	0.0417534	0.0410822	0.0410371	0.0410107	0.0410384	0.0410596	0.040983	0.0409522	0.0410099	0.0408751	0.0407371	0.0406184	0.0405011	0.0402283	0.0397066	

4	0.011	24	0	task-3:0.196	task-0:0.344	task-1:0.226	task-2:0.196	|	0.043008	0.249778	0.243926	0.0386126	

20	0.055	24	0	task-3:0.128	task-0:0.194	task-1:0.226	task-2:0.196	|	0.05796	0.0499996	0.0499982	0.0494367	0.0570031	0.0527573	0.0413866	0.0418877	0.0415349	0.0409557	0.0405729	0.0406618	0.040637	0.0406037	0.0406309	0.0405429	0.0404644	0.0402916	0.040141	0.0399019	

25	0.068	24	0	task-3:0.208	task-0:0.194	task-1:0.188	task-2:0.152	|	0.0540926	0.0499984	0.0499973	0.0487154	0.123809	0.102675	0.0409097	0.0475704	0.0467829	0.0420304	0.0473125	0.0465921	0.0411823	0.0427416	0.0425139	0.0412332	0.0415606	0.0414677	0.0409371	0.0411206	0.0410101	0.0406753	0.0404452	0.0402028	0.0399066	

17	0.046	24	0	task-3:0.196	task-0:0.194	task-1:0.226	task-2:0.196	|	0.0695673	0.0499996	0.0499958	0.0468378	0.199538	0.160319	0.0873057	0.0668225	0.0541527	0.0441517	0.0434103	0.042225	0.042364	0.0419687	0.0409139	0.0403205	0.0399561	

13	0.036	24	0	task-3:0.186	task-0:0.194	task-1:0.226	task-2:0.196	|	0.0712028	0.0499989	0.0499854	0.0450894	0.173688	0.124026	0.055424	0.0415064	0.0442377	0.0435751	0.041395	0.0407403	0.0399632	

13	0.036	24	0	task-3:0.144	task-0:0.194	task-1:0.226	task-2:0.196	|	0.0426261	0.0499996	0.0499924	0.0462324	0.183599	0.170759	0.0820077	0.0438734	0.0440871	0.0436982	0.0410865	0.0405438	0.0396446	

12	0.033	24	0	task-3:0.13	task-0:0.194	task-1:0.204	task-2:0.196	|	0.222065	0.0499995	0.0499981	0.0482045	0.13833	0.132839	0.0472205	0.0418018	0.0410836	0.042813	0.0411268	0.0391564	

11	0.03	24	0	task-3:0.19	task-0:0.194	task-1:0.206	task-2:0.196	|	0.0433797	0.249997	0.249992	0.245918	0.0488653	0.0492928	0.0484841	0.0434647	0.0492805	0.0475077	0.0395689	

15	0.041	24	0	task-3:0.202	task-0:0.194	task-1:0.218	task-2:0.196	|	0.0429032	0.249995	0.249982	0.238912	0.0442364	0.0475361	0.0459882	0.0417546	0.044576	0.0441504	0.0407384	0.0409372	0.0409692	0.0402253	0.0394064	

7	0.019	24	0	task-3:0.196	task-0:0.608	task-1:0.226	task-2:0.196	|	0.0411663	0.249967	0.249314	0.0458905	0.0494436	0.0466215	0.0397905	

12	0.033	24	0	task-3:0.204	task-0:0.194	task-1:0.226	task-2:0.196	|	0.147357	0.0499991	0.0499961	0.0488792	0.102821	0.0546638	0.0428067	0.0425275	0.0422053	0.0411493	0.040901	0.0398993	

15	0.041	24	0	task-3:0.202	task-0:0.194	task-1:0.218	task-2:0.196	|	0.0429032	0.249995	0.249982	0.238912	0.0442364	0.0475361	0.0459882	0.0417546	0.044576	0.0441504	0.0407384	0.0409372	0.0409692	0.0402253	0.0394064	

25	0.07	24	0	task-3:0.208	task-0:0.194	task-1:0.188	task-2:0.152	|	0.0540926	0.0499984	0.0499973	0.0487154	0.123809	0.102675	0.0409097	0.0475704	0.0467829	0.0420304	0.0473125	0.0465921	0.0411823	0.0427416	0.0425139	0.0412332	0.0415606	0.0414677	0.0409371	0.0411206	0.0410101	0.0406753	0.0404452	0.0402028	0.0399066	

15	0.041	24	0	task-3:0.202	task-0:0.194	task-1:0.218	task-2:0.196	|	0.0429032	0.249995	0.249982	0.238912	0.0442364	0.0475361	0.0459882	0.0417546	0.044576	0.0441504	0.0407384	0.0409372	0.0409692	0.0402253	0.0394064	

13	0.036	24	0	task-3:0.186	task-0:0.194	task-1:0.226	task-2:0.196	|	0.0712028	0.0499989	0.0499854	0.0450894	0.173688	0.124026	0.055424	0.0415064	0.0442377	0.0435751	0.041395	0.0407403	0.0399632	

11	0.032	24	0	task-3:0.196	task-0:0.194	task-1:0.212	task-2:0.196	|	0.0458891	0.249926	0.249677	0.218274	0.0503505	0.0468649	0.0467327	0.0437248	0.0414314	0.0405224	0.039747	

