11	0.032	4	0	task-3:0.055	task-0:0.465	task-1:0.165	task-2:0.135	|	0.0773659	0.0479735	0.0479796	0.0423241	0.062025	0.065415	0.0517485	0.0458063	0.0476914	0.0435084	0.0365796	

10	0.046	4	0	task-3:0.055	task-0:0.085	task-1:0.08	task-2:0.135	|	0.0507122	0.0576775	0.0576776	0.0515177	0.047046	0.0499445	0.0407258	0.0418146	0.0402124	0.0303711	

4	0.016	4	0	task-3:0.055	task-0:0.218333	task-1:0.165	task-2:0.0383333	|	0.0644804	0.0517453	0.0464918	0.0377286	

9	0.078	4	0	task-3:0.0375	task-0:0.56375	task-1:0.165	task-2:0.135	|	0.0412994	0.130309	0.130434	0.104656	0.0501991	0.0493949	0.0499105	0.0410237	0.0384794	

12	0.125	4	0	task-3:0.055	task-0:0.462	task-1:0.165	task-2:0.135	|	0.0477967	0.0567579	0.0568188	0.049844	0.0565015	0.0577978	0.0507297	0.0507178	0.048823	0.049673	0.0504182	0.0317291	

6	0.078	4	0	task-3:0.0808333	task-0:0.410833	task-1:0.108333	task-2:0.135	|	0.0455221	0.0463166	0.0461825	0.0408217	0.0410821	0.035567	

11	0.156	4	0	task-3:0.055	task-0:0.185	task-1:0.135714	task-2:0.0292857	|	0.0938904	0.0555909	0.0585429	0.0628489	0.0573846	0.0472092	0.0538336	0.0534732	0.0497888	0.0447882	0.0394539	

14	0.234	4	0	task-3:0.004375	task-0:0.3475	task-1:0.11875	task-2:0.14625	|	0.0455484	0.0620787	0.0423378	0.0606076	0.0634699	0.0603782	0.0526855	0.0464987	0.0470518	0.0461777	0.0409526	0.0435414	0.0454024	0.0390035	

4	0.078	4	0	task-3:0.0538889	task-0:0.305	task-1:0.165	task-2:0.135	|	0.0425834	0.109689	0.10868	0.0377566	

9	0.203	4	0	task-3:0.0305	task-0:0.243	task-1:0.165	task-2:0.135	|	0.070759	0.0476407	0.0476362	0.042011	0.0559553	0.0490498	0.0455739	0.0522296	0.0396098	

5	0.125	4	0	task-3:0.0509091	task-0:0.0986364	task-1:0.139545	task-2:0.135	|	0.0767682	0.0526125	0.0533973	0.0428547	0.0347086	

10	0.25	4	0	task-3:0.0025	task-0:0.310833	task-1:0.139583	task-2:0.135	|	0.0438911	0.0421127	0.0945541	0.0852089	0.0766015	0.0713475	0.0611297	0.0552422	0.0475577	0.0359287	

2	0.063	4	0	task-3:0.055	task-0:0.305	task-1:0.165	task-2:0.135	|	0.103789	0.0382385	

9	0.265	4	0	task-3:0.055	task-0:0.313571	task-1:0.165	task-2:0.141429	|	0.040479	0.0935605	0.0917155	0.0463309	0.0490543	0.0489698	0.042197	0.0514919	0.0389524	

9	0.359	4	0	task-3:0.055	task-0:0.305	task-1:0.165	task-2:0.135	|	0.0792974	0.0422707	0.0550174	0.055019	0.0475226	0.0429502	0.0470241	0.0477057	0.0369359	

12	0.39	4	0	task-3:0.055	task-0:0.237813	task-1:0.263437	task-2:0.0334375	|	0.0468522	0.0503483	0.0511768	0.0619729	0.048813	0.0510001	0.0555123	0.0706724	0.0764796	0.0661484	0.050195	0.0291887	

5	0.14	4	0	task-3:0.055	task-0:0.343235	task-1:0.165	task-2:0.135	|	0.0666373	0.0585059	0.0579947	0.0564067	0.0375684	

8	0.265	4	0	task-3:0.055	task-0:0.305	task-1:0.165	task-2:0.135	|	0.0796864	0.0457644	0.0458119	0.0449286	0.0464283	0.0457925	0.042793	0.0395634	

8	0.343	4	0	task-3:0.055	task-0:0.305	task-1:0.165	task-2:0.135	|	0.0674885	0.0527847	0.0564652	0.0537067	0.045468	0.0452853	0.0456283	0.0373858	

5	0.234	4	0	task-3:0.055	task-0:0.305	task-1:0.165	task-2:0.135	|	0.0443245	0.130809	0.130881	0.101229	0.0376604	

12	0.468	4	0	task-3:0.055	task-0:0.305	task-1:0.101429	task-2:0.135	|	0.0466892	0.042225	0.0422157	0.0421837	0.04216	0.0512123	0.0506726	0.0516288	0.0527259	0.0546219	0.0582427	0.0390768	

15	0.624	4	0	task-3:0.055	task-0:0.305	task-1:0.162727	task-2:0.135	|	0.0521038	0.0418971	0.0467964	0.0468639	0.0426521	0.0537711	0.0717699	0.0673077	0.0638371	0.0636453	0.0629614	0.0428498	0.0456679	0.0479114	0.0197604	

69	3.058	4	14	task-3:0.0073913	task-0:0.26413	task-1:0.0365217	task-2:0.0304348	|	0.0494721	0.0510997	0.0511022	0.0438393	0.0470486	0.0502437	0.0703073	0.0627186	0.0626298	0.0643925	0.0648523	0.0476584	0.070572	0.0710005	0.0512446	0.0571371	0.057874	0.0629344	0.057191	0.0790592	0.0738455	0.0748639	0.0814485	0.053307	0.0823483	0.0793249	0.0613136	0.0613139	0.0599008	0.0808497	0.0809872	0.0840374	0.0762497	0.0616567	0.0616623	0.06404	0.0753779	0.071027	0.0645372	0.0630056	0.0629628	0.0635387	0.0646569	0.0661187	0.0683115	0.0687319	0.0838453	0.0814521	0.0701182	0.0750416	0.0693774	0.0638811	0.0629649	0.0676089	0.0813569	0.0629094	0.059163	0.0478772	0.0466945	0.0458065	0.0451029	0.0645299	0.0623115	0.0621163	0.0617164	0.059241	0.0572501	0.0568081	0.0313518	

6	0.312	4	0	task-3:0.055	task-0:0.305	task-1:0.165	task-2:0.135	|	0.0829816	0.0476261	0.0476421	0.0436168	0.0423576	0.0398604	

4	0.203	4	0	task-3:0.055	task-0:0.305	task-1:0.0912	task-2:0.135	|	0.0606286	0.0417181	0.0407034	0.0384334	

9	0.375	4	0	task-3:0.055	task-0:0.436346	task-1:0.165	task-2:0.135	|	0.0585738	0.0493496	0.0494436	0.0460082	0.0504699	0.0454902	0.0467276	0.0600889	0.0337173	

5	0.234	4	0	task-3:0.055	task-0:0.339444	task-1:0.165	task-2:0.135	|	0.0477554	0.0440005	0.0453658	0.0419873	0.0383815	

13	0.717	4	0	task-3:0.0360714	task-0:0.332679	task-1:0.170893	task-2:0.135	|	0.0561405	0.0401643	0.0507612	0.0491653	0.0507174	0.0518783	0.0590583	0.0714525	0.0687952	0.0648264	0.0614239	0.0573747	0.0294157	

9	0.562	4	0	task-3:0.055	task-0:0.210862	task-1:0.117414	task-2:0.135	|	0.0832305	0.0507086	0.0501977	0.0420404	0.0469424	0.0813977	0.0794999	0.0593353	0.0303377	

7	0.468	4	0	task-3:0.055	task-0:0.305	task-1:0.165	task-2:0.135	|	0.107677	0.0428579	0.0432816	0.0534801	0.0556103	0.0428231	0.0367141	

8	0.546	4	0	task-3:0.005	task-0:0.314032	task-1:0.122258	task-2:0.135	|	0.0420239	0.0444176	0.11243	0.0711687	0.0465361	0.047046	0.0405897	0.0388415	

8	0.53	4	0	task-3:0.055	task-0:0.2775	task-1:0.165	task-2:0.135	|	0.0599251	0.0490306	0.0490339	0.0423833	0.0529096	0.0529115	0.0426029	0.0382635	

9	0.593	4	0	task-3:0.055	task-0:0.251667	task-1:0.165	task-2:0.135	|	0.0520604	0.0484031	0.0484462	0.044134	0.0557506	0.0557614	0.04916	0.0424954	0.0356406	

9	0.577	4	0	task-3:0.055	task-0:0.223235	task-1:0.165	task-2:0.135	|	0.0419021	0.0564253	0.0564197	0.051575	0.0430679	0.0544878	0.0540161	0.041156	0.0195164	

3	0.203	4	0	task-3:0.055	task-0:0.305	task-1:0.165	task-2:0.135	|	0.0417719	0.0737868	0.0382364	

5	0.39	4	0	task-3:0.055	task-0:0.305	task-1:0.115556	task-2:0.135	|	0.0426541	0.0483678	0.0484674	0.043718	0.0392779	

14	1.06	4	0	task-3:0.00702703	task-0:0.183784	task-1:0.144054	task-2:0.0962162	|	0.0421104	0.0479974	0.042211	0.0470038	0.043187	0.0466481	0.0735506	0.062395	0.0539875	0.0466141	0.0527069	0.0453403	0.0485567	0.0337996	

12	0.843	4	0	task-3:0.055	task-0:0.217368	task-1:0.0839474	task-2:0.135	|	0.0727757	0.0493849	0.0429021	0.0426327	0.0689936	0.0686324	0.063299	0.0575245	0.0405274	0.0448603	0.0457668	0.0330781	

5	0.421	4	0	task-3:0.0466667	task-0:0.487949	task-1:0.727692	task-2:0.135	|	0.0466025	0.0460248	0.0441478	0.0474265	0.0392488	

6	0.515	4	0	task-3:0.055	task-0:0.35625	task-1:0.202125	task-2:0.135	|	0.0400641	0.0472575	0.0424233	0.0466464	0.0439261	0.0392688	

9	0.78	4	0	task-3:0.052439	task-0:0.305	task-1:0.0743902	task-2:0.135	|	0.0972993	0.0490703	0.0490836	0.0451079	0.0536477	0.0509816	0.0460304	0.042836	0.038807	

16	1.232	4	0	task-3:0.0104762	task-0:0.302262	task-1:0.0472619	task-2:0.0138095	|	0.0440674	0.0522357	0.0501842	0.0559798	0.0607523	0.0461125	0.0490464	0.0472474	0.0478897	0.0502045	0.0456397	0.0431133	0.0445969	0.0425554	0.0405885	0.0379499	

9	0.702	4	0	task-3:0.0463953	task-0:0.189302	task-1:0.280349	task-2:0.135	|	0.0621082	0.043603	0.0437556	0.0501089	0.0560177	0.0504903	0.0514047	0.0573309	0.0298322	

5	0.452	4	0	task-3:0.055	task-0:0.266136	task-1:0.192045	task-2:0.101932	|	0.0845061	0.0442584	0.0446176	0.0477242	0.0235333	

2	0.125	4	0	task-3:0.055	task-0:0.305	task-1:0.165	task-2:0.135	|	0.064178	0.0357541	

6	0.577	4	0	task-3:0.0517391	task-0:0.192283	task-1:0.147065	task-2:0.175543	|	0.0401239	0.0417765	0.0508317	0.0651673	0.0598899	0.0371374	

23	2.153	4	0	task-3:0.00457447	task-0:0.263298	task-1:0.0210638	task-2:0.0144681	|	0.0607617	0.0550218	0.0550388	0.0453122	0.0494504	0.048333	0.0434679	0.0432797	0.0428316	0.0403002	0.0594783	0.0550697	0.0542808	0.0671105	0.0637232	0.0476559	0.0520736	0.0525141	0.0425412	0.0552857	0.0508004	0.0421835	0.0279175	

9	0.764	4	0	task-3:0.055	task-0:0.305	task-1:0.165	task-2:0.135	|	0.0796466	0.0482392	0.0491378	0.0457814	0.0495918	0.0458037	0.0419143	0.0406325	0.0379491	

18	1.825	4	0	task-3:0.0072449	task-0:0.322653	task-1:0.147041	task-2:0.135	|	0.0642839	0.055563	0.055582	0.0446957	0.067082	0.0684079	0.0480833	0.0464492	0.0463343	0.0416124	0.0437776	0.0660098	0.0803301	0.0766957	0.0711051	0.0574823	0.0427113	0.0399241	

9	0.998	4	0	task-3:0.055	task-0:0.2039	task-1:0.165	task-2:0.135	|	0.0422178	0.0460549	0.0460774	0.0428514	0.0427461	0.0441849	0.0539633	0.0545225	0.0368776	

15	1.513	4	0	task-3:0	task-0:0.29451	task-1:0.0317647	task-2:0.0320588	|	0.0478019	0.0432094	0.0569432	0.0566365	0.053668	0.0588538	0.066127	0.0464145	0.0495808	0.0496135	0.0442751	0.0433935	0.0425954	0.0408038	0.0391133	

1	0.094	4	0	task-3:0.055	task-0:0.305	task-1:0.165	task-2:0.135	|	0.0395674	

12	1.263	4	0	task-3:0.00245283	task-0:0.348585	task-1:0.035566	task-2:0.0781132	|	0.0648362	0.0489834	0.0492961	0.0425973	0.0432199	0.0498063	0.0686783	0.0691708	0.0566542	0.0471703	0.0452961	0.0350699	

10	1.061	4	0	task-3:0.055	task-0:0.305	task-1:0.165	task-2:0.135	|	0.0571299	0.0421643	0.0551053	0.055557	0.0496428	0.0448401	0.0444547	0.0445104	0.0448784	0.0391099	

6	0.67	4	0	task-3:0.055	task-0:0.318727	task-1:0.165	task-2:0.135	|	0.0881932	0.043887	0.0438414	0.0428375	0.0416775	0.0360227	

8	0.827	4	0	task-3:0.055	task-0:0.336696	task-1:0.203839	task-2:0.135	|	0.0537102	0.0483536	0.0411121	0.0841696	0.0651626	0.0435587	0.0404263	0.0399907	

19	2.059	4	0	task-3:0.055	task-0:0.384474	task-1:0.0719298	task-2:0.0885088	|	0.102239	0.0421297	0.0421738	0.0500739	0.0499493	0.0421409	0.0472865	0.0631327	0.0673062	0.0684957	0.0683746	0.0671102	0.0405343	0.0827628	0.0793414	0.0643608	0.0490786	0.0486978	0.0381028	

5	0.437	4	0	task-3:0.055	task-0:0.354828	task-1:0.165	task-2:0.135	|	0.0403295	0.0469189	0.043823	0.0532739	0.0392089	

17	1.95	4	0	task-3:0.0152542	task-0:0.327797	task-1:0.035339	task-2:0.0459322	|	0.0740922	0.0452861	0.0452659	0.0427091	0.0427584	0.0434036	0.0423696	0.0539822	0.0701513	0.0694909	0.0665126	0.064203	0.065216	0.0782395	0.046443	0.0422183	0.0362261	

5	0.53	4	0	task-3:0.055	task-0:0.305	task-1:0.153167	task-2:0.135	|	0.0503823	0.050774	0.0422918	0.0419113	0.0362025	

