5	0	0	0	task-3:0.035	task-0:0.045	task-1:0.14	task-2:0.005	|	0.0733448	0.0602981	0.0259392	0.0108777	0.00363806	0.000821436	

5	0.015	0	0	task-3:0.0125	task-0:0.0175	task-1:0.1	task-2:0	|	0.0510668	0.0313419	0.0195818	0.00726703	0.00277015	0.00126793	

4	0.016	0	0	task-3:0.005	task-0:0.0566667	task-1:0.798333	task-2:0.005	|	0.0641389	0.0482127	0.0176523	0.00331282	0.00168035	

4	0.015	0	0	task-3:0.00375	task-0:0.0125	task-1:0.5875	task-2:0.00375	|	0.0571761	0.029845	0.0156265	0.00460902	0.00171549	

4	0.047	0	0	task-3:0.073	task-0:0.025	task-1:0.535	task-2:0.004	|	0.0442055	0.0327312	0.011951	0.00355539	0.00113884	

6	0.062	0	0	task-3:0.0166667	task-0:0.0125	task-1:0.17	task-2:0	|	0.0490637	0.0408262	0.0212219	0.00834614	0.0046255	0.00252548	0.00109984	

5	0.078	0	0	task-3:0	task-0:0.00642857	task-1:0.165714	task-2:0	|	0.0522765	0.0428373	0.0251974	0.00863745	0.00415773	0.00209981	

5	0.063	0	0	task-3:0	task-0:0.016875	task-1:0.15125	task-2:0	|	0.0480186	0.0295476	0.01691	0.0067337	0.00315119	0.00137836	

5	0.063	0	0	task-3:0.0172222	task-0:0.0155556	task-1:0.116111	task-2:0	|	0.0795453	0.0398546	0.0219937	0.00568847	0.00366533	0.00154456	

5	0.094	0	0	task-3:0.0125	task-0:0.014	task-1:0.145	task-2:0.003	|	0.056778	0.0428878	0.020005	0.00800063	0.00394772	0.00205477	

5	0.11	0	0	task-3:0	task-0:0.0413636	task-1:0.119091	task-2:0	|	0.0845674	0.0572671	0.0235573	0.007365	0.00305197	0.00108381	

5	0.109	0	0	task-3:0.0075	task-0:0.0108333	task-1:0.17	task-2:0.00291667	|	0.0663602	0.0428496	0.0224754	0.00905902	0.00302851	0.000998826	

4	0.078	0	0	task-3:0.00269231	task-0:0.0107692	task-1:0.726923	task-2:0	|	0.0756237	0.0430781	0.0126684	0.00528006	0.00248936	

5	0.14	0	0	task-3:0.00642857	task-0:0.0267857	task-1:0.17	task-2:0	|	0.0451627	0.0286843	0.0210764	0.0115017	0.00391619	0.00126502	

6	0.141	0	0	task-3:0.00266667	task-0:0.0156667	task-1:0.076	task-2:0	|	0.0757892	0.0537752	0.0366334	0.0175693	0.00859196	0.00410405	0.00201883	

5	0.156	0	0	task-3:0	task-0:0.015625	task-1:0.0909375	task-2:0	|	0.0653473	0.0336823	0.0141586	0.00438393	0.00305481	0.00163921	

4	0.14	0	0	task-3:0.375588	task-0:0.0297059	task-1:0.0873529	task-2:0.00235294	|	0.048422	0.0345197	0.0138779	0.00368331	0.000827746	

4	0.156	0	0	task-3:0.633056	task-0:0.0394444	task-1:0.83	task-2:0.00222222	|	0.0489232	0.0350383	0.0111204	0.00454994	0.00221657	

4	0.14	0	0	task-3:0.536842	task-0:0.0236842	task-1:0.83	task-2:0	|	0.0325544	0.0208062	0.0117247	0.00458331	0.00187433	

4	0.172	0	0	task-3:0.00275	task-0:0.0255	task-1:0.13525	task-2:0	|	0.0405706	0.0315145	0.0131337	0.00342263	0.00164748	

4	0.125	0	0	task-3:0.02	task-0:0.0454762	task-1:0.607619	task-2:0	|	0.0531193	0.0431133	0.0203178	0.00393214	0.00180772	

4	0.125	0	0	task-3:0.00295455	task-0:0.0284091	task-1:0.83	task-2:0	|	0.0453824	0.0316059	0.00881174	0.00263694	0.000888717	

4	0.171	0	0	task-3:0.0267391	task-0:0.0482609	task-1:0.823478	task-2:0.00195652	|	0.0548526	0.0400212	0.0213263	0.00551106	0.00165106	

4	0.203	0	0	task-3:0	task-0:0.0733333	task-1:0.154792	task-2:0	|	0.0389503	0.0304317	0.0181331	0.00696874	0.00212091	

4	0.25	0	0	task-3:0.003	task-0:0.0388	task-1:0.17	task-2:0.0026	|	0.0435029	0.0312574	0.0172412	0.00634536	0.00212268	

4	0.203	0	0	task-3:0.0103846	task-0:0.03	task-1:0.825	task-2:0	|	0.0496276	0.0332157	0.0116534	0.00386552	0.00120393	

4	0.234	0	0	task-3:0.0105556	task-0:0.00962963	task-1:0.17	task-2:0.00166667	|	0.0542963	0.0330367	0.0164967	0.00416806	0.00139689	

4	0.234	0	0	task-3:0.00303571	task-0:0.0396429	task-1:0.164643	task-2:0	|	0.036827	0.025263	0.00869137	0.00290581	0.00116551	

4	0.25	0	0	task-3:0.853448	task-0:0.0405172	task-1:0.123276	task-2:0	|	0.0658779	0.0333808	0.0134352	0.0030032	0.00142636	

4	0.171	0	0	task-3:0.6695	task-0:0.00533333	task-1:0.805333	task-2:0	|	0.0562969	0.034329	0.0123186	0.00441631	0.00170392	

5	0.312	0	0	task-3:0.0109677	task-0:0.00758065	task-1:0.17	task-2:0	|	0.0637391	0.0357812	0.0227523	0.011183	0.00623225	0.00224799	

6	0.359	0	0	task-3:0.008125	task-0:0.008125	task-1:0.130625	task-2:0	|	0.066488	0.0539812	0.0352043	0.0167988	0.00925117	0.0037031	0.00125065	

5	0.296	0	0	task-3:0.00287879	task-0:0.0113636	task-1:0.0493939	task-2:0	|	0.0498333	0.0417539	0.0235446	0.00838918	0.00396525	0.00175354	

4	0.218	0	0	task-3:0.00588235	task-0:0.0217647	task-1:0.83	task-2:0	|	0.0703426	0.0469119	0.0249139	0.00563633	0.00245658	

4	0.234	0	0	task-3:0.656857	task-0:0	task-1:0.565	task-2:0.002	|	0.0551196	0.0398487	0.018997	0.00653519	0.00217714	

5	0.344	0	0	task-3:0	task-0:0.0297222	task-1:0.1375	task-2:0.00208333	|	0.0604189	0.0400306	0.0200978	0.00519695	0.00309285	0.00137521	

5	0.343	0	0	task-3:0	task-0:0.0209459	task-1:0.0663514	task-2:0	|	0.0467393	0.0353743	0.0157442	0.00623312	0.00296986	0.00106973	

4	0.297	0	0	task-3:0.00552632	task-0:0.0421053	task-1:0.616053	task-2:0.00263158	|	0.0573122	0.0376539	0.014721	0.00423798	0.00128838	

5	0.374	0	0	task-3:0.0184615	task-0:0.00564103	task-1:0.17	task-2:0	|	0.060237	0.0389967	0.0275368	0.0135617	0.00521369	0.00191933	

4	0.281	0	0	task-3:0.685	task-0:0.028875	task-1:0.809125	task-2:0	|	0.0364605	0.017508	0.0110928	0.00531473	0.00158156	

4	0.344	0	0	task-3:0.797683	task-0:0.0286585	task-1:0.83	task-2:0.00256098	|	0.0428914	0.0294221	0.0156253	0.00519494	0.00173993	

4	0.343	0	0	task-3:0	task-0:0.050119	task-1:0.83	task-2:0	|	0.0524233	0.0277971	0.0096006	0.00320086	0.00097142	

4	0.374	0	0	task-3:0	task-0:0.00709302	task-1:0.569186	task-2:0.00255814	|	0.0354679	0.0290624	0.0155139	0.00480059	0.00184007	

5	0.437	0	0	task-3:0.0181818	task-0:0.0401136	task-1:0.0945455	task-2:0	|	0.0704364	0.0346314	0.0244808	0.00497763	0.00317222	0.00163702	

4	0.265	0	0	task-3:0.0574444	task-0:0.0378889	task-1:0.134556	task-2:0.00255556	|	0.0417186	0.0316389	0.012968	0.00505574	0.00221766	

5	0.421	0	0	task-3:0	task-0:0.0402174	task-1:0.17	task-2:0	|	0.0418662	0.0312516	0.0129534	0.0053978	0.00280794	0.00129069	

4	0.39	0	0	task-3:0	task-0:0.0259574	task-1:0.17	task-2:0.00223404	|	0.0607679	0.0497828	0.0250044	0.00697981	0.00198657	

4	0.39	0	0	task-3:0	task-0:0.0638542	task-1:0.83	task-2:0	|	0.0409683	0.0302089	0.0147114	0.00461935	0.00138703	

4	0.344	0	0	task-3:0.755816	task-0:0.0189796	task-1:0.606122	task-2:0	|	0.0594136	0.0262021	0.0131671	0.0046646	0.00191255	

4	0.359	0	0	task-3:0.0111	task-0:0.0279	task-1:0.0547	task-2:0.0027	|	0.0312013	0.0224656	0.0146635	0.00585848	0.00186395	

4	0.421	0	0	task-3:0.00558824	task-0:0.0297059	task-1:0.83	task-2:0.00264706	|	0.0457752	0.0314417	0.0125211	0.00485452	0.00154321	

4	0.39	0	0	task-3:0	task-0:0.0192308	task-1:0.83	task-2:0.00259615	|	0.0550615	0.0384597	0.0172771	0.00527694	0.0020978	

5	0.546	0	0	task-3:0.0179245	task-0:0	task-1:0.17	task-2:0.00264151	|	0.0472755	0.0321721	0.0191336	0.0078333	0.0034676	0.00131473	

5	0.406	0	0	task-3:0	task-0:0.0227778	task-1:0.17	task-2:0	|	0.0674025	0.0509559	0.0328322	0.0118281	0.00578423	0.0023658	

5	0.468	0	0	task-3:0	task-0:0.019	task-1:0.0365455	task-2:0.00272727	|	0.041408	0.0325717	0.015847	0.00665978	0.00326859	0.00186627	

5	0.406	0	0	task-3:0	task-0:0.00723214	task-1:0.0849107	task-2:0	|	0.0608793	0.0351435	0.0194681	0.00657373	0.00338745	0.00117753	

4	0.405	0	0	task-3:0.00263158	task-0:0.0402632	task-1:0.327193	task-2:0.00210526	|	0.027825	0.0205453	0.00942939	0.00349259	0.00119501	

5	0.468	0	0	task-3:0	task-0:0.0343966	task-1:0.16069	task-2:0	|	0.07919	0.0401052	0.0232622	0.00521388	0.00368817	0.00187451	

4	0.406	0	0	task-3:0.133729	task-0:0.00491525	task-1:0.83	task-2:0	|	0.0509592	0.0343921	0.00807623	0.00256595	0.000934307	

4	0.421	0	0	task-3:0.1095	task-0:0.00875	task-1:0.8245	task-2:0.00216667	|	0.0366086	0.0274244	0.0117057	0.00368082	0.00200897	

