6	0	0	0	task-0:0.01	|	0.411702	0.199433	0.0216951	0.00862032	0.00423915	0.00263511	0.000941396	

6	0	0	0	task-0:0.0325	|	0.454772	0.0504413	0.0615525	0.00576146	0.00468644	0.00269229	0.000804269	

3	0.015	0	0	task-0:0.01	|	0.792037	0.858662	0.0125185	0.00138024	

8	0	0	0	task-0:0.02375	|	1.02637	1.09184	0.0988479	0.0940727	0.0583313	0.0511214	0.00367109	0.00318492	0.00220531	

5	0	0	0	task-0:0.004	|	1.20853	1.47889	0.0363615	0.0152229	0.00356071	0.00198917	

6	0.015	0	0	task-0:0.005	|	2.21942	1.783	0.115823	0.0617481	0.0112801	0.00516915	0.00140965	

6	0.016	0	0	task-0:0	|	1.03792	0.063141	0.0461205	0.0149307	0.00785625	0.00416916	0.0015629	

7	0.016	0	0	task-0:0.005625	|	1.63367	0.546936	0.127913	0.0473129	0.0396007	0.00759926	0.00253768	0.00213002	

8	0	0	0	task-0:0	|	3.16125	2.7	0.605464	0.193939	0.0328054	0.174284	0.0225909	0.0420091	0.000128451	

6	0.015	0	0	task-0:0	|	5.05627	3	0.440344	0.0715596	0.0774127	0.00470243	0.00180441	

8	0	0	0	task-0:0	|	2.38622	0.82015	0.182349	0.121857	0.013358	0.00589845	0.00481136	0.0028989	0.000957389	

7	0.015	0	0	task-0:0.00291667	|	3.56961	0.241045	0.0671569	0.0736271	0.0132529	0.00712719	0.00346208	0.00164042	

6	0.016	0	0	task-0:0.005	|	6.435	3.78168	0.0801139	0.0146902	0.00943909	0.00335358	0.00120022	

5	0.015	0	0	task-0:0.00285714	|	3.45259	3.96689	0.287304	0.130118	0.00815772	0.00165532	

6	0	0	0	task-0:0.00533333	|	6.27527	4.5	0.991851	0.109818	0.0781345	0.238808	0.00201547	

7	0.015	0	0	task-0:0	|	3.94574	4.8	3.3826	1.92524	0.388817	0.271047	0.076276	1.56687e-005	

3	0.016	0	0	task-0:0	|	4.63467	0.225903	0.00289937	0.00170741	

6	0	0	0	task-0:0.00305556	|	5.15596	2.02843	0.297391	0.250007	0.0387647	0.00438328	0.00142851	

5	0.016	0	0	task-0:0.00315789	|	5.84113	0.299982	0.00633686	0.00543855	0.00360882	0.00146296	

4	0.016	0	0	task-0:0.00525	|	4.8314	0.914195	0.0520239	0.0662423	0.0006007	

6	0.031	0	0	task-0:0.0052381	|	4.61578	6.3	4.63645	2.92472	0.305362	0.269024	1.98253e-009	

4	0	0	0	task-0:0.005	|	4.84871	0.895383	0.135802	0.166991	0.00201376	

5	0.016	0	0	task-0:0.005	|	8.70278	5.72056	0.488291	0.203527	0.0789799	0.000562745	

7	0.016	0	0	task-0:0	|	6.31758	7.2	6.93333	1.85569	0.522144	0.115008	0.00949035	7.33053e-007	

5	0.015	0	0	task-0:0.0032	|	6.41736	0.128818	0.0102416	0.00536281	0.0036818	0.00210643	

8	0.032	0	0	task-0:0.00307692	|	6.53127	7.8	1.32258	0.228428	0.0682254	0.0155651	0.0749976	0.00288613	0.00236107	

8	0.031	0	0	task-0:0.00314815	|	5.06077	18.3707	0.222469	0.144818	0.0908945	0.061698	0.0126545	0.00613872	0.00144886	

8	0.031	0	0	task-0:0.00321429	|	7.08443	8.4	1.69819	0.599296	0.123404	0.501093	0.107888	0.00340529	4.18266e-005	

9	0.031	0	0	task-0:0.00310345	|	8.50617	8.7	1.09815	0.444612	0.494178	0.11224	0.12734	0.0268662	0.00431069	0.00162193	

10	0.047	0	0	task-0:0.003	|	6.82166	9	0.201797	0.183716	0.0782425	0.0255573	0.15969	0.00687574	0.0055445	0.003613	0.00229873	

6	0.031	0	0	task-0:0.00290323	|	9.63641	9.3	9.3	0.888645	0.499999	0.118942	4.79284e-005	

9	0.047	0	0	task-0:0	|	6.15153	9.6	0.202918	0.196888	0.0612643	0.0384054	0.0209349	0.00780675	0.00408741	0.00145185	

6	0.032	0	0	task-0:0.00287879	|	6.04383	9.89998	0.132844	0.087283	0.0112554	0.00673515	0.000184655	

8	0.031	0	0	task-0:0	|	10.107	10.2	0.617864	0.599864	0.191227	0.419403	0.0301431	0.0467434	0.000354305	

8	0.031	0	0	task-0:0.00285714	|	10.1089	10.192	0.550814	0.0998225	0.0932503	0.0125109	0.182759	0.00463293	0.000391467	

11	0.047	0	0	task-0:0.00291667	|	13.1167	10.8	0.296234	0.208229	0.0988616	0.0883409	0.105877	0.049243	0.0141326	0.00791181	0.00454466	0.0020555	

6	0.047	0	0	task-0:0.00297297	|	8.1086	0.557165	0.195289	0.0312476	0.510238	0.00954907	0.00168086	

5	0.031	0	0	task-0:0.00302632	|	9.37293	0.0270234	0.00628698	0.00477593	0.00276799	0.00102372	

6	0.031	0	0	task-0:0	|	8.34815	2.79495	0.515441	0.196331	0.0912272	0.00657275	0.00132958	

7	0.031	0	0	task-0:0.002875	|	10.3046	10.9646	0.706582	0.700145	0.0911854	0.0158402	0.0066699	0.00189176	

7	0.047	0	0	task-0:0.00280488	|	13.1346	11.8744	0.443311	0.0964894	0.0849034	0.00531607	0.0033287	0.00200607	

10	0.047	0	0	task-0:0.00285714	|	14.3483	12.6	4.8533	0.199928	0.193222	0.642272	0.0738314	0.0226449	0.00743787	0.00518785	0.00214206	

4	0.031	0	0	task-0:0.0027907	|	12.1799	0.992731	0.523051	0.00713949	0.000946479	

9	0.062	0	0	task-0:0.00284091	|	9.87725	14.0887	0.871816	0.317671	0.130077	0.149579	0.0404356	0.169666	0.00667299	0.00243313	

8	0.031	0	0	task-0:0.00277778	|	15.3424	2.64941	0.600476	0.50466	0.400313	0.184184	0.0976649	0.00506496	0.00196142	

7	0.047	0	0	task-0:0.00282609	|	11.8005	31.9871	2.56603	0.257982	0.0326421	0.0263153	0.00437854	0.00120897	

5	0.032	0	0	task-0:0.00276596	|	10.4027	13.1853	0.899425	0.797491	0.145467	0.00151702	

2	0.015	0	0	task-0:0.0028125	|	13.5183	0.0129777	0.00134606	

7	0.046	0	0	task-0:0	|	20.9897	14.7	7.05443	0.799984	0.700453	0.199961	0.196901	5.2174e-006	

9	0.047	0	0	task-0:0	|	12.6474	15	0.673025	0.489913	0.109639	0.10983	0.048273	0.00678096	0.00357446	0.000913371	

6	0.031	0	0	task-0:0.00284314	|	14.8539	5.02373	0.699128	0.491257	0.117731	0.105531	0.000279666	

6	0.031	0	0	task-0:0.00288462	|	13.6596	14.455	0.575403	0.292039	0.198404	0.0252104	0.000455987	

5	0.047	0	0	task-0:0.00292453	|	12.5396	0.701001	0.699805	0.189519	0.0246819	7.46048e-005	

9	0.062	0	0	task-0:0.00287037	|	16.4923	16.2	0.756521	0.399895	0.381716	0.321703	0.203898	0.176863	0.0353621	0.00108255	

6	0.046	0	0	task-0:0.00290909	|	22.4471	16.5	2.80144	0.700115	0.63022	0.0038729	0.000275579	

6	0.047	0	0	task-0:0.00294643	|	15.1192	0.729081	0.698084	0.152448	0.7882	0.00413702	0.000668554	

5	0.047	0	0	task-0:0.00289474	|	13.7434	0.699463	0.614989	0.0278505	0.105132	0.000823647	

6	0.046	0	0	task-0:0.00284483	|	12.7227	0.175529	0.0227594	0.0381647	0.00655133	0.0038271	0.00233979	

8	0.046	0	0	task-0:0	|	21.1906	17.7	17.7	1.73385	1.09852	0.811855	0.300632	0.299994	0.000473355	

8	0.062	0	0	task-0:0.00291667	|	16.0952	7.90969	0.300417	0.298975	0.151156	0.249175	0.0379042	0.273037	0.00114801	

