56	0.047	5	0	task-0:0.33	|	0.220335	0.346798	0.340527	0.235927	0.186551	0.176966	0.166904	0.164096	0.148297	0.139717	0.135654	0.131128	0.1258	0.123777	0.118925	0.10753	0.0944721	0.0781672	0.0684551	0.0999412	0.059265	0.0967948	0.0471672	0.0385505	0.0386893	0.0428309	0.0430265	0.0395069	0.0364535	0.0343142	0.0323835	0.0300833	0.0276253	0.0244627	0.0193353	0.017211	0.012321	0.00931861	0.00738973	0.00493678	0.00371968	0.00733915	0.00546569	0.00300141	0.00305413	0.002711	0.00265829	0.00302193	0.00247515	0.00205434	0.0018	0.00158754	0.00139972	0.00129604	0.00127671	0.000919324	

56	0.031	5	0	task-0:0.33	|	0.433014	0.259498	0.258318	0.225112	0.21616	0.1936	0.185019	0.167178	0.148145	0.127808	0.108756	0.0945833	0.0539729	0.0837231	0.0633688	0.049843	0.0378814	0.0251651	0.0218665	0.0200851	0.018542	0.0169569	0.0161924	0.015515	0.0147681	0.0140971	0.0144228	0.013076	0.012526	0.0119049	0.0112083	0.0104095	0.00952624	0.00851512	0.00738419	0.00616221	0.00493227	0.00383712	0.00680111	0.0038393	0.00411736	0.00411736	0.00292971	0.00306434	0.00279332	0.0027923	0.0027923	0.00270477	0.00269064	0.00264794	0.0025896	0.00252609	0.00245389	0.00236715	0.00226507	0.00214737	

60	0.047	5	0	task-0:0.3	|	0.242925	0.575585	0.54628	0.255666	0.228885	0.228532	0.202363	0.186151	0.171202	0.159299	0.143562	0.125146	0.110744	0.0914515	0.0786001	0.0612182	0.0609268	0.0490411	0.0383977	0.0301043	0.0178944	0.0380359	0.0237842	0.0146666	0.0146666	0.00678242	0.00678242	0.00692751	0.00693332	0.00598786	0.00593303	0.00572676	0.00570773	0.00550123	0.00510377	0.00469725	0.0043228	0.00395603	0.00351828	0.00303691	0.00254231	0.00204982	0.00157753	0.0011446	0.000772349	0.000485009	0.000271095	0.000132662	5.58422e-005	1.97018e-005	5.5853e-006	1.21016e-006	2.03264e-007	1.97067e-007	8.92695e-009	1.25715e-008	1.93268e-009	1.29928e-009	6.91732e-010	3.32886e-010	

56	0.031	5	0	task-0:0.33	|	0.23473	0.242711	0.331444	0.299773	0.303689	0.267002	0.220713	0.218818	0.185322	0.17038	0.155498	0.140207	0.129387	0.120576	0.111773	0.0998177	0.0834982	0.0701054	0.0519357	0.0317361	0.0681063	0.0307065	0.0449328	0.0449328	0.0241117	0.0365713	0.0365713	0.0237763	0.0255434	0.0255434	0.0225346	0.0237218	0.0234082	0.0222348	0.022114	0.0218311	0.0215729	0.0213053	0.0209203	0.0204554	0.0199022	0.0192624	0.0185121	0.0176201	0.0165555	0.0152913	0.0138198	0.0125318	0.0111798	0.0101918	0.00958154	0.0087405	0.00785875	0.00691972	0.00593528	0.00492986	

54	0.047	5	0	task-0:0.33	|	0.306564	0.342458	0.342188	0.309544	0.209448	0.23548	0.196569	0.172137	0.175197	0.156557	0.148188	0.147588	0.146145	0.142796	0.139634	0.136344	0.131726	0.127576	0.125958	0.124456	0.119263	0.105133	0.0743407	0.0376501	0.0521701	0.0298097	0.0323885	0.0278454	0.0274544	0.0273198	0.026322	0.0267077	0.025994	0.0256194	0.0248915	0.024131	0.0232634	0.022226	0.0210028	0.0195883	0.0180007	0.0162843	0.016748	0.0149073	0.0142219	0.0134372	0.0126683	0.0118791	0.0108716	0.00975728	0.00853079	0.00722117	0.00634286	0.00524452	

66	0.047	5	2	task-0:0.33	|	0.231658	0.551067	0.496024	0.326659	0.249605	0.228002	0.227834	0.230516	0.229302	0.218668	0.205321	0.20287	0.202759	0.202412	0.198152	0.189891	0.181753	0.174636	0.16979	0.172946	0.172672	0.170582	0.160454	0.160008	0.160681	0.161007	0.160532	0.152546	0.146332	0.146019	0.145585	0.14425	0.135356	0.119983	0.112276	0.119401	0.109452	0.10183	0.122183	0.0939157	0.0939014	0.095873	0.0938851	0.109534	0.0754337	0.0793502	0.0947614	0.0936246	0.111555	0.0753456	0.0891754	0.10071	0.07531	0.0832811	0.0863311	0.0891357	0.0912039	0.091697	0.0852348	0.0826484	0.0676211	0.103123	0.0683775	0.0907753	0.070303	0.06799	

56	0.046	5	0	task-0:0.33	|	0.259893	0.341536	0.341247	0.304873	0.194796	0.192409	0.160043	0.146121	0.134511	0.120982	0.0974945	0.0770952	0.0770619	0.0588475	0.0551263	0.0403699	0.0248543	0.0867259	0.00988996	0.0896268	0.0896268	0.0367411	0.0180911	0.0180911	0.00919392	0.00919392	0.00787276	0.00787276	0.00722687	0.00723463	0.00712832	0.00706654	0.00694746	0.00685855	0.00672339	0.00655791	0.00637223	0.00615558	0.00590422	0.0056152	0.00528519	0.00491151	0.00449305	0.00403118	0.00353134	0.00300083	0.00245992	0.00191693	0.00139976	0.000930814	0.000532876	0.000269927	0.000713718	0.000152186	0.00033055	0.000299791	

64	0.032	5	0	task-0:0.44	|	0.258853	0.573431	0.557606	0.312914	0.227746	0.226969	0.201424	0.196726	0.178409	0.168384	0.161071	0.148771	0.138915	0.120051	0.0983147	0.143533	0.103883	0.0873348	0.0871979	0.0429208	0.0429126	0.0504648	0.0504179	0.0418024	0.0423944	0.0417185	0.0399571	0.0401977	0.039415	0.0382641	0.0374557	0.0366903	0.0358794	0.0350443	0.034187	0.0333436	0.0331557	0.0320034	0.0308486	0.0297806	0.0285691	0.0272159	0.0256384	0.0238375	0.0219058	0.0210332	0.0196264	0.0185973	0.0176422	0.0165059	0.0152915	0.0150377	0.0140132	0.0134373	0.0128333	0.0121763	0.0114702	0.0106639	0.00976724	0.00882261	0.00784428	0.00718233	0.00657599	0.00575765	

59	0.046	5	0	task-0:0.33	|	0.344394	0.338848	0.337312	0.260508	0.305457	0.297833	0.198744	0.24401	0.224188	0.174799	0.174932	0.169264	0.153017	0.143776	0.135778	0.12787	0.121881	0.11693	0.112405	0.102412	0.0933122	0.0869591	0.0780317	0.0649987	0.0517083	0.0435443	0.122112	0.103623	0.0313526	0.0303161	0.0213952	0.0203399	0.0193972	0.0195575	0.0171998	0.0169827	0.0161694	0.0155487	0.0152296	0.0145062	0.0136823	0.0128096	0.0119151	0.011129	0.0103372	0.00948171	0.00957155	0.00881327	0.00804194	0.00761606	0.00696848	0.00640124	0.0058399	0.00524647	0.00468638	0.00416971	0.00385315	0.00353633	0.00328435	

53	0.032	5	0	task-0:0.33	|	0.225827	0.348082	0.344132	0.157781	0.25423	0.233591	0.141652	0.176745	0.176713	0.131493	0.128182	0.127097	0.124421	0.122068	0.119503	0.115949	0.110113	0.0997992	0.0775354	0.0485331	0.0275276	0.0178365	0.0235951	0.00753589	0.0120966	0.0120966	0.00228247	0.00701662	0.0056796	0.0021037	0.00316571	0.00281854	0.00174349	0.00207254	0.00202005	0.00143233	0.0010956	0.000969203	0.000750226	0.000603788	0.000478998	0.000348264	0.000238145	0.000151452	8.89632e-005	4.90233e-005	2.53439e-005	9.58906e-006	2.94118e-006	7.33927e-007	1.51806e-007	2.07346e-008	1.40882e-009	

56	0.046	5	4	task-0:0.33	|	0.268708	0.337958	0.337666	0.295537	0.214825	0.209258	0.182809	0.169014	0.156263	0.148796	0.13679	0.124337	0.104059	0.0686261	0.101801	0.035586	0.192848	0.192847	0.100036	0.0562801	0.0562801	0.032965	0.032965	0.0284082	0.0284082	0.0253928	0.0253918	0.0251508	0.0250018	0.0246904	0.0245323	0.0242594	0.0239623	0.0236055	0.0231925	0.0227175	0.022173	0.0335273	0.0301109	0.0266136	0.0227463	0.0212569	0.021015	0.0208799	0.0206062	0.0203099	0.0199921	0.0196063	0.0191619	0.0186616	0.0180973	0.017471	0.0167936	0.0160989	0.0153823	0.0145986	

56	0.047	5	0	task-0:0.33	|	0.234509	0.347227	0.347155	0.30626	0.189823	0.180363	0.168582	0.160263	0.147746	0.143883	0.142181	0.134227	0.108101	0.134895	0.115348	0.0876629	0.0866415	0.0848528	0.0822203	0.0739483	0.0678596	0.0606452	0.053793	0.0470795	0.0417324	0.0379313	0.033587	0.0312394	0.0301297	0.0277174	0.0261384	0.0247087	0.0231482	0.0227095	0.0211213	0.0230097	0.021237	0.0184516	0.0177879	0.0170229	0.0165439	0.0163615	0.0161883	0.0161367	0.0163068	0.01672	0.0173827	0.0182873	0.0193994	0.0207673	0.0222782	0.0235662	0.0246569	0.0254609	0.0259201	0.0259559	

56	0.047	5	0	task-0:0.33	|	0.335264	0.346054	0.346048	0.311733	0.200431	0.191271	0.17807	0.163799	0.143076	0.13643	0.132389	0.126458	0.122214	0.119919	0.11805	0.108885	0.0881385	0.073996	0.0603054	0.0509868	0.0491401	0.0486451	0.0440672	0.0448282	0.0431469	0.0390798	0.0327807	0.0280556	0.0245854	0.0215007	0.0133392	0.00744217	0.00685437	0.00390437	0.00306631	0.0017448	0.000711756	0.000424291	0.000257432	0.000137281	7.37203e-005	5.78138e-005	3.8763e-005	2.21103e-005	1.09115e-005	4.91131e-006	1.71364e-006	2.21234e-006	8.44906e-007	3.61631e-007	1.4438e-007	5.97088e-008	4.70058e-008	3.54283e-008	1.0713e-008	4.15358e-009	

57	0.047	5	0	task-0:0.33	|	0.255444	0.347323	0.347183	0.31748	0.190274	0.180294	0.169991	0.159292	0.146598	0.141176	0.136989	0.129796	0.110233	0.134976	0.108115	0.097082	0.0971266	0.0795194	0.0795841	0.071692	0.0652855	0.0576716	0.0481022	0.0393161	0.0343187	0.0281383	0.0237238	0.0197835	0.0178559	0.0187965	0.0148121	0.0143839	0.0131413	0.0132555	0.0123125	0.012494	0.0118908	0.0112986	0.0108548	0.0100737	0.00894407	0.00732253	0.00519094	0.00449706	0.00340391	0.00370681	0.00454674	0.00313021	0.00294035	0.00294035	0.00255547	0.00268126	0.00247476	0.00223764	0.00206021	0.00191184	0.00176425	

62	0.047	5	5	task-0:0.33	|	0.371305	0.268292	0.267319	0.226031	0.301679	0.298874	0.238034	0.226969	0.226394	0.222921	0.218106	0.197874	0.175472	0.154639	0.147755	0.141638	0.121099	0.108221	0.110996	0.128662	0.130784	0.131487	0.129561	0.128815	0.128089	0.127589	0.127419	0.127385	0.127346	0.127301	0.127279	0.127274	0.127273	0.127273	0.127273	0.147558	0.166423	0.133692	0.127273	0.127273	0.149048	0.107066	0.107056	0.126642	0.135767	0.107031	0.107024	0.106851	0.0867383	0.117195	0.106535	0.121763	0.106277	0.126188	0.12367	0.136338	0.075109	0.102553	0.14761	0.188283	0.147606	0.147602	

66	0.046	5	0	task-0:0.36	|	0.389961	0.288784	0.284781	0.233888	0.260483	0.259326	0.221273	0.221765	0.211024	0.19826	0.191897	0.185289	0.1801	0.174106	0.166838	0.157915	0.138671	0.0982645	0.0963659	0.104965	0.103127	0.0901444	0.0764437	0.0757412	0.0705411	0.0710332	0.0629737	0.0446299	0.0252649	0.0190471	0.00655513	0.00155241	0.000169422	0.00037591	7.73439e-006	6.14979e-007	1.81662e-007	5.68717e-009	3.17479e-010	4.69649e-009	1.22277e-009	5.89955e-011	9.31914e-011	3.09458e-011	1.11297e-011	9.33022e-012	3.41412e-012	1.00594e-012	2.45666e-013	4.91944e-014	4.78325e-015	5.74378e-015	0	0	0	0	0	0	0	0	0	0	0	0	0	0	

59	0.047	5	0	task-0:0.33	|	0.380927	0.337382	0.337247	0.266605	0.290568	0.286501	0.212373	0.230177	0.218115	0.190782	0.181423	0.170073	0.159111	0.151722	0.146114	0.142447	0.139255	0.134521	0.128864	0.125731	0.120081	0.103068	0.0978879	0.0755348	0.0690458	0.0674484	0.0508308	0.0434917	0.0393942	0.0319965	0.0293605	0.0316557	0.0312187	0.0254309	0.0229948	0.0212395	0.0217722	0.0218911	0.0200181	0.0183368	0.0168819	0.0156899	0.0145809	0.0130765	0.0111595	0.00909326	0.00704889	0.00502136	0.00316485	0.0020672	0.00203562	0.00107309	0.00271453	0.00271453	0.00134829	0.0011373	0.0011373	0.00106583	0.00108834	

59	0.047	5	0	task-0:0.33	|	0.361459	0.339137	0.338406	0.273449	0.279538	0.275787	0.211022	0.23205	0.220209	0.192881	0.187923	0.179486	0.165517	0.15521	0.148121	0.143342	0.139963	0.135922	0.128162	0.100136	0.0891679	0.0790402	0.0538699	0.159577	0.159452	0.0776399	0.0553076	0.0553305	0.0497181	0.080986	0.0775029	0.0504593	0.0522652	0.0522652	0.0465868	0.0524952	0.0522606	0.0461778	0.0465065	0.0462544	0.044705	0.0449447	0.044306	0.0429135	0.0423333	0.0414051	0.0401521	0.0392118	0.0379659	0.0363172	0.0345014	0.0325303	0.0303854	0.0277887	0.0245283	0.0209559	0.020709	0.018084	0.0166972	

58	0.047	5	0	task-0:0.33	|	0.47849	0.318164	0.317438	0.243559	0.297395	0.287355	0.222981	0.222755	0.219159	0.205695	0.193924	0.176988	0.160449	0.149276	0.142173	0.135986	0.12845	0.123492	0.116341	0.100831	0.0818043	0.0612867	0.0528843	0.0628215	0.0428795	0.0644054	0.0644011	0.0471001	0.0459538	0.0459537	0.0416742	0.0417155	0.0410461	0.0407588	0.0404597	0.0401204	0.0395858	0.039033	0.0384258	0.0376928	0.0368467	0.0358442	0.0346674	0.0332557	0.0315658	0.0295451	0.0271585	0.0241146	0.0205594	0.0162497	0.0118376	0.0075271	0.00410877	0.00254783	0.00332823	0.0123682	0.00729981	0.00264922	

69	0.047	5	0	task-0:0.41	|	0.250356	0.344936	0.344793	0.298225	0.212265	0.204214	0.18414	0.172965	0.151364	0.139303	0.133979	0.129786	0.128199	0.127738	0.119303	0.0891037	0.0887079	0.108117	0.109138	0.096028	0.0825378	0.0582971	0.0550551	0.0482696	0.075132	0.0689253	0.0297105	0.0300544	0.018133	0.00846507	0.00596309	0.00872812	0.00728921	0.00476357	0.00457596	0.00405095	0.00356624	0.00327766	0.00308039	0.00189457	0.00123683	0.000765605	0.000283084	9.47756e-005	1.71682e-005	2.01709e-006	8.78786e-008	9.89188e-010	3.44705e-008	5.20933e-008	1.59887e-011	3.67981e-014	2.37547e-014	0	0	0	0	0	0	0	0	0	0	0	0	0	0	0	0	

67	0.046	5	21	task-0:0.33	|	0.499926	0.228867	0.26513	0.264127	0.236384	0.231489	0.231467	0.227704	0.227121	0.225064	0.216918	0.21107	0.206257	0.205415	0.204637	0.20242	0.198278	0.19715	0.196944	0.19688	0.19688	0.196884	0.196884	0.196875	0.196882	0.196882	0.196876	0.196875	0.196875	0.196875	0.196875	0.191434	0.187315	0.187304	0.187291	0.196875	0.196862	0.196818	0.196873	0.196875	0.196875	0.196875	0.196875	0.206447	0.206447	0.206443	0.206438	0.206407	0.196875	0.206426	0.206421	0.196875	0.196875	0.196875	0.225515	0.225515	0.225511	0.206419	0.196875	0.196875	0.196875	0.196875	0.196875	0.196875	0.196875	0.225292	0.196875	

58	0.047	5	0	task-0:0.33	|	0.304734	0.30475	0.301942	0.248212	0.230918	0.230301	0.211755	0.197065	0.178009	0.163097	0.151602	0.143325	0.109417	0.158931	0.138033	0.0829879	0.0829351	0.087558	0.0865412	0.0758692	0.0744323	0.0706417	0.069956	0.0682647	0.0648007	0.0618306	0.0589222	0.0562619	0.0529839	0.0493047	0.0457931	0.0427934	0.0394646	0.0366741	0.0393259	0.0345231	0.0347035	0.0324033	0.0349997	0.0348663	0.0321023	0.0325333	0.0324436	0.0317012	0.0315932	0.0313244	0.0310666	0.0307439	0.0301164	0.0789093	0.0778043	0.0767424	0.0756229	0.0264022	0.0252747	0.045898	0.0456773	0.0242009	

56	0.047	5	3	task-0:0.33	|	0.318509	0.345008	0.344999	0.281997	0.293883	0.285886	0.201636	0.21376	0.18457	0.162033	0.152409	0.143106	0.136062	0.129503	0.123068	0.1171	0.106779	0.0791902	0.0394451	0.0959941	0.0542319	0.0267581	0.16285	0.162848	0.067554	0.032718	0.032718	0.0270993	0.0270993	0.0250824	0.0251148	0.024467	0.0243519	0.0239336	0.0235206	0.022915	0.0221965	0.0214025	0.0203493	0.0191302	0.0176613	0.0159015	0.0137456	0.0109175	0.00783845	0.00552959	0.00511652	0.0037731	0.00362571	0.00312352	0.00290593	0.00257858	0.0022652	0.00201713	0.0017134	0.00142785	

65	0.062	5	0	task-0:0.37	|	0.236789	0.572971	0.566038	0.328035	0.21548	0.214703	0.191481	0.195877	0.174465	0.174211	0.176766	0.164557	0.1545	0.149078	0.131021	0.107021	0.0946259	0.0927683	0.0741703	0.0761441	0.0580418	0.076144	0.0701207	0.0450253	0.0488167	0.0427888	0.0423687	0.0421468	0.0384857	0.0365722	0.0347534	0.0331988	0.0314729	0.0285538	0.0255516	0.022343	0.0190967	0.020341	0.015376	0.0137607	0.0141642	0.012905	0.0112571	0.00980819	0.00865045	0.00793939	0.00670894	0.00570025	0.00787724	0.00636994	0.00502196	0.00478759	0.00458538	0.00452638	0.00473442	0.00492496	0.00401286	0.00371934	0.00351053	0.0033385	0.00318157	0.00332685	0.00394107	0.00318326	0.00297735	

58	0.032	5	6	task-0:0.37	|	0.218005	0.174146	0.331233	0.237651	0.28962	0.24684	0.0974797	0.145286	0.0948265	0.0873851	0.0873688	0.0688481	0.0688081	0.0640429	0.0612377	0.0578374	0.0546429	0.0515761	0.0483271	0.0450845	0.0419762	0.0402585	0.037838	0.0356711	0.0340636	0.0316991	0.0295457	0.0277264	0.0255246	0.0233631	0.0211848	0.0190813	0.0170941	0.0182957	0.0155275	0.0182791	0.01792	0.0277489	0.0206191	0.0168125	0.0154282	0.0148646	0.0149815	0.01459	0.0144275	0.0144043	0.0142453	0.013921	0.0136376	0.0133576	0.0130569	0.0127154	0.012411	0.0120458	0.011618	0.0111024	0.0104907	0.00977231	

60	0.046	5	0	task-0:0.33	|	0.245332	0.619093	0.611706	0.369975	0.212841	0.236624	0.198962	0.177142	0.174491	0.167197	0.171551	0.159855	0.155326	0.154227	0.149711	0.144664	0.137865	0.131122	0.123312	0.115864	0.107844	0.100003	0.0907473	0.080598	0.0701259	0.0592466	0.0484465	0.0324913	0.0425316	0.0220212	0.0249969	0.0174544	0.0171635	0.014363	0.0139552	0.0131237	0.01136	0.0116848	0.0092632	0.00916039	0.00866248	0.00777795	0.00602387	0.00558824	0.00447329	0.00327079	0.00223145	0.00136179	0.000698876	0.000291098	8.58264e-005	5.21401e-005	2.30858e-005	1.04335e-005	2.49897e-005	1.09957e-005	6.11032e-006	6.689e-006	4.79503e-006	3.40982e-006	

54	0.031	5	6	task-0:0.33	|	0.241501	0.348079	0.348001	0.326744	0.176425	0.2484	0.167422	0.158594	0.158455	0.12701	0.125996	0.118957	0.112714	0.105554	0.0980571	0.0901815	0.0800016	0.0708707	0.0604841	0.0497009	0.0373198	0.0227619	0.0457502	0.0214594	0.0262531	0.0149096	0.0182207	0.0135033	0.0132653	0.0130746	0.0121463	0.0132908	0.0122978	0.0111262	0.0110903	0.0106595	0.0103265	0.0620121	0.0540644	0.0520854	0.0504301	0.0444029	0.0225514	0.0124489	0.01117	0.0104872	0.0103925	0.0101247	0.0099474	0.00962611	0.00926278	0.0088856	0.00844221	0.00793406	

70	0.063	5	0	task-0:0.32	|	0.327771	0.258167	0.252685	0.232286	0.231818	0.231818	0.227523	0.227521	0.228369	0.227975	0.216675	0.20552	0.204693	0.206094	0.206068	0.205826	0.205928	0.202963	0.170056	0.149684	0.133588	0.114274	0.11249	0.116283	0.0994956	0.0994396	0.0826838	0.0923157	0.0894945	0.0656304	0.0805315	0.0802978	0.0622062	0.0598469	0.0597169	0.0593329	0.0592145	0.0583552	0.0564497	0.0524552	0.0464945	0.0467841	0.046057	0.0444493	0.0441116	0.0444775	0.0452193	0.0461595	0.0401867	0.0427879	0.0408499	0.0400779	0.0400795	0.0348955	0.0328337	0.0352973	0.0377914	0.035372	0.0357827	0.0372294	0.0383	0.0407261	0.0410017	0.040121	0.036883	0.0150054	0.0109426	0.00876174	0.00802817	0.00796324	

64	0.031	5	0	task-0:0.32	|	0.24216	0.588189	0.576907	0.313578	0.224557	0.222943	0.209264	0.197907	0.183194	0.169711	0.159492	0.144924	0.130895	0.115615	0.0849626	0.0750057	0.0870894	0.0847583	0.0736876	0.0661189	0.0669553	0.0639389	0.0570271	0.046279	0.0359868	0.0380736	0.0295198	0.0321937	0.0232428	0.0327354	0.0303288	0.0253904	0.0237652	0.0301189	0.0374743	0.0278468	0.0311395	0.0338958	0.0391984	0.0443742	0.0500407	0.0544187	0.0589877	0.0626042	0.0651235	0.0661913	0.0662768	0.0662355	0.0661141	0.0648368	0.0606995	0.0590048	0.0558879	0.0517462	0.0487395	0.0471537	0.0455937	0.0433158	0.0377471	0.0313232	0.0251528	0.0291137	0.0267875	0.0325648	

56	0.031	5	0	task-0:0.33	|	0.516375	0.26269	0.256786	0.211177	0.205442	0.180619	0.165094	0.149356	0.13366	0.116287	0.0990175	0.0810173	0.0683985	0.049058	0.0417735	0.0359606	0.0238056	0.0165295	0.00954847	0.0148027	0.0102175	0.0162934	0.0105397	0.00771935	0.00771934	0.00726649	0.00727219	0.00650078	0.00610253	0.00574647	0.00540791	0.00501698	0.00451755	0.00396505	0.00337055	0.00275788	0.00216761	0.00166026	0.00118218	0.000788335	0.000536342	0.000319415	0.000367098	0.000206795	0.000153442	0.000115352	0.000113338	9.10115e-005	7.17036e-005	5.67817e-005	4.42454e-005	3.24857e-005	2.86013e-005	2.85833e-005	1.89225e-005	1.41031e-005	

56	0.047	5	0	task-0:0.33	|	0.457429	0.286185	0.283651	0.219525	0.206781	0.17776	0.152667	0.139599	0.134793	0.124179	0.121112	0.120437	0.114741	0.0908488	0.074632	0.0469667	0.114102	0.0483882	0.0762943	0.0762943	0.028079	0.0598856	0.0598856	0.0310672	0.0311061	0.0311061	0.0255746	0.0320483	0.0314897	0.0263761	0.0254802	0.0254802	0.0251915	0.0257661	0.0253688	0.0246157	0.0241364	0.0235339	0.022632	0.0214048	0.0195387	0.0169008	0.0138258	0.0112777	0.0103462	0.00912601	0.00815923	0.00778331	0.00822192	0.00772988	0.00719968	0.00655373	0.00597148	0.00532305	0.00467913	0.00404971	

57	0.031	5	0	task-0:0.33	|	0.460197	0.338599	0.338142	0.28887	0.213098	0.20123	0.182061	0.165247	0.143439	0.136702	0.12979	0.127482	0.126368	0.12586	0.125515	0.124839	0.123592	0.118196	0.102006	0.0798586	0.0684654	0.0673819	0.0526331	0.0398654	0.0398654	0.0341309	0.0341127	0.0231382	0.0153208	0.0121462	0.0114852	0.00888373	0.00469405	0.00228285	0.00114828	0.000601558	0.000251586	6.72173e-005	1.72336e-005	3.30819e-006	4.44219e-007	3.75687e-008	1.83496e-009	4.82273e-011	5.59438e-013	3.30339e-014	5.34214e-013	0	0	0	0	0	0	0	0	0	0	

56	0.047	5	0	task-0:0.33	|	0.308517	0.34065	0.340258	0.301833	0.203948	0.199776	0.17262	0.159922	0.149301	0.144527	0.13962	0.123778	0.0677457	0.0331748	0.128175	0.0757005	0.0701193	0.0701192	0.0424884	0.0477746	0.0363576	0.0427195	0.0426968	0.0346576	0.0364789	0.0359867	0.0335393	0.0329744	0.0321449	0.0312409	0.0303381	0.0291596	0.0278479	0.0264627	0.0250401	0.0236501	0.0224363	0.0225773	0.0210453	0.0230222	0.0221142	0.0200731	0.0206561	0.0203208	0.0196301	0.0197848	0.0195809	0.0191852	0.0189256	0.0186402	0.018267	0.0178713	0.0173644	0.0167605	0.0160742	0.0152711	

60	0.047	5	0	task-0:0.37	|	0.236966	0.609315	0.590656	0.275608	0.214257	0.213808	0.180569	0.176379	0.158287	0.153332	0.144946	0.128717	0.120049	0.104635	0.0829009	0.0584642	0.0441054	0.0958162	0.0733638	0.0474958	0.0474957	0.0374298	0.0374298	0.0330014	0.0329767	0.0326434	0.032443	0.0320267	0.0318922	0.0314646	0.0310172	0.0305236	0.0299512	0.0292484	0.0284292	0.0274637	0.0263326	0.0250185	0.023509	0.0218012	0.0200915	0.0195613	0.0180346	0.0171224	0.0163851	0.0158384	0.0152526	0.0146587	0.0140715	0.0135911	0.0130693	0.0124859	0.0118215	0.0110409	0.0101643	0.00921221	0.00851564	0.00774982	0.00681283	0.00595583	

70	0.062	5	0	task-0:0.32	|	0.324706	0.261743	0.248012	0.229863	0.23562	0.23562	0.227825	0.231228	0.23121	0.227971	0.228055	0.226453	0.21415	0.209103	0.207834	0.20615	0.167729	0.15602	0.130142	0.149737	0.143676	0.13438	0.0966743	0.078344	0.0695174	0.072512	0.072512	0.0739207	0.0666566	0.0635691	0.0617135	0.0753774	0.0729239	0.0628579	0.0585788	0.0577977	0.0574172	0.0570549	0.0564484	0.0557099	0.0547752	0.0537322	0.0526147	0.0513251	0.0499435	0.0483972	0.0458727	0.043329	0.0413451	0.0350873	0.0381838	0.0254529	0.0210279	0.0170142	0.0158124	0.0122035	0.0114485	0.00862964	0.00647544	0.00412714	0.00160538	0.000580545	0.000506718	9.88251e-005	0.000120072	5.71861e-005	4.68917e-005	2.97248e-005	2.72352e-005	1.7405e-005	

59	0.031	5	0	task-0:0.33	|	0.483425	0.275753	0.27243	0.217728	0.292524	0.287277	0.220899	0.209944	0.204794	0.186351	0.167814	0.150533	0.139551	0.131386	0.124917	0.119118	0.105139	0.0891193	0.0953167	0.0851636	0.0637218	0.056065	0.0416415	0.0311421	0.0133813	0.0217234	0.0709282	0.0263524	0.0288061	0.0288061	0.000624763	0.0378217	0.0378217	0.00652527	0.000888179	0.000888179	0.000934914	0.000934914	0.000588955	0.000643039	0.000562975	0.000554164	0.000549961	0.000503599	0.000480358	0.00045659	0.000440416	0.000420029	0.000390179	0.000358079	0.000324748	0.000291325	0.00025888	0.000229001	0.000221658	0.00020056	0.000168424	0.000137112	0.000107579	

57	0.047	5	1	task-0:0.33	|	0.235775	0.34312	0.334684	0.246751	0.208484	0.214005	0.180229	0.162221	0.157891	0.145912	0.136169	0.129748	0.12811	0.12576	0.122963	0.120558	0.114052	0.105456	0.0984776	0.097219	0.0910879	0.0798655	0.0647311	0.0575625	0.0472284	0.0380339	0.0326302	0.0279166	0.0252577	0.0222585	0.0188872	0.0142847	0.010046	0.00717834	0.00490777	0.00369553	0.00291414	0.00217799	0.00152672	0.00101324	0.000609884	0.000338458	0.00016063	6.41779e-005	2.12496e-005	0.000125875	4.82693e-006	3.21508e-006	8.17703e-007	3.17204e-007	3.34011e-007	1.19186e-007	1.43678e-007	8.71423e-008	1.022e-007	9.99013e-008	6.97761e-008	

53	0.047	5	2	task-0:0.35	|	0.231332	0.320667	0.233015	0.175354	0.253102	0.115042	0.330712	0.320077	0.135051	0.16244	0.154427	0.0906035	0.159468	0.159438	0.0982611	0.0909298	0.0905075	0.0858482	0.0862193	0.0830997	0.0813769	0.0798882	0.0765656	0.0728045	0.0689957	0.0648152	0.0599173	0.0538728	0.0468671	0.039576	0.0342567	0.0369425	0.0314091	0.033429	0.0308306	0.0297342	0.0297342	0.0289474	0.0289722	0.0284739	0.0279116	0.0273219	0.0266527	0.0258686	0.0249736	0.0239626	0.0228385	0.0215982	0.0202581	0.0187284	0.0170486	0.0153534	0.0135154	

57	0.031	5	0	task-0:0.33	|	0.288837	0.335297	0.334812	0.279771	0.21957	0.21146	0.199279	0.194111	0.181194	0.174634	0.163481	0.15407	0.147555	0.142242	0.137762	0.134436	0.131835	0.128261	0.10312	0.105629	0.119074	0.119156	0.117868	0.116159	0.108981	0.083469	0.0667088	0.0487707	0.054554	0.0541518	0.0390684	0.0490435	0.045939	0.0351589	0.0391158	0.0381024	0.0351934	0.0321988	0.0219212	0.0197605	0.0572435	0.00444025	0.0161355	0.0158049	0.00673295	0.00520721	0.00502678	0.00371612	0.00731146	0.00711659	0.00454504	0.00299142	0.00276059	0.00296914	0.00377379	0.00342422	0.00244401	

57	0.031	5	0	task-0:0.33	|	0.273009	0.344715	0.344595	0.301631	0.217782	0.209305	0.194326	0.178382	0.155582	0.147717	0.137585	0.130762	0.125786	0.12292	0.119411	0.114977	0.109217	0.0946296	0.0638374	0.0562019	0.0254704	0.00969018	0.0639222	0.00128646	0.0481552	0.000482792	0.0161841	0.0109926	0.000143189	0.0143179	0.0143179	6.81756e-005	0.000131633	0.000108189	3.81088e-005	0.000102648	8.11208e-005	2.8305e-005	2.77999e-005	2.60975e-005	2.38275e-005	2.01043e-005	1.73737e-005	1.46608e-005	1.20645e-005	9.7696e-006	7.52982e-006	5.54501e-006	3.63251e-006	2.37258e-006	1.52733e-006	7.90005e-007	3.99457e-007	1.76078e-007	6.46297e-008	2.21376e-008	3.38809e-009	

59	0.047	5	0	task-0:0.33	|	0.301073	0.336919	0.336778	0.296761	0.226721	0.257652	0.220836	0.203668	0.198835	0.180032	0.167868	0.158873	0.152019	0.147815	0.144786	0.141854	0.134748	0.113267	0.077812	0.045022	0.170447	0.0977817	0.0993456	0.099345	0.0386509	0.11952	0.11952	0.0584635	0.0427059	0.0427058	0.0368549	0.036873	0.0364647	0.0361937	0.0355169	0.0354323	0.0348358	0.0341956	0.0335045	0.0327501	0.0318907	0.0309511	0.0297724	0.0283103	0.0265651	0.0244301	0.0218487	0.0188334	0.0154306	0.0157247	0.0116098	0.0102131	0.00869839	0.00801201	0.00782237	0.00661761	0.00647937	0.00551169	0.00440303	

56	0.046	5	0	task-0:0.33	|	0.225054	0.347366	0.34351	0.216242	0.194793	0.185282	0.157975	0.154902	0.142187	0.133961	0.129898	0.129107	0.127342	0.125885	0.124522	0.11639	0.100505	0.0884041	0.0775915	0.0757188	0.0646549	0.0601257	0.0581017	0.0547567	0.0540496	0.0533604	0.0523607	0.0477792	0.028658	0.0162399	0.0131191	0.0175428	0.0109919	0.00418387	0.0222607	0.00371441	0.00610062	0.00496056	0.00258643	0.00156821	0.00137835	0.00137716	0.00113088	0.000769991	0.000473132	0.000285672	0.000156638	7.02732e-005	2.28179e-005	5.64385e-006	9.86821e-007	2.26284e-007	3.05755e-008	1.77019e-009	6.83299e-011	1.03112e-012	

56	0.047	5	0	task-0:0.33	|	0.323405	0.331918	0.330828	0.250595	0.22716	0.217958	0.181166	0.177925	0.155158	0.143395	0.137029	0.131195	0.124936	0.117835	0.111479	0.0955628	0.06802	0.0237511	0.0399727	0.0679786	0.0128785	0.0651922	0.0651922	0.00109874	0.0262888	0.0262888	0.00209393	0.0023075	0.0023075	0.000589618	0.000585275	0.000511284	0.000432424	0.000309562	0.000233076	0.000168514	0.000122967	9.23191e-005	6.39303e-005	4.10564e-005	2.37779e-005	1.211e-005	5.28394e-006	1.93667e-006	5.80935e-007	1.35656e-007	2.88314e-008	3.99818e-009	4.99371e-009	6.89481e-010	1.14194e-010	3.60056e-011	1.76725e-011	6.19218e-012	1.67512e-012	4.83503e-013	

55	0.047	5	0	task-0:0.36	|	0.225544	0.276125	0.179769	0.170742	0.105204	0.116852	0.0901719	0.0798554	0.0849695	0.070397	0.0792513	0.0764618	0.0654792	0.0700728	0.067905	0.0633087	0.0643313	0.0635476	0.061966	0.0616944	0.0609982	0.0600142	0.0590937	0.0579906	0.0566809	0.0551807	0.0534708	0.0514968	0.0492321	0.0466283	0.0436425	0.0402728	0.0365892	0.0326457	0.0305034	0.0281591	0.0266053	0.0247075	0.0226803	0.0207764	0.0206205	0.0190144	0.0179342	0.0169794	0.0159282	0.0149561	0.0145383	0.0137927	0.0133468	0.0127658	0.0121769	0.0114977	0.0107152	0.00983398	0.00883553	

62	0.047	5	0	task-0:0.39	|	0.333917	0.317723	0.315475	0.239018	0.298841	0.291016	0.220897	0.21478	0.210042	0.198158	0.183042	0.16356	0.148484	0.135473	0.127563	0.123874	0.120087	0.115069	0.0805589	0.0833083	0.0568145	0.0776437	0.0662374	0.0766137	0.0766137	0.0485788	0.0683554	0.0683554	0.0544455	0.050455	0.0500267	0.04522	0.0568156	0.0565872	0.0480816	0.0435473	0.0430665	0.0440299	0.04369	0.0422448	0.0409469	0.0399141	0.0390749	0.0380482	0.0368012	0.0353933	0.0338475	0.0321964	0.0303953	0.0252673	0.0248084	0.0261565	0.0268829	0.0221948	0.0191829	0.0184515	0.0171038	0.0131833	0.0106994	0.00786229	0.0035248	0.000637044	

60	0.047	5	0	task-0:0.37	|	0.23343	0.591944	0.546631	0.228679	0.224281	0.224133	0.199848	0.174286	0.158636	0.146644	0.13473	0.108236	0.0860109	0.0574744	0.0479071	0.17691	0.150324	0.0377388	0.139285	0.139282	0.078486	0.0467607	0.0467607	0.042148	0.042148	0.03596	0.0361566	0.0356373	0.0352393	0.0346699	0.0342378	0.0336071	0.0329521	0.0321109	0.0311672	0.0300922	0.0294871	0.028721	0.0277758	0.0267011	0.0255004	0.0241748	0.0227436	0.0212422	0.0197188	0.0193936	0.018242	0.0169681	0.0161212	0.0152267	0.0142277	0.0131565	0.0120293	0.0112007	0.0118261	0.00995541	0.00966273	0.00913424	0.00901755	0.0083024	

58	0.046	5	0	task-0:0.32	|	0.28486	0.342175	0.342084	0.294086	0.240749	0.237163	0.198753	0.186758	0.156679	0.142841	0.135724	0.131608	0.129345	0.128229	0.127741	0.127393	0.120949	0.116409	0.114646	0.113495	0.112214	0.108941	0.0933925	0.0622575	0.0880556	0.030418	0.0355896	0.0277123	0.0258868	0.0186454	0.0107207	0.00266468	0.0331657	0.0331628	0.0109565	0.00325535	0.00325535	0.00171882	0.0171005	0.0170431	0.00198733	0.0011006	0.000862386	0.000635755	0.00227666	0.00218457	0.000515587	0.000301384	0.000218355	0.000157297	0.000243294	0.000188239	6.1221e-005	2.10745e-005	8.7016e-006	3.53047e-006	1.00542e-006	2.05946e-007	

56	0.047	5	0	task-0:0.33	|	0.300364	0.345256	0.345231	0.306126	0.210798	0.200393	0.174041	0.155666	0.142766	0.139504	0.129924	0.126383	0.124461	0.122902	0.119307	0.10913	0.0770029	0.0432163	0.101745	0.037516	0.0724348	0.0724348	0.0287937	0.0494201	0.0494201	0.0235265	0.0327336	0.0326146	0.0228132	0.0249548	0.024937	0.0215148	0.0209195	0.0198828	0.0187864	0.0176202	0.0159296	0.0141317	0.0123429	0.0103231	0.0083124	0.00656222	0.00477309	0.00326955	0.00205813	0.00175857	0.00133404	0.000965343	0.000705382	0.000478618	0.000295335	0.000163493	8.01486e-005	3.20831e-005	9.71247e-006	2.04546e-006	

58	0.047	5	0	task-0:0.33	|	0.230696	0.3393	0.329331	0.221254	0.20381	0.200938	0.189719	0.183558	0.170281	0.15761	0.14463	0.113123	0.10328	0.115637	0.113804	0.10049	0.0935905	0.0908498	0.0863564	0.0810167	0.0703778	0.0561698	0.0441398	0.0378052	0.0325954	0.0285723	0.0241841	0.0193602	0.0144245	0.0133127	0.0105395	0.00721218	0.00735259	0.00541403	0.00464541	0.00382741	0.00391425	0.00324744	0.00302787	0.00275834	0.00248875	0.00224433	0.00208568	0.00198166	0.00185101	0.00170208	0.00153136	0.00144538	0.00137047	0.0012767	0.0011748	0.00106608	0.000948023	0.000893304	0.000836445	0.000771684	0.000700973	0.000625291	

54	0.047	5	0	task-0:0.33	|	0.256261	0.346786	0.34665	0.323572	0.209933	0.268867	0.198189	0.171496	0.170939	0.150833	0.148291	0.140642	0.134366	0.127866	0.120576	0.113371	0.105984	0.0983696	0.0910141	0.0807716	0.0672227	0.0523033	0.0416188	0.0429591	0.0308974	0.035274	0.0229736	0.0332419	0.0332425	0.0217869	0.0258077	0.0258073	0.0200976	0.0222318	0.0220101	0.0198236	0.0186604	0.0180647	0.0180565	0.0175759	0.0163934	0.0150708	0.0136093	0.0123248	0.0109666	0.00941344	0.00768089	0.00583895	0.00405278	0.00381938	0.00272427	0.00240105	0.00184687	0.00133372	

65	0.031	5	0	task-0:0.35	|	0.244778	0.335742	0.332568	0.265306	0.221915	0.216961	0.184721	0.167713	0.151815	0.142101	0.135593	0.130396	0.119079	0.125798	0.0755931	0.116646	0.116646	0.0803286	0.0788951	0.0770924	0.0660355	0.0754229	0.0720048	0.0626069	0.0567396	0.0541817	0.0525958	0.0494103	0.0441807	0.0373775	0.0295941	0.0238986	0.0258615	0.0187263	0.0326545	0.0311241	0.0192349	0.0212256	0.0212241	0.0180082	0.0182171	0.0176855	0.0174592	0.0176516	0.0172144	0.017045	0.016978	0.0167402	0.0164635	0.0161448	0.0157709	0.015334	0.0148287	0.014208	0.0134745	0.0126289	0.0116605	0.0105612	0.00931857	0.00795119	0.00648359	0.00497665	0.00351963	0.00983529	0.00371034	

57	0.031	5	0	task-0:0.33	|	0.25275	0.339811	0.336073	0.253682	0.204463	0.235228	0.201348	0.164977	0.156351	0.140159	0.13047	0.126814	0.123923	0.120189	0.116574	0.113024	0.108363	0.0976549	0.0770467	0.099599	0.0478323	0.0920878	0.0881008	0.0319025	0.0250583	0.0843189	0.0803848	0.0247163	0.0256344	0.0249705	0.0207691	0.0335999	0.0297446	0.0181171	0.0145274	0.0140533	0.0124258	0.00976453	0.00784666	0.00537207	0.00304692	0.00256527	0.0015214	0.000692859	0.000357836	0.000119217	2.87858e-005	4.94052e-006	2.6991e-006	4.26077e-007	1.41206e-007	2.09252e-008	3.16365e-009	3.93182e-010	2.15261e-010	2.89204e-011	1.4192e-012	

60	0.047	5	0	task-0:0.33	|	0.237194	0.588996	0.582784	0.36353	0.224035	0.240247	0.217647	0.17865	0.187808	0.161114	0.16773	0.167584	0.155545	0.151776	0.145671	0.1366	0.126288	0.115298	0.104593	0.0877018	0.0565714	0.0397268	0.0356444	0.0322664	0.0157736	0.0654212	0.0611668	0.0229472	0.0237175	0.0237175	0.0148989	0.0240753	0.0232032	0.0161516	0.0154818	0.0154818	0.0147025	0.0161505	0.0159383	0.0148459	0.0143572	0.0142431	0.0142217	0.0143182	0.0141104	0.0137242	0.013432	0.0131494	0.0128216	0.0123979	0.0118681	0.0112758	0.0106279	0.00987965	0.00904813	0.00808165	0.00707684	0.00602549	0.00493071	0.00383589	

70	0.062	5	0	task-0:0.33	|	0.228348	0.569646	0.553286	0.420217	0.282231	0.244628	0.253857	0.24428	0.228563	0.233212	0.232782	0.225354	0.224247	0.220775	0.214469	0.208695	0.202499	0.181905	0.15282	0.130422	0.129463	0.113948	0.102627	0.0974682	0.0955237	0.0947328	0.0903336	0.0880287	0.0854962	0.0825552	0.0775261	0.0655254	0.0597328	0.0485051	0.0385587	0.0294808	0.0362878	0.0241825	0.0393174	0.0340022	0.0185198	0.0297421	0.0290074	0.0203431	0.0192174	0.0192174	0.0182748	0.0182064	0.0172029	0.0159041	0.0144837	0.0129798	0.0123414	0.0114281	0.010364	0.00953999	0.008907	0.00878613	0.00831568	0.00770553	0.00716127	0.00666824	0.0062144	0.00577219	0.00535299	0.00494829	0.00464165	0.00433991	0.00404468	0.00376698	

53	0.031	5	1	task-0:0.33	|	0.22774	0.614735	0.527124	0.122129	0.122077	0.176805	0.165691	0.106817	0.145022	0.141778	0.102534	0.111944	0.111939	0.100113	0.10101	0.0995567	0.0969123	0.0971688	0.0956385	0.0933303	0.0914783	0.0894881	0.0870883	0.084433	0.0815433	0.0783362	0.0748452	0.07094	0.0666729	0.0622877	0.0570118	0.0516182	0.0460781	0.0402873	0.0349716	0.0350308	0.0311621	0.029113	0.0283385	0.0274076	0.0264589	0.0255032	0.0244139	0.0231808	0.0217707	0.0202102	0.0184831	0.0166077	0.019327	0.0154842	0.0179467	0.0179467	0.0147034	

57	0.047	5	0	task-0:0.36	|	0.233918	0.58422	0.40556	0.190552	0.190085	0.116573	0.114084	0.121244	0.121145	0.107449	0.107918	0.105007	0.0985865	0.0930799	0.0875858	0.08108	0.0738088	0.0659257	0.0579493	0.0514059	0.0447799	0.0426727	0.0376742	0.0347805	0.0329893	0.0329887	0.0305052	0.0294374	0.0280882	0.0279932	0.0269037	0.0261496	0.025389	0.0245385	0.0235526	0.0224324	0.0212151	0.0199128	0.0204061	0.0183656	0.0175439	0.0171702	0.0167318	0.0162563	0.0157201	0.0151225	0.0144118	0.0134907	0.0124667	0.0113076	0.0100305	0.00890631	0.00900952	0.00775285	0.00934447	0.00934447	0.00792767	

56	0.047	5	0	task-0:0.33	|	0.232047	0.34233	0.335219	0.225586	0.218701	0.212616	0.188012	0.177366	0.163459	0.151333	0.141713	0.132112	0.16299	0.136964	0.124416	0.124428	0.104886	0.103369	0.0971423	0.087608	0.0810937	0.0734587	0.0719432	0.0663482	0.0561232	0.0523014	0.0457175	0.0422751	0.0375651	0.0305701	0.0260026	0.0222668	0.0186276	0.0147075	0.011403	0.00980974	0.00909887	0.00737708	0.00667421	0.00594246	0.00535497	0.00510794	0.00484314	0.00427682	0.00401555	0.00365684	0.00334398	0.0030246	0.00263095	0.00222063	0.001806	0.00140446	0.00103842	0.000728331	0.000480608	0.00028997	

56	0.047	5	0	task-0:0.33	|	0.31673	0.340332	0.339948	0.296671	0.201278	0.190713	0.175616	0.16492	0.151066	0.14388	0.138288	0.121648	0.144126	0.115417	0.0967495	0.096594	0.0835363	0.082788	0.0784014	0.0737361	0.0653135	0.055116	0.0439483	0.0441422	0.0315209	0.0273867	0.0272627	0.0218012	0.0226766	0.0199122	0.0203464	0.0203464	0.0187354	0.0188007	0.018225	0.0173905	0.0166056	0.0157765	0.0148599	0.0138282	0.0126784	0.0113235	0.0098349	0.00832232	0.00684343	0.00545198	0.00423026	0.00331784	0.0025578	0.00200729	0.00450897	0.00231626	0.00239081	0.00239081	0.00167403	0.00182128	

57	0.046	5	0	task-0:0.33	|	0.268341	0.34457	0.344393	0.308316	0.218049	0.209325	0.18007	0.156112	0.136125	0.130891	0.122602	0.118619	0.115869	0.112239	0.109385	0.105675	0.085464	0.0525985	0.0412726	0.008426	0.00407849	0.00792962	0.00174061	0.00494885	0.00494885	0.000454185	0.000959799	0.000609673	0.000285212	0.000355847	0.000236815	0.000212311	0.000179204	0.000147748	0.00012539	9.62975e-005	7.77871e-005	6.02607e-005	4.46098e-005	3.12355e-005	2.02683e-005	1.18568e-005	6.36919e-006	5.4362e-006	2.92963e-006	1.8303e-006	1.10123e-006	5.87986e-007	2.72657e-007	2.43459e-007	1.28749e-007	7.65474e-008	4.23939e-008	2.11132e-008	9.21313e-009	3.45261e-009	5.91015e-009	

61	0.047	5	0	task-0:0.36	|	0.238393	0.322465	0.228619	0.400675	0.389545	0.195295	0.249022	0.248613	0.184029	0.184159	0.174621	0.154179	0.146772	0.136073	0.129116	0.124154	0.120659	0.117437	0.113379	0.104136	0.0881647	0.0770367	0.0669809	0.0575642	0.0473655	0.0374703	0.0457305	0.0280331	0.0446443	0.0344382	0.0151727	0.0148356	0.0169047	0.0169047	0.0113793	0.0132346	0.0119028	0.00976944	0.00984606	0.00909478	0.00851212	0.00803628	0.00759231	0.00705182	0.00642726	0.00583757	0.00520045	0.00449419	0.00374741	0.00301	0.00231287	0.00169955	0.00158014	0.00123445	0.00099121	0.000803799	0.000647525	0.000623737	0.000503575	0.000438863	0.000362856	

