80	0.031	1	0	task-0:0.468	|	0.254122	0.319147	0.314479	0.269644	0.248839	0.248867	0.253907	0.253897	0.249943	0.248903	0.248889	0.248884	0.248879	0.248752	0.248759	0.248804	0.24882	0.248815	0.248826	0.248845	0.248861	0.248874	0.248881	0.248886	0.248888	0.248889	0.248889	0.248889	0.248889	0.248889	0.248889	0.248889	0.248889	0.248889	0.248889	0.248889	0.248889	0.248889	0.248889	0.248889	0.248889	0.248889	0.248889	0.248889	0.248889	0.248889	0.248889	0.248889	0.248889	0.248889	0.248889	0.248889	0.248889	0.248889	0.248889	0.248889	0.248889	0.248889	0.248889	0.248889	0.248889	0.248889	0.248889	0.248889	0.248889	0.248889	0.248889	0.248889	0.248889	0.248889	0.248889	0.248889	0.248889	0.248889	0.248889	0.248889	0.248889	0.248889	0.248889	0.248889	

64	0.016	1	0	task-0:0.468	|	0.331008	0.250673	0.250388	0.256192	0.25617	0.249505	0.251372	0.251373	0.249041	0.249928	0.249929	0.248989	0.249173	0.249173	0.2489	0.249051	0.249051	0.248911	0.248914	0.248914	0.248889	0.248921	0.248921	0.248896	0.248889	0.248889	0.24889	0.24889	0.248889	0.24889	0.24889	0.248889	0.248889	0.248889	0.248889	0.248889	0.248889	0.248889	0.248889	0.248889	0.248889	0.248889	0.248889	0.248889	0.248889	0.248889	0.248889	0.248889	0.248889	0.248889	0.248889	0.248889	0.248889	0.248889	0.248889	0.248889	0.248889	0.248889	0.248889	0.248889	0.248889	0.248889	0.248889	0.248889	

56	0.015	1	0	task-0:0.468	|	0.257535	0.358826	0.358826	0.274979	0.267455	0.267455	0.250531	0.250465	0.252378	0.25189	0.24874	0.247698	0.24554	0.242396	0.239562	0.237762	0.235466	0.233642	0.232203	0.230677	0.229217	0.227648	0.226384	0.224329	0.222867	0.222402	0.219728	0.215324	0.210263	0.206271	0.206344	0.204295	0.204518	0.203865	0.204277	0.205354	0.206702	0.208337	0.210651	0.213537	0.215033	0.218103	0.222084	0.227232	0.228807	0.230668	0.232142	0.231022	0.228537	0.227143	0.226187	0.225193	0.224252	0.223473	0.223005	0.223026	

87	0.031	1	0	task-0:0.426	|	0.261834	0.357202	0.357202	0.259946	0.269935	0.269935	0.250772	0.266875	0.266875	0.251441	0.250439	0.249789	0.247971	0.247482	0.24664	0.246092	0.245259	0.24468	0.244402	0.244539	0.244082	0.244101	0.244048	0.243712	0.243036	0.242073	0.240688	0.238669	0.235747	0.23166	0.226325	0.220087	0.214715	0.211096	0.20816	0.205315	0.202737	0.200125	0.197354	0.195559	0.194569	0.193363	0.192565	0.192093	0.192133	0.191492	0.192823	0.192842	0.191824	0.191809	0.191914	0.191884	0.192018	0.192233	0.19237	0.192583	0.192848	0.193188	0.193616	0.194153	0.194831	0.19569	0.196788	0.198197	0.200018	0.202382	0.206255	0.20868	0.209333	0.210719	0.210697	0.209692	0.208709	0.208713	0.209127	0.209065	0.20875	0.208669	0.20868	0.208698	0.20872	0.208748	0.208784	0.208831	0.208829	0.208874	0.208869	

68	0.188	1	0	task-0:0.468	|	0.248773	0.302725	0.293742	0.257759	0.251465	0.251568	0.249364	0.249379	0.249111	0.249112	0.248903	0.248903	0.24892	0.24892	0.24889	0.248911	0.248911	0.248892	0.248891	0.248891	0.248889	0.248889	0.248889	0.248889	0.248889	0.248889	0.248889	0.248889	0.248889	0.248889	0.248889	0.248889	0.248889	0.248889	0.248889	0.248889	0.248889	0.248889	0.248889	0.248889	0.248889	0.248889	0.248889	0.248889	0.248889	0.248889	0.248889	0.248889	0.248889	0.248889	0.248889	0.248889	0.248889	0.248889	0.248889	0.248889	0.248889	0.248889	0.248889	0.248889	0.248889	0.248889	0.248889	0.248889	0.248889	0.248889	0.248889	0.248889	

77	0.156	1	0	task-0:0.468	|	0.256071	0.280681	0.276006	0.251309	0.258801	0.2588	0.249501	0.252943	0.252942	0.249267	0.250031	0.250033	0.24893	0.249517	0.249519	0.24897	0.248992	0.248993	0.248889	0.249011	0.249011	0.248917	0.248892	0.248892	0.248892	0.248892	0.248889	0.248893	0.248893	0.24889	0.248889	0.248889	0.248889	0.248889	0.248889	0.248889	0.248889	0.248889	0.248889	0.248889	0.248889	0.248889	0.248889	0.248889	0.248889	0.248889	0.248889	0.248889	0.248889	0.248889	0.248889	0.248889	0.248889	0.248889	0.248889	0.248889	0.248889	0.248889	0.248889	0.248889	0.248889	0.248889	0.248889	0.248889	0.248889	0.248889	0.248889	0.248889	0.248889	0.248889	0.248889	0.248889	0.248889	0.248889	0.248889	0.248889	0.248889	

69	0.14	1	0	task-0:0.468	|	0.257729	0.295176	0.292022	0.258938	0.25105	0.251031	0.249668	0.249669	0.24895	0.24895	0.248965	0.248969	0.248879	0.248999	0.249002	0.248914	0.24889	0.248891	0.248892	0.248892	0.248889	0.248892	0.248892	0.24889	0.248889	0.248889	0.248889	0.248889	0.248889	0.248889	0.248889	0.248889	0.248889	0.248889	0.248889	0.248889	0.248889	0.248889	0.248889	0.248889	0.248889	0.248889	0.248889	0.248889	0.248889	0.248889	0.248889	0.248889	0.248889	0.248889	0.248889	0.248889	0.248889	0.248889	0.248889	0.248889	0.248889	0.248889	0.248889	0.248889	0.248889	0.248889	0.248889	0.248889	0.248889	0.248889	0.248889	0.248889	0.248889	

70	0.141	1	0	task-0:0.468	|	0.260306	0.278434	0.271559	0.249933	0.262413	0.262412	0.250643	0.251092	0.251092	0.248872	0.25148	0.251484	0.249457	0.248948	0.248951	0.248948	0.24895	0.248888	0.248889	0.248904	0.248904	0.248892	0.248889	0.248889	0.248889	0.248889	0.248889	0.248889	0.248889	0.248889	0.248889	0.248889	0.248889	0.248889	0.248889	0.248889	0.248889	0.248889	0.248889	0.248889	0.248889	0.248889	0.248889	0.248889	0.248889	0.248889	0.248889	0.248889	0.248889	0.248889	0.248889	0.248889	0.248889	0.248889	0.248889	0.248889	0.248889	0.248889	0.248889	0.248889	0.248889	0.248889	0.248889	0.248889	0.248889	0.248889	0.248889	0.248889	0.248889	0.248889	

77	0.14	1	0	task-0:0.468	|	0.256071	0.280681	0.276006	0.251309	0.258801	0.2588	0.249501	0.252943	0.252942	0.249267	0.250031	0.250033	0.24893	0.249517	0.249519	0.24897	0.248992	0.248993	0.248889	0.249011	0.249011	0.248917	0.248892	0.248892	0.248892	0.248892	0.248889	0.248893	0.248893	0.24889	0.248889	0.248889	0.248889	0.248889	0.248889	0.248889	0.248889	0.248889	0.248889	0.248889	0.248889	0.248889	0.248889	0.248889	0.248889	0.248889	0.248889	0.248889	0.248889	0.248889	0.248889	0.248889	0.248889	0.248889	0.248889	0.248889	0.248889	0.248889	0.248889	0.248889	0.248889	0.248889	0.248889	0.248889	0.248889	0.248889	0.248889	0.248889	0.248889	0.248889	0.248889	0.248889	0.248889	0.248889	0.248889	0.248889	0.248889	

74	0.14	1	0	task-0:0.468	|	0.302456	0.280418	0.280376	0.251973	0.257102	0.257116	0.249218	0.254008	0.254008	0.249596	0.249619	0.249619	0.248887	0.249913	0.249914	0.249139	0.248901	0.248901	0.248926	0.248926	0.248891	0.248909	0.248909	0.248892	0.248892	0.248892	0.248889	0.248893	0.248893	0.24889	0.248889	0.248889	0.248889	0.248889	0.248889	0.248889	0.248889	0.248889	0.248889	0.248889	0.248889	0.248889	0.248889	0.248889	0.248889	0.248889	0.248889	0.248889	0.248889	0.248889	0.248889	0.248889	0.248889	0.248889	0.248889	0.248889	0.248889	0.248889	0.248889	0.248889	0.248889	0.248889	0.248889	0.248889	0.248889	0.248889	0.248889	0.248889	0.248889	0.248889	0.248889	0.248889	0.248889	0.248889	

67	0.14	1	0	task-0:0.468	|	0.294998	0.256112	0.254986	0.250842	0.250877	0.249178	0.249187	0.249074	0.249076	0.248892	0.248893	0.248923	0.248923	0.248893	0.248896	0.248896	0.248889	0.248895	0.248895	0.24889	0.248889	0.248889	0.248889	0.248889	0.248889	0.248889	0.248889	0.248889	0.248889	0.248889	0.248889	0.248889	0.248889	0.248889	0.248889	0.248889	0.248889	0.248889	0.248889	0.248889	0.248889	0.248889	0.248889	0.248889	0.248889	0.248889	0.248889	0.248889	0.248889	0.248889	0.248889	0.248889	0.248889	0.248889	0.248889	0.248889	0.248889	0.248889	0.248889	0.248889	0.248889	0.248889	0.248889	0.248889	0.248889	0.248889	0.248889	

64	0.234	1	0	task-0:0.468	|	0.267955	0.306223	0.28965	0.254262	0.254514	0.254518	0.248892	0.256634	0.256634	0.250757	0.249003	0.249003	0.249152	0.249152	0.248897	0.249067	0.249067	0.248917	0.248908	0.248908	0.248889	0.248889	0.248893	0.248893	0.248889	0.248889	0.248889	0.248889	0.248889	0.248889	0.248889	0.248889	0.248889	0.248889	0.248889	0.248889	0.248889	0.248889	0.248889	0.248889	0.248889	0.248889	0.248889	0.248889	0.248889	0.248889	0.248889	0.248889	0.248889	0.248889	0.248889	0.248889	0.248889	0.248889	0.248889	0.248889	0.248889	0.248889	0.248889	0.248889	0.248889	0.248889	0.248889	0.248889	

60	0.031	1	0	task-0:0.454	|	0.245005	0.321995	0.320998	0.276837	0.247085	0.274054	0.274054	0.249423	0.246496	0.245259	0.242305	0.239482	0.234713	0.227987	0.220126	0.212916	0.206447	0.201562	0.203398	0.199047	0.205453	0.205453	0.199702	0.199531	0.199531	0.198692	0.1987	0.198463	0.198285	0.198226	0.198154	0.198	0.197926	0.197871	0.197795	0.197643	0.197517	0.197597	0.197474	0.197369	0.197285	0.197284	0.197254	0.197224	0.197112	0.197041	0.197049	0.197027	0.197005	0.19692	0.196864	0.19687	0.19685	0.19683	0.196809	0.196731	0.196683	0.196684	0.196665	0.196644	

56	0.031	1	0	task-0:0.468	|	0.298663	0.256984	0.253777	0.252286	0.252287	0.248899	0.248899	0.249662	0.249662	0.249042	0.248929	0.248929	0.248898	0.248898	0.248892	0.248892	0.248889	0.248889	0.248889	0.248889	0.248889	0.248889	0.248889	0.248889	0.248889	0.248889	0.248889	0.248889	0.248889	0.248889	0.248889	0.248889	0.248889	0.248889	0.248889	0.248889	0.248889	0.248889	0.248889	0.248889	0.248889	0.248889	0.248889	0.248889	0.248889	0.248889	0.248889	0.248889	0.248889	0.248889	0.248889	0.248889	0.248889	0.248889	0.248889	0.248889	

71	0.405	1	0	task-0:0.468	|	0.264179	0.28079	0.27916	0.252566	0.25664	0.256631	0.249057	0.254513	0.254513	0.249867	0.249373	0.249375	0.248905	0.248906	0.248962	0.248964	0.248892	0.248925	0.248925	0.248893	0.248897	0.248897	0.248889	0.248895	0.248895	0.24889	0.248889	0.248889	0.248889	0.248889	0.248889	0.248889	0.248889	0.248889	0.248889	0.248889	0.248889	0.248889	0.248889	0.248889	0.248889	0.248889	0.248889	0.248889	0.248889	0.248889	0.248889	0.248889	0.248889	0.248889	0.248889	0.248889	0.248889	0.248889	0.248889	0.248889	0.248889	0.248889	0.248889	0.248889	0.248889	0.248889	0.248889	0.248889	0.248889	0.248889	0.248889	0.248889	0.248889	0.248889	0.248889	

71	0.218	1	0	task-0:0.468	|	0.261364	0.287782	0.282522	0.253885	0.254918	0.254916	0.248886	0.256098	0.256098	0.250609	0.249013	0.249016	0.249107	0.24911	0.248888	0.249096	0.249097	0.248929	0.248899	0.2489	0.248891	0.248891	0.24889	0.24889	0.248889	0.248889	0.248889	0.248889	0.248889	0.248889	0.248889	0.248889	0.248889	0.248889	0.248889	0.248889	0.248889	0.248889	0.248889	0.248889	0.248889	0.248889	0.248889	0.248889	0.248889	0.248889	0.248889	0.248889	0.248889	0.248889	0.248889	0.248889	0.248889	0.248889	0.248889	0.248889	0.248889	0.248889	0.248889	0.248889	0.248889	0.248889	0.248889	0.248889	0.248889	0.248889	0.248889	0.248889	0.248889	0.248889	0.248889	

68	0.109	1	0	task-0:0.468	|	0.263931	0.291569	0.291051	0.258524	0.251293	0.251271	0.249563	0.249562	0.249012	0.249012	0.24894	0.248941	0.24889	0.248891	0.248896	0.248896	0.248889	0.248894	0.248894	0.24889	0.248889	0.248889	0.248889	0.248889	0.248889	0.248889	0.248889	0.248889	0.248889	0.248889	0.248889	0.248889	0.248889	0.248889	0.248889	0.248889	0.248889	0.248889	0.248889	0.248889	0.248889	0.248889	0.248889	0.248889	0.248889	0.248889	0.248889	0.248889	0.248889	0.248889	0.248889	0.248889	0.248889	0.248889	0.248889	0.248889	0.248889	0.248889	0.248889	0.248889	0.248889	0.248889	0.248889	0.248889	0.248889	0.248889	0.248889	0.248889	

67	0.234	1	0	task-0:0.468	|	0.286753	0.273102	0.270007	0.24928	0.264297	0.264296	0.251779	0.250138	0.250138	0.24898	0.24898	0.249054	0.249054	0.248892	0.249028	0.249028	0.248915	0.248898	0.248898	0.24889	0.24889	0.24889	0.24889	0.248889	0.248889	0.248889	0.248889	0.248889	0.248889	0.248889	0.248889	0.248889	0.248889	0.248889	0.248889	0.248889	0.248889	0.248889	0.248889	0.248889	0.248889	0.248889	0.248889	0.248889	0.248889	0.248889	0.248889	0.248889	0.248889	0.248889	0.248889	0.248889	0.248889	0.248889	0.248889	0.248889	0.248889	0.248889	0.248889	0.248889	0.248889	0.248889	0.248889	0.248889	0.248889	0.248889	0.248889	

71	0.141	1	0	task-0:0.468	|	0.261364	0.287782	0.282522	0.253885	0.254918	0.254916	0.248886	0.256098	0.256098	0.250609	0.249013	0.249016	0.249107	0.24911	0.248888	0.249096	0.249097	0.248929	0.248899	0.2489	0.248891	0.248891	0.24889	0.24889	0.248889	0.248889	0.248889	0.248889	0.248889	0.248889	0.248889	0.248889	0.248889	0.248889	0.248889	0.248889	0.248889	0.248889	0.248889	0.248889	0.248889	0.248889	0.248889	0.248889	0.248889	0.248889	0.248889	0.248889	0.248889	0.248889	0.248889	0.248889	0.248889	0.248889	0.248889	0.248889	0.248889	0.248889	0.248889	0.248889	0.248889	0.248889	0.248889	0.248889	0.248889	0.248889	0.248889	0.248889	0.248889	0.248889	0.248889	

71	0.14	1	0	task-0:0.468	|	0.263953	0.277622	0.276207	0.251459	0.258516	0.258515	0.249432	0.253123	0.253121	0.249323	0.249931	0.249933	0.248909	0.249588	0.249591	0.248998	0.248964	0.248965	0.248889	0.24889	0.248904	0.248904	0.248891	0.248891	0.248891	0.248889	0.248889	0.248889	0.248889	0.248889	0.248889	0.248889	0.248889	0.248889	0.248889	0.248889	0.248889	0.248889	0.248889	0.248889	0.248889	0.248889	0.248889	0.248889	0.248889	0.248889	0.248889	0.248889	0.248889	0.248889	0.248889	0.248889	0.248889	0.248889	0.248889	0.248889	0.248889	0.248889	0.248889	0.248889	0.248889	0.248889	0.248889	0.248889	0.248889	0.248889	0.248889	0.248889	0.248889	0.248889	0.248889	

62	0.14	1	0	task-0:0.464	|	0.291999	0.328551	0.328551	0.260081	0.307079	0.307079	0.267516	0.263902	0.263902	0.257819	0.258825	0.255964	0.254502	0.253561	0.252478	0.251171	0.24933	0.247267	0.244575	0.241672	0.23921	0.238017	0.234973	0.232897	0.230735	0.228398	0.226215	0.228228	0.225275	0.223593	0.222175	0.225036	0.225036	0.222856	0.22181	0.221805	0.221767	0.221535	0.221199	0.220861	0.219838	0.218489	0.217271	0.215661	0.213777	0.211671	0.209522	0.209016	0.207833	0.206832	0.206156	0.205341	0.204555	0.203847	0.203365	0.202692	0.201933	0.20109	0.200172	0.199195	0.199385	0.198452	

71	0.141	1	0	task-0:0.468	|	0.249512	0.310252	0.309487	0.266814	0.249075	0.249086	0.252521	0.252523	0.249407	0.249365	0.249367	0.248888	0.248889	0.249005	0.249005	0.248916	0.248891	0.248891	0.248892	0.248892	0.248889	0.248892	0.248892	0.24889	0.248889	0.248889	0.248889	0.248889	0.248889	0.248889	0.248889	0.248889	0.248889	0.248889	0.248889	0.248889	0.248889	0.248889	0.248889	0.248889	0.248889	0.248889	0.248889	0.248889	0.248889	0.248889	0.248889	0.248889	0.248889	0.248889	0.248889	0.248889	0.248889	0.248889	0.248889	0.248889	0.248889	0.248889	0.248889	0.248889	0.248889	0.248889	0.248889	0.248889	0.248889	0.248889	0.248889	0.248889	0.248889	0.248889	0.248889	

71	0.249	1	0	task-0:0.468	|	0.249512	0.310252	0.309487	0.266814	0.249075	0.249086	0.252521	0.252523	0.249407	0.249365	0.249367	0.248888	0.248889	0.249005	0.249005	0.248916	0.248891	0.248891	0.248892	0.248892	0.248889	0.248892	0.248892	0.24889	0.248889	0.248889	0.248889	0.248889	0.248889	0.248889	0.248889	0.248889	0.248889	0.248889	0.248889	0.248889	0.248889	0.248889	0.248889	0.248889	0.248889	0.248889	0.248889	0.248889	0.248889	0.248889	0.248889	0.248889	0.248889	0.248889	0.248889	0.248889	0.248889	0.248889	0.248889	0.248889	0.248889	0.248889	0.248889	0.248889	0.248889	0.248889	0.248889	0.248889	0.248889	0.248889	0.248889	0.248889	0.248889	0.248889	0.248889	

74	0.141	1	0	task-0:0.468	|	0.268819	0.273211	0.272063	0.250177	0.261661	0.261652	0.250376	0.251431	0.25143	0.248914	0.251148	0.25115	0.249307	0.249017	0.249019	0.248907	0.248908	0.248901	0.248901	0.248889	0.248889	0.248891	0.248891	0.248889	0.248889	0.248889	0.248889	0.248889	0.248889	0.248889	0.248889	0.248889	0.248889	0.248889	0.248889	0.248889	0.248889	0.248889	0.248889	0.248889	0.248889	0.248889	0.248889	0.248889	0.248889	0.248889	0.248889	0.248889	0.248889	0.248889	0.248889	0.248889	0.248889	0.248889	0.248889	0.248889	0.248889	0.248889	0.248889	0.248889	0.248889	0.248889	0.248889	0.248889	0.248889	0.248889	0.248889	0.248889	0.248889	0.248889	0.248889	0.248889	0.248889	0.248889	

62	0.14	1	0	task-0:0.468	|	0.279371	0.258418	0.255455	0.250611	0.250631	0.249301	0.249305	0.249001	0.249001	0.248913	0.248913	0.248897	0.248897	0.24889	0.24889	0.24889	0.24889	0.248889	0.248889	0.248889	0.248889	0.248889	0.248889	0.248889	0.248889	0.248889	0.248889	0.248889	0.248889	0.248889	0.248889	0.248889	0.248889	0.248889	0.248889	0.248889	0.248889	0.248889	0.248889	0.248889	0.248889	0.248889	0.248889	0.248889	0.248889	0.248889	0.248889	0.248889	0.248889	0.248889	0.248889	0.248889	0.248889	0.248889	0.248889	0.248889	0.248889	0.248889	0.248889	0.248889	0.248889	0.248889	

71	0.14	1	0	task-0:0.468	|	0.249512	0.310252	0.309487	0.266814	0.249075	0.249086	0.252521	0.252523	0.249407	0.249365	0.249367	0.248888	0.248889	0.249005	0.249005	0.248916	0.248891	0.248891	0.248892	0.248892	0.248889	0.248892	0.248892	0.24889	0.248889	0.248889	0.248889	0.248889	0.248889	0.248889	0.248889	0.248889	0.248889	0.248889	0.248889	0.248889	0.248889	0.248889	0.248889	0.248889	0.248889	0.248889	0.248889	0.248889	0.248889	0.248889	0.248889	0.248889	0.248889	0.248889	0.248889	0.248889	0.248889	0.248889	0.248889	0.248889	0.248889	0.248889	0.248889	0.248889	0.248889	0.248889	0.248889	0.248889	0.248889	0.248889	0.248889	0.248889	0.248889	0.248889	0.248889	

58	0.125	1	0	task-0:0.468	|	0.249822	0.381855	0.381855	0.277358	0.253503	0.253503	0.24985	0.249658	0.247248	0.246956	0.247553	0.246928	0.245818	0.245417	0.244753	0.243955	0.243188	0.242201	0.240907	0.239319	0.237398	0.234635	0.231414	0.227628	0.223368	0.218814	0.220413	0.213501	0.207249	0.203486	0.200211	0.197474	0.196378	0.194317	0.193635	0.193426	0.193784	0.194061	0.193932	0.195574	0.195574	0.194477	0.1939	0.1939	0.194078	0.194184	0.194117	0.194008	0.193889	0.193762	0.193573	0.193574	0.193782	0.193782	0.193653	0.193561	0.19356	0.193598	

84	0.234	1	0	task-0:0.454	|	0.260262	0.349523	0.349523	0.263644	0.268822	0.268822	0.250319	0.261872	0.258412	0.247592	0.250976	0.250976	0.247371	0.247006	0.246594	0.246118	0.245867	0.245333	0.244872	0.244274	0.243607	0.243032	0.242493	0.242024	0.240788	0.238821	0.236715	0.233596	0.229963	0.225738	0.220955	0.217811	0.214357	0.210967	0.208287	0.203005	0.199366	0.195993	0.194696	0.194613	0.195899	0.198435	0.201539	0.205729	0.210916	0.215844	0.219995	0.217458	0.224095	0.224095	0.216696	0.216694	0.216504	0.217758	0.217758	0.216734	0.2166	0.2167	0.216785	0.216878	0.216945	0.216985	0.217007	0.216991	0.217039	0.217016	0.216953	0.217109	0.217229	0.217406	0.21702	0.2168	0.217031	0.216733	0.216223	0.215668	0.215559	0.215233	0.214867	0.214313	0.213786	0.213621	0.213251	0.212807	

69	0.156	1	0	task-0:0.468	|	0.268833	0.279436	0.276246	0.25063	0.259788	0.25979	0.249956	0.252128	0.252128	0.249032	0.250611	0.250611	0.249111	0.24919	0.24919	0.24889	0.249217	0.249217	0.248961	0.248899	0.248899	0.248896	0.248896	0.248889	0.248889	0.24889	0.24889	0.248889	0.248889	0.248889	0.248889	0.248889	0.248889	0.248889	0.248889	0.248889	0.248889	0.248889	0.248889	0.248889	0.248889	0.248889	0.248889	0.248889	0.248889	0.248889	0.248889	0.248889	0.248889	0.248889	0.248889	0.248889	0.248889	0.248889	0.248889	0.248889	0.248889	0.248889	0.248889	0.248889	0.248889	0.248889	0.248889	0.248889	0.248889	0.248889	0.248889	0.248889	0.248889	

91	0.14	1	0	task-0:0.468	|	0.254728	0.353932	0.353932	0.271221	0.261806	0.261806	0.249693	0.249693	0.252195	0.252112	0.249165	0.24704	0.246324	0.244953	0.24363	0.243764	0.242354	0.240771	0.23975	0.238996	0.238517	0.238414	0.238775	0.239668	0.240899	0.242224	0.24357	0.244865	0.246053	0.247067	0.247836	0.248345	0.248728	0.248877	0.248921	0.248921	0.248892	0.248896	0.248896	0.248889	0.248894	0.248894	0.24889	0.248889	0.248889	0.248889	0.248889	0.248889	0.248889	0.248889	0.248889	0.248889	0.248889	0.248889	0.248889	0.248889	0.248889	0.248889	0.248889	0.248889	0.248889	0.248889	0.248889	0.248889	0.248889	0.248889	0.248889	0.248889	0.248889	0.248889	0.248889	0.248889	0.248889	0.248889	0.248889	0.248889	0.248889	0.248889	0.248889	0.248889	0.248889	0.248889	0.248889	0.248889	0.248889	0.248889	0.248889	0.248889	0.248889	0.248889	0.248889	

75	0.25	1	0	task-0:0.468	|	0.255148	0.285686	0.282491	0.253967	0.25482	0.254819	0.248884	0.256192	0.256191	0.25066	0.249001	0.249003	0.249126	0.249129	0.24889	0.249078	0.249079	0.248922	0.248904	0.248904	0.24889	0.24889	0.248891	0.248891	0.248889	0.24889	0.24889	0.248889	0.248889	0.248889	0.248889	0.248889	0.248889	0.248889	0.248889	0.248889	0.248889	0.248889	0.248889	0.248889	0.248889	0.248889	0.248889	0.248889	0.248889	0.248889	0.248889	0.248889	0.248889	0.248889	0.248889	0.248889	0.248889	0.248889	0.248889	0.248889	0.248889	0.248889	0.248889	0.248889	0.248889	0.248889	0.248889	0.248889	0.248889	0.248889	0.248889	0.248889	0.248889	0.248889	0.248889	0.248889	0.248889	0.248889	0.248889	

69	0.125	1	0	task-0:0.468	|	0.31632	0.254215	0.254046	0.251393	0.251429	0.24898	0.249003	0.249273	0.249276	0.248906	0.2491	0.2491	0.248916	0.248925	0.248925	0.248889	0.248929	0.248929	0.248898	0.24889	0.24889	0.24889	0.24889	0.248889	0.248889	0.248889	0.248889	0.248889	0.248889	0.248889	0.248889	0.248889	0.248889	0.248889	0.248889	0.248889	0.248889	0.248889	0.248889	0.248889	0.248889	0.248889	0.248889	0.248889	0.248889	0.248889	0.248889	0.248889	0.248889	0.248889	0.248889	0.248889	0.248889	0.248889	0.248889	0.248889	0.248889	0.248889	0.248889	0.248889	0.248889	0.248889	0.248889	0.248889	0.248889	0.248889	0.248889	0.248889	0.248889	

75	0.14	1	0	task-0:0.468	|	0.260632	0.298661	0.298291	0.262999	0.249614	0.249591	0.251193	0.251192	0.249011	0.250027	0.250027	0.249015	0.24913	0.249131	0.248893	0.249084	0.249084	0.248923	0.248903	0.248903	0.24889	0.24889	0.248891	0.248891	0.248889	0.248891	0.248891	0.248889	0.248889	0.248889	0.248889	0.248889	0.248889	0.248889	0.248889	0.248889	0.248889	0.248889	0.248889	0.248889	0.248889	0.248889	0.248889	0.248889	0.248889	0.248889	0.248889	0.248889	0.248889	0.248889	0.248889	0.248889	0.248889	0.248889	0.248889	0.248889	0.248889	0.248889	0.248889	0.248889	0.248889	0.248889	0.248889	0.248889	0.248889	0.248889	0.248889	0.248889	0.248889	0.248889	0.248889	0.248889	0.248889	0.248889	0.248889	

104	0.249	1	0	task-0:0.452	|	0.264443	0.339634	0.339634	0.260785	0.274064	0.274064	0.251993	0.261124	0.25855	0.248606	0.253408	0.253408	0.249024	0.248095	0.247728	0.247483	0.247236	0.246574	0.24597	0.245289	0.244496	0.24365	0.242782	0.24198	0.24135	0.241012	0.239556	0.236842	0.233024	0.229413	0.225824	0.223461	0.220904	0.217141	0.214751	0.213418	0.213189	0.213874	0.215097	0.216468	0.217745	0.218799	0.219606	0.220184	0.220659	0.221221	0.222079	0.22339	0.225052	0.226702	0.228085	0.229461	0.229768	0.228692	0.227341	0.23533	0.241373	0.24168	0.241608	0.241515	0.241434	0.241383	0.241363	0.241394	0.24138	0.245319	0.246814	0.249183	0.249111	0.249038	0.248969	0.248915	0.248889	0.248915	0.248915	0.248894	0.24889	0.24889	0.248889	0.248889	0.248889	0.248889	0.248889	0.248889	0.248889	0.248889	0.248889	0.248889	0.248889	0.248889	0.248889	0.248889	0.248889	0.248889	0.248889	0.248889	0.248889	0.248889	0.248889	0.248889	0.248889	0.248889	0.248889	0.248889	

51	0.125	1	0	task-0:0.468	|	0.339486	0.247129	0.244314	0.257772	0.243139	0.241165	0.241165	0.228261	0.235103	0.230896	0.226628	0.226628	0.227541	0.22792	0.22664	0.225574	0.225461	0.225699	0.22586	0.226021	0.225668	0.225494	0.225303	0.225067	0.224757	0.224517	0.224847	0.224994	0.225196	0.225472	0.226493	0.227456	0.228628	0.230262	0.230011	0.230607	0.231314	0.232145	0.233116	0.234278	0.235514	0.234361	0.23416	0.233929	0.234027	0.233879	0.23401	0.23421	0.234378	0.234629	0.234974	

75	0.156	1	0	task-0:0.468	|	0.249433	0.345147	0.332895	0.281894	0.250195	0.267573	0.267574	0.251685	0.251831	0.251831	0.248889	0.252898	0.252898	0.249898	0.248935	0.248935	0.249047	0.249047	0.248897	0.248965	0.248965	0.248897	0.248906	0.248906	0.248889	0.248902	0.248902	0.248891	0.24889	0.24889	0.248889	0.248889	0.248889	0.248889	0.248889	0.248889	0.248889	0.248889	0.248889	0.248889	0.248889	0.248889	0.248889	0.248889	0.248889	0.248889	0.248889	0.248889	0.248889	0.248889	0.248889	0.248889	0.248889	0.248889	0.248889	0.248889	0.248889	0.248889	0.248889	0.248889	0.248889	0.248889	0.248889	0.248889	0.248889	0.248889	0.248889	0.248889	0.248889	0.248889	0.248889	0.248889	0.248889	0.248889	0.248889	

56	0.125	1	0	task-0:0.468	|	0.257983	0.353681	0.353681	0.266182	0.267881	0.267881	0.247775	0.266545	0.262991	0.246951	0.247754	0.247754	0.244795	0.246437	0.245822	0.244016	0.243606	0.243066	0.24221	0.241482	0.240596	0.239622	0.238818	0.238161	0.23645	0.235056	0.233562	0.232111	0.231726	0.231373	0.231596	0.232629	0.232016	0.234326	0.234618	0.23335	0.230876	0.22711	0.222248	0.21684	0.214034	0.213173	0.209895	0.207881	0.209107	0.20979	0.211083	0.209422	0.207713	0.209728	0.213291	0.21718	0.221363	0.226763	0.232904	0.238821	

72	0.14	1	0	task-0:0.468	|	0.249441	0.303147	0.303096	0.262953	0.249778	0.249787	0.250866	0.250867	0.248935	0.250291	0.250293	0.249123	0.249022	0.249022	0.248893	0.248893	0.248912	0.248912	0.248891	0.248896	0.248896	0.248889	0.248892	0.248892	0.248889	0.24889	0.24889	0.248889	0.24889	0.24889	0.248889	0.248889	0.248889	0.248889	0.248889	0.248889	0.248889	0.248889	0.248889	0.248889	0.248889	0.248889	0.248889	0.248889	0.248889	0.248889	0.248889	0.248889	0.248889	0.248889	0.248889	0.248889	0.248889	0.248889	0.248889	0.248889	0.248889	0.248889	0.248889	0.248889	0.248889	0.248889	0.248889	0.248889	0.248889	0.248889	0.248889	0.248889	0.248889	0.248889	0.248889	0.248889	

72	0.14	1	0	task-0:0.468	|	0.28815	0.260692	0.255132	0.251531	0.251501	0.248962	0.248961	0.249285	0.249294	0.248902	0.249063	0.249067	0.248904	0.248939	0.248939	0.248891	0.248916	0.248916	0.248892	0.248894	0.248894	0.248889	0.248894	0.248894	0.24889	0.248889	0.248889	0.248889	0.248889	0.248889	0.248889	0.248889	0.248889	0.248889	0.248889	0.248889	0.248889	0.248889	0.248889	0.248889	0.248889	0.248889	0.248889	0.248889	0.248889	0.248889	0.248889	0.248889	0.248889	0.248889	0.248889	0.248889	0.248889	0.248889	0.248889	0.248889	0.248889	0.248889	0.248889	0.248889	0.248889	0.248889	0.248889	0.248889	0.248889	0.248889	0.248889	0.248889	0.248889	0.248889	0.248889	0.248889	

64	0.141	1	0	task-0:0.448	|	0.248276	0.328701	0.327206	0.283612	0.250681	0.268356	0.268356	0.249735	0.251887	0.251328	0.246668	0.250333	0.249883	0.24541	0.242696	0.241297	0.235878	0.229842	0.226233	0.224487	0.221803	0.219138	0.21604	0.213155	0.210396	0.207337	0.204547	0.202734	0.201779	0.204849	0.202697	0.203284	0.203284	0.201886	0.202142	0.201819	0.201442	0.201339	0.201226	0.201115	0.201027	0.200839	0.200627	0.200444	0.200306	0.200145	0.199955	0.199738	0.199509	0.199286	0.199078	0.198926	0.198621	0.198459	0.198228	0.197997	0.197725	0.197429	0.197153	0.197369	0.197052	0.196912	0.196855	0.196899	

64	0.109	1	0	task-0:0.448	|	0.248276	0.328701	0.327206	0.283612	0.250681	0.268356	0.268356	0.249735	0.251887	0.251328	0.246668	0.250333	0.249883	0.24541	0.242696	0.241297	0.235878	0.229842	0.226233	0.224487	0.221803	0.219138	0.21604	0.213155	0.210396	0.207337	0.204547	0.202734	0.201779	0.204849	0.202697	0.203284	0.203284	0.201886	0.202142	0.201819	0.201442	0.201339	0.201226	0.201115	0.201027	0.200839	0.200627	0.200444	0.200306	0.200145	0.199955	0.199738	0.199509	0.199286	0.199078	0.198926	0.198621	0.198459	0.198228	0.197997	0.197725	0.197429	0.197153	0.197369	0.197052	0.196912	0.196855	0.196899	

72	0.14	1	0	task-0:0.468	|	0.249441	0.303147	0.303096	0.262953	0.249778	0.249787	0.250866	0.250867	0.248935	0.250291	0.250293	0.249123	0.249022	0.249022	0.248893	0.248893	0.248912	0.248912	0.248891	0.248896	0.248896	0.248889	0.248892	0.248892	0.248889	0.24889	0.24889	0.248889	0.24889	0.24889	0.248889	0.248889	0.248889	0.248889	0.248889	0.248889	0.248889	0.248889	0.248889	0.248889	0.248889	0.248889	0.248889	0.248889	0.248889	0.248889	0.248889	0.248889	0.248889	0.248889	0.248889	0.248889	0.248889	0.248889	0.248889	0.248889	0.248889	0.248889	0.248889	0.248889	0.248889	0.248889	0.248889	0.248889	0.248889	0.248889	0.248889	0.248889	0.248889	0.248889	0.248889	0.248889	

76	0.094	1	0	task-0:0.468	|	0.316887	0.248302	0.248336	0.258636	0.258394	0.24805	0.247266	0.247171	0.245549	0.248384	0.24881	0.247515	0.247319	0.247782	0.248317	0.248602	0.248691	0.24881	0.248873	0.24888	0.248907	0.248909	0.248893	0.24889	0.24889	0.248889	0.248889	0.248889	0.248889	0.248889	0.248889	0.248889	0.248889	0.248889	0.248889	0.248889	0.248889	0.248889	0.248889	0.248889	0.248889	0.248889	0.248889	0.248889	0.248889	0.248889	0.248889	0.248889	0.248889	0.248889	0.248889	0.248889	0.248889	0.248889	0.248889	0.248889	0.248889	0.248889	0.248889	0.248889	0.248889	0.248889	0.248889	0.248889	0.248889	0.248889	0.248889	0.248889	0.248889	0.248889	0.248889	0.248889	0.248889	0.248889	0.248889	0.248889	

65	0.093	1	0	task-0:0.468	|	0.252887	0.33127	0.322263	0.272652	0.248853	0.288602	0.288602	0.257632	0.249507	0.249507	0.249849	0.249724	0.248357	0.248518	0.2476	0.245977	0.244013	0.240909	0.237334	0.234511	0.232225	0.229222	0.226057	0.22231	0.217956	0.213534	0.209048	0.205286	0.201998	0.200208	0.202746	0.199286	0.206874	0.206874	0.200763	0.19956	0.19956	0.19931	0.19931	0.199221	0.199407	0.199315	0.199158	0.199111	0.199114	0.199104	0.1991	0.199068	0.19902	0.198977	0.19893	0.198875	0.198811	0.198736	0.198685	0.198615	0.198536	0.198452	0.198385	0.198276	0.198209	0.198535	0.198535	0.198299	0.198208	

66	0.094	1	0	task-0:0.468	|	0.296308	0.259775	0.258859	0.249387	0.249376	0.250485	0.250485	0.248972	0.249687	0.249687	0.248979	0.249054	0.249054	0.248892	0.249027	0.249028	0.248914	0.248898	0.248898	0.24889	0.24889	0.24889	0.24889	0.248889	0.24889	0.24889	0.248889	0.248889	0.248889	0.248889	0.248889	0.248889	0.248889	0.248889	0.248889	0.248889	0.248889	0.248889	0.248889	0.248889	0.248889	0.248889	0.248889	0.248889	0.248889	0.248889	0.248889	0.248889	0.248889	0.248889	0.248889	0.248889	0.248889	0.248889	0.248889	0.248889	0.248889	0.248889	0.248889	0.248889	0.248889	0.248889	0.248889	0.248889	0.248889	0.248889	

72	0.109	1	0	task-0:0.468	|	0.28815	0.260692	0.255132	0.251531	0.251501	0.248962	0.248961	0.249285	0.249294	0.248902	0.249063	0.249067	0.248904	0.248939	0.248939	0.248891	0.248916	0.248916	0.248892	0.248894	0.248894	0.248889	0.248894	0.248894	0.24889	0.248889	0.248889	0.248889	0.248889	0.248889	0.248889	0.248889	0.248889	0.248889	0.248889	0.248889	0.248889	0.248889	0.248889	0.248889	0.248889	0.248889	0.248889	0.248889	0.248889	0.248889	0.248889	0.248889	0.248889	0.248889	0.248889	0.248889	0.248889	0.248889	0.248889	0.248889	0.248889	0.248889	0.248889	0.248889	0.248889	0.248889	0.248889	0.248889	0.248889	0.248889	0.248889	0.248889	0.248889	0.248889	0.248889	0.248889	

77	0.156	1	0	task-0:0.468	|	0.343362	0.248647	0.24703	0.257544	0.248164	0.239571	0.239571	0.2351	0.238769	0.237019	0.236827	0.236485	0.237438	0.23788	0.238032	0.238081	0.238149	0.238353	0.238792	0.239552	0.240732	0.244041	0.246289	0.2478	0.24852	0.248783	0.248862	0.248887	0.248893	0.248893	0.248889	0.24889	0.24889	0.248889	0.24889	0.24889	0.248889	0.248889	0.248889	0.248889	0.248889	0.248889	0.248889	0.248889	0.248889	0.248889	0.248889	0.248889	0.248889	0.248889	0.248889	0.248889	0.248889	0.248889	0.248889	0.248889	0.248889	0.248889	0.248889	0.248889	0.248889	0.248889	0.248889	0.248889	0.248889	0.248889	0.248889	0.248889	0.248889	0.248889	0.248889	0.248889	0.248889	0.248889	0.248889	0.248889	0.248889	

77	0.094	1	0	task-0:0.468	|	0.343362	0.248647	0.24703	0.257544	0.248164	0.239571	0.239571	0.2351	0.238769	0.237019	0.236827	0.236485	0.237438	0.23788	0.238032	0.238081	0.238149	0.238353	0.238792	0.239552	0.240732	0.244041	0.246289	0.2478	0.24852	0.248783	0.248862	0.248887	0.248893	0.248893	0.248889	0.24889	0.24889	0.248889	0.24889	0.24889	0.248889	0.248889	0.248889	0.248889	0.248889	0.248889	0.248889	0.248889	0.248889	0.248889	0.248889	0.248889	0.248889	0.248889	0.248889	0.248889	0.248889	0.248889	0.248889	0.248889	0.248889	0.248889	0.248889	0.248889	0.248889	0.248889	0.248889	0.248889	0.248889	0.248889	0.248889	0.248889	0.248889	0.248889	0.248889	0.248889	0.248889	0.248889	0.248889	0.248889	0.248889	

69	0.094	1	0	task-0:0.468	|	0.284858	0.270625	0.257875	0.251044	0.250949	0.249067	0.249061	0.249036	0.249059	0.248855	0.24887	0.248935	0.24894	0.2489	0.24889	0.24889	0.24889	0.24889	0.248889	0.248891	0.248891	0.248889	0.248889	0.248889	0.248889	0.248889	0.248889	0.248889	0.248889	0.248889	0.248889	0.248889	0.248889	0.248889	0.248889	0.248889	0.248889	0.248889	0.248889	0.248889	0.248889	0.248889	0.248889	0.248889	0.248889	0.248889	0.248889	0.248889	0.248889	0.248889	0.248889	0.248889	0.248889	0.248889	0.248889	0.248889	0.248889	0.248889	0.248889	0.248889	0.248889	0.248889	0.248889	0.248889	0.248889	0.248889	0.248889	0.248889	0.248889	

77	0.093	1	0	task-0:0.468	|	0.343362	0.248647	0.24703	0.257544	0.248164	0.239571	0.239571	0.2351	0.238769	0.237019	0.236827	0.236485	0.237438	0.23788	0.238032	0.238081	0.238149	0.238353	0.238792	0.239552	0.240732	0.244041	0.246289	0.2478	0.24852	0.248783	0.248862	0.248887	0.248893	0.248893	0.248889	0.24889	0.24889	0.248889	0.24889	0.24889	0.248889	0.248889	0.248889	0.248889	0.248889	0.248889	0.248889	0.248889	0.248889	0.248889	0.248889	0.248889	0.248889	0.248889	0.248889	0.248889	0.248889	0.248889	0.248889	0.248889	0.248889	0.248889	0.248889	0.248889	0.248889	0.248889	0.248889	0.248889	0.248889	0.248889	0.248889	0.248889	0.248889	0.248889	0.248889	0.248889	0.248889	0.248889	0.248889	0.248889	0.248889	

101	0.125	1	0	task-0:0.468	|	0.323513	0.253079	0.247913	0.2591	0.2556	0.238392	0.239213	0.231634	0.237195	0.235272	0.230311	0.230419	0.230239	0.231573	0.231258	0.230051	0.229396	0.229194	0.229155	0.228975	0.228718	0.228304	0.22765	0.227823	0.227888	0.228055	0.228619	0.229314	0.231213	0.234142	0.236762	0.238965	0.240866	0.242369	0.243616	0.244694	0.2456	0.246421	0.24715	0.247828	0.248698	0.249003	0.248967	0.248939	0.248906	0.248895	0.24889	0.24889	0.248889	0.248889	0.248889	0.248889	0.248889	0.248889	0.248889	0.248889	0.248889	0.248889	0.248889	0.248889	0.248889	0.248889	0.248889	0.248889	0.248889	0.248889	0.248889	0.248889	0.248889	0.248889	0.248889	0.248889	0.248889	0.248889	0.248889	0.248889	0.248889	0.248889	0.248889	0.248889	0.248889	0.248889	0.248889	0.248889	0.248889	0.248889	0.248889	0.248889	0.248889	0.248889	0.248889	0.248889	0.248889	0.248889	0.248889	0.248889	0.248889	0.248889	0.248889	0.248889	0.248889	

75	0.094	1	0	task-0:0.468	|	0.324887	0.248398	0.247679	0.261962	0.256846	0.236022	0.235622	0.239214	0.239073	0.235529	0.234233	0.233428	0.233021	0.232495	0.231745	0.231334	0.231416	0.232031	0.23313	0.234629	0.236339	0.238075	0.239719	0.241193	0.242486	0.243596	0.245382	0.246937	0.248081	0.248641	0.24884	0.248889	0.248889	0.248891	0.248891	0.248889	0.24889	0.24889	0.248889	0.248889	0.248889	0.248889	0.248889	0.248889	0.248889	0.248889	0.248889	0.248889	0.248889	0.248889	0.248889	0.248889	0.248889	0.248889	0.248889	0.248889	0.248889	0.248889	0.248889	0.248889	0.248889	0.248889	0.248889	0.248889	0.248889	0.248889	0.248889	0.248889	0.248889	0.248889	0.248889	0.248889	0.248889	0.248889	0.248889	

76	0.109	1	0	task-0:0.468	|	0.29534	0.254536	0.249314	0.255381	0.255162	0.247015	0.24887	0.24867	0.245875	0.247178	0.247589	0.247051	0.247748	0.248216	0.248287	0.248637	0.248805	0.248815	0.248935	0.248956	0.248902	0.248893	0.248893	0.24889	0.24889	0.248889	0.248889	0.248889	0.248889	0.248889	0.248889	0.248889	0.248889	0.248889	0.248889	0.248889	0.248889	0.248889	0.248889	0.248889	0.248889	0.248889	0.248889	0.248889	0.248889	0.248889	0.248889	0.248889	0.248889	0.248889	0.248889	0.248889	0.248889	0.248889	0.248889	0.248889	0.248889	0.248889	0.248889	0.248889	0.248889	0.248889	0.248889	0.248889	0.248889	0.248889	0.248889	0.248889	0.248889	0.248889	0.248889	0.248889	0.248889	0.248889	0.248889	0.248889	

66	0.094	1	0	task-0:0.468	|	0.290215	0.26598	0.26164	0.249107	0.249109	0.251136	0.251136	0.24915	0.249335	0.249335	0.248895	0.249286	0.249286	0.248964	0.248912	0.248912	0.248893	0.248893	0.248891	0.248891	0.248889	0.248889	0.248889	0.248889	0.248889	0.248889	0.248889	0.248889	0.248889	0.248889	0.248889	0.248889	0.248889	0.248889	0.248889	0.248889	0.248889	0.248889	0.248889	0.248889	0.248889	0.248889	0.248889	0.248889	0.248889	0.248889	0.248889	0.248889	0.248889	0.248889	0.248889	0.248889	0.248889	0.248889	0.248889	0.248889	0.248889	0.248889	0.248889	0.248889	0.248889	0.248889	0.248889	0.248889	0.248889	0.248889	

58	0.093	1	0	task-0:0.468	|	0.250822	0.399628	0.399628	0.282721	0.258719	0.258719	0.247186	0.247412	0.244212	0.243286	0.242104	0.240875	0.239056	0.236606	0.23403	0.230848	0.227078	0.2231	0.219337	0.216228	0.222447	0.216394	0.211285	0.208769	0.206157	0.203501	0.201449	0.199403	0.197576	0.196206	0.194977	0.194492	0.193721	0.19336	0.193049	0.192845	0.192868	0.192827	0.19287	0.192854	0.192871	0.192838	0.192862	0.192862	0.192836	0.192842	0.192842	0.192839	0.19284	0.192842	0.192845	0.192849	0.192855	0.192863	0.192874	0.192888	0.192907	0.192932	

67	0.094	1	0	task-0:0.468	|	0.330846	0.248687	0.306099	0.304987	0.261845	0.252676	0.252682	0.249674	0.249675	0.249166	0.249166	0.248922	0.248922	0.248918	0.248918	0.248889	0.248889	0.248896	0.248896	0.24889	0.248889	0.248889	0.248889	0.248889	0.248889	0.248889	0.248889	0.248889	0.248889	0.248889	0.248889	0.248889	0.248889	0.248889	0.248889	0.248889	0.248889	0.248889	0.248889	0.248889	0.248889	0.248889	0.248889	0.248889	0.248889	0.248889	0.248889	0.248889	0.248889	0.248889	0.248889	0.248889	0.248889	0.248889	0.248889	0.248889	0.248889	0.248889	0.248889	0.248889	0.248889	0.248889	0.248889	0.248889	0.248889	0.248889	0.248889	

71	0.093	1	0	task-0:0.468	|	0.255497	0.285255	0.283998	0.25337	0.255436	0.255437	0.248951	0.255592	0.255592	0.250259	0.249171	0.249171	0.24899	0.24899	0.2489	0.2489	0.2489	0.2489	0.248889	0.248889	0.248892	0.248892	0.24889	0.248889	0.248889	0.248889	0.248889	0.248889	0.248889	0.248889	0.248889	0.248889	0.248889	0.248889	0.248889	0.248889	0.248889	0.248889	0.248889	0.248889	0.248889	0.248889	0.248889	0.248889	0.248889	0.248889	0.248889	0.248889	0.248889	0.248889	0.248889	0.248889	0.248889	0.248889	0.248889	0.248889	0.248889	0.248889	0.248889	0.248889	0.248889	0.248889	0.248889	0.248889	0.248889	0.248889	0.248889	0.248889	0.248889	0.248889	0.248889	

71	0.125	1	0	task-0:0.468	|	0.255497	0.285255	0.283998	0.25337	0.255436	0.255437	0.248951	0.255592	0.255592	0.250259	0.249171	0.249171	0.24899	0.24899	0.2489	0.2489	0.2489	0.2489	0.248889	0.248889	0.248892	0.248892	0.24889	0.248889	0.248889	0.248889	0.248889	0.248889	0.248889	0.248889	0.248889	0.248889	0.248889	0.248889	0.248889	0.248889	0.248889	0.248889	0.248889	0.248889	0.248889	0.248889	0.248889	0.248889	0.248889	0.248889	0.248889	0.248889	0.248889	0.248889	0.248889	0.248889	0.248889	0.248889	0.248889	0.248889	0.248889	0.248889	0.248889	0.248889	0.248889	0.248889	0.248889	0.248889	0.248889	0.248889	0.248889	0.248889	0.248889	0.248889	0.248889	

64	0.078	1	0	task-0:0.468	|	0.255472	0.30206	0.296413	0.258795	0.251321	0.251322	0.249509	0.249509	0.249044	0.249044	0.248927	0.248927	0.248899	0.248899	0.248891	0.248891	0.24889	0.24889	0.248889	0.248889	0.248889	0.248889	0.248889	0.248889	0.248889	0.248889	0.248889	0.248889	0.248889	0.248889	0.248889	0.248889	0.248889	0.248889	0.248889	0.248889	0.248889	0.248889	0.248889	0.248889	0.248889	0.248889	0.248889	0.248889	0.248889	0.248889	0.248889	0.248889	0.248889	0.248889	0.248889	0.248889	0.248889	0.248889	0.248889	0.248889	0.248889	0.248889	0.248889	0.248889	0.248889	0.248889	0.248889	0.248889	

76	0.109	1	0	task-0:0.468	|	0.273722	0.272251	0.263718	0.248844	0.270737	0.270653	0.253939	0.247179	0.246639	0.247416	0.247814	0.247402	0.247508	0.247754	0.24785	0.247785	0.24773	0.247761	0.248435	0.248802	0.248875	0.248886	0.248893	0.248893	0.24889	0.248889	0.248889	0.248889	0.248889	0.248889	0.248889	0.248889	0.248889	0.248889	0.248889	0.248889	0.248889	0.248889	0.248889	0.248889	0.248889	0.248889	0.248889	0.248889	0.248889	0.248889	0.248889	0.248889	0.248889	0.248889	0.248889	0.248889	0.248889	0.248889	0.248889	0.248889	0.248889	0.248889	0.248889	0.248889	0.248889	0.248889	0.248889	0.248889	0.248889	0.248889	0.248889	0.248889	0.248889	0.248889	0.248889	0.248889	0.248889	0.248889	0.248889	0.248889	

