39	0.711	32	0	task-3:0.104	task-0:0.122	task-1:0.192	task-2:0.036	|	0.155343	0.816319	0.797885	0.178702	0.180825	0.161621	0.207127	0.200951	0.15104	0.151925	0.141354	0.133616	0.12398	0.120342	0.117387	0.111007	0.106686	0.103216	0.0985297	0.0918853	0.0817969	0.078747	0.0744495	0.0669183	0.0678664	0.0646564	0.066283	0.0659621	0.0634501	0.0618134	0.060353	0.0584845	0.055856	0.0529635	0.0634326	0.0516171	0.0447265	0.0405634	0.0367801	

213	4.117	32	0	task-3:0.08	task-0:0.108	task-1:0.116	task-2:0.036	|	0.810738	0.183332	0.183326	0.176445	0.513356	0.362883	0.150102	0.163844	0.159675	0.147172	0.149856	0.143358	0.137488	0.137737	0.135106	0.131715	0.126934	0.120837	0.115229	0.109994	0.104508	0.101177	0.10133	0.100169	0.0981331	0.0968703	0.0942291	0.0921632	0.0905992	0.0911469	0.764682	0.704316	0.115072	0.121348	0.111058	0.0984178	0.228696	0.224918	0.0896972	0.0994696	0.0981941	0.093261	0.0840967	0.0828128	0.0847045	0.0885821	0.087492	0.0832474	0.0779605	0.0773398	0.0802249	0.0831425	0.0849915	0.0836185	0.081038	0.0799138	0.0794159	0.0788965	0.0784491	0.07819	0.0780131	0.078192	0.0784772	0.0771861	0.0786069	0.0804521	0.0796524	0.0765774	0.0767172	0.0786112	0.0790832	0.0787966	0.0774505	0.0751886	0.0699657	0.0663444	0.0629268	0.0599723	0.0582048	0.0573524	0.0556623	0.0540222	0.0525011	0.0519167	0.04997	0.0489105	0.0477339	0.0470626	0.0465514	0.0466156	0.0463678	0.0463988	0.0471811	0.0488131	0.0512177	0.0556228	0.0620208	0.0596598	0.0613344	0.0592339	0.057349	0.0566946	0.0580737	0.0573154	0.0557829	0.0551727	0.0553893	0.0554443	0.0555149	0.0555888	0.0554909	0.055376	0.055271	0.0550791	0.0548772	0.0542953	0.0534731	0.0527621	0.0521101	0.0521336	0.052039	0.0522182	0.0526905	0.0532412	0.0538392	0.0543758	0.0510593	0.051363	0.0528236	0.0541639	0.0537732	0.0539457	0.0546595	0.055508	0.056094	0.0565298	0.0559214	0.056545	0.0664996	0.0957477	0.113504	0.13089	0.161256	0.133138	0.130068	0.107426	0.0770397	0.0725637	0.0638251	0.0623656	0.0478177	0.0477987	0.0476632	0.0477853	0.0482665	0.0485636	0.0484955	0.0483055	0.0480894	0.047928	0.0481434	0.0491633	0.0512874	0.053439	0.0551415	0.0559466	0.0564509	0.0567989	0.0568678	0.0568959	0.0569543	0.0570222	0.0572254	0.0572158	0.0570399	0.0570154	0.0569584	0.0569653	0.0570029	0.056987	0.0568652	0.0567069	0.0565011	0.0562005	0.0558338	0.0551543	0.0543832	0.0536551	0.0530151	0.0523272	0.0516767	0.0511026	0.050659	0.0503875	0.0504997	0.0495815	0.0486413	0.0477438	0.047784	0.0473446	0.0468463	0.0463124	0.0454926	0.0445741	0.0437022	0.0434746	0.0429609	0.0424727	0.041848	0.0411637	0.0407211	0.0402345	0.0398307	

26	0.316	32	0	task-3:0.092	task-0:0.212	task-1:0.138	task-2:0.04	|	0.396321	0.183333	0.183333	0.182862	0.184441	0.168015	0.152513	0.145502	0.129191	0.125494	0.120871	0.117496	0.11234	0.103448	0.0912324	0.0921756	0.083638	0.0796869	0.0710812	0.0751727	0.0685266	0.0582288	0.0517876	0.0472163	0.0421322	0.0386544	

41	0.784	32	0	task-3:0.078	task-0:0.08	task-1:0.09	task-2:0.044	|	0.15454	0.816664	0.816605	0.698285	0.167109	0.162378	0.150013	0.146616	0.122065	0.106193	0.098295	0.092728	0.0960183	0.0911127	0.0940706	0.0914836	0.0881301	0.0853497	0.0852989	0.088696	0.0867803	0.0860883	0.0844086	0.0825276	0.0778747	0.0761192	0.0730679	0.0710349	0.0700968	0.0680802	0.0657013	0.0621559	0.0586819	0.055856	0.0531241	0.0506608	0.0481717	0.0460318	0.0446808	0.0417594	0.039643	

38	0.766	32	0	task-3:0.082	task-0:0.06	task-1:0.17	task-2:0.056	|	0.546375	0.183333	0.183333	0.183007	0.143527	0.170754	0.147877	0.137096	0.126641	0.127317	0.124686	0.1243	0.115807	0.110951	0.109001	0.109358	0.107391	0.110209	0.109408	0.106068	0.10439	0.10321	0.100993	0.0985667	0.0961398	0.0942748	0.0924847	0.0876279	0.0813855	0.0774081	0.071276	0.0641732	0.0585906	0.0525817	0.0477672	0.0441253	0.0406787	0.0381033	

38	0.682	32	0	task-3:0.082	task-0:0.06	task-1:0.17	task-2:0.056	|	0.546375	0.183333	0.183333	0.183007	0.143527	0.170754	0.147877	0.137096	0.126641	0.127317	0.124686	0.1243	0.115807	0.110951	0.109001	0.109358	0.107391	0.110209	0.109408	0.106068	0.10439	0.10321	0.100993	0.0985667	0.0961398	0.0942748	0.0924847	0.0876279	0.0813855	0.0774081	0.071276	0.0641732	0.0585906	0.0525817	0.0477672	0.0441253	0.0406787	0.0381033	

55	1.106	32	0	task-3:0.084	task-0:0.108	task-1:0.118	task-2:0.066	|	0.219518	0.183333	0.183333	0.182386	0.256622	0.186626	0.154362	0.151581	0.147722	0.145108	0.141279	0.13781	0.130418	0.122601	0.118546	0.11623	0.11451	0.11086	0.106332	0.101739	0.100737	0.0984845	0.0947647	0.0911168	0.0884868	0.0844132	0.0814785	0.0819234	0.078171	0.0762949	0.0764257	0.075433	0.073614	0.0731803	0.0719141	0.0701677	0.0699888	0.069434	0.095354	0.0792288	0.0630459	0.0545966	0.0549814	0.0652511	0.0685577	0.0541248	0.0531959	0.052815	0.0583706	0.0624403	0.0624293	0.100821	0.0751919	0.0540776	0.0389807	

123	2.321	32	0	task-3:0.08	task-0:0.102	task-1:0.102	task-2:0.038	|	0.149177	0.816665	0.81665	0.735215	0.166194	0.162452	0.157812	0.158943	0.151934	0.150234	0.143574	0.136648	0.136698	0.136325	0.135284	0.133237	0.133518	0.132859	0.132315	0.131547	0.130874	0.129554	0.127275	0.125204	0.122475	0.118874	0.116302	0.112421	0.110525	0.108653	0.105659	0.103537	0.101539	0.0981432	0.0943449	0.0919545	0.0898916	0.0883372	0.0857233	0.0833172	0.0824355	0.0805914	0.0781673	0.0760868	0.0738525	0.0811369	0.13313	0.105203	0.111122	0.100299	0.0796862	0.104545	0.102264	0.0738706	0.0689221	0.071541	0.0716995	0.0755035	0.0711593	0.0675543	0.0668097	0.0656775	0.0656256	0.063826	0.0615318	0.109276	0.106403	0.0595621	0.0599266	0.0579739	0.0879562	0.070183	0.0555194	0.0554332	0.0556794	0.0574751	0.0588208	0.0572538	0.0560122	0.0556438	0.055491	0.0547852	0.0536877	0.0526209	0.0518404	0.0514669	0.0514124	0.0513532	0.0511811	0.0509342	0.0506644	0.050483	0.0497648	0.0492974	0.0489343	0.0484635	0.047784	0.0470441	0.0462411	0.0453356	0.0445185	0.0441969	0.0438634	0.0440969	0.0440133	0.0433751	0.0427835	0.0422241	0.0417194	0.0420952	0.0416856	0.0413905	0.041511	0.0417718	0.0417383	0.0417576	0.0416566	0.0413562	0.0410551	0.0408425	0.040926	0.0405588	0.0399961	

35	0.665	32	0	task-3:0.074	task-0:0.194	task-1:0.22	task-2:0.028	|	0.250082	0.183333	0.183333	0.183301	0.153725	0.749686	0.703265	0.353397	0.159029	0.164021	0.158754	0.145794	0.136264	0.130027	0.125309	0.123027	0.119793	0.117735	0.116348	0.115388	0.109611	0.103914	0.102255	0.0983928	0.0939112	0.0893928	0.0843374	0.0743475	0.0689465	0.0632786	0.0562389	0.0528925	0.0468415	0.0413028	0.0390434	

36	0.681	32	0	task-3:0.1	task-0:0.174	task-1:0.22	task-2:0.034	|	0.578273	0.183333	0.183333	0.183303	0.164782	0.535134	0.403768	0.228806	0.173913	0.162396	0.161711	0.154629	0.152447	0.148783	0.141931	0.132289	0.125517	0.164475	0.144811	0.148004	0.126708	0.101698	0.084033	0.0875252	0.0809917	0.0879451	0.0861159	0.0793743	0.0652362	0.0745853	0.0616704	0.0528366	0.0510576	0.0470373	0.0429012	0.0369407	

39	0.695	32	0	task-3:0.06	task-0:0.106	task-1:0.118	task-2:0.038	|	0.178865	0.183333	0.183333	0.18244	0.221989	0.140052	0.158579	0.153565	0.146954	0.143979	0.140099	0.139262	0.136936	0.133626	0.131648	0.130198	0.127903	0.125414	0.122412	0.119407	0.117096	0.112727	0.104458	0.0954362	0.0804757	0.0689907	0.107714	0.0977537	0.0826371	0.0803912	0.0729328	0.0688113	0.0661962	0.0572205	0.0534379	0.0521235	0.0487906	0.0435139	0.0379861	

47	0.563	32	0	task-3:0.07	task-0:0.124	task-1:0.172	task-2:0.038	|	0.153993	0.816666	0.81666	0.80046	0.152827	0.179405	0.168893	0.144244	0.13584	0.122194	0.113547	0.112368	0.111762	0.117886	0.124918	0.129793	0.125216	0.118694	0.109803	0.103261	0.0885348	0.0813997	0.077891	0.0741123	0.0731281	0.0759368	0.0720068	0.0666659	0.0629939	0.0621951	0.0589094	0.0575053	0.0544054	0.0537681	0.0530129	0.0540315	0.0520171	0.0495749	0.0479739	0.047164	0.0462112	0.0439911	0.0438845	0.0436069	0.04268	0.0407413	0.0397576	

52	0.609	32	0	task-3:0.038	task-0:0.086	task-1:0.128	task-2:0.03	|	0.158528	0.183333	0.183333	0.18322	0.181919	0.16856	0.172304	0.172607	0.145036	0.198071	0.176689	0.12814	0.129171	0.121254	0.124626	0.119292	0.117328	0.11778	0.116342	0.115799	0.116253	0.180042	0.178765	0.120391	0.11655	0.130769	0.167644	0.165288	0.141691	0.134894	0.136942	0.121787	0.109199	0.0932636	0.0781673	0.0660047	0.0684038	0.0558086	0.065451	0.0581449	0.0757853	0.0645768	0.0600415	0.0551458	0.0562857	0.0561184	0.0504579	0.046866	0.0447839	0.043193	0.0408673	0.0379448	

115	1.891	32	0	task-3:0.052	task-0:0.07	task-1:0.098	task-2:0.04	|	0.291656	0.183333	0.183333	0.183287	0.150113	0.704346	0.626334	0.265084	0.147843	0.158561	0.150752	0.13045	0.137498	0.121558	0.118191	0.117218	0.111705	0.107647	0.104716	0.0997723	0.0933075	0.0952067	0.0946391	0.0906863	0.0833925	0.0793991	0.0789091	0.0782464	0.0764436	0.0720202	0.0703174	0.0693304	0.066979	0.0637584	0.0613602	0.0588821	0.0566868	0.0547904	0.053223	0.0506091	0.0500251	0.0514038	0.0521119	0.0523039	0.0513219	0.0504375	0.0500241	0.0497061	0.0494701	0.049254	0.0491822	0.0490574	0.0489977	0.0491029	0.0489382	0.0487044	0.0485938	0.0484092	0.0482844	0.0483023	0.0482653	0.0482439	0.0482417	0.0482765	0.0483536	0.048375	0.0483931	0.0484599	0.0483452	0.0483023	0.0483552	0.0483578	0.0484828	0.048291	0.0482535	0.0483364	0.0485838	0.0484251	0.0482611	0.0483123	0.048459	0.0483828	0.0482076	0.048054	0.0480208	0.0479583	0.0478805	0.0477632	0.0476032	0.0474068	0.047296	0.0471676	0.0475337	0.0473668	0.0469007	0.04646	0.0459575	0.0457176	0.0456735	0.0452826	0.0451518	0.0445807	0.0440249	0.043554	0.043061	0.0425709	0.0423011	0.0421832	0.0419374	0.0416555	0.0414402	0.0409856	0.0406014	0.0401954	0.0397561	

51	0.667	32	0	task-3:0.072	task-0:0.018	task-1:0.102	task-2:0.028	|	0.162493	0.183333	0.183253	0.264429	0.140072	0.189201	0.0945603	0.13959	0.129314	0.101758	0.111388	0.103567	0.0998703	0.102082	0.0990654	0.0930385	0.0907461	0.0904305	0.0909985	0.091582	0.0902004	0.0874601	0.0850854	0.0838816	0.0828364	0.0814138	0.0795555	0.0771151	0.0745781	0.0724442	0.0696871	0.0673628	0.0647322	0.0631131	0.0605547	0.0577652	0.0565621	0.0542154	0.0520893	0.0501128	0.0498849	0.0487604	0.0472096	0.0456636	0.0445966	0.0441292	0.04459	0.0430289	0.0417024	0.0407605	0.0397059	

53	0.636	32	0	task-3:0.068	task-0:0.24	task-1:0.17	task-2:0.05	|	0.427499	0.183333	0.183333	0.183289	0.142493	0.72673	0.588792	0.27505	0.147601	0.153259	0.144589	0.129983	0.126322	0.121632	0.115426	0.107404	0.107512	0.0974809	0.0918618	0.092189	0.0876125	0.084006	0.0829297	0.0814952	0.0763271	0.0727515	0.0708412	0.0707987	0.069029	0.0682073	0.0671289	0.0610165	0.0614621	0.0578744	0.0548745	0.0542926	0.051549	0.0503343	0.0482745	0.0466249	0.046405	0.522751	0.472093	0.0518106	0.0530964	0.0521995	0.293502	0.0557091	0.105056	0.0498927	0.0424167	0.0402606	0.0388653	

48	0.295	32	0	task-3:0.07	task-0:0.174	task-1:0.158	task-2:0.048	|	0.203665	0.183333	0.183333	0.183144	0.14702	0.600308	0.414288	0.186486	0.145913	0.158131	0.154342	0.138384	0.138963	0.138449	0.132646	0.132342	0.12963	0.125297	0.120837	0.117292	0.111359	0.107334	0.10598	0.102032	0.0951484	0.0915163	0.091491	0.0874868	0.085834	0.0834518	0.0799013	0.0784833	0.0763124	0.0746455	0.0728273	0.0727993	0.0720151	0.0699208	0.0668185	0.0628118	0.0589513	0.0552781	0.0510536	0.0471829	0.043915	0.0432894	0.0402294	0.0380024	

48	0.295	32	0	task-3:0.07	task-0:0.174	task-1:0.158	task-2:0.048	|	0.203665	0.183333	0.183333	0.183144	0.14702	0.600308	0.414288	0.186486	0.145913	0.158131	0.154342	0.138384	0.138963	0.138449	0.132646	0.132342	0.12963	0.125297	0.120837	0.117292	0.111359	0.107334	0.10598	0.102032	0.0951484	0.0915163	0.091491	0.0874868	0.085834	0.0834518	0.0799013	0.0784833	0.0763124	0.0746455	0.0728273	0.0727993	0.0720151	0.0699208	0.0668185	0.0628118	0.0589513	0.0552781	0.0510536	0.0471829	0.043915	0.0432894	0.0402294	0.0380024	

50	0.304	32	0	task-3:0.066	task-0:0.084	task-1:0.162	task-2:0.052	|	0.717572	0.183333	0.183331	0.180175	0.31719	0.250484	0.147983	0.155769	0.151511	0.135939	0.132657	0.124618	0.120711	0.118064	0.111386	0.109034	0.109837	0.106673	0.102856	0.102867	0.101833	0.103753	0.10592	0.103946	0.102868	0.10184	0.099242	0.0959383	0.0936677	0.0862273	0.074246	0.0656346	0.0648249	0.0564423	0.0504117	0.122846	0.131158	0.210931	0.208854	0.154075	0.117718	0.111485	0.0688877	0.0630641	0.0547839	0.0450246	0.0416052	0.0500708	0.0431666	0.0378556	

58	0.353	32	0	task-3:0.078	task-0:0.192	task-1:0.188	task-2:0.044	|	0.633369	0.183333	0.183333	0.182865	0.165158	0.201552	0.157248	0.159282	0.153571	0.160319	0.158968	0.146433	0.14315	0.138564	0.135098	0.133031	0.128772	0.124413	0.120997	0.119806	0.111853	0.104403	0.0960143	0.0848975	0.0849235	0.0820892	0.078841	0.0764106	0.0715678	0.068764	0.0658064	0.0672133	0.0670969	0.0656573	0.0666918	0.0647909	0.0635544	0.0656433	0.0645656	0.0594854	0.0566289	0.055188	0.0530428	0.0518863	0.0504225	0.0487853	0.0472847	0.0457583	0.045469	0.0456261	0.0455223	0.0451564	0.0446644	0.044335	0.0439419	0.0413375	0.0400649	0.0389837	

53	0.335	32	0	task-3:0.054	task-0:0.078	task-1:0.106	task-2:0.034	|	0.754375	0.183333	0.183333	0.183071	0.286341	0.342854	0.151199	0.151397	0.183175	0.186772	0.153599	0.147551	0.145413	0.142476	0.140235	0.136521	0.132765	0.128016	0.122075	0.115826	0.110361	0.106586	0.102805	0.0994197	0.0972037	0.0955008	0.0933918	0.0924014	0.0883641	0.0943609	0.0943125	0.0886509	0.0853402	0.0845475	0.0843071	0.0826851	0.0800495	0.0770167	0.0740749	0.0718541	0.0694089	0.066928	0.0640228	0.0609317	0.0598366	0.0571395	0.0547669	0.0527814	0.0505965	0.0479195	0.0447111	0.041361	0.037724	

44	0.268	32	0	task-3:0.08	task-0:0.184	task-1:0.184	task-2:0.044	|	0.149285	0.174881	0.802349	0.119117	0.101452	0.112247	0.136242	0.125337	0.0963242	0.298188	0.229593	0.0921055	0.121966	0.121196	0.0975563	0.0862293	0.0838193	0.0856872	0.085772	0.0814533	0.0807682	0.080349	0.0812101	0.0815032	0.0810623	0.0801166	0.0790879	0.0782211	0.0752228	0.073501	0.070948	0.0691305	0.0671853	0.0663149	0.0655499	0.0640834	0.0616559	0.0590349	0.0559043	0.0533193	0.0503139	0.0462906	0.0417476	0.0365704	

37	0.226	32	0	task-3:0.074	task-0:0.152	task-1:0.17	task-2:0.042	|	0.659801	0.183333	0.183328	0.181766	0.1662	0.166075	0.156856	0.156503	0.151442	0.146887	0.14247	0.138292	0.134785	0.131792	0.129827	0.126919	0.122074	0.117293	0.113422	0.111658	0.109414	0.106246	0.102667	0.0974388	0.0913221	0.0846404	0.0778879	0.0760369	0.0751199	0.0731249	0.0716798	0.0678957	0.0637857	0.0607937	0.056972	0.0478616	0.0391464	

75	0.46	32	0	task-3:0.066	task-0:0.05	task-1:0.072	task-2:0.028	|	0.585997	0.183333	0.183333	0.183213	0.160231	0.236704	0.156047	0.147713	0.132952	0.118998	0.113151	0.111248	0.104747	0.0970298	0.0940369	0.0907886	0.088491	0.0857931	0.0839081	0.0825376	0.0808387	0.0872436	0.0802289	0.0790054	0.0824494	0.079266	0.0777305	0.0769096	0.0787088	0.0812102	0.0785636	0.0753041	0.0725201	0.0714963	0.0742252	0.0736154	0.0744985	0.0743113	0.0732237	0.0723485	0.0712979	0.0705599	0.0698702	0.0694662	0.0683342	0.067123	0.0661786	0.0647803	0.0632282	0.0624874	0.0610062	0.0599652	0.0586068	0.0570468	0.0553878	0.0541238	0.0528881	0.052979	0.0509309	0.0498592	0.0487006	0.0479051	0.0470832	0.0462801	0.0456718	0.0449404	0.0442654	0.0436713	0.0432097	0.0426771	0.0422073	0.0416046	0.0408694	0.0405251	0.0397502	

103	1.253	32	0	task-3:0.048	task-0:0.068	task-1:0.1	task-2:0.088	|	0.160171	0.816664	0.816652	0.777819	0.164086	0.159614	0.225831	0.189943	0.149222	0.147552	0.143127	0.140952	0.135264	0.127136	0.115066	0.103101	0.0916189	0.0924138	0.086473	0.0893984	0.104865	0.126413	0.13714	0.135677	0.128915	0.101983	0.0765232	0.0750119	0.0693342	0.0780868	0.0755724	0.0675269	0.068901	0.0686044	0.0672395	0.0666853	0.0660392	0.0657387	0.0650014	0.064533	0.0643806	0.0637833	0.0635577	0.0634468	0.0631735	0.0629334	0.0621553	0.0615126	0.060849	0.0604525	0.0600044	0.0596025	0.059144	0.0590589	0.058336	0.0578934	0.0574024	0.0566579	0.0557407	0.0555808	0.0549177	0.0550359	0.0550401	0.0545293	0.0539967	0.0538478	0.053454	0.0528924	0.052306	0.0530783	0.0519221	0.051274	0.0510904	0.0513496	0.0510703	0.0505942	0.0502564	0.0501972	0.0499989	0.0497883	0.0494107	0.0489255	0.048775	0.0487743	0.04877	0.0490363	0.0490253	0.0486201	0.048449	0.0482896	0.0474253	0.0465561	0.0455954	0.0447696	0.0443108	0.045039	0.0440484	0.0432546	0.0425739	0.0419706	0.0413823	0.0403031	0.039428	

99	1.246	32	0	task-3:0.06	task-0:0.09	task-1:0.106	task-2:0.04	|	0.187081	0.183333	0.183333	0.183213	0.155989	0.238119	0.136382	0.139051	0.122052	0.115369	0.109882	0.111482	0.11057	0.106726	0.102522	0.0992992	0.0971707	0.0950684	0.0917292	0.0885237	0.0919565	0.0869201	0.0850208	0.0832906	0.0880964	0.08677	0.0817352	0.0800987	0.0797438	0.0808293	0.0813467	0.080752	0.0804071	0.0799173	0.0798416	0.0799268	0.0795021	0.0785932	0.0768762	0.0771017	0.0767227	0.0755482	0.0750078	0.0744328	0.0745088	0.0742712	0.0738225	0.0732948	0.0726331	0.0719828	0.0714309	0.0708447	0.0695564	0.0690391	0.0676953	0.0661078	0.0648628	0.0625386	0.0602765	0.057694	0.055163	0.0535109	0.0509507	0.0504129	0.0499542	0.077656	0.816667	0.816667	0.136024	0.139498	0.295436	0.262302	0.129426	0.128521	0.108059	0.113749	0.0719418	0.0931713	0.078291	0.0883467	0.0854801	0.0656374	0.0685085	0.0599355	0.0583101	0.0582717	0.0565195	0.0561568	0.0569991	0.0541347	0.0520652	0.0511754	0.0497512	0.0487341	0.0474279	0.0454661	0.0432725	0.040834	0.037082	

41	0.519	32	0	task-3:0.076	task-0:0.204	task-1:0.154	task-2:0.036	|	0.170359	0.183333	0.183333	0.183059	0.181793	0.126713	0.132663	0.150528	0.14963	0.139751	0.136992	0.128447	0.120454	0.115043	0.109544	0.11045	0.108974	0.107082	0.108056	0.107076	0.106106	0.105888	0.10431	0.103233	0.100933	0.0990134	0.0976095	0.0959271	0.0936583	0.0905568	0.0872297	0.0838108	0.0800716	0.0759571	0.0706301	0.0650079	0.0588171	0.0518561	0.0452472	0.0434631	0.0369781	

61	0.773	32	0	task-3:0.058	task-0:0.07	task-1:0.132	task-2:0.042	|	0.165176	0.816665	0.816658	0.804716	0.189584	0.178012	0.170908	0.162579	0.152985	0.138819	0.130589	0.12519	0.120064	0.117381	0.121331	0.119099	0.117027	0.117823	0.118721	0.120091	0.122342	0.155722	0.158477	0.126581	0.124416	0.115332	0.107391	0.0996753	0.092099	0.0912676	0.0947915	0.0928293	0.0905736	0.0870945	0.0827702	0.0779715	0.0750509	0.0735655	0.0746921	0.0735604	0.0722068	0.070774	0.0686121	0.0663214	0.063525	0.0656492	0.059949	0.0558417	0.0537574	0.0530644	0.0512366	0.050518	0.0492612	0.0485132	0.0475766	0.0452081	0.0438919	0.0428279	0.0449166	0.0430145	0.0398827	

90	1.099	32	0	task-3:0.03	task-0:0.08	task-1:0.102	task-2:0.022	|	0.246695	0.183333	0.183333	0.182864	0.141121	0.586786	0.45025	0.195839	0.152034	0.150232	0.143029	0.132608	0.127642	0.114382	0.110849	0.107086	0.103935	0.0980851	0.0923	0.0892972	0.0883579	0.0873313	0.0884972	0.0906261	0.0901904	0.0906662	0.0894775	0.087387	0.0854772	0.0832907	0.0824401	0.0809576	0.0814903	0.0795078	0.0785531	0.078559	0.0779086	0.0758201	0.0740176	0.0730075	0.0717643	0.0713049	0.0689412	0.066575	0.063749	0.0626598	0.0618461	0.0614863	0.0598177	0.0600461	0.0612306	0.0593645	0.0593231	0.0582089	0.0581882	0.0570993	0.0558698	0.0551066	0.0549015	0.054106	0.0536411	0.0533805	0.0533662	0.053219	0.052691	0.0521223	0.051552	0.0509768	0.0505112	0.049964	0.0493678	0.0487327	0.0483922	0.0480055	0.0476077	0.0471402	0.0465873	0.0464715	0.0457534	0.0453789	0.0451733	0.0445694	0.0443017	0.0436713	0.0429974	0.0423066	0.0416131	0.0409021	0.0401311	0.0396292	

57	0.697	32	0	task-3:0.064	task-0:0.08	task-1:0.156	task-2:0.036	|	0.299863	0.183333	0.183333	0.183295	0.149917	0.714963	0.65664	0.354847	0.145034	0.159328	0.150127	0.144797	0.14438	0.130833	0.128334	0.122888	0.119462	0.114465	0.109032	0.103938	0.0977228	0.092803	0.0888451	0.0837559	0.0776995	0.0749507	0.0695804	0.0642658	0.0598858	0.0585674	0.0557863	0.0556792	0.0528502	0.0511335	0.0548916	0.0523434	0.0516016	0.0515292	0.0505312	0.0509715	0.0505428	0.0498925	0.0500987	0.0496376	0.0487007	0.04788	0.0472259	0.0466455	0.0460452	0.0454379	0.04454	0.0436828	0.0428991	0.0419841	0.0411085	0.0404006	0.0397515	

46	0.587	32	0	task-3:0.076	task-0:0.104	task-1:0.096	task-2:0.018	|	0.272726	0.183333	0.183333	0.183298	0.154383	0.670619	0.471379	0.146455	0.161683	0.163563	0.143934	0.139644	0.13932	0.128668	0.126624	0.121308	0.116081	0.110656	0.107331	0.105678	0.105245	0.103145	0.101158	0.0987728	0.0949103	0.0884685	0.0856723	0.0834961	0.0795599	0.0765926	0.0713799	0.0675869	0.0652281	0.0643164	0.062451	0.0593276	0.0566164	0.0540224	0.0516919	0.0505767	0.0473286	0.0452424	0.0429844	0.0421128	0.0404455	0.0387689	

36	0.439	32	0	task-3:0.072	task-0:0.1	task-1:0.176	task-2:0.032	|	0.211321	0.183333	0.183333	0.182596	0.199448	0.20519	0.158133	0.157059	0.141788	0.146631	0.144281	0.131164	0.129646	0.124387	0.119554	0.116306	0.112566	0.10997	0.105409	0.102087	0.0976998	0.0947158	0.0874348	0.082219	0.0790237	0.0728319	0.0703739	0.0724988	0.0697079	0.063513	0.0588571	0.0546846	0.0509046	0.0475455	0.0433635	0.0391915	

51	0.623	32	0	task-3:0.074	task-0:0.082	task-1:0.144	task-2:0.026	|	0.139349	0.183333	0.183331	0.179383	0.330594	0.231431	0.136741	0.136293	0.116883	0.114853	0.113461	0.110858	0.107199	0.103324	0.0998647	0.0966878	0.0938543	0.0904976	0.0869225	0.0818484	0.0799431	0.0749802	0.0704676	0.0658582	0.0591219	0.0570282	0.0525078	0.0507421	0.0523666	0.0511372	0.392787	0.385771	0.0645365	0.0557724	0.057718	0.0555007	0.0522912	0.0496056	0.0479065	0.0467451	0.0455762	0.0449342	0.044137	0.0439221	0.0444464	0.0453875	0.0437509	0.0434633	0.0416295	0.0405401	0.0395059	

84	1.072	32	0	task-3:0.078	task-0:0.194	task-1:0.152	task-2:0.054	|	0.363079	0.183333	0.183333	0.183251	0.142825	0.696012	0.567095	0.265089	0.158389	0.158854	0.153131	0.139394	0.142871	0.135196	0.12723	0.127907	0.128977	0.119441	0.125626	0.121577	0.118435	0.117299	0.110746	0.107688	0.110725	0.106012	0.106135	0.106407	0.102166	0.102041	0.10024	0.096895	0.0937788	0.0904513	0.0926232	0.0941583	0.0875971	0.0828868	0.0807335	0.0792102	0.0787161	0.0775368	0.0745712	0.07158	0.0693908	0.0667808	0.0635866	0.0602962	0.0593067	0.0550713	0.054694	0.0529207	0.0535835	0.0552608	0.0573301	0.0609733	0.0665121	0.075679	0.0648426	0.069384	0.0612564	0.0595689	0.0652703	0.0595859	0.0652851	0.0639035	0.0567365	0.0578695	0.0572221	0.0542234	0.0532481	0.0521475	0.0511481	0.0511361	0.0500167	0.0483069	0.0470508	0.0459721	0.0447507	0.0436088	0.0424897	0.0414576	0.0405147	0.0397513	

53	0.689	32	0	task-3:0.082	task-0:0.144	task-1:0.132	task-2:0.052	|	0.180225	0.183333	0.183333	0.183289	0.151086	0.163423	0.167583	0.15795	0.13788	0.138545	0.132687	0.131877	0.128086	0.125693	0.121161	0.118254	0.113985	0.108164	0.103022	0.102293	0.10381	0.102124	0.100958	0.0990682	0.0969095	0.0937993	0.0930389	0.0925076	0.0923525	0.0935149	0.0889736	0.0789809	0.0733578	0.0757372	0.0749952	0.0746593	0.0745305	0.0741957	0.0706567	0.0667845	0.0638166	0.0617036	0.0595133	0.0545676	0.0526405	0.0501133	0.0492503	0.0473977	0.0471074	0.0461995	0.0443706	0.0419112	0.0399848	

27	0.329	32	0	task-3:0.092	task-0:0.152	task-1:0.098	task-2:0.03	|	0.597548	0.183333	0.183333	0.183185	0.153534	0.181245	0.161841	0.156174	0.139585	0.137634	0.129949	0.126061	0.119258	0.112924	0.11034	0.109146	0.107953	0.106482	0.101416	0.0923895	0.081935	0.0744747	0.0644717	0.0513001	0.0442555	0.048185	0.037858	

72	0.912	32	0	task-3:0.076	task-0:0.082	task-1:0.108	task-2:0.036	|	0.646003	0.183333	0.183333	0.182896	0.175097	0.247231	0.157857	0.160889	0.145813	0.131734	0.122044	0.113655	0.106902	0.103311	0.102289	0.103905	0.104247	0.104481	0.103234	0.101401	0.0954791	0.087803	0.085913	0.076782	0.0674174	0.0647594	0.0621372	0.0591598	0.0609957	0.0585885	0.056696	0.0571079	0.0561392	0.0540426	0.0522076	0.0501262	0.048381	0.0465821	0.0452068	0.0436455	0.042706	0.0446283	0.0462361	0.0475649	0.0509914	0.050579	0.0507835	0.0504831	0.0507258	0.0517785	0.050847	0.0510564	0.0512671	0.0508801	0.0517339	0.0509875	0.0511228	0.0517937	0.0507358	0.0502185	0.0485773	0.0468131	0.0472884	0.0456884	0.044452	0.0439808	0.0432344	0.0426832	0.0418492	0.0408689	0.0403235	0.0397551	

58	0.734	32	0	task-3:0.084	task-0:0.074	task-1:0.152	task-2:0.028	|	0.153843	0.183333	0.183333	0.183312	0.160258	0.664646	0.577892	0.337517	0.192557	0.168103	0.167803	0.157734	0.156681	0.144774	0.131592	0.124594	0.113915	0.105153	0.0959593	0.0901822	0.0860321	0.0849356	0.0855747	0.083192	0.081939	0.0787783	0.0772043	0.0763393	0.0748108	0.0723586	0.0716452	0.0703193	0.0687135	0.0672295	0.0656015	0.0645827	0.0635489	0.0621723	0.0617142	0.0609717	0.0599121	0.0591115	0.0581709	0.0572683	0.0565584	0.0559635	0.055215	0.0544813	0.0537669	0.0529574	0.0519633	0.0507187	0.049311	0.0478653	0.0460995	0.0441159	0.0419294	0.0395355	

40	0.481	32	0	task-3:0.074	task-0:0.194	task-1:0.162	task-2:0.054	|	0.15796	0.183332	0.183004	0.596897	0.114036	0.169998	0.146364	0.171944	0.139496	0.115705	0.11621	0.0998045	0.0977857	0.0961087	0.0957482	0.09611	0.101538	0.0976464	0.0952118	0.0937062	0.091318	0.0878605	0.0870022	0.0854793	0.0841283	0.0836248	0.0824315	0.0803158	0.0780421	0.0750858	0.071419	0.0676894	0.063777	0.0595355	0.0549078	0.050573	0.0467224	0.0436312	0.0408286	0.0380259	

69	0.747	32	0	task-3:0.058	task-0:0.042	task-1:0.092	task-2:0.032	|	0.613903	0.183333	0.183333	0.183264	0.149541	0.757576	0.737086	0.369659	0.150581	0.149286	0.168857	0.170143	0.145759	0.147085	0.144927	0.138711	0.138369	0.135903	0.131654	0.128716	0.124393	0.119512	0.115462	0.112129	0.109345	0.10789	0.106425	0.103975	0.101235	0.0959561	0.0921796	0.0892177	0.0890497	0.0948377	0.0894976	0.0838176	0.0785892	0.0785545	0.0747266	0.0744679	0.0723498	0.0689156	0.0664294	0.0643674	0.0626436	0.0615513	0.0609518	0.0597532	0.0581799	0.0571802	0.0560014	0.0543707	0.0532017	0.0525317	0.0517942	0.0509263	0.0500302	0.0491658	0.0482593	0.0473628	0.0470801	0.0466056	0.0458283	0.0450441	0.0442071	0.0433177	0.0420017	0.0407326	0.0392864	

58	0.374	32	0	task-3:0.066	task-0:0.158	task-1:0.13	task-2:0.06	|	0.397909	0.183333	0.183333	0.183297	0.156846	0.749566	0.704701	0.3361	0.152185	0.151665	0.144588	0.141418	0.131923	0.122495	0.119032	0.114683	0.118911	0.109659	0.120823	0.136721	0.173846	0.149286	0.163712	0.13728	0.123057	0.109315	0.0952556	0.0907111	0.0884973	0.084476	0.0798628	0.0737523	0.0683658	0.063254	0.0581882	0.0544055	0.0523162	0.0521418	0.0534652	0.0533833	0.0517483	0.0493897	0.0483715	0.0477341	0.0470152	0.0463647	0.0453227	0.0434486	0.0423598	0.0424915	0.0426329	0.0436375	0.044144	0.0446576	0.0442254	0.0441291	0.0439429	0.0395681	

43	0.276	32	0	task-3:0.096	task-0:0.124	task-1:0.204	task-2:0.046	|	0.188799	0.183333	0.183333	0.182993	0.280881	0.150519	0.164764	0.162198	0.147386	0.141359	0.136901	0.130499	0.125919	0.123501	0.121771	0.120152	0.117911	0.11584	0.11392	0.111759	0.109505	0.104863	0.093842	0.124786	0.114515	0.0873449	0.128436	0.0962923	0.074868	0.0757976	0.0748394	0.0706948	0.0628762	0.055187	0.0522722	0.0532106	0.0561558	0.0542294	0.0508487	0.0477951	0.0457208	0.0427362	0.0395988	

33	0.202	32	0	task-3:0.074	task-0:0.056	task-1:0.118	task-2:0.032	|	0.161099	0.816666	0.816571	0.767956	0.290597	0.164528	0.164227	0.181259	0.172347	0.135014	0.116244	0.118929	0.116225	0.11394	0.110776	0.105943	0.0998757	0.0938633	0.0872997	0.080044	0.0744842	0.0686507	0.0644263	0.0601771	0.0589595	0.0545676	0.0577484	0.055735	0.0501277	0.0469362	0.0443595	0.0415184	0.0393212	

55	0.336	32	0	task-3:0.064	task-0:0.08	task-1:0.106	task-2:0.032	|	0.172038	0.816667	0.816667	0.810808	0.161151	0.163566	0.150714	0.166964	0.13912	0.142658	0.132414	0.118551	0.117751	0.111243	0.106118	0.103889	0.101305	0.0991084	0.0961432	0.0944625	0.0941162	0.0909363	0.0898078	0.090541	0.0900112	0.0887353	0.0888205	0.088165	0.0873213	0.0862565	0.084445	0.0840211	0.0819696	0.0789046	0.0768455	0.0732756	0.0685247	0.0656779	0.0628419	0.0641475	0.0614002	0.0613962	0.0584618	0.0557835	0.0525032	0.0509214	0.0483238	0.0463856	0.0444902	0.0427252	0.0417709	0.0407906	0.0401581	0.0402364	0.0389646	

58	0.369	32	0	task-3:0.058	task-0:0.072	task-1:0.128	task-2:0.034	|	0.155103	0.816667	0.816664	0.807795	0.14866	0.178612	0.161396	0.153843	0.154774	0.135848	0.134529	0.122237	0.116575	0.113336	0.112814	0.110459	0.108038	0.104536	0.100139	0.0967767	0.0931733	0.0894784	0.0864779	0.0853259	0.081022	0.0808613	0.0758318	0.0728261	0.0713876	0.0753213	0.0738834	0.0696276	0.0671191	0.0662344	0.0662863	0.0653456	0.0644222	0.0623083	0.0606168	0.0591694	0.0580111	0.0577909	0.0566796	0.0551737	0.0541686	0.0541991	0.0548701	0.0540046	0.0527554	0.0516683	0.0507753	0.0497633	0.0483675	0.0468948	0.0450692	0.0427781	0.0405184	0.039234	

44	0.273	32	0	task-3:0.082	task-0:0.118	task-1:0.118	task-2:0.03	|	0.146345	0.164316	0.638201	0.178346	0.161171	0.0905291	0.198448	0.104746	0.131347	0.128156	0.101743	0.115913	0.110873	0.0972994	0.104111	0.102513	0.093885	0.0870613	0.0790745	0.0809808	0.0692481	0.0715748	0.0674761	0.0674931	0.0727753	0.068505	0.0637236	0.0619405	0.0612603	0.0607587	0.0599282	0.0579084	0.0554661	0.0526017	0.0506486	0.0494203	0.0481381	0.0477408	0.0458347	0.0439144	0.0425172	0.041407	0.0406135	0.0392746	

44	0.269	32	0	task-3:0.082	task-0:0.118	task-1:0.118	task-2:0.03	|	0.146345	0.164316	0.638201	0.178346	0.161171	0.0905291	0.198448	0.104746	0.131347	0.128156	0.101743	0.115913	0.110873	0.0972994	0.104111	0.102513	0.093885	0.0870613	0.0790745	0.0809808	0.0692481	0.0715748	0.0674761	0.0674931	0.0727753	0.068505	0.0637236	0.0619405	0.0612603	0.0607587	0.0599282	0.0579084	0.0554661	0.0526017	0.0506486	0.0494203	0.0481381	0.0477408	0.0458347	0.0439144	0.0425172	0.041407	0.0406135	0.0392746	

44	0.268	32	0	task-3:0.082	task-0:0.118	task-1:0.118	task-2:0.03	|	0.146345	0.164316	0.638201	0.178346	0.161171	0.0905291	0.198448	0.104746	0.131347	0.128156	0.101743	0.115913	0.110873	0.0972994	0.104111	0.102513	0.093885	0.0870613	0.0790745	0.0809808	0.0692481	0.0715748	0.0674761	0.0674931	0.0727753	0.068505	0.0637236	0.0619405	0.0612603	0.0607587	0.0599282	0.0579084	0.0554661	0.0526017	0.0506486	0.0494203	0.0481381	0.0477408	0.0458347	0.0439144	0.0425172	0.041407	0.0406135	0.0392746	

44	0.282	32	0	task-3:0.054	task-0:0.194	task-1:0.168	task-2:0.072	|	0.142942	0.183333	0.183333	0.18328	0.129311	0.556764	0.352981	0.134962	0.148025	0.13079	0.141454	0.125129	0.12083	0.120346	0.115899	0.113484	0.110044	0.107303	0.0990573	0.0960469	0.0971075	0.0991757	0.0970219	0.0932764	0.0880294	0.0851733	0.0848473	0.0844079	0.0817773	0.0772254	0.0714859	0.0684418	0.0669817	0.0649496	0.0622633	0.0594126	0.0559364	0.0530203	0.0502759	0.0476667	0.0458009	0.0437549	0.0408514	0.0383432	

38	0.233	32	0	task-3:0.066	task-0:0.07	task-1:0.15	task-2:0.02	|	0.432838	0.183333	0.183333	0.183277	0.142307	0.810224	0.807882	0.549792	0.153655	0.151105	0.153254	0.140362	0.125262	0.122814	0.113673	0.108525	0.0986951	0.0993614	0.0960588	0.0876028	0.0849247	0.0820034	0.0791204	0.0773463	0.0747044	0.0720853	0.0694511	0.0674061	0.0651683	0.061909	0.0583669	0.055158	0.0524627	0.0507881	0.0485124	0.0461442	0.0425764	0.0393068	

53	0.325	32	0	task-3:0.078	task-0:0.088	task-1:0.14	task-2:0.034	|	0.149158	0.816666	0.816654	0.702122	0.178025	0.177682	0.130138	0.411422	0.319037	0.116118	0.15134	0.151274	0.12489	0.111965	0.108726	0.112781	0.112598	0.107599	0.105353	0.105485	0.105713	0.106001	0.104765	0.104021	0.100904	0.0927979	0.0919758	0.0873359	0.0828933	0.0819648	0.0779682	0.0744668	0.0709597	0.0687201	0.0663338	0.0632762	0.059829	0.0574393	0.0568873	0.0556736	0.0547039	0.0542562	0.0531562	0.0522655	0.049707	0.0499972	0.048947	0.046686	0.0437965	0.0421447	0.0420085	0.0406868	0.0397318	

182	1.122	32	0	task-3:0.086	task-0:0.122	task-1:0.126	task-2:0.066	|	0.356619	0.183333	0.183333	0.183222	0.164825	0.423663	0.334886	0.188397	0.153153	0.151658	0.153622	0.14716	0.141241	0.138781	0.134022	0.145838	0.134314	0.127064	0.136474	0.135779	0.130371	0.127227	0.122977	0.119241	0.116074	0.113711	0.11028	0.105956	0.0995519	0.0985327	0.0950609	0.0919092	0.0879736	0.0879554	0.0835192	0.0793875	0.0782873	0.08124	0.080304	0.0775941	0.0747621	0.0720855	0.0698249	0.0679428	0.0671934	0.0675369	0.068276	0.0681477	0.0686506	0.0685921	0.0684138	0.0686929	0.0671077	0.0654676	0.0637118	0.0617633	0.0609666	0.0599063	0.0587156	0.0585223	0.0580505	0.0582244	0.0579408	0.0574057	0.0572337	0.0572384	0.0578593	0.0578109	0.0576339	0.0577236	0.0580116	0.0578518	0.0577577	0.0577914	0.0577373	0.0572726	0.0567614	0.05649	0.0565403	0.0568323	0.0573115	0.0572304	0.0572571	0.0573619	0.0574328	0.0567066	0.0569505	0.0572482	0.0570599	0.0569196	0.0570002	0.0570208	0.0568806	0.0568153	0.0572385	0.0572651	0.0571178	0.0572238	0.0569322	0.0572705	0.0578535	0.0582508	0.0581839	0.0570918	0.126781	0.816667	0.816667	0.816667	0.059245	0.0576122	0.122358	0.816667	0.816667	0.399063	0.0563586	0.0536924	0.074175	0.0727325	0.0526464	0.0487569	0.0503104	0.056202	0.0574925	0.490081	0.488116	0.068253	0.0592159	0.060178	0.0617702	0.0635028	0.0648044	0.0662433	0.068659	0.0663517	0.0664546	0.0671683	0.0677039	0.0661048	0.065369	0.0652696	0.0648919	0.0641684	0.0637642	0.0634735	0.0620515	0.0603421	0.0590819	0.0574651	0.0552663	0.0507375	0.733333	0.716667	0.0568913	0.0574653	0.42997	0.430001	0.0589379	0.0568052	0.0669933	0.0637793	0.0584984	0.0546533	0.0569903	0.061446	0.0581361	0.0591806	0.0539274	0.0537086	0.0561366	0.0545897	0.0530456	0.0529659	0.0525992	0.0520522	0.0515077	0.051043	0.050637	0.0498765	0.0477729	0.0439917	0.0406712	0.0389599	

56	0.357	32	0	task-3:0.074	task-0:0.188	task-1:0.182	task-2:0.048	|	0.150304	0.816665	0.816647	0.747259	0.15825	0.17635	0.18137	0.16087	0.159064	0.146916	0.15047	0.152647	0.142521	0.14101	0.138997	0.13572	0.131989	0.127679	0.122573	0.118024	0.117525	0.117858	0.142469	0.13611	0.149802	0.16009	0.167484	0.149702	0.111169	0.103545	0.0868021	0.0790046	0.0790381	0.0760887	0.0745399	0.0747664	0.0733361	0.0721268	0.071552	0.0726219	0.0732297	0.0726912	0.0716764	0.0685482	0.0671093	0.0659149	0.063346	0.0606906	0.0580459	0.0549638	0.0512346	0.0486608	0.045451	0.0432396	0.0412449	0.0394376	

115	0.712	32	0	task-3:0.046	task-0:0.1	task-1:0.114	task-2:0.058	|	0.379653	0.183333	0.183333	0.183325	0.160158	0.771786	0.742119	0.443504	0.158765	0.171678	0.168444	0.143217	0.171249	0.158319	0.129917	0.133224	0.127853	0.122922	0.12001	0.116717	0.113378	0.108388	0.103074	0.0979562	0.0958802	0.0920911	0.0881766	0.0870777	0.0854132	0.0861102	0.0839091	0.0832121	0.0829994	0.0807544	0.0806002	0.0795405	0.0787744	0.0782347	0.0780967	0.0761124	0.0759939	0.0749918	0.0740319	0.0734611	0.0730036	0.072334	0.0718507	0.0717707	0.07133	0.0714315	0.0716277	0.0714523	0.0716305	0.0720373	0.0719448	0.0722744	0.0720925	0.0725302	0.0731795	0.073786	0.0751611	0.0748127	0.0753869	0.0755387	0.0760066	0.076511	0.0770746	0.0775934	0.0777024	0.0769715	0.0758375	0.0749733	0.0741944	0.0730863	0.0726292	0.0710982	0.0700448	0.0690361	0.0676197	0.0660248	0.0640335	0.0617401	0.0592368	0.0558641	0.0538565	0.0526309	0.0547923	0.0553006	0.0651949	0.051416	0.0661031	0.0854933	0.0647303	0.0458543	0.06135	0.0608819	0.0464883	0.0465151	0.0479885	0.0475208	0.0462109	0.0458034	0.0441026	0.0448167	0.0465011	0.0448699	0.0444098	0.0443268	0.0434293	0.0431207	0.0428787	0.042181	0.0413987	0.0404869	0.0399111	

104	0.645	32	0	task-3:0.044	task-0:0.098	task-1:0.08	task-2:0.058	|	0.151689	0.183333	0.183332	0.181369	0.206893	0.166801	0.153283	0.153434	0.150092	0.14603	0.142475	0.139098	0.134444	0.129761	0.12997	0.13124	0.131165	0.13054	0.12879	0.125996	0.121858	0.118412	0.116041	0.111575	0.107787	0.102015	0.0941638	0.094746	0.0850906	0.0810961	0.0894218	0.0765852	0.158752	0.153394	0.0695116	0.0749797	0.0704026	0.0740657	0.0684989	0.0692445	0.0710952	0.0736462	0.0764929	0.0795245	0.0736099	0.0598703	0.0574369	0.0576344	0.0572989	0.055509	0.055038	0.0559722	0.0559438	0.0559624	0.0560449	0.0563142	0.0558641	0.0550868	0.0540918	0.0531184	0.0526152	0.0523592	0.0523747	0.0517002	0.0511037	0.0505268	0.0503641	0.0500142	0.0497376	0.0495141	0.0494511	0.0491664	0.0479155	0.0469709	0.0463308	0.0460725	0.0463778	0.0459866	0.0455732	0.0452342	0.0448109	0.0448958	0.0449685	0.0448721	0.0446264	0.0447062	0.0446673	0.0446389	0.0445368	0.0443797	0.0441975	0.0439753	0.043568	0.0430263	0.0424673	0.0422137	0.0416258	0.0416077	0.0411153	0.0407368	0.0404953	0.0403049	0.0401141	0.0399144	

104	0.64	32	0	task-3:0.044	task-0:0.098	task-1:0.08	task-2:0.058	|	0.151689	0.183333	0.183332	0.181369	0.206893	0.166801	0.153283	0.153434	0.150092	0.14603	0.142475	0.139098	0.134444	0.129761	0.12997	0.13124	0.131165	0.13054	0.12879	0.125996	0.121858	0.118412	0.116041	0.111575	0.107787	0.102015	0.0941638	0.094746	0.0850906	0.0810961	0.0894218	0.0765852	0.158752	0.153394	0.0695116	0.0749797	0.0704026	0.0740657	0.0684989	0.0692445	0.0710952	0.0736462	0.0764929	0.0795245	0.0736099	0.0598703	0.0574369	0.0576344	0.0572989	0.055509	0.055038	0.0559722	0.0559438	0.0559624	0.0560449	0.0563142	0.0558641	0.0550868	0.0540918	0.0531184	0.0526152	0.0523592	0.0523747	0.0517002	0.0511037	0.0505268	0.0503641	0.0500142	0.0497376	0.0495141	0.0494511	0.0491664	0.0479155	0.0469709	0.0463308	0.0460725	0.0463778	0.0459866	0.0455732	0.0452342	0.0448109	0.0448958	0.0449685	0.0448721	0.0446264	0.0447062	0.0446673	0.0446389	0.0445368	0.0443797	0.0441975	0.0439753	0.043568	0.0430263	0.0424673	0.0422137	0.0416258	0.0416077	0.0411153	0.0407368	0.0404953	0.0403049	0.0401141	0.0399144	

42	0.252	32	0	task-3:0.088	task-0:0.126	task-1:0.166	task-2:0.05	|	0.369924	0.183333	0.183333	0.183181	0.153487	0.179216	0.139164	0.132266	0.124058	0.127627	0.110726	0.140201	0.125556	0.104594	0.109595	0.104975	0.100069	0.0987864	0.0991843	0.0980155	0.0941564	0.0874311	0.0880607	0.0859929	0.0874715	0.0842823	0.0804693	0.0794741	0.0765483	0.0726649	0.0707819	0.0704634	0.0688248	0.0657437	0.0623535	0.0590889	0.0556546	0.051972	0.0477106	0.0441767	0.0420209	0.0399583	

49	0.289	32	0	task-3:0.08	task-0:0.126	task-1:0.134	task-2:0.048	|	0.673396	0.183333	0.183333	0.182782	0.193103	0.220145	0.164126	0.16378	0.158672	0.145395	0.135296	0.127399	0.123003	0.118514	0.11457	0.112161	0.109736	0.106637	0.10338	0.100291	0.0975369	0.0921914	0.0870001	0.0843741	0.0785407	0.0832707	0.0776584	0.113499	0.111466	0.0819375	0.0746553	0.0714256	0.0666886	0.0676598	0.0636139	0.0713546	0.0760041	0.0806325	0.0750368	0.0604779	0.0586583	0.0569776	0.0544612	0.048674	0.0473228	0.0463567	0.0412394	0.041907	0.0385832	

86	0.513	32	0	task-3:0.068	task-0:0.036	task-1:0.092	task-2:0.044	|	0.459364	0.183333	0.183333	0.183299	0.152702	0.756974	0.685329	0.429829	0.253258	0.181271	0.173486	0.167286	0.156251	0.146007	0.12956	0.116533	0.104174	0.0991912	0.0973216	0.0969349	0.0911503	0.087361	0.0846161	0.0830021	0.0783049	0.0746195	0.0732052	0.0702497	0.0670089	0.0656922	0.0685644	0.0669891	0.0626274	0.0596436	0.0567025	0.0558602	0.0531184	0.052923	0.0507133	0.0494456	0.0487889	0.0488838	0.0496475	0.050981	0.0494402	0.0484416	0.0485868	0.0487539	0.0490958	0.0488647	0.0484297	0.0482282	0.0480138	0.0478258	0.0477166	0.047641	0.047567	0.047615	0.047357	0.0469819	0.046729	0.0467433	0.0471965	0.0473774	0.046227	0.0454311	0.0640536	0.063184	0.0481915	0.0459389	0.0764481	0.0743233	0.0440891	0.0436629	0.0429373	0.0423409	0.0421091	0.0418332	0.0417721	0.0414483	0.0412146	0.0411374	0.0408737	0.0404411	0.0400688	0.0396225	

47	0.279	32	0	task-3:0.058	task-0:0.092	task-1:0.146	task-2:0.018	|	0.708555	0.183333	0.183333	0.183085	0.154815	0.155117	0.164596	0.160669	0.152699	0.150364	0.140168	0.134244	0.126666	0.112097	0.103804	0.101272	0.0973816	0.0967066	0.0940489	0.0937525	0.092527	0.0896774	0.0864711	0.0856081	0.0870298	0.0872792	0.0860033	0.083564	0.0826575	0.0814725	0.0800654	0.078333	0.0761849	0.0737416	0.0707926	0.0666647	0.0643114	0.0622578	0.0597581	0.0569928	0.0532055	0.050458	0.0478982	0.0457919	0.0433381	0.0410076	0.03903	

