21	0.128	32	0	task-3:0.566	task-0:0.434	task-1:0.44	task-2:0.712	|	0.0442002	0.16	0.16	0.159382	0.0451422	0.0592613	0.057358	0.0471098	0.0449239	0.0454421	0.0431478	0.0446936	0.044495	0.0434988	0.043218	0.0430574	0.0429525	0.0427771	0.0422823	0.0411619	0.0386348	

17	0.197	32	0	task-3:0.476	task-0:0.508	task-1:0.418	task-2:0.386	|	0.0634051	0.06	0.06	0.059808	0.0734189	0.0788455	0.0425216	0.05191	0.0519173	0.0451832	0.0468245	0.0469962	0.0424884	0.0427203	0.042042	0.0404286	0.0394249	

30	0.466	32	0	task-3:0.452	task-0:0.43	task-1:0.544	task-2:0.362	|	0.0548741	0.159995	0.159973	0.148005	0.0484326	0.0440591	0.0501281	0.048704	0.0453269	0.0434597	0.0436667	0.0436359	0.0429411	0.0432234	0.0431159	0.0427348	0.042752	0.0426883	0.0424694	0.0423754	0.0424012	0.0427234	0.0443607	0.049164	0.0504949	0.0497018	0.0440578	0.0413401	0.0404621	0.0382204	

11	0.183	32	0	task-3:0.45	task-0:0.472	task-1:0.462	task-2:0.458	|	0.0548742	0.16	0.159998	0.158148	0.0455946	0.0460714	0.0808044	0.0746475	0.0492973	0.0418652	0.0395925	

15	0.205	32	0	task-3:0.396	task-0:0.448	task-1:0.408	task-2:0.45	|	0.0493491	0.16	0.159997	0.151843	0.0493923	0.0433619	0.0629817	0.0621609	0.0534657	0.0477776	0.0436562	0.0413196	0.0416848	0.0404055	0.0386634	

25	0.381	32	0	task-3:0.502	task-0:0.462	task-1:0.43	task-2:0.476	|	0.0479319	0.16	0.159999	0.155803	0.0449922	0.0475224	0.0434595	0.0424845	0.0432181	0.0432729	0.0423468	0.0426972	0.0429068	0.0421225	0.041768	0.0418749	0.0419961	0.0417222	0.0417732	0.0420267	0.0439222	0.0503549	0.0500077	0.0489753	0.0299625	

19	0.288	32	0	task-3:0.508	task-0:0.482	task-1:0.456	task-2:0.486	|	0.0772347	0.06	0.0599998	0.05947	0.0745137	0.0725509	0.0491159	0.043294	0.0451506	0.0436632	0.0426021	0.0423618	0.0425403	0.0424956	0.042111	0.04184	0.0418342	0.041777	0.0348422	

16	0.208	32	0	task-3:0.606	task-0:0.482	task-1:0.566	task-2:0.476	|	0.0928237	0.0599996	0.0599953	0.0581739	0.0625321	0.0574758	0.045038	0.0434879	0.0440812	0.0436865	0.0433143	0.043392	0.0432471	0.0428203	0.0417577	0.0398081	

23	0.368	32	0	task-3:0.588	task-0:0.506	task-1:0.436	task-2:0.242	|	0.0520931	0.06	0.0599999	0.0597812	0.0447724	0.0450418	0.0444985	0.0441449	0.0436835	0.0436118	0.0446465	0.0451715	0.0445051	0.0442938	0.0444102	0.0443589	0.0455762	0.0451188	0.0435398	0.0424484	0.0427052	0.0416411	0.0391665	

18	0.284	32	0	task-3:0.378	task-0:0.392	task-1:0.444	task-2:0.466	|	0.113523	0.0599997	0.0599959	0.0564007	0.122289	0.0913946	0.0533075	0.0464382	0.0435107	0.0457527	0.0455652	0.0435837	0.0446696	0.0443731	0.0432286	0.041535	0.0400116	0.0382412	

29	0.398	32	0	task-3:0.232	task-0:0.336	task-1:0.276	task-2:0.28	|	0.13937	0.0599971	0.0599695	0.0525652	0.131683	0.107693	0.0660715	0.0515286	0.0437568	0.0453378	0.0452832	0.0434518	0.0437276	0.0442433	0.0430321	0.0430847	0.0432649	0.0432468	0.0455909	0.0528242	0.052819	0.0520008	0.0515106	0.0507285	0.0567669	0.0553767	0.0516737	0.0469689	0.0237273	

28	0.414	32	0	task-3:0.428	task-0:0.514	task-1:0.464	task-2:0.258	|	0.0558169	0.0599999	0.0599993	0.0588705	0.0838589	0.0547198	0.0435429	0.0435473	0.0433896	0.0431171	0.0430919	0.0431305	0.0429598	0.0428341	0.0427456	0.0425086	0.0422079	0.0423497	0.0419552	0.0414411	0.0410505	0.0406107	0.040312	0.0402695	0.0402029	0.0402426	0.0408658	0.0394995	

13	0.191	32	0	task-3:0.464	task-0:0.444	task-1:0.39	task-2:0.516	|	0.0584467	0.159994	0.159949	0.101554	0.0574124	0.0553363	0.0456645	0.046358	0.0466818	0.0436272	0.0419102	0.0405403	0.0387952	

13	0.191	32	0	task-3:0.464	task-0:0.444	task-1:0.39	task-2:0.516	|	0.0584467	0.159994	0.159949	0.101554	0.0574124	0.0553363	0.0456645	0.046358	0.0466818	0.0436272	0.0419102	0.0405403	0.0387952	

13	0.195	32	0	task-3:0.464	task-0:0.444	task-1:0.39	task-2:0.516	|	0.0584467	0.159994	0.159949	0.101554	0.0574124	0.0553363	0.0456645	0.046358	0.0466818	0.0436272	0.0419102	0.0405403	0.0387952	

17	0.232	32	0	task-3:0.58	task-0:0.452	task-1:0.484	task-2:0.346	|	0.0465574	0.06	0.0599999	0.0596808	0.0680928	0.0678698	0.0518553	0.0486615	0.0444862	0.0450495	0.0444755	0.0432071	0.0431026	0.0427732	0.042197	0.0407593	0.0383986	

27	0.452	32	0	task-3:0.42	task-0:0.492	task-1:0.306	task-2:0.362	|	0.155537	0.0599954	0.0599639	0.0475376	0.142231	0.106155	0.0593776	0.0488569	0.0441044	0.0439022	0.0445081	0.0433144	0.0440976	0.0439112	0.0429569	0.0430513	0.0431516	0.043462	0.0463648	0.0512128	0.0509567	0.0503205	0.0496727	0.0496529	0.0483409	0.0414499	0.0374722	

12	0.17	32	0	task-3:0.528	task-0:0.474	task-1:0.346	task-2:0.45	|	0.056953	0.159995	0.159963	0.153784	0.059129	0.0527879	0.0495757	0.0444903	0.0493974	0.0482435	0.0430517	0.0396174	

13	0.191	32	0	task-3:0.502	task-0:0.464	task-1:0.374	task-2:0.524	|	0.0539838	0.159999	0.159991	0.14007	0.048691	0.0440991	0.0427817	0.0428795	0.0426723	0.0427695	0.0418757	0.0401873	0.0381209	

20	0.29	32	0	task-3:0.384	task-0:0.502	task-1:0.432	task-2:0.278	|	0.0804348	0.06	0.06	0.0599285	0.0756738	0.0608776	0.0444677	0.0445607	0.0448384	0.0436713	0.0434881	0.042991	0.0427203	0.042876	0.0427972	0.0421868	0.0414389	0.0410856	0.0409059	0.0376218	

16	0.271	32	0	task-3:0.452	task-0:0.446	task-1:0.46	task-2:0.452	|	0.0504838	0.16	0.159999	0.159127	0.054705	0.0554858	0.0515674	0.0434778	0.0438059	0.0434626	0.0435882	0.043101	0.0430984	0.0424739	0.0410368	0.0378623	

18	0.281	32	0	task-3:0.536	task-0:0.524	task-1:0.456	task-2:0.478	|	0.0447059	0.16	0.159995	0.153031	0.0485988	0.0439089	0.058767	0.0534998	0.044117	0.0426857	0.0428029	0.0419263	0.0415148	0.0414015	0.0409007	0.0405	0.0400883	0.039345	

29	0.398	32	0	task-3:0.436	task-0:0.454	task-1:0.456	task-2:0.516	|	0.108259	0.06	0.0599998	0.0597903	0.0465085	0.0444635	0.0473704	0.0448915	0.0432044	0.0434657	0.0433411	0.0434687	0.0433939	0.0431905	0.0430636	0.0429042	0.0428516	0.0419829	0.0755331	0.075113	0.0491193	0.0424961	0.0425948	0.0407508	0.0494574	0.0494769	0.0480611	0.0403667	0.0399405	

26	0.384	32	0	task-3:0.452	task-0:0.25	task-1:0.276	task-2:0.334	|	0.0677743	0.0599998	0.0599958	0.0580417	0.0711444	0.060316	0.0462563	0.0438613	0.043545	0.0436	0.0439717	0.043466	0.0433657	0.0433974	0.0431701	0.0430722	0.0435416	0.0439212	0.0447494	0.0488139	0.0508006	0.0501695	0.048654	0.0463931	0.040707	0.0243318	

28	0.393	32	0	task-3:0.48	task-0:0.402	task-1:0.316	task-2:0.466	|	0.0513716	0.159999	0.159995	0.151777	0.0505633	0.0468546	0.0450457	0.0444781	0.0433756	0.043702	0.0433978	0.0435905	0.0438679	0.0435022	0.0430616	0.0429535	0.0431213	0.0428543	0.0428321	0.0428961	0.0436524	0.0459283	0.0438118	0.0411576	0.0411534	0.0415896	0.0407028	0.0392225	

32	0.479	32	0	task-3:0.47	task-0:0.468	task-1:0.454	task-2:0.34	|	0.0923079	0.06	0.0599999	0.0597471	0.0572403	0.051132	0.0433215	0.0433988	0.0429174	0.0429184	0.0426332	0.0424519	0.0423318	0.0422539	0.0423013	0.0423667	0.0421962	0.0419182	0.0418932	0.0432331	0.0507646	0.0495065	0.0442639	0.0440971	0.0450191	0.0503297	0.0502116	0.050487	0.0503071	0.0496906	0.0419574	0.0261213	

17	0.224	32	0	task-3:0.634	task-0:0.414	task-1:0.416	task-2:0.52	|	0.0594155	0.06	0.0599998	0.0594589	0.0717644	0.0636167	0.0466559	0.0447416	0.0440037	0.0458813	0.0441933	0.0438563	0.0436254	0.0437972	0.0431506	0.0415419	0.0392619	

17	0.179	32	0	task-3:0.634	task-0:0.414	task-1:0.416	task-2:0.52	|	0.0594155	0.06	0.0599998	0.0594589	0.0717644	0.0636167	0.0466559	0.0447416	0.0440037	0.0458813	0.0441933	0.0438563	0.0436254	0.0437972	0.0431506	0.0415419	0.0392619	

25	0.25	32	0	task-3:0.478	task-0:0.472	task-1:0.426	task-2:0.448	|	0.0546837	0.0599999	0.0599974	0.0571692	0.0947392	0.0642224	0.0469502	0.044172	0.0430543	0.0427718	0.0426096	0.042455	0.0420057	0.0437639	0.0430102	0.0409861	0.0438999	0.050769	0.0515174	0.0524767	0.0517821	0.0507034	0.0508259	0.0515209	0.0358035	

20	0.194	32	0	task-3:0.444	task-0:0.442	task-1:0.45	task-2:0.268	|	0.116385	0.06	0.0599998	0.0593752	0.0786844	0.0673251	0.0471332	0.0435577	0.0438743	0.0437373	0.0428766	0.0434626	0.0436309	0.0449377	0.0469224	0.0465398	0.0473679	0.0462632	0.0432845	0.03609	

25	0.25	32	0	task-3:0.478	task-0:0.472	task-1:0.426	task-2:0.448	|	0.0546837	0.0599999	0.0599974	0.0571692	0.0947392	0.0642224	0.0469502	0.044172	0.0430543	0.0427718	0.0426096	0.042455	0.0420057	0.0437639	0.0430102	0.0409861	0.0438999	0.050769	0.0515174	0.0524767	0.0517821	0.0507034	0.0508259	0.0515209	0.0358035	

20	0.192	32	0	task-3:0.302	task-0:0.47	task-1:0.46	task-2:0.384	|	0.0462843	0.159998	0.159982	0.145691	0.0465637	0.0430852	0.0432828	0.0458893	0.0467707	0.0435369	0.0427062	0.0431366	0.0426904	0.0425806	0.0426439	0.0426521	0.043018	0.0432302	0.0421718	0.0365536	

26	0.258	32	0	task-3:0.434	task-0:0.448	task-1:0.472	task-2:0.426	|	0.152834	0.06	0.0599998	0.0595004	0.0765853	0.0684781	0.0502123	0.0455669	0.0431216	0.0442787	0.0436921	0.042172	0.0418252	0.0416498	0.0415986	0.0414717	0.0416155	0.0411474	0.0439216	0.0493452	0.051192	0.0511504	0.0506592	0.0491029	0.0424306	0.0314901	

24	0.229	32	0	task-3:0.546	task-0:0.416	task-1:0.586	task-2:0.412	|	0.0439921	0.06	0.0599999	0.0598281	0.0446992	0.0444381	0.044019	0.0431979	0.0436327	0.0438454	0.0434037	0.04309	0.0430977	0.0429575	0.0429697	0.0434764	0.045044	0.0457878	0.0497354	0.0495152	0.0499687	0.0503735	0.0510021	0.0305887	

24	0.214	32	0	task-3:0.546	task-0:0.416	task-1:0.586	task-2:0.412	|	0.0439921	0.06	0.0599999	0.0598281	0.0446992	0.0444381	0.044019	0.0431979	0.0436327	0.0438454	0.0434037	0.04309	0.0430977	0.0429575	0.0429697	0.0434764	0.045044	0.0457878	0.0497354	0.0495152	0.0499687	0.0503735	0.0510021	0.0305887	

24	0.213	32	0	task-3:0.546	task-0:0.416	task-1:0.586	task-2:0.412	|	0.0439921	0.06	0.0599999	0.0598281	0.0446992	0.0444381	0.044019	0.0431979	0.0436327	0.0438454	0.0434037	0.04309	0.0430977	0.0429575	0.0429697	0.0434764	0.045044	0.0457878	0.0497354	0.0495152	0.0499687	0.0503735	0.0510021	0.0305887	

38	0.379	32	0	task-3:0.284	task-0:0.472	task-1:0.338	task-2:0.07	|	0.0532691	0.0599998	0.0599981	0.0592833	0.0439614	0.0435881	0.0443327	0.0436559	0.0432638	0.04333	0.0431433	0.0429448	0.0427113	0.0425136	0.0425294	0.0425613	0.0423447	0.0421173	0.0420884	0.0420869	0.0421382	0.042372	0.0429681	0.0439493	0.0455306	0.0458968	0.0504489	0.0506185	0.0507237	0.05065	0.0657251	0.0517086	0.0463886	0.0518232	0.0586034	0.0551191	0.055193	0.039219	

30	0.305	32	0	task-3:0.564	task-0:0.422	task-1:0.484	task-2:0.458	|	0.0594423	0.0599996	0.0599942	0.0572249	0.0910997	0.0562745	0.0435803	0.043386	0.0436225	0.0429197	0.0426735	0.0427081	0.0426799	0.0424517	0.0421797	0.0422497	0.0426116	0.043019	0.0436608	0.0444802	0.0455474	0.046028	0.0459197	0.0499438	0.0484184	0.0435885	0.0442235	0.0551542	0.052416	0.038856	

30	0.305	32	0	task-3:0.564	task-0:0.422	task-1:0.484	task-2:0.458	|	0.0594423	0.0599996	0.0599942	0.0572249	0.0910997	0.0562745	0.0435803	0.043386	0.0436225	0.0429197	0.0426735	0.0427081	0.0426799	0.0424517	0.0421797	0.0422497	0.0426116	0.043019	0.0436608	0.0444802	0.0455474	0.046028	0.0459197	0.0499438	0.0484184	0.0435885	0.0442235	0.0551542	0.052416	0.038856	

25	0.25	32	0	task-3:0.462	task-0:0.448	task-1:0.478	task-2:0.384	|	0.144708	0.06	0.0599999	0.0597544	0.0606103	0.051815	0.0435069	0.0431905	0.0435252	0.0430015	0.0428112	0.0427522	0.0425665	0.042875	0.0427795	0.0425683	0.0426423	0.0474626	0.0460846	0.0443535	0.0509375	0.0509566	0.0507583	0.0501842	0.0306121	

23	0.208	32	0	task-3:0.492	task-0:0.472	task-1:0.4	task-2:0.428	|	0.142416	0.0599999	0.0599987	0.0567122	0.116223	0.0696413	0.0452152	0.0434216	0.0433124	0.0431173	0.0428463	0.0427672	0.0427898	0.0427084	0.0426076	0.0426034	0.0422789	0.0428438	0.0419306	0.0407211	0.0426857	0.0414588	0.0331801	

14	0.133	32	0	task-3:0.548	task-0:0.496	task-1:0.358	task-2:0.472	|	0.103372	0.06	0.059999	0.0583531	0.101178	0.0783269	0.0527263	0.0471963	0.0435653	0.043703	0.0430751	0.0415666	0.0406813	0.0392173	

14	0.133	32	0	task-3:0.548	task-0:0.496	task-1:0.358	task-2:0.472	|	0.103372	0.06	0.059999	0.0583531	0.101178	0.0783269	0.0527263	0.0471963	0.0435653	0.043703	0.0430751	0.0415666	0.0406813	0.0392173	

14	0.132	32	0	task-3:0.548	task-0:0.496	task-1:0.358	task-2:0.472	|	0.103372	0.06	0.059999	0.0583531	0.101178	0.0783269	0.0527263	0.0471963	0.0435653	0.043703	0.0430751	0.0415666	0.0406813	0.0392173	

26	0.255	32	0	task-3:0.528	task-0:0.524	task-1:0.398	task-2:0.436	|	0.0492543	0.159999	0.159993	0.152831	0.0474252	0.043738	0.0670186	0.0626983	0.047657	0.0428949	0.0433691	0.0429641	0.0422396	0.0421063	0.0418301	0.0416266	0.0415074	0.0417022	0.0412504	0.0408494	0.0426551	0.0445917	0.0430142	0.0457465	0.0428182	0.0398441	

27	0.26	32	0	task-3:0.25	task-0:0.406	task-1:0.286	task-2:0.27	|	0.0505428	0.0599994	0.0599849	0.0568191	0.0763547	0.0722177	0.0559347	0.0492772	0.0438277	0.0435084	0.0437465	0.042765	0.0432897	0.0429585	0.0423867	0.0428739	0.043444	0.0441885	0.0459405	0.0460706	0.0465012	0.052936	0.0529075	0.0528432	0.0513467	0.0512768	0.0311737	

20	0.194	32	0	task-3:0.52	task-0:0.524	task-1:0.47	task-2:0.626	|	0.140755	0.0599996	0.0599958	0.055487	0.128901	0.103048	0.0459747	0.0508846	0.0513615	0.0456675	0.0455564	0.047262	0.0436289	0.0445824	0.0450956	0.0434848	0.0424142	0.0415985	0.0403363	0.0399627	

23	0.24	32	0	task-3:0.332	task-0:0.262	task-1:0.236	task-2:0.31	|	0.0462631	0.159999	0.159993	0.151313	0.047154	0.0442356	0.0454665	0.0443806	0.0435895	0.043646	0.0436546	0.0434475	0.0432407	0.0431394	0.0431916	0.0433311	0.0437273	0.044	0.0457523	0.0468018	0.0437244	0.0423851	0.0377156	

26	0.254	32	0	task-3:0.562	task-0:0.492	task-1:0.484	task-2:0.386	|	0.104268	0.0599998	0.0599985	0.059242	0.0504888	0.0494545	0.0436622	0.0434227	0.0443082	0.0435066	0.0443438	0.0449356	0.0439327	0.0434013	0.0433167	0.043124	0.0431753	0.0440915	0.0500848	0.050812	0.0510935	0.0509758	0.0511554	0.05153	0.052302	0.0345703	

20	0.193	32	0	task-3:0.432	task-0:0.524	task-1:0.624	task-2:0.442	|	0.113635	0.06	0.0599998	0.0597529	0.0558047	0.0576825	0.0461041	0.0453632	0.0441729	0.0438274	0.0435747	0.0432922	0.0429199	0.0425302	0.04204	0.0415092	0.0411011	0.040716	0.0401214	0.0394761	

26	0.255	32	0	task-3:0.562	task-0:0.492	task-1:0.484	task-2:0.386	|	0.104268	0.0599998	0.0599985	0.059242	0.0504888	0.0494545	0.0436622	0.0434227	0.0443082	0.0435066	0.0443438	0.0449356	0.0439327	0.0434013	0.0433167	0.043124	0.0431753	0.0440915	0.0500848	0.050812	0.0510935	0.0509758	0.0511554	0.05153	0.052302	0.0345703	

26	0.382	32	0	task-3:0.562	task-0:0.492	task-1:0.484	task-2:0.386	|	0.104268	0.0599998	0.0599985	0.059242	0.0504888	0.0494545	0.0436622	0.0434227	0.0443082	0.0435066	0.0443438	0.0449356	0.0439327	0.0434013	0.0433167	0.043124	0.0431753	0.0440915	0.0500848	0.050812	0.0510935	0.0509758	0.0511554	0.05153	0.052302	0.0345703	

25	0.377	32	0	task-3:0.558	task-0:0.476	task-1:0.514	task-2:0.582	|	0.0439938	0.159999	0.159991	0.147877	0.044484	0.0447406	0.0435468	0.0428689	0.0440459	0.0442749	0.0431331	0.0429016	0.0423167	0.0428208	0.0427354	0.0422148	0.0420525	0.0421641	0.0425385	0.0431672	0.0450403	0.0489301	0.0505486	0.0494385	0.0275115	

22	0.3	32	0	task-3:0.538	task-0:0.444	task-1:0.456	task-2:0.408	|	0.0438877	0.16	0.159989	0.14088	0.0475967	0.0433962	0.0761743	0.085741	0.0777896	0.0615731	0.047071	0.0441327	0.0448802	0.0447326	0.0450399	0.0450359	0.0447406	0.0439473	0.04289	0.0416962	0.0414713	0.038482	

16	0.27	32	0	task-3:0.492	task-0:0.506	task-1:0.298	task-2:0.472	|	0.0443436	0.06	0.0599999	0.059504	0.0905271	0.0615935	0.043629	0.0442884	0.0432808	0.0438294	0.0433974	0.042573	0.0423236	0.0419482	0.0409373	0.0393085	

25	0.378	32	0	task-3:0.472	task-0:0.524	task-1:0.416	task-2:0.466	|	0.0532547	0.0599999	0.0599996	0.0595536	0.0583919	0.0679432	0.0463667	0.0444672	0.0447532	0.0447151	0.0442721	0.0442937	0.0439504	0.0436731	0.0435931	0.0434063	0.0432983	0.0431849	0.0430587	0.0429049	0.0426049	0.042139	0.0415651	0.040844	0.0398273	

17	0.276	32	0	task-3:0.546	task-0:0.432	task-1:0.426	task-2:0.426	|	0.050371	0.06	0.0599997	0.0595577	0.0562267	0.0678912	0.0500029	0.0431583	0.0451728	0.0446198	0.0427211	0.0427551	0.0426692	0.0424455	0.0418519	0.0408791	0.0391713	

23	0.304	32	0	task-3:0.36	task-0:0.318	task-1:0.43	task-2:0.186	|	0.0949795	0.0599999	0.0599986	0.0592324	0.045672	0.053293	0.0458203	0.0431522	0.0438099	0.0437556	0.0429592	0.042998	0.0428447	0.0427981	0.0427236	0.0432841	0.0497143	0.049965	0.0491049	0.0481902	0.0466721	0.0435888	0.0239528	

18	0.216	32	0	task-3:0.514	task-0:0.45	task-1:0.526	task-2:0.476	|	0.151649	0.059999	0.0599902	0.055269	0.110122	0.0870945	0.0586924	0.0500073	0.0444332	0.0433411	0.0434297	0.0427544	0.0430679	0.0431473	0.0433575	0.0430347	0.0418431	0.038893	

14	0.26	32	0	task-3:0.526	task-0:0.428	task-1:0.47	task-2:0.322	|	0.0555289	0.16	0.159997	0.155531	0.0473788	0.0546968	0.0473615	0.0432031	0.0432967	0.042919	0.0425692	0.0418167	0.0405671	0.0378991	

