73	1.012	32	0	task-3:0.07	task-0:0.106	task-1:0.08	task-2:0.05	|	0.0575184	0.0999998	0.0999975	0.096593	0.0758034	0.0718982	0.060708	0.0634251	0.0577478	0.0523729	0.0467304	0.0404	0.0362089	0.030461	0.0281179	0.0288828	0.0248512	0.0207772	0.0177721	0.0145263	0.0111268	0.00835636	0.00681584	0.00594206	0.004865	0.00457282	0.00299817	0.00205099	0.00141946	0.00112389	0.000719827	0.00027554	0.000107571	4.20274e-005	1.39686e-005	6.26302e-006	2.07182e-006	1.0197e-006	6.84683e-007	4.90329e-007	1.34062e-006	2.82363e-006	6.20064e-006	1.12733e-006	8.29192e-007	1.06988e-006	1.61138e-006	4.89985e-007	4.03837e-007	1.96709e-007	1.24167e-007	1.05395e-007	1.42684e-007	9.21434e-008	3.49947e-008	1.56141e-008	8.7736e-009	4.99819e-009	2.39374e-009	1.02986e-009	3.79536e-010	1.44095e-010	1.06566e-010	4.811e-011	2.16892e-011	9.90542e-012	4.05819e-012	1.49084e-012	5.07492e-013	1.63935e-013	4.65061e-014	1.07104e-014	2.81634e-015	

65	0.428	32	0	task-3:0.096	task-0:0.064	task-1:0.144	task-2:0.15	|	0.0682708	0.0999999	0.0999863	0.0948488	0.05536	0.0748546	0.0552559	0.0420536	0.0362488	0.0306318	0.022757	0.017586	0.00846981	0.00446452	0.00388822	0.00224466	0.000475284	3.16955e-005	2.14399e-005	5.87376e-005	2.90586e-006	5.87648e-005	0.000244276	0.000134606	2.68534e-006	1.83946e-005	9.49385e-006	1.4344e-006	1.58297e-007	5.36785e-008	1.15838e-008	5.83868e-009	1.77659e-009	3.49409e-010	5.39277e-011	6.25257e-012	4.14187e-013	3.52383e-014	1.05125e-014	5.17586e-015	4.90868e-015	3.31463e-015	0	0	0	0	4.6137e-015	7.95485e-015	9.29462e-015	1.0249e-014	4.04861e-015	2.27553e-015	0	1.96345e-015	0	0	0	0	0	1.90964e-015	3.45156e-015	2.97086e-015	2.70852e-015	3.19485e-015	2.54717e-015	

94	0.571	32	0	task-3:0.076	task-0:0.05	task-1:0.058	task-2:0.108	|	0.068186	0.12	0.119995	0.112809	0.069751	0.0556254	0.0619531	0.056037	0.0426513	0.0393195	0.0353367	0.0311219	0.0284489	0.0284399	0.030462	0.0314306	0.0319462	0.032673	0.0332494	0.0325944	0.0276542	0.0216544	0.0150781	0.0105584	0.0125643	0.0138341	0.0126577	0.00825702	0.00587267	0.00250781	0.000383534	0.000158736	0.000229602	9.26933e-005	1.12035e-005	2.22418e-006	6.5172e-007	1.5368e-007	3.91645e-008	1.08754e-008	8.82698e-010	2.58015e-011	1.10538e-012	1.23817e-014	2.1828e-014	0	0	0	0	0	3.1664e-015	0	0	0	0	0	0	0	0	0	0	0	0	0	0	0	0	0	0	1.94824e-015	0	0	8.96743e-015	5.50249e-015	9.58646e-015	8.42977e-015	1.07414e-014	3.12517e-014	1.41608e-013	1.23661e-012	2.38962e-011	3.75283e-012	7.73767e-012	1.3223e-012	6.98102e-014	3.64929e-014	2.57177e-014	2.90929e-015	3.7108e-015	1.56414e-014	7.94505e-015	0	0	2.69797e-015	

72	0.439	32	0	task-3:0.094	task-0:0.05	task-1:0.036	task-2:0.042	|	0.0683323	0.12	0.119999	0.114294	0.071737	0.0560986	0.0381894	0.0433969	0.029361	0.0238528	0.0206341	0.014252	0.0126496	0.0106927	0.00923086	0.00838186	0.00737921	0.00516486	0.00347528	0.00272228	0.001711	0.0011311	0.000503865	0.000157565	3.34203e-005	1.7449e-005	4.19528e-006	5.3242e-007	1.14778e-007	1.17238e-008	6.56625e-010	2.85354e-011	6.58487e-013	7.07923e-015	9.26274e-015	4.92713e-015	0	0	0	0	0	0	0	0	0	0	0	0	0	0	0	0	0	0	0	0	0	0	0	0	0	0	0	0	0	0	0	0	0	0	0	0	

86	0.528	32	0	task-3:0.038	task-0:0.032	task-1:0.078	task-2:0.032	|	0.0657074	0.1	0.0999997	0.0964129	0.105269	0.104591	0.0545443	0.074559	0.0679154	0.040607	0.0481039	0.0434801	0.0268091	0.0293085	0.0259898	0.0193819	0.0156875	0.0127061	0.0104281	0.00852869	0.007171	0.0056759	0.00405409	0.00274763	0.00181343	0.00116018	0.000779412	0.000489621	0.000331559	0.000259346	0.000264167	0.000242626	0.000168692	0.000137735	0.000114327	0.000118795	7.30338e-005	5.59659e-005	3.60721e-005	2.40705e-005	2.10789e-005	1.52978e-005	2.25277e-005	4.15687e-005	1.19926e-005	8.83857e-006	7.77175e-006	7.5473e-006	7.46657e-006	9.48334e-006	1.05354e-005	5.25643e-006	4.43015e-006	3.28431e-006	3.33849e-006	1.98948e-006	1.83062e-006	1.34492e-006	7.93296e-007	5.55985e-007	4.26224e-007	2.98661e-007	1.98874e-007	1.22125e-007	7.74652e-008	4.90692e-008	2.64059e-008	1.14868e-008	4.13432e-009	7.96592e-010	1.10884e-010	1.13877e-011	7.29064e-013	3.23625e-014	0	0	2.08754e-015	0	0	0	0	0	0	0	0	0	

67	0.994	32	0	task-3:0.12	task-0:0.096	task-1:0.07	task-2:0.066	|	0.0608098	0.12	0.119998	0.1174	0.0514705	0.0507454	0.0575495	0.0571248	0.0529097	0.0498878	0.045414	0.0367159	0.0252948	0.0162727	0.0107519	0.00779594	0.00550085	0.00489425	0.00581179	0.00393754	0.00418314	0.00282254	0.00186807	0.00143889	0.00119201	0.0010773	0.000854961	0.000714566	0.000567755	0.000643776	0.000657256	0.000565585	0.00050241	0.000377822	0.000303564	0.000246988	0.000193435	0.000150107	0.00010559	7.5718e-005	5.13117e-005	3.67314e-005	2.69243e-005	1.86432e-005	1.46394e-005	1.15125e-005	6.97958e-006	4.86531e-006	3.41696e-006	2.32017e-006	1.56545e-006	8.5465e-007	4.70847e-007	2.62079e-007	1.29175e-007	5.45494e-008	1.24905e-008	3.79654e-010	4.10359e-011	2.10357e-013	0	0	3.69872e-015	0	0	0	0	

67	1.236	32	0	task-3:0.092	task-0:0.054	task-1:0.1	task-2:0.126	|	0.0901826	0.0999999	0.099999	0.098581	0.0614794	0.057304	0.056569	0.0502319	0.0371171	0.028367	0.0276634	0.0244588	0.0194359	0.0166881	0.0146204	0.0121327	0.00935485	0.00560191	0.00279433	0.00178537	0.00111215	0.000753957	0.000527849	0.00044252	0.000281952	0.000249664	0.000193071	0.000135092	9.7921e-005	6.54702e-005	5.84535e-005	8.3285e-005	4.77826e-005	3.99472e-005	4.12409e-005	3.70383e-005	3.15691e-005	2.74246e-005	2.38301e-005	1.95845e-005	1.57045e-005	1.30826e-005	1.02184e-005	8.62997e-006	5.69377e-006	4.12868e-006	2.80109e-006	1.76954e-006	1.04213e-006	5.52555e-007	2.52425e-007	9.89879e-008	3.23672e-008	8.90595e-009	1.90749e-009	3.01971e-010	3.20857e-011	2.24566e-012	9.85137e-014	0	0	3.32239e-015	1.54709e-010	5.85652e-011	1.16222e-014	1.08762e-012	1.00409e-012	

69	1.25	32	0	task-3:0.074	task-0:0.078	task-1:0.178	task-2:0.13	|	0.0953536	0.1	0.0999995	0.0957471	0.0959044	0.0823162	0.050191	0.0396385	0.0349878	0.0312278	0.0290482	0.02833	0.0277233	0.0272053	0.0259213	0.0239739	0.0213095	0.0179752	0.0154271	0.0138163	0.0125661	0.0107987	0.00886778	0.00688414	0.00738359	0.00730186	0.00634218	0.00564668	0.0121451	0.0207312	0.0195964	0.0171586	0.00912235	0.00512533	0.00278631	0.00201729	0.00198182	0.00263885	0.00188134	0.00178767	0.00159848	0.00107876	0.000730192	0.000555831	0.000457648	0.000776572	0.000522577	0.00031299	0.000232243	0.000275055	0.000329153	0.00023302	0.000189329	0.000152049	0.000119481	9.13686e-005	5.96175e-005	6.40826e-005	6.73906e-005	3.73726e-005	2.75966e-005	1.8919e-005	1.17403e-005	1.37311e-005	1.61047e-005	8.29064e-006	5.16086e-006	3.37151e-006	4.09784e-006	

74	0.88	32	0	task-3:0.058	task-0:0.05	task-1:0.032	task-2:0.04	|	0.106999	0.0999989	0.0999746	0.0824639	0.0701658	0.0599903	0.0631684	0.0621144	0.0556683	0.0500333	0.0466241	0.0451617	0.044035	0.0422828	0.0408701	0.0412711	0.0364345	0.0250079	0.0192764	0.0117448	0.00837324	0.00566261	0.00491697	0.00293677	0.00179548	0.00111635	0.000262193	0.000171738	0.000203149	0.000207177	0.000209759	0.000246471	0.000120315	8.96059e-005	7.14531e-005	5.74056e-005	4.64394e-005	3.36461e-005	2.39008e-005	1.69733e-005	1.14528e-005	6.8385e-006	4.05774e-006	1.93104e-006	8.55277e-007	3.95124e-007	1.02813e-007	2.97326e-008	1.03335e-008	4.2748e-009	2.12953e-009	9.76178e-010	4.01492e-010	1.39542e-010	8.92395e-011	3.95576e-011	1.53191e-011	6.23599e-012	2.24287e-012	6.20905e-013	1.45024e-013	2.60393e-014	2.40592e-015	1.09971e-014	2.24778e-015	0	0	0	0	0	0	0	0	0	

78	0.959	32	0	task-3:0.058	task-0:0.044	task-1:0.116	task-2:0.082	|	0.0728384	0.0999998	0.0999945	0.0939702	0.0562113	0.0548214	0.0596526	0.0591688	0.0545714	0.0488857	0.0427345	0.038945	0.0356526	0.0435732	0.0311633	0.0209946	0.018521	0.0156326	0.0124223	0.00935114	0.00798079	0.00725681	0.00681806	0.00666954	0.00629465	0.00512542	0.00533402	0.00468431	0.00363964	0.00299098	0.0025005	0.00212053	0.00157816	0.000988616	0.000557656	0.000303938	0.00015435	6.95852e-005	2.7692e-005	9.56286e-006	2.76984e-006	6.0516e-007	8.9336e-008	8.11704e-009	3.78248e-010	1.95651e-011	1.62857e-012	3.38918e-011	2.34165e-014	1.08026e-013	0	3.41732e-015	1.19607e-013	7.58375e-014	2.28722e-015	1.6689e-014	6.33944e-014	4.5841e-014	2.78353e-015	0	2.45127e-015	0	0	0	0	0	0	0	0	0	0	0	0	0	0	0	0	0	

66	0.786	32	0	task-3:0.274	task-0:0.258	task-1:0.244	task-2:0.3	|	0.0822253	0.12	0.12	0.119267	0.0560856	0.0709253	0.0453279	0.0374211	0.0370577	0.0347064	0.0337377	0.0334809	0.0339232	0.0348266	0.0355446	0.0346584	0.0336622	0.0334803	0.0339573	0.0364123	0.0382223	0.0387164	0.0386179	0.0381216	0.0373878	0.0369298	0.0372061	0.0376186	0.0402486	0.0384686	0.0320625	0.0314963	0.0309317	0.0303406	0.0297523	0.0292137	0.0287927	0.0285799	0.0286817	0.0286817	0.0285869	0.0287487	0.0302978	0.0302357	0.0347179	0.0486562	0.0479049	0.0877007	0.0875178	0.087317	0.0471078	0.0452324	0.0397015	0.0297753	0.0280413	0.0280413	0.026835	0.0264338	0.0264338	0.0225336	0.0225336	0.0201629	0.0199384	0.0188937	0.0184569	0.0169011	

63	0.716	32	0	task-3:0.1	task-0:0.114	task-1:0.09	task-2:0.078	|	0.0794308	0.1	0.0999986	0.0986675	0.059663	0.0750737	0.0448125	0.0469636	0.0369423	0.0247701	0.0186181	0.0156328	0.0146317	0.00746986	0.00308152	0.00232928	0.00159164	0.000904149	0.000639989	0.000394684	0.000264358	0.000112398	7.38443e-005	2.97498e-005	1.40579e-005	7.70223e-006	3.13052e-006	1.34161e-006	5.03879e-007	1.71264e-007	5.55134e-008	1.25162e-008	1.81406e-009	2.0155e-010	1.69181e-011	7.58826e-013	2.16056e-014	0	0	0	0	0	0	0	2.94278e-015	1.50986e-014	7.69067e-015	0	1.96335e-015	2.30027e-015	0	0	3.51271e-015	6.10911e-015	5.25285e-015	3.27186e-015	2.37653e-015	3.48422e-015	4.85214e-015	5.09813e-015	3.55759e-015	4.93815e-015	2.44867e-015	

70	0.429	32	0	task-3:0.144	task-0:0.13	task-1:0.202	task-2:0.208	|	0.0506454	0.099999	0.0999733	0.0838211	0.0925426	0.0774802	0.0498782	0.0519133	0.0504562	0.0455042	0.0431472	0.0399847	0.0354999	0.0306279	0.0245694	0.0216115	0.0187564	0.0155172	0.011245	0.00922555	0.00855119	0.00615858	0.00392265	0.00427483	0.00495464	0.00434471	0.00357607	0.00331588	0.0046719	0.00543447	0.00554298	0.00483778	0.00442634	0.00398433	0.00368502	0.00347875	0.00358495	0.00347181	0.00324594	0.00306498	0.00293699	0.0026702	0.00263154	0.00241485	0.00215048	0.00203422	0.00192243	0.00173743	0.00152644	0.00135627	0.00116457	0.000988686	0.000427594	0.000212646	0.00103941	0.0010887	0.000865398	0.000258345	0.000265282	0.000360342	0.000924535	0.000887368	0.000698966	0.000223884	0.000202692	0.000273209	0.000543062	0.000503386	0.000290866	0.000220298	

71	0.439	32	0	task-3:0.088	task-0:0.036	task-1:0.1	task-2:0.082	|	0.0479305	0.1	0.0999963	0.0794529	0.0934259	0.0868896	0.0531131	0.0526035	0.0521949	0.046795	0.0471007	0.046016	0.0436903	0.0390996	0.0347111	0.033356	0.0287884	0.0228564	0.0154197	0.00942813	0.00514412	0.00196018	0.000508072	6.3231e-005	3.15499e-005	4.43301e-005	7.528e-006	6.81911e-006	9.38268e-005	2.02412e-005	2.11364e-006	1.92962e-006	7.10644e-007	4.68238e-007	1.96335e-007	1.07656e-007	7.03564e-008	2.87741e-008	9.42948e-009	2.33323e-009	4.34703e-010	5.89265e-011	4.70012e-012	1.52291e-013	1.88143e-014	4.07273e-015	0	0	0	0	0	6.21111e-015	0	0	3.02091e-015	1.32962e-014	1.58387e-014	4.62421e-015	7.51552e-015	7.73815e-015	5.80867e-015	2.02581e-015	0	2.53753e-015	2.8486e-015	2.3983e-015	2.17323e-015	2.29454e-015	3.43456e-015	0	0	

93	0.565	32	0	task-3:0.214	task-0:0.214	task-1:0.39	task-2:0.206	|	0.0793515	0.1	0.099999	0.0980414	0.0633892	0.0569774	0.0552489	0.0554173	0.053157	0.0500974	0.0452492	0.0366965	0.032781	0.0338815	0.0332936	0.0322094	0.0322924	0.0321063	0.031944	0.0320652	0.0324055	0.0328926	0.0338842	0.0350292	0.0358498	0.0363917	0.0367402	0.0371228	0.0430656	0.0538347	0.0570527	0.0584028	0.0585487	0.0578841	0.0566439	0.053507	0.0501888	0.0445292	0.0445289	0.0444862	0.0444546	0.0444449	0.0444373	0.0422212	0.0433925	0.0444468	0.0444502	0.0444454	0.0444449	0.0444449	0.0444445	0.0444445	0.0444445	0.0444445	0.0444444	0.0444445	0.0444445	0.0444444	0.0444445	0.0444445	0.0444444	0.0444444	0.0444444	0.0444444	0.0444444	0.0444444	0.0444444	0.0444444	0.0444444	0.0444444	0.0444444	0.0444444	0.0444444	0.0444444	0.0444444	0.0444444	0.0444444	0.0444444	0.0444444	0.0444444	0.0444444	0.0444444	0.0444444	0.0444444	0.0444444	0.0444444	0.0444444	0.0444444	0.0444444	0.0444444	0.0444444	0.0444444	0.0444444	

69	0.421	32	0	task-3:0.178	task-0:0.18	task-1:0.236	task-2:0.212	|	0.0918012	0.0999989	0.0999723	0.0794762	0.0783131	0.0675059	0.0481709	0.0495323	0.0485446	0.0441276	0.0394752	0.0378375	0.0382736	0.0366275	0.0341627	0.0318537	0.0294346	0.0268858	0.0308982	0.0307334	0.0300021	0.0342964	0.0360376	0.0367289	0.0362519	0.0362294	0.039078	0.041495	0.0435584	0.0440631	0.0429348	0.0445272	0.0444885	0.0444656	0.0448018	0.0461092	0.0480715	0.0493252	0.0498321	0.049973	0.0499982	0.0500017	0.0500001	0.0500001	0.0500004	0.0500004	0.05	0.0500001	0.0499991	0.049054	0.04499	0.0449735	0.0449539	0.044931	0.0449041	0.0448729	0.0448369	0.0447957	0.0447494	0.0447311	0.049814	0.0500789	0.0501007	0.0552515	0.0553324	0.0552392	0.0551323	0.0550159	0.0548931	

70	0.431	32	0	task-3:0.052	task-0:0.04	task-1:0.048	task-2:0.134	|	0.0606612	0.1	0.0999984	0.0968082	0.0504682	0.102949	0.0775866	0.0275836	0.027621	0.02236	0.0177442	0.0133728	0.00913301	0.00606636	0.00393355	0.00280022	0.00215096	0.00068857	0.000518528	0.000573611	0.000333354	0.000287189	0.000159896	5.23306e-005	6.62507e-005	2.57745e-005	2.40166e-005	1.07361e-005	9.36616e-006	9.93264e-006	5.02963e-006	2.79336e-006	2.44249e-006	1.78934e-006	1.30963e-006	9.97125e-007	6.52829e-007	3.81098e-007	1.87743e-007	9.17002e-008	4.25034e-008	1.67842e-008	5.63471e-009	1.58651e-009	2.68395e-010	4.21247e-011	9.01825e-012	1.05628e-012	1.69038e-013	5.64406e-014	1.17013e-014	0	0	0	0	2.16352e-015	0	0	0	0	0	0	0	0	0	0	2.22589e-015	0	0	0	

70	0.432	32	0	task-3:0.066	task-0:0.06	task-1:0.064	task-2:0.06	|	0.0638634	0.1	0.0999982	0.0947457	0.0709935	0.0734914	0.0402644	0.0335152	0.0215371	0.0139394	0.012091	0.0086813	0.00694356	0.00547912	0.00379137	0.00400319	0.00259306	0.00155181	0.00136468	0.000894455	0.000562999	0.000319292	0.000159651	7.97661e-005	2.44701e-005	5.08942e-006	1.06404e-006	2.86164e-007	2.84848e-008	2.15915e-009	8.61886e-011	3.63952e-012	3.31778e-013	1.14882e-013	1.86812e-014	3.7188e-014	8.79291e-015	0	0	0	2.25717e-015	4.99719e-015	7.23887e-015	3.1555e-015	0	0	2.03418e-015	1.91478e-015	2.08731e-015	0	1.93978e-015	0	0	0	0	0	2.09682e-015	2.10954e-015	0	0	0	0	0	2.53931e-015	0	0	0	0	0	0	

72	0.44	32	0	task-3:0.056	task-0:0.056	task-1:0.06	task-2:0.028	|	0.081546	0.119987	0.119179	0.0619799	0.0676279	0.052865	0.0399059	0.0491922	0.0485882	0.0410163	0.0406201	0.0397899	0.0378833	0.0356504	0.0315282	0.0259324	0.0201474	0.0140457	0.00932363	0.00498094	0.00448893	0.00352649	0.00234496	0.00161478	0.0012862	0.00148257	0.000926213	0.000702043	0.000620479	0.000540955	0.000393558	0.00027279	0.000182023	0.00010834	8.32956e-005	7.9924e-005	3.99205e-005	2.36616e-005	1.42929e-005	9.04585e-006	5.59809e-006	3.56245e-006	1.69994e-006	6.14642e-007	1.91004e-007	1.438e-007	2.89175e-008	1.23125e-008	5.03403e-009	2.97005e-009	1.59342e-009	5.11968e-010	3.38064e-010	2.56675e-010	3.02636e-010	1.40347e-010	1.13712e-010	7.17609e-011	4.18701e-011	2.74019e-011	1.97045e-011	1.47805e-011	1.18201e-011	1.12687e-011	2.98176e-012	6.3007e-012	8.63155e-013	4.73909e-013	5.78003e-014	1.06721e-014	0	0	

72	0.441	32	0	task-3:0.056	task-0:0.056	task-1:0.06	task-2:0.028	|	0.081546	0.119987	0.119179	0.0619799	0.0676279	0.052865	0.0399059	0.0491922	0.0485882	0.0410163	0.0406201	0.0397899	0.0378833	0.0356504	0.0315282	0.0259324	0.0201474	0.0140457	0.00932363	0.00498094	0.00448893	0.00352649	0.00234496	0.00161478	0.0012862	0.00148257	0.000926213	0.000702043	0.000620479	0.000540955	0.000393558	0.00027279	0.000182023	0.00010834	8.32956e-005	7.9924e-005	3.99205e-005	2.36616e-005	1.42929e-005	9.04585e-006	5.59809e-006	3.56245e-006	1.69994e-006	6.14642e-007	1.91004e-007	1.438e-007	2.89175e-008	1.23125e-008	5.03403e-009	2.97005e-009	1.59342e-009	5.11968e-010	3.38064e-010	2.56675e-010	3.02636e-010	1.40347e-010	1.13712e-010	7.17609e-011	4.18701e-011	2.74019e-011	1.97045e-011	1.47805e-011	1.18201e-011	1.12687e-011	2.98176e-012	6.3007e-012	8.63155e-013	4.73909e-013	5.78003e-014	1.06721e-014	0	0	

97	0.596	32	0	task-3:0.034	task-0:0.018	task-1:0.128	task-2:0.092	|	0.0639855	0.12	0.119999	0.117742	0.0472202	0.0619364	0.0394824	0.0422963	0.04279	0.0391342	0.0373338	0.0382583	0.0408951	0.0437818	0.0453017	0.0460822	0.0468154	0.047398	0.0466024	0.0364276	0.0255195	0.0240064	0.0175733	0.0150335	0.0127555	0.00955597	0.00879316	0.00691139	0.00724387	0.00671866	0.00440069	0.00286032	0.00248618	0.00210104	0.0016717	0.04	0.0357349	0.00107284	0.00104038	0.000423468	0.02	0.02	2.04687e-005	2.15363e-005	0.00059318	3.24191e-005	5.87261e-006	3.8857e-005	0.000157536	0.0001552	8.44351e-005	8.3868e-005	6.069e-005	6.6482e-005	8.57363e-005	9.72058e-005	0.000104178	0.000107553	0.000113299	0.000120924	0.000138007	0.000154481	0.000187336	0.000241708	0.000299419	0.000332502	0.000358331	0.000166959	1.09619e-005	0.000404083	0.000388772	0.000263012	0.000117795	0.000173344	0.000147122	5.9383e-005	8.87086e-006	6.10209e-006	1.12037e-005	6.62842e-006	1.38682e-010	2.24023e-009	1.16317e-005	7.39112e-006	0.0200001	0.0191208	0	0	0	0	0	0	0	0	0	0	0	

74	0.455	32	0	task-3:0.072	task-0:0.018	task-1:0.104	task-2:0.022	|	0.0748702	0.12	0.119996	0.108501	0.0907416	0.0873527	0.0563233	0.0375713	0.024545	0.0135675	0.00716292	0.00961874	0.00370404	0.0153945	0.0139218	0.00380993	0.00297071	0.00247976	0.00225537	0.00247453	0.00195121	0.00168938	0.00213152	0.00188161	0.0014967	0.00124853	0.000943019	0.0007589	0.00046814	0.000327922	0.000276685	0.00016022	0.000107046	7.77226e-005	3.79672e-005	2.19106e-005	1.36613e-005	7.46437e-006	3.47216e-006	2.6682e-006	1.31633e-006	5.85263e-007	3.01899e-007	1.41636e-007	5.89571e-008	2.84458e-008	2.93225e-008	7.796e-009	3.51167e-009	1.43309e-009	6.47693e-010	5.37966e-010	1.97728e-010	5.83765e-011	2.02806e-010	6.95033e-011	2.26147e-011	2.6816e-011	1.76681e-011	1.18009e-011	7.47746e-012	4.54352e-012	2.17267e-012	9.9698e-013	4.07154e-013	1.5287e-013	5.85116e-014	3.11214e-014	2.11998e-014	5.09108e-015	1.52661e-014	1.80482e-014	5.38745e-015	4.93791e-015	

60	0.37	32	0	task-3:0.05	task-0:0.046	task-1:0.24	task-2:0.162	|	0.0640795	0.1	0.0999988	0.0980455	0.0382574	0.0402765	0.0127298	0.00510072	0.00269541	0.00119968	0.00142541	0.000485379	0.00020954	0.000159433	0.000111507	4.04236e-005	0.000123444	2.29863e-005	6.33003e-005	5.23345e-005	2.84588e-005	2.26222e-005	1.95657e-005	2.10501e-005	1.82837e-005	1.56984e-005	1.50426e-005	1.29043e-005	1.16838e-005	9.31729e-006	8.68052e-006	1.06207e-005	7.18936e-006	5.03199e-006	3.9094e-006	2.93607e-006	2.2552e-006	1.59382e-006	1.32808e-006	5.57612e-007	2.75183e-007	8.65463e-008	2.52322e-008	5.86306e-009	1.32745e-009	2.60579e-010	9.02042e-011	1.60801e-011	2.15006e-012	4.43998e-013	7.00761e-014	1.38672e-014	8.92486e-015	0	0	0	0	0	0	0	

83	0.514	32	0	task-3:0.052	task-0:0.03	task-1:0.032	task-2:0.03	|	0.0653101	0.12	0.12	0.117745	0.0555962	0.0432547	0.0325821	0.0286512	0.0297655	0.0336623	0.0344929	0.0342528	0.0335468	0.0405407	0.0403445	0.0503372	0.0538392	0.0510012	0.0430559	0.0320898	0.0243714	0.0150433	0.00980853	0.00686211	0.00361358	0.00248173	0.00165351	0.000750631	0.000599655	0.000640125	0.000406772	0.000113098	3.86586e-005	2.68394e-005	6.67193e-006	3.37282e-006	3.42319e-006	8.95658e-007	5.17093e-007	3.55697e-007	1.4242e-007	5.54745e-008	1.82876e-008	5.22939e-009	1.81288e-009	1.01477e-009	5.93586e-010	2.09039e-010	6.50008e-011	2.04483e-011	5.67938e-012	1.20728e-012	1.73817e-013	7.92944e-014	3.11488e-013	1.40471e-012	1.07786e-013	4.25969e-014	1.90107e-014	6.40124e-015	2.24031e-015	0	0	5.40329e-015	0	0	3.31916e-015	0	3.2978e-015	0	0	0	2.93527e-015	0	2.58351e-015	0	3.67566e-015	0	2.85365e-015	0	2.41249e-015	0	2.18827e-015	

83	0.508	32	0	task-3:0.052	task-0:0.03	task-1:0.032	task-2:0.03	|	0.0653101	0.12	0.12	0.117745	0.0555962	0.0432547	0.0325821	0.0286512	0.0297655	0.0336623	0.0344929	0.0342528	0.0335468	0.0405407	0.0403445	0.0503372	0.0538392	0.0510012	0.0430559	0.0320898	0.0243714	0.0150433	0.00980853	0.00686211	0.00361358	0.00248173	0.00165351	0.000750631	0.000599655	0.000640125	0.000406772	0.000113098	3.86586e-005	2.68394e-005	6.67193e-006	3.37282e-006	3.42319e-006	8.95658e-007	5.17093e-007	3.55697e-007	1.4242e-007	5.54745e-008	1.82876e-008	5.22939e-009	1.81288e-009	1.01477e-009	5.93586e-010	2.09039e-010	6.50008e-011	2.04483e-011	5.67938e-012	1.20728e-012	1.73817e-013	7.92944e-014	3.11488e-013	1.40471e-012	1.07786e-013	4.25969e-014	1.90107e-014	6.40124e-015	2.24031e-015	0	0	5.40329e-015	0	0	3.31916e-015	0	3.2978e-015	0	0	0	2.93527e-015	0	2.58351e-015	0	3.67566e-015	0	2.85365e-015	0	2.41249e-015	0	2.18827e-015	

93	0.571	32	0	task-3:0.05	task-0:0.038	task-1:0.018	task-2:0.026	|	0.0764213	0.0999996	0.099988	0.0958322	0.0545392	0.0560422	0.0489352	0.0465158	0.0435881	0.0411675	0.0387988	0.036418	0.0341346	0.0315533	0.0293235	0.0257127	0.0210648	0.0164964	0.0114863	0.00934095	0.00570247	0.00344609	0.00249101	0.00211262	0.00121622	0.00109115	0.00915401	0.00286537	0.00195556	0.000316705	0.000229021	0.000410613	0.000297915	0.000198875	0.000213558	0.000182246	0.000185299	0.000138437	0.000126622	0.000104479	9.93149e-005	0.000107868	9.14643e-005	7.49425e-005	6.05551e-005	4.8565e-005	3.83816e-005	2.88156e-005	2.2349e-005	1.56617e-005	1.05203e-005	6.40222e-006	3.56699e-006	1.88566e-006	1.3045e-006	1.11568e-006	4.03873e-007	2.431e-007	1.82334e-007	1.33142e-007	6.46552e-008	3.62932e-008	2.51105e-008	1.78517e-008	8.63475e-009	3.69469e-009	1.46438e-009	5.51576e-010	3.02418e-010	1.1658e-010	2.7459e-011	5.78339e-012	1.03855e-012	2.85884e-012	5.06554e-013	1.94858e-012	1.87703e-012	2.4483e-013	7.09195e-013	7.29748e-013	3.29604e-013	2.37863e-013	2.2941e-013	2.34324e-013	2.57616e-013	2.56322e-013	2.09479e-013	1.80549e-013	1.52026e-013	1.2375e-013	9.62642e-014	7.09018e-014	4.91991e-014	

77	0.47	32	0	task-3:0.068	task-0:0.036	task-1:0.042	task-2:0.032	|	0.0813189	0.12	0.119991	0.111761	0.0659543	0.0596838	0.0507828	0.0459914	0.0441312	0.0383289	0.0307944	0.0244103	0.0190242	0.0147929	0.0119955	0.0101528	0.00756258	0.00546276	0.00646161	0.00485133	0.00684836	0.00508242	0.00260356	0.00344973	0.00299126	0.00432917	0.00431304	0.00320117	0.00310369	0.00322564	0.00349261	0.00331113	0.00294835	0.00268312	0.00265911	0.00274901	0.00263261	0.00222076	0.00153489	0.000916745	0.000509954	0.000391174	0.000518897	0.000621963	0.000380926	0.000155368	6.94676e-005	4.83741e-005	2.60907e-005	1.24059e-005	9.78298e-006	8.15331e-006	2.95761e-006	6.61948e-007	1.86952e-007	4.81524e-008	1.15065e-008	2.23798e-009	3.32108e-010	3.55229e-011	2.65039e-012	1.34696e-013	3.9381e-015	0	0	0	0	0	0	0	0	0	0	0	0	0	0	

66	0.4	32	0	task-3:0.142	task-0:0.102	task-1:0.11	task-2:0.072	|	0.108989	0.1	0.0999992	0.0984669	0.0698639	0.0693053	0.0503876	0.0465992	0.0441297	0.0415444	0.0388952	0.0351508	0.031389	0.0261494	0.0196693	0.0130805	0.0109146	0.00850167	0.00420043	0.00452001	0.00312809	0.00348826	0.00267127	0.00207525	0.00186231	0.00145106	0.00133095	0.00125874	0.00108886	0.000900405	0.000762029	0.000623477	0.00048587	0.000367597	0.000273702	0.000211249	0.000111994	7.82658e-005	6.37939e-005	4.32014e-005	3.11406e-005	2.35178e-005	1.66813e-005	9.31713e-006	6.51148e-006	5.46653e-006	2.71848e-006	1.66124e-006	1.05587e-006	1.04706e-006	5.18934e-007	3.67738e-007	4.04089e-007	1.53607e-007	9.14674e-008	7.79726e-008	4.43252e-008	2.61774e-008	1.7704e-008	8.88137e-009	4.4037e-009	1.94048e-009	7.57918e-010	2.64252e-010	7.27251e-011	1.52557e-011	

145	0.885	32	0	task-3:0.042	task-0:0.048	task-1:0.044	task-2:0.012	|	0.109447	0.0999986	0.0999496	0.0903801	0.0635265	0.069338	0.0555063	0.0478539	0.0498164	0.0474809	0.0451075	0.0435468	0.041651	0.0369454	0.0313439	0.0253116	0.0196351	0.014414	0.00903489	0.00885769	0.00485321	0.00334895	0.00217232	0.00112105	0.00107815	0.000588393	0.000494105	0.000541529	0.000469493	0.000591007	0.000394643	0.000450434	0.000405426	0.000266587	0.000220866	0.000179732	0.000148085	0.000114367	8.18765e-005	5.50977e-005	3.4863e-005	2.18866e-005	1.63012e-005	1.09264e-005	8.21152e-006	4.13481e-006	1.81861e-006	1.04015e-006	3.61459e-007	1.34868e-007	5.05929e-008	1.68047e-008	9.38784e-009	3.77939e-009	1.33123e-009	7.86159e-010	2.84564e-010	1.08833e-010	3.49175e-011	8.8241e-012	1.99043e-012	4.36636e-013	1.24795e-013	1.39322e-014	7.81911e-015	0	0	0	0	0	0	0	0	0	0	0	0	0	0	0	0	0	0	0	0	0	0	0	0	0	0	0	0	0	0	0	0	0	0	0	0	0	0	0	0	0	0	0	0	0	0	0	0	0	0	0	0	0	0	0	0	0	0	0	0	0	0	0	0	0	0	0	0	0	0	0	0	0	0	0	0	0	0	0	0	

132	0.801	32	0	task-3:0.038	task-0:0.01	task-1:0.102	task-2:0.018	|	0.0585005	0.0999999	0.0999912	0.0929954	0.0747276	0.070326	0.0531075	0.049933	0.046865	0.0435194	0.0435121	0.0423771	0.0409564	0.0389671	0.0353416	0.0333863	0.0309923	0.0280314	0.0273629	0.0263259	0.0244887	0.0209576	0.0172756	0.0133859	0.0093404	0.00856005	0.00502289	0.00241399	0.00203248	0.00142394	0.000848385	0.000446108	0.000260625	0.000115314	3.58169e-005	0.000200697	0.00269106	0.00717522	0.0106059	0.0102999	0.00722363	0.00411831	0.00286336	0.00204902	0.00128072	0.000724	0.000330353	0.000143607	5.55204e-005	1.86286e-005	4.92325e-006	9.03957e-007	1.26683e-007	1.31443e-008	9.53372e-010	3.21057e-011	6.35255e-013	3.41455e-015	6.81181e-014	0	0	0	0	0	0	0	0	0	0	0	0	0	0	0	0	2.06938e-015	0	0	1.33402e-014	2.73824e-011	8.53017e-015	1.1807e-013	0	7.3706e-014	0	0	2.46088e-014	0	1.74478e-014	0	0	9.2874e-015	2.76199e-015	2.45423e-015	4.23875e-014	1.11648e-014	4.54109e-013	1.45613e-014	0	0	0	0	0	0	0	0	0	0	0	0	0	0	0	3.5215e-014	0	1.10514e-014	0	1.22621e-013	1.87656e-014	0	0	0	0	0	0	0	0	0	4.78667e-013	0	1.96059e-011	9.67614e-013	

58	0.359	32	0	task-3:0.102	task-0:0.07	task-1:0.504	task-2:0.116	|	0.0473435	0.12	0.119996	0.115532	0.0446155	0.0364075	0.0154299	0.01115	0.00660866	0.00630329	0.00513242	0.0038625	0.00412594	0.00297185	0.00252528	0.00233594	0.0018272	0.00143611	0.0011192	0.000873894	0.000686084	0.00056836	0.000438742	0.00036838	0.00031234	0.000220859	0.00047033	6.56504e-005	5.0544e-005	0.000110922	4.10821e-005	5.93321e-005	4.50382e-005	3.56725e-005	3.76695e-005	4.72013e-005	4.44623e-005	4.49368e-005	3.48051e-005	3.38302e-005	2.69869e-005	2.50377e-005	2.04445e-005	1.56596e-005	1.75989e-005	1.3e-005	1.03176e-005	8.42727e-006	7.59406e-006	6.13028e-006	4.48212e-006	3.03357e-006	2.01125e-006	1.25849e-006	7.27957e-007	3.843e-007	1.75091e-007	7.61304e-008	

69	0.422	32	0	task-3:0.07	task-0:0.064	task-1:0.168	task-2:0.126	|	0.0592785	0.115062	0.0817591	0.0676979	0.0361037	0.0605327	0.052312	0.0380019	0.0534456	0.0495418	0.0361992	0.0258558	0.0192811	0.0160229	0.0126928	0.0101317	0.0140871	0.00881865	0.00579676	0.00415471	0.00384069	0.00231192	0.00140548	0.000974991	0.000690752	0.000521014	0.000267812	0.000150938	7.76577e-005	3.8689e-005	1.7423e-005	6.69942e-006	2.15583e-006	6.57464e-007	1.89469e-007	4.82816e-008	1.12537e-008	7.77775e-009	6.4527e-009	8.93096e-009	4.86878e-009	9.00178e-010	8.72715e-010	4.60102e-010	1.89578e-010	1.07253e-010	3.68864e-011	1.13888e-011	3.16935e-012	7.20925e-013	1.79732e-013	4.00549e-014	4.45118e-015	0	0	0	0	0	0	0	2.0544e-015	0	0	0	0	2.38044e-015	0	0	0	

74	0.452	32	0	task-3:0.06	task-0:0.03	task-1:0.048	task-2:0.09	|	0.0694854	0.1	0.0999991	0.0992409	0.0653848	0.0815307	0.0621624	0.0523634	0.0489546	0.0406547	0.0310249	0.0281296	0.0270571	0.0248861	0.0216215	0.0162732	0.013868	0.0132331	0.0123369	0.00954967	0.00796647	0.00431207	0.00274923	0.000817628	0.000357043	9.4348e-005	2.37999e-005	4.68221e-006	4.9019e-007	3.14973e-008	1.53243e-009	1.4584e-010	1.47829e-009	5.29027e-011	2.00561e-011	5.62194e-011	1.04508e-010	4.82877e-010	7.26626e-009	4.72144e-010	7.08827e-010	6.01945e-009	9.37293e-010	9.23999e-010	2.67165e-010	1.29073e-010	4.59867e-010	6.64671e-010	8.27769e-010	1.1581e-009	2.28886e-009	5.81272e-009	1.83319e-008	6.74915e-008	1.99287e-007	1.60122e-006	3.58472e-006	6.01832e-006	5.05443e-006	4.02815e-006	2.87373e-006	1.8079e-006	9.86987e-007	4.77933e-007	5.99887e-006	2.10386e-007	1.4651e-006	6.91239e-007	1.56442e-007	1.59523e-007	2.49796e-007	1.4434e-007	1.14417e-007	7.30823e-008	

66	0.403	32	0	task-3:0.21	task-0:0.09	task-1:0.204	task-2:0.194	|	0.0780312	0.12	0.119997	0.116923	0.0557554	0.0450592	0.0423628	0.0484418	0.0501857	0.0480116	0.0470005	0.0419488	0.0359463	0.02778	0.0230935	0.017779	0.0132976	0.0113824	0.010439	0.0100904	0.0102987	0.0101075	0.010322	0.0108078	0.0110612	0.0114859	0.0122739	0.0126178	0.0127114	0.0179142	0.0261744	0.0305045	0.0300359	0.0333209	0.0346267	0.0331238	0.0315557	0.0301678	0.0276089	0.0238859	0.0248926	0.0251431	0.0230904	0.0196499	0.0181247	0.0167238	0.0145664	0.0119	0.00934222	0.00684534	0.00700743	0.00521126	0.00468274	0.00376176	0.00502547	0.00502547	0.00389471	0.00384521	0.00384521	0.00370159	0.00366723	0.00356814	0.00344478	0.00330269	0.00314031	0.00295469	

76	0.473	32	0	task-3:0.126	task-0:0.032	task-1:0.09	task-2:0.054	|	0.0675786	0.0999997	0.0999915	0.0968014	0.0672299	0.0654226	0.0652306	0.0614889	0.0428148	0.0315494	0.0231306	0.0172546	0.0145085	0.0118367	0.00965769	0.00785008	0.00638127	0.00525525	0.00339985	0.00163711	0.000765188	0.000380659	0.000131727	3.19926e-005	6.15993e-006	3.09765e-006	2.88003e-006	5.20944e-007	2.96638e-007	8.90434e-008	1.12642e-008	8.14328e-010	4.79012e-011	2.58566e-012	1.77433e-013	3.48862e-015	0	0	0	0	0	0	0	0	0	0	0	0	0	0	0	0	0	0	0	0	0	0	0	0	0	0	0	0	0	0	0	0	0	0	0	0	0	0	2.1813e-015	0	

68	0.421	32	0	task-3:0.108	task-0:0.086	task-1:0.14	task-2:0.046	|	0.0735378	0.0999999	0.0999962	0.0952552	0.0728505	0.0720024	0.0549854	0.0465547	0.0430044	0.0374881	0.0312514	0.0271166	0.0241585	0.0223021	0.0209438	0.0152928	0.0124482	0.00556741	0.00302596	0.00141188	0.000665961	0.000406382	0.000174504	4.87669e-005	5.05509e-005	6.95783e-006	3.14161e-006	1.03326e-006	1.65604e-007	4.31132e-008	1.48586e-008	4.87017e-009	1.79702e-009	4.89486e-010	1.77536e-010	1.44634e-010	3.82216e-011	1.68776e-011	1.94001e-011	5.5122e-012	2.04309e-012	5.28698e-013	9.19782e-014	1.21779e-014	0	0	0	0	0	0	0	0	0	0	0	0	0	3.96396e-015	0	0	0	0	0	0	0	0	0	2.63685e-015	

72	0.45	32	0	task-3:0.064	task-0:0.044	task-1:0.034	task-2:0.03	|	0.0705057	0.12	0.119998	0.118267	0.0484127	0.0409929	0.0198121	0.0191629	0.0139574	0.0103694	0.00775858	0.00482613	0.00523891	0.00310313	0.00168454	0.00119129	0.00030794	0.000106952	0.000421853	0.000264714	6.27288e-005	5.07265e-005	3.13842e-005	2.84747e-005	1.24243e-005	7.95386e-006	4.42163e-006	2.40453e-006	1.2542e-006	4.59556e-007	1.09537e-007	1.87844e-008	3.02034e-009	1.22895e-009	1.52822e-010	4.25042e-011	1.67267e-011	2.6048e-012	8.4569e-013	2.01954e-013	3.71239e-014	9.40917e-015	3.84203e-015	0	0	0	0	0	0	0	0	0	0	0	0	0	0	0	0	0	0	0	0	0	0	0	0	0	0	0	0	0	

72	0.456	32	0	task-3:0.064	task-0:0.044	task-1:0.034	task-2:0.03	|	0.0705057	0.12	0.119998	0.118267	0.0484127	0.0409929	0.0198121	0.0191629	0.0139574	0.0103694	0.00775858	0.00482613	0.00523891	0.00310313	0.00168454	0.00119129	0.00030794	0.000106952	0.000421853	0.000264714	6.27288e-005	5.07265e-005	3.13842e-005	2.84747e-005	1.24243e-005	7.95386e-006	4.42163e-006	2.40453e-006	1.2542e-006	4.59556e-007	1.09537e-007	1.87844e-008	3.02034e-009	1.22895e-009	1.52822e-010	4.25042e-011	1.67267e-011	2.6048e-012	8.4569e-013	2.01954e-013	3.71239e-014	9.40917e-015	3.84203e-015	0	0	0	0	0	0	0	0	0	0	0	0	0	0	0	0	0	0	0	0	0	0	0	0	0	0	0	0	0	

103	0.637	32	0	task-3:0.038	task-0:0.026	task-1:0.074	task-2:0.084	|	0.0688657	0.0999989	0.0999889	0.096659	0.0666605	0.0670521	0.059186	0.0527705	0.0476876	0.0401022	0.0340368	0.0313118	0.0317614	0.0288802	0.0274302	0.0277847	0.0296008	0.0314354	0.0318706	0.0335124	0.0336244	0.0334399	0.0333849	0.0327303	0.0320183	0.0310383	0.0299051	0.028675	0.0280278	0.0253215	0.0271939	0.0234375	0.0203043	0.018429	0.0163273	0.0155221	0.0137832	0.010799	0.00952466	0.00879964	0.00738533	0.00612137	0.00443692	0.00364267	0.00362995	0.00343707	0.0031975	0.00312423	0.00289306	0.00268814	0.00249173	0.00229182	0.00206777	0.000444354	0.000202235	0.000331712	0.000311745	2.51923e-005	1.40579e-005	6.59497e-006	0.000857829	0.000400232	4.3326e-006	4.40011e-006	3.56983e-006	2.80922e-006	7.27621e-005	2.44966e-006	1.85396e-006	1.41737e-006	1.08557e-006	8.02853e-007	5.78482e-007	3.85885e-007	2.36178e-007	1.31082e-007	6.46368e-008	2.78802e-008	1.01962e-008	3.03206e-009	7.05412e-010	1.22576e-010	1.50018e-011	1.20496e-012	5.87488e-014	0	0	0	0	0	0	0	0	0	0	0	0	0	0	0	0	0	0	

109	0.673	32	0	task-3:0.06	task-0:0.048	task-1:0.026	task-2:0.022	|	0.0877514	0.0999984	0.0999467	0.0940083	0.0593382	0.0763429	0.0668013	0.0527222	0.0546604	0.0501776	0.0390779	0.030905	0.0250795	0.0183896	0.0113687	0.00696444	0.00437604	0.00487094	0.00195256	0.00111813	0.000360712	0.000130741	3.45507e-005	1.53269e-005	1.56312e-005	3.8578e-006	6.43186e-007	1.51437e-007	5.20863e-008	3.1648e-009	2.14262e-010	1.10284e-010	2.97295e-010	4.02689e-011	2.49136e-011	1.51473e-011	5.01002e-012	9.16911e-013	2.42978e-013	1.09523e-013	1.65792e-013	1.02294e-013	1.10869e-014	2.45234e-015	0	1.93344e-015	1.65054e-014	3.35408e-008	0.0199977	0.0199993	0.0198378	0.000317309	0	1.28348e-012	3.30529e-006	5.33957e-006	1.26216e-011	0	9.93658e-015	2.71459e-011	4.36929e-011	3.75793e-014	0	0	0	0	4.15685e-015	0	0	0	2.4187e-015	4.23258e-014	3.17643e-014	1.96268e-014	4.31704e-013	0.02	0.0199884	2.67526e-013	7.00123e-014	9.90349e-015	2.00822e-008	6.30995e-015	5.76395e-015	4.52225e-015	2.96731e-015	0	3.19044e-015	2.41558e-015	2.65214e-015	2.07567e-015	1.876e-015	0	0	0	0	0	0	0	0	2.15792e-015	2.12639e-015	1.12011e-007	3.17711e-015	2.74142e-015	4.24311e-014	1.89746e-015	0	2.18226e-015	2.2732e-015	

80	0.489	32	0	task-3:0.072	task-0:0.04	task-1:0.036	task-2:0.016	|	0.0903195	0.1	0.0999994	0.098258	0.0580761	0.0565812	0.0368122	0.0337857	0.0249802	0.0141593	0.0114696	0.00910647	0.00660848	0.00472434	0.00379126	0.00293093	0.00242072	0.00182152	0.000884379	0.000325387	0.00020564	4.67908e-005	1.6991e-005	4.88897e-006	1.38009e-006	6.22542e-007	1.82842e-007	6.65888e-008	2.63465e-009	5.74008e-010	1.07276e-009	1.09962e-010	1.10183e-010	4.47053e-011	3.31083e-011	1.80997e-011	1.34084e-011	9.02208e-012	4.03776e-012	2.11134e-012	1.20778e-012	8.2627e-013	5.20864e-013	2.63588e-013	1.67922e-013	6.29927e-014	2.92865e-014	7.28391e-015	0	2.41841e-015	9.01749e-015	9.14717e-015	1.91577e-015	4.96223e-015	6.97919e-015	4.11012e-015	1.9507e-015	2.83101e-015	2.22914e-015	0	2.34132e-015	0.0656988	0.0499783	3.89387e-015	3.88853e-015	0.0199258	0.0199258	5.53953e-013	2.45025e-014	5.26969e-014	1.02817e-014	7.66393e-015	6.5118e-015	4.80595e-015	1.05885e-014	1.05277e-014	5.11403e-015	0	0	0	

64	0.403	32	0	task-3:0.094	task-0:0.084	task-1:0.224	task-2:0.152	|	0.102359	0.0999991	0.0997929	0.0559132	0.09022	0.0853495	0.0583876	0.0366508	0.0365062	0.0330585	0.024237	0.0153488	0.00946132	0.0067124	0.00750461	0.00635533	0.00397534	0.00288818	0.0021105	0.00131366	0.000783863	0.000389936	0.000203691	0.000236854	8.2703e-005	6.48681e-005	4.91229e-005	3.31072e-005	2.18845e-005	1.27882e-005	8.76516e-006	3.55806e-006	6.88088e-007	7.06013e-008	1.14933e-008	6.57852e-009	6.94684e-009	1.7355e-009	1.5012e-009	3.13133e-009	9.53671e-010	1.5703e-010	1.1075e-010	9.60576e-011	4.40689e-011	2.6849e-011	1.49302e-011	8.20671e-012	3.66679e-012	1.33378e-012	4.26616e-013	1.08368e-013	2.03947e-014	1.96814e-015	2.51784e-015	0	0	0	2.41085e-015	0	0	0	2.10383e-015	0	

66	0.409	32	0	task-3:0.08	task-0:0.052	task-1:0.212	task-2:0.158	|	0.0678533	0.12	0.119999	0.119305	0.0422529	0.0928813	0.0811083	0.0301252	0.0305639	0.0260196	0.0149856	0.0158878	0.0115398	0.00794977	0.00774974	0.00596424	0.00418111	0.00357592	0.00265354	0.00179516	0.0011659	0.000651504	0.000305343	0.000112889	3.06234e-005	6.04359e-006	7.36053e-007	3.55086e-007	6.35709e-008	3.28801e-008	1.26721e-008	2.23624e-008	1.07724e-008	2.44925e-009	1.74229e-009	9.42264e-010	4.42338e-010	2.12643e-010	8.14297e-011	2.19204e-011	5.1514e-012	9.05554e-013	1.1065e-013	8.94318e-015	0	0	0	0	0	0	1.886e-015	0	0	0	0	0	0	0	0	0	0	0	0	0	0	0	

81	0.501	32	0	task-3:0.074	task-0:0.028	task-1:0.046	task-2:0.014	|	0.0474729	0.12	0.12	0.119575	0.0514497	0.0860867	0.0714339	0.0463751	0.0491975	0.0496783	0.0440165	0.0430553	0.0401972	0.0339081	0.0287464	0.0264772	0.0241659	0.0220833	0.0209238	0.0151478	0.0131883	0.00986014	0.00693895	0.0050142	0.00360897	0.00219558	0.00145845	0.000769553	0.000382694	0.000404716	0.000137384	0.000118967	6.96638e-005	4.46773e-005	2.55225e-005	1.95314e-005	9.16131e-006	4.66088e-006	2.17514e-006	1.40908e-006	5.2393e-007	2.65074e-007	1.39633e-007	6.74278e-008	2.38624e-008	1.78966e-008	6.2318e-009	2.41382e-009	9.72095e-010	3.08328e-010	7.86446e-011	3.32869e-011	6.79329e-012	2.87369e-012	9.20147e-013	3.1241e-013	9.74992e-014	5.01577e-014	1.8433e-014	7.06585e-015	0	0	2.32741e-015	2.17662e-014	1.51726e-014	2.80372e-015	3.56189e-015	3.87404e-015	1.94985e-015	4.1126e-015	4.95246e-015	3.81674e-015	3.00444e-015	2.38088e-015	2.43297e-015	2.69048e-015	3.10398e-015	2.68266e-015	4.20097e-015	4.06181e-015	3.9097e-015	

67	0.438	32	0	task-3:0.064	task-0:0.054	task-1:0.052	task-2:0.05	|	0.0583224	0.12	0.12	0.119843	0.0408867	0.0988248	0.0976639	0.0574588	0.0777804	0.0646092	0.019856	0.0215558	0.0140878	0.0120997	0.00863519	0.00620714	0.00454746	0.00367282	0.0025609	0.00170935	0.001067	0.00066009	0.000406378	0.000219212	0.000109949	4.68629e-005	1.8188e-005	6.03864e-006	1.52691e-006	3.09957e-007	5.06754e-008	7.52857e-009	5.6553e-008	3.3433e-009	5.12476e-008	1.54187e-007	7.65493e-009	1.52845e-009	6.45042e-010	2.75119e-010	3.1489e-010	6.40123e-011	1.55393e-010	2.20077e-011	5.82199e-011	1.65156e-011	3.3349e-011	9.41644e-011	3.46395e-011	8.4071e-012	8.07975e-012	5.71886e-012	3.32816e-012	1.89326e-012	1.00812e-012	4.90302e-013	2.07498e-013	7.50284e-014	2.23399e-014	4.1367e-015	2.49628e-014	5.08222e-015	0	0	2.01219e-015	3.42216e-015	3.68673e-015	

129	0.784	32	0	task-3:0.076	task-0:0.046	task-1:0.056	task-2:0.018	|	0.0905191	0.0999995	0.0999818	0.0855664	0.0817437	0.0710272	0.0495162	0.0447755	0.0329113	0.0236924	0.0221308	0.0180873	0.0124901	0.00982701	0.0079543	0.00708627	0.00549486	0.00443671	0.00405076	0.00364044	0.00246714	0.0015504	0.00147868	0.00125269	0.00112583	0.00102079	0.000390655	0.000231658	0.000173952	0.000290766	0.000112873	0.000101618	9.75767e-005	8.58776e-005	7.75025e-005	0.000120407	7.24682e-005	8.14572e-005	0.000116863	0.000127154	0.000282802	9.93773e-005	0.000120285	0.000169547	0.000213542	8.77142e-005	8.60521e-005	8.05619e-005	7.58894e-005	6.50542e-005	5.64339e-005	4.95905e-005	4.40479e-005	4.13546e-005	3.0163e-005	2.59923e-005	2.55516e-005	2.06921e-005	2.29389e-005	1.41247e-005	1.24739e-005	1.12733e-005	9.91705e-006	8.17756e-006	7.1509e-006	5.25109e-006	3.86244e-006	2.83312e-006	2.5408e-006	3.92063e-006	5.87853e-006	7.91858e-006	8.88776e-006	7.50555e-006	5.02271e-006	6.07887e-006	4.6894e-006	2.8954e-006	1.52709e-006	6.27028e-007	2.40494e-007	1.60999e-007	1.73598e-007	1.19562e-007	6.20204e-008	2.84415e-008	1.13083e-008	3.80937e-009	1.18672e-009	3.39139e-010	6.06217e-011	1.55001e-011	2.3824e-011	5.7411e-012	3.14699e-012	1.94046e-012	1.29874e-012	9.53622e-013	1.31765e-012	9.48324e-013	5.68831e-013	3.22191e-013	1.89127e-013	1.02559e-013	2.11588e-013	6.10668e-014	5.382e-014	1.84064e-014	2.73557e-014	9.67064e-015	1.41344e-014	1.63045e-014	3.61522e-014	3.01368e-014	2.92323e-014	3.10128e-014	3.71754e-014	4.77765e-014	2.68132e-014	1.98879e-014	1.31675e-014	1.03598e-014	2.08924e-015	5.80615e-015	6.12048e-015	5.36152e-015	2.09803e-015	4.3839e-015	2.77277e-015	

67	0.428	32	0	task-3:0.072	task-0:0.052	task-1:0.204	task-2:0.066	|	0.0864591	0.12	0.119994	0.0982887	0.0896514	0.0805632	0.0563472	0.0451662	0.0355719	0.0303297	0.0261039	0.0208489	0.0146205	0.0101061	0.00734573	0.00544116	0.0058847	0.0035656	0.00338164	0.00390576	0.00218149	0.00211305	0.00202071	0.00129536	0.000806126	0.000853973	0.000875805	0.000336692	0.000224238	0.000165967	6.73806e-005	5.2955e-005	3.81551e-005	2.29565e-005	1.29036e-005	7.71965e-006	4.46857e-006	1.74998e-006	6.86503e-007	2.16258e-007	5.27018e-008	1.07293e-008	2.25417e-009	7.80181e-010	1.40585e-010	3.5111e-011	7.26727e-012	1.43556e-012	2.28175e-013	1.10947e-013	1.84509e-014	2.14224e-015	2.11927e-015	0	0	0	0	0	0	0	0	0	0	0	0	0	0	

73	0.402	32	0	task-3:0.126	task-0:0.054	task-1:0.058	task-2:0.032	|	0.0647686	0.0374761	0.0995351	0.0898461	0.0346889	0.0626753	0.019453	0.0229751	0.0219189	0.0150048	0.0145687	0.0137678	0.0101521	0.00756735	0.00518436	0.00356322	0.00164816	0.000985401	0.000614603	0.021312	0.0159484	0.00910874	0.00160336	0.000298287	0.000157792	5.6196e-005	2.22974e-005	1.02287e-005	2.41124e-006	6.30843e-007	1.43935e-006	7.56191e-006	1.8305e-007	5.32575e-008	6.90234e-009	2.95123e-009	2.63918e-009	7.94749e-010	2.66581e-010	8.60396e-011	2.19489e-011	4.47714e-012	5.74162e-013	4.52723e-014	0	1.95333e-015	6.78223e-014	3.08369e-014	0	0	0	4.513e-015	0	2.26511e-015	1.94362e-015	4.02491e-015	1.08301e-014	1.39289e-014	7.7655e-015	8.3459e-015	3.37095e-015	4.22219e-015	5.58094e-015	4.38449e-015	4.13062e-015	0	0	0	0	2.00039e-015	1.94127e-015	2.1317e-015	2.39798e-015	

87	0.497	32	0	task-3:0.14	task-0:0.148	task-1:0.212	task-2:0.096	|	0.0620137	0.1	0.0999973	0.0934146	0.0713395	0.0631342	0.0515337	0.0474781	0.0380481	0.0368811	0.0329795	0.0301438	0.0288011	0.0282884	0.0283149	0.0285967	0.0289913	0.0295712	0.0304568	0.0315967	0.0328719	0.0343092	0.0358619	0.0370996	0.0382016	0.0378581	0.0365761	0.0343863	0.0312141	0.0221378	0.0231289	0.017955	0.0139303	0.0135592	0.0125651	0.0120418	0.0109493	0.0105126	0.00951005	0.00781825	0.00677292	0.00706671	0.006549	0.00619114	0.00506757	0.00485468	0.00419574	0.00356697	0.00269665	0.00234741	0.00185296	0.00144078	0.00113718	0.000817537	0.000601284	0.00049762	0.000256641	0.000214315	0.000138748	0.000203033	0.000213933	0.000156301	0.000137395	0.000139195	0.00013249	0.000130603	0.000131008	0.000121093	0.000113411	0.000105728	9.77633e-005	8.31709e-005	7.09778e-005	5.96734e-005	5.00669e-005	4.26899e-005	3.8625e-005	3.37334e-005	2.92451e-005	2.52955e-005	2.19564e-005	1.57699e-005	1.16813e-005	8.45165e-006	6.06428e-006	5.44496e-006	4.24474e-006	

87	0.568	32	0	task-3:0.14	task-0:0.148	task-1:0.212	task-2:0.096	|	0.0620137	0.1	0.0999973	0.0934146	0.0713395	0.0631342	0.0515337	0.0474781	0.0380481	0.0368811	0.0329795	0.0301438	0.0288011	0.0282884	0.0283149	0.0285967	0.0289913	0.0295712	0.0304568	0.0315967	0.0328719	0.0343092	0.0358619	0.0370996	0.0382016	0.0378581	0.0365761	0.0343863	0.0312141	0.0221378	0.0231289	0.017955	0.0139303	0.0135592	0.0125651	0.0120418	0.0109493	0.0105126	0.00951005	0.00781825	0.00677292	0.00706671	0.006549	0.00619114	0.00506757	0.00485468	0.00419574	0.00356697	0.00269665	0.00234741	0.00185296	0.00144078	0.00113718	0.000817537	0.000601284	0.00049762	0.000256641	0.000214315	0.000138748	0.000203033	0.000213933	0.000156301	0.000137395	0.000139195	0.00013249	0.000130603	0.000131008	0.000121093	0.000113411	0.000105728	9.77633e-005	8.31709e-005	7.09778e-005	5.96734e-005	5.00669e-005	4.26899e-005	3.8625e-005	3.37334e-005	2.92451e-005	2.52955e-005	2.19564e-005	1.57699e-005	1.16813e-005	8.45165e-006	6.06428e-006	5.44496e-006	4.24474e-006	

65	0.307	32	0	task-3:0.096	task-0:0.076	task-1:0.078	task-2:0.07	|	0.0740566	0.1	0.0999984	0.0978196	0.0861782	0.0822139	0.0618664	0.0500807	0.0340548	0.0215111	0.0135552	0.0102239	0.00716957	0.00570602	0.00399557	0.00312177	0.00273821	0.00138069	0.000508935	0.000200157	4.78977e-005	8.84079e-006	2.4671e-006	7.76684e-006	7.95791e-007	7.24028e-007	2.02466e-007	8.64686e-008	1.98359e-007	1.61669e-008	4.53724e-009	1.04772e-009	7.86159e-010	1.3496e-010	2.35805e-011	5.48188e-011	5.42072e-011	1.89609e-011	1.49686e-011	8.58228e-012	3.85124e-012	1.57004e-012	5.43196e-013	1.81721e-013	3.579e-014	6.49962e-015	3.31904e-015	0	3.03374e-015	0	0	3.84796e-015	0	0	2.19591e-015	1.13789e-014	2.4365e-014	2.44079e-014	8.91268e-015	4.11827e-015	3.24129e-015	0	0	2.10545e-015	0	

87	0.49	32	0	task-3:0.046	task-0:0.038	task-1:0.098	task-2:0.066	|	0.0956681	0.0999996	0.0999529	0.088208	0.0594158	0.0577472	0.053674	0.0526352	0.0465121	0.0453382	0.0448468	0.0426977	0.0400988	0.0369344	0.0331311	0.0285153	0.0230797	0.0178524	0.0116758	0.00768694	0.00673291	0.00645508	0.00466423	0.00322576	0.00257517	0.00216274	0.00172575	0.00153692	0.00163727	0.00148371	0.00136524	0.00116645	0.00108554	0.00100515	0.000933621	0.000892878	0.000856117	0.000772742	0.000656086	0.000535652	0.000442734	0.000361029	0.000262689	0.000145249	9.20594e-005	3.99435e-005	1.07855e-005	1.1919e-005	2.61578e-006	1.73173e-006	8.03003e-007	1.8263e-007	1.3827e-007	4.51367e-008	2.40473e-008	1.69177e-008	1.03047e-008	6.59995e-009	4.3143e-009	3.45296e-009	3.6383e-009	5.57674e-009	1.56202e-009	1.95271e-009	3.39595e-009	8.12719e-009	2.50579e-008	1.32335e-007	1.20501e-008	6.13726e-009	3.58892e-009	6.63152e-009	3.56847e-009	4.34817e-009	4.07941e-009	3.23431e-009	5.90071e-009	6.43423e-009	2.7417e-009	1.82028e-009	1.45557e-009	1.23067e-009	2.1113e-008	4.38298e-009	5.5812e-009	4.02648e-009	1.35032e-009	

71	0.391	32	0	task-3:0.108	task-0:0.032	task-1:0.124	task-2:0.078	|	0.0778645	0.1	0.0999979	0.0967142	0.0578518	0.0584731	0.0500075	0.0484489	0.0457913	0.0437232	0.0398423	0.0347827	0.0276894	0.0197732	0.0139039	0.0103556	0.00856907	0.0057439	0.00477857	0.00346648	0.0012504	0.000766292	0.00051248	0.000326085	0.000128823	4.92608e-005	2.27672e-005	1.09137e-005	4.37173e-006	1.78166e-006	5.71827e-007	1.45941e-007	2.91545e-008	4.2601e-009	4.24521e-010	2.803e-011	1.30505e-012	1.6367e-014	7.06153e-014	7.45335e-014	4.94608e-015	2.47763e-014	2.61609e-014	6.20535e-015	2.77363e-015	2.08166e-015	4.07005e-015	3.83707e-015	2.45864e-015	0	1.40117e-009	5.21437e-005	6.21057e-007	2.47856e-006	1.28008e-008	2.44231e-009	5.5514e-012	1.46153e-012	1.22108e-012	5.74095e-013	3.25072e-013	2.55302e-012	2.27807e-013	1.33116e-013	1.28462e-013	2.16926e-013	6.09346e-013	2.00918e-012	7.60846e-012	3.41702e-011	1.34391e-010	

78	0.436	32	0	task-3:0.056	task-0:0.074	task-1:0.122	task-2:0.028	|	0.0592442	0.12	0.119998	0.112177	0.0821342	0.0664686	0.0523929	0.0523941	0.051369	0.0513647	0.049445	0.0452533	0.0416395	0.0394127	0.0363224	0.0313892	0.0264625	0.0214628	0.016789	0.0125137	0.00884907	0.00552954	0.00345686	0.00170316	0.000892837	0.000206127	0.000101403	3.10341e-005	1.67583e-005	6.08488e-006	4.49298e-006	1.61045e-006	5.3568e-007	1.83743e-007	0.02	0.0200001	6.59082e-007	2.41827e-006	8.90786e-007	2.75406e-007	5.89866e-008	0.0199162	0.00395214	4.28718e-008	5.92887e-008	3.93315e-008	2.71236e-008	2.26715e-008	1.8948e-008	1.42262e-008	1.05609e-008	6.64857e-009	4.23475e-009	2.57268e-009	1.51145e-009	8.44372e-010	4.47667e-010	1.68837e-010	5.79333e-011	1.60784e-011	3.61214e-012	6.95391e-013	1.21651e-013	1.70928e-014	0	0	0	3.26267e-015	3.05876e-014	1.29339e-014	2.56796e-015	5.30162e-015	3.15602e-015	3.08414e-015	2.30168e-015	0	0	0	

67	0.338	32	0	task-3:0.202	task-0:0.082	task-1:0.206	task-2:0.23	|	0.0602469	0.1	0.0999994	0.0988476	0.0593217	0.0976571	0.0727289	0.0440657	0.0425503	0.0294595	0.0246401	0.0201552	0.0154694	0.0122723	0.00995892	0.00878443	0.00825235	0.00589115	0.00588317	0.00499391	0.00357673	0.00310527	0.00255755	0.00202033	0.00160157	0.00154908	0.00112657	0.000897672	0.000933608	0.000699088	0.000733495	0.000396366	0.000162963	0.000172499	3.83798e-005	1.88752e-005	0.0001343	0.000298883	0.000403372	0.000103636	0.000129679	0.000103797	8.64341e-005	7.66467e-005	2.31648e-005	1.12236e-005	3.5138e-006	6.51541e-007	2.13527e-007	1.82433e-008	3.43321e-009	3.24085e-010	1.05591e-011	9.02007e-013	1.11515e-013	2.7481e-015	0	0	0	7.45831e-015	0	0	3.25156e-015	0	0	7.20871e-015	0	

118	0.531	32	0	task-3:0.048	task-0:0.044	task-1:0.084	task-2:0.056	|	0.0779066	0.119999	0.119963	0.102886	0.063765	0.0526287	0.0416277	0.0364348	0.029623	0.0269315	0.0254862	0.0239533	0.0234968	0.0243886	0.0272416	0.0251403	0.0255634	0.0264895	0.0275997	0.0281943	0.028304	0.0276222	0.0272649	0.0262268	0.0321403	0.0413997	0.0403784	0.0277774	0.0328287	0.0996443	0.106722	0.0465531	0.01999	0.0160809	0.0330612	0.0304856	0.0282341	0.0259553	0.041839	0.0415662	0.0215246	0.00126624	0.0209505	0.0207526	0.000619756	0.00049099	0.0201267	0.016197	0.000196586	0.000127181	7.91781e-005	4.96902e-005	2.94236e-005	1.40397e-005	5.26888e-006	1.5416e-006	4.14266e-007	1.95868e-007	6.04993e-007	9.05552e-007	1.48302e-007	3.79311e-009	6.97922e-012	1.99617e-009	0.000471365	0.0179213	4.7747e-007	5.20155e-010	1.52841e-009	1.53085e-009	4.02668e-010	3.84718e-011	1.76544e-012	1.45393e-013	1.27807e-014	0	0	0	0	0	0	0	0	0	2.03291e-015	0	0	0	0	0	0	0	0	0	0	0	0	0	0	0	0	0	0	0	2.32664e-015	0	0	0	0	2.21736e-015	0	0	4.60793e-015	2.20112e-015	0	8.73824e-015	9.58426e-015	0	

66	0.283	32	0	task-3:0.134	task-0:0.128	task-1:0.228	task-2:0.086	|	0.0509803	0.0999914	0.0977168	0.0551804	0.0444338	0.0407965	0.0435047	0.045748	0.0486919	0.049525	0.0487629	0.0462163	0.0409869	0.0331412	0.0255421	0.018906	0.0169176	0.00412626	0.00535029	0.000570449	0.000481574	8.49861e-005	2.45084e-005	3.94381e-005	4.55688e-005	1.37938e-006	4.97908e-007	3.52552e-007	1.1933e-007	1.5994e-007	1.21039e-007	1.9025e-008	2.74533e-008	2.86331e-008	2.13985e-008	1.69829e-008	9.41193e-009	5.75901e-009	3.19403e-009	1.60955e-009	7.42114e-010	3.31723e-010	2.34729e-010	1.13146e-010	1.44267e-010	7.39202e-010	8.45975e-009	1.9809e-007	3.27779e-005	6.43605e-005	1.18253e-007	0.0200296	0.0200234	1.97809e-006	3.91162e-008	8.4987e-008	5.81772e-008	9.49756e-008	3.64148e-008	9.57304e-009	3.7703e-009	1.34469e-009	6.02216e-010	2.16144e-009	9.04509e-007	9.92408e-009	

106	0.474	32	0	task-3:0.236	task-0:0.244	task-1:0.296	task-2:0.056	|	0.0909418	0.119979	0.118731	0.0547299	0.0832838	0.073355	0.0523896	0.0405898	0.0335173	0.0300341	0.0286454	0.0286412	0.0291736	0.03148	0.0345765	0.036362	0.0380026	0.03903	0.0395188	0.0397373	0.0396991	0.0387993	0.0399271	0.0397775	0.0397723	0.0399665	0.0404118	0.0410801	0.0430861	0.0438901	0.0437881	0.0425005	0.0385156	0.0383033	0.0381438	0.0379763	0.034353	0.0378002	0.0308652	0.0506458	0.0507244	0.0670621	0.0669219	0.0660912	0.0327041	0.0341438	0.0266685	0.026672	0.0266719	0.0266574	0.0244072	0.030043	0.0303874	0.0308443	0.00870904	0.0083165	0.00798368	0.0276357	0.021448	0.0209503	0.0202358	0.0213291	0.0205702	0.019605	0.0209546	0.0207643	0.0201139	0.018007	0.0174983	0.0170747	0.016687	0.0162699	0.0159377	0.0157555	0.0154008	0.0161977	0.0280161	0.0266513	0.0250662	0.0237251	0.0227773	0.0206183	0.0268303	0.0358193	0.0407733	0.0440851	0.031232	0.0222985	0.0362643	0.0359389	0.0220718	0.0215815	0.0148015	0.0199477	0.0199237	0.0152378	0.0692646	0.0517033	0.0328906	0.0230888	0.0195485	0.0100636	0.0090724	0.00247621	0.00139064	0.00136691	

61	0.282	32	0	task-3:0.136	task-0:0.102	task-1:0.218	task-2:0.248	|	0.0947917	0.12	0.119995	0.112107	0.0588378	0.0634787	0.0474368	0.0242293	0.0155729	0.0118175	0.00997983	0.0079614	0.00468898	0.00177333	0.0019236	0.00178837	0.000492424	0.000352774	0.000362858	0.000219323	0.000180487	0.000207494	0.000143915	0.000310219	0.000172565	9.55508e-005	9.05507e-005	7.5358e-005	6.06602e-005	8.6303e-005	0.000150245	0.000137631	0.000115519	0.000109896	7.94084e-005	4.83785e-005	2.91937e-005	1.80652e-005	1.22047e-005	7.30767e-006	4.68067e-006	2.72794e-006	1.35379e-006	4.30022e-007	1.97514e-007	5.76262e-008	2.7161e-008	1.29186e-008	4.5585e-009	1.31562e-009	3.09995e-010	5.7311e-011	6.63291e-012	9.93017e-013	1.23897e-013	1.24503e-014	0	0	0	0	0	

92	0.375	32	0	task-3:0.278	task-0:0.164	task-1:0.31	task-2:0.17	|	0.0655445	0.12	0.119998	0.117093	0.0540131	0.0483638	0.0363613	0.0311091	0.0285322	0.0276508	0.0281427	0.0291208	0.0306074	0.0324439	0.0352105	0.037843	0.0400664	0.0418573	0.043667	0.0441845	0.0441802	0.0440533	0.0438287	0.0436288	0.0434432	0.0432773	0.0430325	0.0426483	0.0414275	0.0404218	0.0394586	0.0385238	0.0376006	0.0368132	0.0291886	0.0343008	0.0324699	0.0304256	0.028058	0.0227827	0.0212042	0.0202669	0.0194378	0.012009	0.0143207	0.0105765	0.0181276	0.0168152	0.0154162	0.0133516	0.0148677	0.0159842	0.0143504	0.0136556	0.0139109	0.0152312	0.0155121	0.0151868	0.0145848	0.014055	0.0135355	0.0134781	0.0132736	0.0117408	0.0109309	0.0104865	0.010417	0.0101921	0.00998142	0.00967749	0.00932306	0.00965269	0.00963644	0.00972644	0.00948145	0.00918611	0.00898266	0.0087298	0.00846965	0.00816917	0.00784184	0.00749683	0.00707906	0.00662006	0.00610738	0.00556277	0.00482754	0.00423512	0.00367158	0.00356775	0.00298606	0.00274978	

