29	0.015	0	0	task-3:0.058	task-0:0.096	task-1:0.012	task-2:0.044	|	0.0663073	0.0598406	0.0457584	0.0439475	0.0413311	0.0375871	0.0317078	0.0255505	0.0162509	0.0121648	0.0206919	0.0081998	0.00785139	0.00737521	0.00684614	0.00648424	0.00589109	0.00497195	0.00480679	0.00421031	0.00399753	0.00393157	0.00383116	0.00361832	0.00321826	0.00295658	0.00262537	0.00263392	0.00252829	0.00245933	

31	0.015	0	0	task-3:0.034	task-0:0.102	task-1:0.022	task-2:0.02	|	0.0523611	0.0488801	0.0426207	0.0398233	0.0351191	0.0294457	0.024464	0.0196192	0.0156394	0.013266	0.0125369	0.0117257	0.0108762	0.00949976	0.00767163	0.00717599	0.00615856	0.00577202	0.00563604	0.0054489	0.00506268	0.00441822	0.0041048	0.00376854	0.00368721	0.00355787	0.00341164	0.00316173	0.0029821	0.00282024	0.00261851	0.0022682	

23	0.012	0	0	task-3:0.084	task-0:0.09	task-1:0.03	task-2:0.024	|	0.0612013	0.0595043	0.0549195	0.0472761	0.0410445	0.0326433	0.025978	0.0206119	0.0171173	0.0157507	0.0132999	0.0100799	0.00888446	0.00924619	0.00721304	0.00669357	0.00647519	0.00612107	0.00551285	0.00462665	0.00337725	0.00441958	0.00413128	0.00248627	

18	0.009	0	0	task-3:0.134	task-0:0.07	task-1:0.092	task-2:0.042	|	0.0620436	0.0570256	0.0454467	0.0372223	0.0346486	0.0292115	0.0207171	0.0171813	0.0139264	0.0130693	0.0123755	0.0119863	0.0109517	0.00906995	0.00688649	0.00423589	0.00398649	0.0345164	0.00233623	

28	0.126	0	0	task-3:0.114	task-0:0.12	task-1:0.058	task-2:0.02	|	0.0683778	0.0654411	0.058709	0.0526319	0.0444035	0.0403634	0.0357583	0.0290828	0.0250621	0.0209506	0.0159871	0.0128048	0.0114943	0.010915	0.0106371	0.0101256	0.00939512	0.00854336	0.00708432	0.005399	0.00675329	0.00526397	0.00404312	0.00386742	0.00376596	0.00356996	0.00322401	0.00268471	0.00200577	

18	0.009	0	0	task-3:0.054	task-0:0.092	task-1:0.026	task-2:0.022	|	0.0472765	0.0457511	0.0422281	0.0374473	0.0289425	0.0172419	0.0136859	0.0257004	0.00988511	0.00797803	0.00687366	0.00663087	0.00613869	0.0052515	0.00388348	0.00390055	0.00756474	0.00264244	0.00227841	

22	0.108	0	0	task-3:0.058	task-0:0.09	task-1:0.028	task-2:0.034	|	0.0593165	0.0579045	0.053814	0.0451361	0.0306515	0.0176284	0.0272044	0.0160722	0.0149938	0.0120714	0.0116514	0.0106397	0.00888031	0.00707177	0.00675658	0.00649516	0.0052195	0.00494074	0.00477098	0.00446092	0.00390937	0.00304202	0.00236243	

23	0.013	0	0	task-3:0.084	task-0:0.09	task-1:0.03	task-2:0.024	|	0.0612013	0.0595043	0.0549195	0.0472761	0.0410445	0.0326433	0.025978	0.0206119	0.0171173	0.0157507	0.0132999	0.0100799	0.00888446	0.00924619	0.00721304	0.00669357	0.00647519	0.00612107	0.00551285	0.00462665	0.00337725	0.00441958	0.00413128	0.00248627	

25	0.11	0	0	task-3:0.054	task-0:0.098	task-1:0.024	task-2:0.03	|	0.0737789	0.067869	0.0535214	0.0516291	0.0470569	0.0424945	0.0354149	0.0284055	0.0177295	0.0129489	0.0228979	0.00861416	0.00824097	0.00772505	0.0071637	0.0068411	0.00628259	0.00535104	0.00466687	0.00480506	0.004165	0.0040886	0.0039359	0.00364953	0.00315833	0.0024907	

29	0.015	0	0	task-3:0.058	task-0:0.098	task-1:0.018	task-2:0.046	|	0.0587377	0.0573381	0.0532866	0.0446997	0.0303709	0.0173538	0.026813	0.0159458	0.0150372	0.0120822	0.011686	0.0107114	0.00905481	0.00753038	0.00688514	0.00633359	0.00585451	0.00563592	0.00553441	0.00533284	0.00497417	0.00442899	0.00388602	0.00430033	0.00363664	0.00349742	0.00330184	0.00312306	0.00285525	0.00241116	

25	0.11	0	0	task-3:0.054	task-0:0.098	task-1:0.024	task-2:0.03	|	0.0737789	0.067869	0.0535214	0.0516291	0.0470569	0.0424945	0.0354149	0.0284055	0.0177295	0.0129489	0.0228979	0.00861416	0.00824097	0.00772505	0.0071637	0.0068411	0.00628259	0.00535104	0.00466687	0.00480506	0.004165	0.0040886	0.0039359	0.00364953	0.00315833	0.0024907	

31	0.017	0	0	task-3:0.06	task-0:0.086	task-1:0.012	task-2:0.022	|	0.073261	0.0706126	0.0639662	0.0567448	0.0474887	0.0414147	0.0335462	0.0232866	0.0224079	0.0187483	0.015734	0.0151245	0.0144149	0.0132143	0.0117496	0.0101604	0.00902584	0.0075258	0.00562937	0.00579704	0.00708821	0.00389883	0.00354367	0.00350836	0.00345932	0.00336284	0.00319057	0.00292609	0.00265059	0.00266641	0.0025255	0.0024194	

17	0.105	0	0	task-3:0.078	task-0:0.084	task-1:0.082	task-2:0.018	|	0.0661622	0.0614591	0.0497541	0.0406314	0.0369472	0.0296306	0.0186204	0.0166928	0.0128474	0.0105115	0.0100416	0.0090764	0.00742868	0.00527424	0.00303665	0.0142922	0.00265509	0.00247114	

27	0.013	0	0	task-3:0.064	task-0:0.09	task-1:0.014	task-2:0.012	|	0.0609822	0.0592944	0.0547996	0.0471474	0.0371984	0.0329741	0.0268045	0.0215032	0.0141493	0.0124654	0.0188324	0.00845858	0.00688589	0.00621734	0.00603272	0.00572246	0.00516653	0.00470621	0.0042221	0.00370452	0.00344142	0.00315771	0.00308219	0.00299742	0.00294019	0.00281118	0.00260739	0.00245346	

31	0.111	0	0	task-3:0.058	task-0:0.096	task-1:0.022	task-2:0.072	|	0.0632156	0.0599941	0.0525794	0.0433012	0.0379523	0.0303724	0.0234061	0.0187629	0.0155569	0.0152345	0.0145385	0.0132143	0.0111312	0.00891628	0.00805263	0.00701553	0.0065095	0.00628537	0.00597936	0.00541699	0.00466208	0.0044745	0.00395801	0.00381095	0.00377553	0.00372785	0.00360854	0.00336554	0.00294718	0.0025832	0.00289456	0.00236937	

17	0.008	0	0	task-3:0.078	task-0:0.084	task-1:0.082	task-2:0.018	|	0.0661622	0.0614591	0.0497541	0.0406314	0.0369472	0.0296306	0.0186204	0.0166928	0.0128474	0.0105115	0.0100416	0.0090764	0.00742868	0.00527424	0.00303665	0.0142922	0.00265509	0.00247114	

22	0.109	0	0	task-3:0.038	task-0:0.102	task-1:0.026	task-2:0.048	|	0.0465159	0.0443994	0.0401416	0.0345245	0.0301009	0.0226483	0.0142828	0.009987	0.0264328	0.00696649	0.00671522	0.00640302	0.00598653	0.00552729	0.00493079	0.00450108	0.00390805	0.00321288	0.00381272	0.00303158	0.0026059	0.0025368	0.00249567	

23	0.012	0	0	task-3:0.06	task-0:0.082	task-1:0.03	task-2:0.032	|	0.0660094	0.0634007	0.0568577	0.0470731	0.0409355	0.0332586	0.027905	0.0236882	0.0232132	0.0214086	0.0179198	0.0149022	0.0107403	0.0060403	0.00469669	0.0174796	0.00434755	0.00400916	0.00302306	0.00293525	0.00281066	0.00271605	0.00253829	0.00226308	

30	0.11	0	0	task-3:0.064	task-0:0.102	task-1:0.018	task-2:0.012	|	0.0548497	0.0508641	0.0437629	0.041237	0.0370352	0.0319403	0.0276871	0.0205392	0.0160041	0.0139694	0.0132636	0.0127733	0.0119319	0.0108595	0.00958366	0.00848511	0.00677862	0.00619768	0.00611716	0.0047304	0.00458046	0.00429243	0.00380888	0.00366621	0.00325991	0.00316384	0.00304873	0.00285553	0.00268069	0.00251034	0.00229442	

24	0.014	0	0	task-3:0.056	task-0:0.096	task-1:0.328	task-2:0.04	|	0.0534618	0.0522226	0.0486554	0.0411978	0.0303061	0.0221417	0.0170782	0.0151946	0.0134784	0.0127686	0.0115665	0.00992048	0.00735176	0.00452883	0.0111616	0.00440866	0.00411441	0.00397764	0.00390213	0.00373158	0.0034071	0.00289705	0.00310659	0.00254306	0.00247476	

17	0.01	0	0	task-3:0.078	task-0:0.084	task-1:0.082	task-2:0.018	|	0.0661622	0.0614591	0.0497541	0.0406314	0.0369472	0.0296306	0.0186204	0.0166928	0.0128474	0.0105115	0.0100416	0.0090764	0.00742868	0.00527424	0.00303665	0.0142922	0.00265509	0.00247114	

27	0.013	0	0	task-3:0.066	task-0:0.096	task-1:0.018	task-2:0.026	|	0.044904	0.043625	0.0404106	0.0355581	0.0315964	0.025347	0.0185463	0.0154877	0.0126339	0.0117338	0.0111117	0.0105364	0.00932932	0.00736719	0.00617256	0.00754199	0.00531998	0.00518901	0.00492913	0.00444893	0.00375883	0.0034312	0.00375574	0.0029935	0.00284579	0.00275075	0.00263277	0.00245506	

25	0.012	0	0	task-3:0.222	task-0:0.102	task-1:0.03	task-2:0.01	|	0.0590171	0.0557541	0.0487084	0.0403873	0.0351704	0.0273554	0.0199194	0.011661	0.0162134	0.0139187	0.00694673	0.00605196	0.00595432	0.00576493	0.0054504	0.00502734	0.00444464	0.0041356	0.00377577	0.00343418	0.00300442	0.00315035	0.00276639	0.00267504	0.00250694	0.00226942	

24	0.109	0	0	task-3:0.056	task-0:0.096	task-1:0.328	task-2:0.04	|	0.0534618	0.0522226	0.0486554	0.0411978	0.0303061	0.0221417	0.0170782	0.0151946	0.0134784	0.0127686	0.0115665	0.00992048	0.00735176	0.00452883	0.0111616	0.00440866	0.00411441	0.00397764	0.00390213	0.00373158	0.0034071	0.00289705	0.00310659	0.00254306	0.00247476	

26	0.015	0	0	task-3:0.064	task-0:0.102	task-1:0.07	task-2:0.03	|	0.066953	0.0644663	0.0581181	0.0481635	0.0414948	0.0334069	0.0282852	0.0238806	0.0221608	0.0184437	0.0125931	0.0091412	0.02138	0.00712943	0.00691616	0.00656775	0.00609231	0.00566519	0.00497372	0.00395731	0.00450425	0.00341993	0.0031692	0.00312624	0.00302684	0.00282305	0.00243722	

27	0.013	0	0	task-3:0.064	task-0:0.09	task-1:0.014	task-2:0.012	|	0.0609822	0.0592944	0.0547996	0.0471474	0.0371984	0.0329741	0.0268045	0.0215032	0.0141493	0.0124654	0.0188324	0.00845858	0.00688589	0.00621734	0.00603272	0.00572246	0.00516653	0.00470621	0.0042221	0.00370452	0.00344142	0.00315771	0.00308219	0.00299742	0.00294019	0.00281118	0.00260739	0.00245346	

23	0.011	0	0	task-3:0.06	task-0:0.082	task-1:0.03	task-2:0.032	|	0.0660094	0.0634007	0.0568577	0.0470731	0.0409355	0.0332586	0.027905	0.0236882	0.0232132	0.0214086	0.0179198	0.0149022	0.0107403	0.0060403	0.00469669	0.0174796	0.00434755	0.00400916	0.00302306	0.00293525	0.00281066	0.00271605	0.00253829	0.00226308	

24	0.108	0	0	task-3:0.056	task-0:0.096	task-1:0.018	task-2:0.028	|	0.0563283	0.0533225	0.0474338	0.0433913	0.0369156	0.0300357	0.023743	0.0199418	0.0149526	0.00926205	0.0128769	0.00663916	0.00625256	0.00609414	0.00578605	0.00551758	0.00534199	0.00515713	0.00502142	0.0047239	0.00416329	0.00327759	0.00359447	0.00365867	0.0024753	

23	0.011	0	0	task-3:0.074	task-0:0.092	task-1:0.032	task-2:0.03	|	0.0666745	0.0631532	0.0544657	0.0444697	0.0412521	0.0363714	0.0294551	0.0254238	0.0219634	0.0174958	0.0133292	0.0101801	0.0121031	0.00865544	0.00775894	0.00754164	0.00725902	0.00672345	0.00581648	0.00454879	0.00285157	0.00331498	0.0266676	0.00174762	

29	0.11	0	0	task-3:0.066	task-0:0.098	task-1:0.014	task-2:0.024	|	0.0544842	0.0532341	0.0496281	0.0420116	0.0300398	0.0188107	0.0186618	0.0115986	0.010536	0.0104486	0.0100996	0.00929309	0.00817524	0.00744144	0.0068858	0.00600652	0.0054805	0.00496482	0.00489387	0.00474917	0.00447907	0.00402824	0.00342903	0.00345792	0.00297739	0.0028299	0.00279645	0.00272964	0.00259177	0.00233896	

20	0.01	0	0	task-3:0.064	task-0:0.052	task-1:0.052	task-2:0.022	|	0.0533254	0.0520793	0.0485187	0.0412142	0.0315763	0.0254737	0.0178275	0.0134067	0.0176051	0.00969809	0.00928364	0.0085166	0.00750752	0.00641352	0.0049268	0.00315762	0.00646924	0.0139016	0.003356	0.00265527	0.00176168	

23	0.107	0	0	task-3:0.072	task-0:0.102	task-1:0.038	task-2:0.032	|	0.0498884	0.0481331	0.0440379	0.0381156	0.0337037	0.0265784	0.0188838	0.0147978	0.0135724	0.011021	0.0104679	0.00944502	0.00780375	0.00677652	0.00668475	0.00575794	0.00540333	0.00520522	0.00487015	0.00428101	0.00337261	0.00298544	0.00713098	0.00247786	

38	0.019	0	0	task-3:0.072	task-0:0.102	task-1:0.022	task-2:0.012	|	0.0652565	0.0632473	0.0579887	0.0491199	0.0416987	0.0324937	0.0258323	0.0205253	0.0171856	0.0155276	0.0131682	0.0099015	0.00840071	0.00997261	0.00660377	0.00595461	0.00589735	0.00583722	0.00571415	0.00550522	0.00524246	0.00487841	0.00443194	0.00418716	0.00393144	0.00383645	0.00381584	0.0037709	0.00368185	0.00352396	0.00328835	0.00298295	0.00288035	0.00272089	0.00264955	0.00263156	0.00259463	0.0025192	0.00237453	

24	0.11	0	0	task-3:0.056	task-0:0.096	task-1:0.018	task-2:0.028	|	0.0563283	0.0533225	0.0474338	0.0433913	0.0369156	0.0300357	0.023743	0.0199418	0.0149526	0.00926205	0.0128769	0.00663916	0.00625256	0.00609414	0.00578605	0.00551758	0.00534199	0.00515713	0.00502142	0.0047239	0.00416329	0.00327759	0.00359447	0.00365867	0.0024753	

27	0.013	0	0	task-3:0.058	task-0:0.1	task-1:0.012	task-2:0.012	|	0.0695248	0.0658813	0.0563949	0.0459383	0.0414368	0.034766	0.0261915	0.0226838	0.0213877	0.0187471	0.0174163	0.0163761	0.0150766	0.0139867	0.0118797	0.00857234	0.00532251	0.0235426	0.00476838	0.00471567	0.00461386	0.00441404	0.00404954	0.00347947	0.00278352	0.00413997	0.0033905	0.0020628	

20	0.106	0	0	task-3:0.064	task-0:0.052	task-1:0.052	task-2:0.022	|	0.0533254	0.0520793	0.0485187	0.0412142	0.0315763	0.0254737	0.0178275	0.0134067	0.0176051	0.00969809	0.00928364	0.0085166	0.00750752	0.00641352	0.0049268	0.00315762	0.00646924	0.0139016	0.003356	0.00265527	0.00176168	

24	0.012	0	0	task-3:0.072	task-0:0.118	task-1:0.038	task-2:0.058	|	0.0664462	0.0619842	0.0528197	0.0493415	0.0445143	0.0382019	0.0331918	0.0235658	0.0122381	0.0193708	0.00844776	0.00779518	0.00684605	0.00629487	0.00579039	0.00563893	0.00552265	0.00531128	0.00498669	0.00456827	0.00387801	0.00296261	0.00319549	0.0208172	0.00200839	

20	0.106	0	0	task-3:0.082	task-0:0.126	task-1:0.02	task-2:0.016	|	0.0797956	0.0770357	0.0697717	0.0623095	0.0526333	0.044352	0.0342788	0.0209406	0.0248237	0.0172467	0.0145021	0.0132397	0.0118297	0.0101029	0.00856428	0.00637145	0.00368908	0.00314278	0.0161528	0.00282722	0.00243126	

24	0.012	0	0	task-3:0.056	task-0:0.096	task-1:0.018	task-2:0.028	|	0.0563283	0.0533225	0.0474338	0.0433913	0.0369156	0.0300357	0.023743	0.0199418	0.0149526	0.00926205	0.0128769	0.00663916	0.00625256	0.00609414	0.00578605	0.00551758	0.00534199	0.00515713	0.00502142	0.0047239	0.00416329	0.00327759	0.00359447	0.00365867	0.0024753	

28	0.11	0	0	task-3:0.058	task-0:0.09	task-1:0.018	task-2:0.028	|	0.0703742	0.0645648	0.0516159	0.0488631	0.0450794	0.0393805	0.0320743	0.0252138	0.0215768	0.0162598	0.0133281	0.0124821	0.0106049	0.00964955	0.00925486	0.00850937	0.0075359	0.00679803	0.00581128	0.00502954	0.00514482	0.00443282	0.00433735	0.00414865	0.0038006	0.00322084	0.00274176	0.00414601	0.00245295	

24	0.014	0	0	task-3:0.056	task-0:0.096	task-1:0.018	task-2:0.028	|	0.0563283	0.0533225	0.0474338	0.0433913	0.0369156	0.0300357	0.023743	0.0199418	0.0149526	0.00926205	0.0128769	0.00663916	0.00625256	0.00609414	0.00578605	0.00551758	0.00534199	0.00515713	0.00502142	0.0047239	0.00416329	0.00327759	0.00359447	0.00365867	0.0024753	

26	0.11	0	0	task-3:0.054	task-0:0.092	task-1:0.01	task-2:0.032	|	0.0622454	0.0574663	0.0480977	0.0454972	0.0416065	0.0361055	0.0314059	0.0232803	0.0141065	0.0117947	0.0206081	0.00711163	0.00670804	0.00642034	0.0061706	0.00576032	0.00521981	0.00461374	0.00441859	0.00432068	0.0041084	0.00375123	0.00340769	0.00292755	0.00289384	0.00267505	0.00238855	

24	0.012	0	0	task-3:0.056	task-0:0.096	task-1:0.018	task-2:0.028	|	0.0563283	0.0533225	0.0474338	0.0433913	0.0369156	0.0300357	0.023743	0.0199418	0.0149526	0.00926205	0.0128769	0.00663916	0.00625256	0.00609414	0.00578605	0.00551758	0.00534199	0.00515713	0.00502142	0.0047239	0.00416329	0.00327759	0.00359447	0.00365867	0.0024753	

30	0.111	0	0	task-3:0.052	task-0:0.098	task-1:0.01	task-2:0.012	|	0.075397	0.0719173	0.0614638	0.0511271	0.0434534	0.0299532	0.0209784	0.0206005	0.0156257	0.014791	0.0132495	0.0108469	0.00886726	0.00887109	0.00784517	0.00722572	0.00698742	0.00676082	0.00643562	0.00611085	0.00555624	0.00478069	0.00473987	0.00434913	0.00415343	0.00387723	0.00368429	0.00351544	0.00320228	0.00265427	0.00198409	

27	0.014	0	0	task-3:0.07	task-0:0.102	task-1:0.02	task-2:0.02	|	0.0569761	0.0552117	0.0506726	0.0438095	0.0393369	0.0322326	0.0248343	0.0213242	0.0209441	0.0192577	0.0172796	0.0170384	0.0164379	0.0152167	0.013163	0.0105492	0.00729286	0.00798915	0.00941013	0.00487637	0.00461014	0.00443993	0.00437384	0.00423908	0.00398131	0.00352766	0.00285149	0.00216667	

27	0.11	0	0	task-3:0.07	task-0:0.102	task-1:0.02	task-2:0.02	|	0.0569761	0.0552117	0.0506726	0.0438095	0.0393369	0.0322326	0.0248343	0.0213242	0.0209441	0.0192577	0.0172796	0.0170384	0.0164379	0.0152167	0.013163	0.0105492	0.00729286	0.00798915	0.00941013	0.00487637	0.00461014	0.00443993	0.00437384	0.00423908	0.00398131	0.00352766	0.00285149	0.00216667	

23	0.011	0	0	task-3:0.07	task-0:0.1	task-1:0.19	task-2:0.028	|	0.063939	0.0623554	0.0578435	0.0488586	0.0363593	0.0282838	0.0244019	0.0224598	0.0185502	0.0125172	0.00660317	0.0162442	0.00581627	0.00552663	0.00515806	0.00513008	0.00500664	0.00473803	0.00429093	0.00386561	0.00323375	0.00257492	0.00521565	0.0023451	

18	0.105	0	0	task-3:0.054	task-0:0.07	task-1:0.03	task-2:0.056	|	0.0698201	0.0657469	0.0548967	0.0447946	0.0398595	0.0310432	0.0186033	0.0196039	0.0119529	0.0109286	0.00952658	0.00728587	0.0046624	0.00913546	0.00919047	0.00333293	0.00263161	0.00256081	0.00248289	

21	0.011	0	0	task-3:0.072	task-0:0.072	task-1:0.066	task-2:0.016	|	0.0635858	0.0591032	0.0502308	0.0471165	0.0424714	0.0367655	0.0322687	0.0236032	0.0148265	0.0125584	0.018355	0.00829158	0.00682967	0.00645869	0.00623358	0.00597901	0.00547337	0.00457995	0.00326198	0.00395175	0.00958375	0.00222778	

25	0.013	0	0	task-3:0.072	task-0:0.086	task-1:0.016	task-2:0.026	|	0.0596687	0.0581851	0.05401	0.0457832	0.0366565	0.0337808	0.026792	0.0162679	0.0140297	0.0158445	0.00880225	0.00837145	0.00780438	0.00729445	0.00711145	0.00678902	0.00618405	0.00542218	0.00510101	0.00463216	0.00449168	0.00422825	0.00389264	0.00354261	0.00305512	0.00229739	

27	0.013	0	0	task-3:0.07	task-0:0.102	task-1:0.02	task-2:0.02	|	0.0569761	0.0552117	0.0506726	0.0438095	0.0393369	0.0322326	0.0248343	0.0213242	0.0209441	0.0192577	0.0172796	0.0170384	0.0164379	0.0152167	0.013163	0.0105492	0.00729286	0.00798915	0.00941013	0.00487637	0.00461014	0.00443993	0.00437384	0.00423908	0.00398131	0.00352766	0.00285149	0.00216667	

30	0.113	0	0	task-3:0.056	task-0:0.096	task-1:0.012	task-2:0.022	|	0.0605327	0.0558723	0.0470176	0.044503	0.040857	0.0356837	0.0317243	0.024994	0.0174454	0.0146662	0.0120741	0.0104776	0.00997666	0.00909258	0.00784347	0.00690358	0.00605463	0.00581577	0.00553948	0.00519397	0.00498581	0.00476436	0.00445075	0.0040794	0.0035422	0.00395185	0.00315939	0.00306594	0.002921	0.0026469	0.0021847	

19	0.009	0	0	task-3:0.068	task-0:0.106	task-1:0.078	task-2:0.116	|	0.0507819	0.0469055	0.0399634	0.0343239	0.0290802	0.0221528	0.0166847	0.0137595	0.0125941	0.0109775	0.0100332	0.00964039	0.00887201	0.00752473	0.00550336	0.00312083	0.00784946	0.0149728	0.00344731	0.00220857	

25	0.013	0	0	task-3:0.06	task-0:0.11	task-1:0.042	task-2:0.022	|	0.0750049	0.0721036	0.0648769	0.0578486	0.0487452	0.0423114	0.0342839	0.0237619	0.0231267	0.0196328	0.0165608	0.0156058	0.0144967	0.0126358	0.0102555	0.00695991	0.00765331	0.0106477	0.00454384	0.00383959	0.00373327	0.00361212	0.00349207	0.00325287	0.00281749	0.0022544	

30	0.105	0	0	task-3:0.056	task-0:0.096	task-1:0.012	task-2:0.022	|	0.0605327	0.0558723	0.0470176	0.044503	0.040857	0.0356837	0.0317243	0.024994	0.0174454	0.0146662	0.0120741	0.0104776	0.00997666	0.00909258	0.00784347	0.00690358	0.00605463	0.00581577	0.00553948	0.00519397	0.00498581	0.00476436	0.00445075	0.0040794	0.0035422	0.00395185	0.00315939	0.00306594	0.002921	0.0026469	0.0021847	

31	0.016	0	0	task-3:0.058	task-0:0.086	task-1:0.012	task-2:0.022	|	0.0694819	0.0668412	0.0599825	0.049546	0.0435533	0.0361562	0.0307058	0.0263705	0.0242718	0.0200904	0.01477	0.0129681	0.0109754	0.0103437	0.00923751	0.00821317	0.00753856	0.00696288	0.00652335	0.00622678	0.00570476	0.00484786	0.00433544	0.00446891	0.00378587	0.00369722	0.00352419	0.00320801	0.00268658	0.00282111	0.00288652	0.00210145	

25	0.109	0	0	task-3:0.066	task-0:0.1	task-1:0.058	task-2:0.024	|	0.0461503	0.0445657	0.0409223	0.035699	0.0317058	0.025155	0.0177662	0.0146282	0.0123753	0.0106018	0.0100668	0.00912227	0.00775809	0.00640783	0.00558694	0.00600651	0.00477057	0.00446888	0.00431654	0.0041245	0.00383353	0.00345052	0.00303427	0.00258711	0.00341077	0.00243862	

30	0.015	0	0	task-3:0.056	task-0:0.096	task-1:0.012	task-2:0.022	|	0.0605327	0.0558723	0.0470176	0.044503	0.040857	0.0356837	0.0317243	0.024994	0.0174454	0.0146662	0.0120741	0.0104776	0.00997666	0.00909258	0.00784347	0.00690358	0.00605463	0.00581577	0.00553948	0.00519397	0.00498581	0.00476436	0.00445075	0.0040794	0.0035422	0.00395185	0.00315939	0.00306594	0.002921	0.0026469	0.0021847	

27	0.112	0	0	task-3:0.07	task-0:0.102	task-1:0.02	task-2:0.02	|	0.0569761	0.0552117	0.0506726	0.0438095	0.0393369	0.0322326	0.0248343	0.0213242	0.0209441	0.0192577	0.0172796	0.0170384	0.0164379	0.0152167	0.013163	0.0105492	0.00729286	0.00798915	0.00941013	0.00487637	0.00461014	0.00443993	0.00437384	0.00423908	0.00398131	0.00352766	0.00285149	0.00216667	

28	0.014	0	0	task-3:0.02	task-0:0.094	task-1:0.02	task-2:0.024	|	0.0687963	0.0671815	0.0624685	0.0524062	0.0373476	0.02516	0.0195022	0.0165489	0.0134257	0.0126552	0.0111979	0.00884172	0.00735435	0.00822408	0.00606625	0.00557427	0.00545901	0.00533465	0.00513267	0.00491075	0.00457609	0.00428089	0.00405933	0.00389224	0.00357691	0.00303184	0.0028383	0.0029487	0.0024456	

