67	0.019	1	0	task-0:0.29	|	0.264083	0.287223	0.266627	0.217475	0.209402	0.174118	0.165894	0.163457	0.139223	0.101296	0.102268	0.0879858	0.0469847	0.0411832	0.0234002	0.0159577	0.0102745	0.00669608	0.00572634	0.00375751	0.00258695	0.00250963	0.00205766	0.0015323	0.0013637	0.00116425	0.00096882	0.000781662	0.000571918	0.000398677	0.00025993	0.000159113	8.54991e-005	3.96145e-005	1.57343e-005	4.87149e-006	1.1457e-006	1.87287e-007	1.95482e-008	7.08927e-009	5.7142e-009	1.86581e-010	6.27065e-011	7.52355e-011	8.70877e-012	7.23748e-012	2.26424e-012	1.28825e-012	8.27645e-013	4.8048e-013	2.23227e-013	8.83955e-014	2.38387e-014	1.11308e-013	2.28788e-014	1.7765e-014	1.7765e-014	0	0	0	0	0	0	0	0	0	0	

114	0.032	1	0	task-0:0.334	|	0.253933	0.336453	0.323142	0.273883	0.249199	0.275228	0.273321	0.248473	0.23735	0.229834	0.222243	0.219916	0.218381	0.216844	0.214532	0.211009	0.205888	0.209082	0.2151	0.21769	0.219278	0.220543	0.221399	0.221885	0.22212	0.222211	0.222222	0.222223	0.222223	0.222222	0.222222	0.222178	0.19131	0.191282	0.191247	0.165131	0.160091	0.159973	0.159832	0.159664	0.159354	0.127711	0.158941	0.158603	0.158203	0.157731	0.157174	0.156522	0.13294	0.120861	0.119184	0.117232	0.114974	0.112387	0.109458	0.10619	0.102618	0.0988177	0.0949242	0.0911442	0.0877623	0.0851262	0.0835966	0.083453	0.011635	0.0669931	0.00940173	0.00843958	0.0845465	0.0845465	0.071264	0.00855003	0.00855003	0.00822262	0.0804092	0.0800572	0.00803262	0.008032	0.0424297	0.0390751	0.00860139	0.00834499	0.0127757	0.0201817	0.0284093	0.0205682	0.0194985	0.0187223	0.0182429	0.0180769	0.0182612	0.018862	0.0199852	0.0217868	0.0244749	0.00771694	0.00980059	0.0101489	0.0107662	0.0118171	0.0135775	0.0164712	0.0210487	0.0176959	0.0177763	0.0181059	0.018744	0.019776	0.0138373	0.0109507	0.00866695	0.00716393	0.0849304	0.0820215	

118	0.033	1	0	task-0:0.336	|	0.320848	0.256965	0.255289	0.251871	0.25062	0.242521	0.228514	0.22182	0.220818	0.220889	0.22109	0.221372	0.221544	0.221815	0.221996	0.2221	0.222174	0.222208	0.222219	0.222222	0.222222	0.222222	0.222222	0.222222	0.222222	0.222222	0.19712	0.191341	0.191308	0.191247	0.160219	0.160105	0.159968	0.159805	0.15961	0.127947	0.159104	0.158777	0.158389	0.15793	0.157389	0.156754	0.154879	0.121307	0.119678	0.117778	0.115578	0.113052	0.110183	0.106972	0.103445	0.0996696	0.0957671	0.0919294	0.0884266	0.085505	0.0195994	0.0833617	0.0833617	0.0833925	0.0833925	0.0833344	0.0833765	0.0833765	0.0833412	0.0833367	0.0833306	0.0702078	0.0137818	0.0135352	0.0833425	0.0833425	0.0833388	0.0833356	0.0833336	0.0833338	0.0833338	0.0833333	0.0833337	0.0833337	0.0833334	0.0833334	0.0833334	0.0833333	0.0833333	0.0833333	0.0833333	0.0833333	0.0833333	0.0833333	0.0833333	0.0833333	0.0833333	0.0833093	0.0276828	0.0138889	0.0833333	0.0833333	0.0833333	0.0833333	0.0833333	0.0833333	0.0833333	0.0833333	0.083328	0.0709985	0.0138895	0.0138895	0.0833333	0.0833333	0.0833333	0.0833333	0.0833333	0.0833333	0.0833333	0.0833333	0.0833333	0.0833333	

75	0.022	1	0	task-0:0.062	|	0.251176	0.376232	0.337747	0.184502	0.19687	0.181628	0.143957	0.131449	0.108481	0.0895688	0.0737143	0.0604242	0.0541226	0.0388481	0.029271	0.0201362	0.0120368	0.00604289	0.00260462	0.00414693	0.00104234	0.000729745	0.000996874	0.00254912	0.000382449	0.000224785	0.000188138	0.000297892	0.000889829	9.50177e-005	6.05345e-005	4.88901e-005	5.63569e-005	0.000150113	1.78509e-005	1.33392e-005	1.24378e-005	2.29413e-005	0.000162207	3.11936e-005	3.07032e-005	4.48546e-005	9.90063e-005	0.00032746	8.04947e-005	7.661e-005	0.000135866	0.000270793	0.000698436	0.000274138	0.000274283	0.000440583	0.000742424	0.0014727	0.000774162	0.000777124	0.00102987	0.00141354	0.00215391	0.00359843	0.00212841	0.00207434	0.00282985	0.00372838	0.00522818	0.00769385	0.0115839	0.0172615	0.0246766	0.0332589	0.0424995	0.0532836	0.0652159	0.0741376	0.0789546	

60	0.018	1	0	task-0:0.27	|	0.289199	0.298947	0.261809	0.21852	0.218115	0.198879	0.183489	0.165134	0.146346	0.128644	0.113815	0.103337	0.0969175	0.0924992	0.0896058	0.087667	0.0865044	0.0859603	0.0860195	0.086733	0.0888821	0.094091	0.104074	0.0891294	0.0839211	0.148147	0.148107	0.14795	0.147758	0.147532	0.14726	0.146234	0.0846052	0.146361	0.146276	0.145779	0.135831	0.0851872	0.145352	0.145476	0.145327	0.144959	0.136448	0.0860602	0.144254	0.144485	0.144333	0.143443	0.100646	0.144115	0.144035	0.143934	0.143818	0.143687	0.143382	0.088372	0.143356	0.143301	0.143209	0.142833	

72	0.02	1	0	task-0:0.134	|	0.260254	0.344086	0.344086	0.248777	0.269787	0.268131	0.234572	0.242478	0.236309	0.220349	0.211553	0.200026	0.186429	0.170191	0.153574	0.136975	0.120704	0.105873	0.0786408	0.0747686	0.0633791	0.048532	0.0431491	0.0355355	0.0306928	0.031086	0.0212194	0.0167124	0.0093445	0.0053572	0.0028211	0.00136788	0.000594014	0.000326706	4.39141e-005	8.05404e-006	1.48031e-006	6.71433e-007	1.06605e-007	3.33603e-008	1.82753e-008	1.45146e-009	1.69717e-010	1.35964e-011	2.64833e-012	1.46423e-014	6.32316e-012	5.15543e-014	0	0	0	0	0	0	0	0	0	0	0	0	0	0	0	0	0	0	0	0	0	0	0	0	

115	0.033	1	0	task-0:0.33	|	0.250503	0.343625	0.31855	0.262489	0.25191	0.251856	0.251015	0.251015	0.250031	0.250031	0.250173	0.250173	0.250014	0.250056	0.250056	0.250003	0.250024	0.250023	0.250001	0.250003	0.249995	0.249936	0.249519	0.246132	0.226292	0.219838	0.198985	0.185086	0.172446	0.169369	0.154028	0.142073	0.167962	0.166731	0.167005	0.191704	0.191222	0.189961	0.188795	0.187894	0.221415	0.187501	0.187572	0.147301	0.146741	0.146122	0.145262	0.100928	0.0988673	0.0966025	0.0941732	0.0916456	0.0828294	0.0295759	0.0849473	0.0836994	0.0833449	0.0833449	0.0833896	0.0833896	0.0833372	0.0833532	0.0833532	0.083328	0.0602037	0.0155288	0.0155288	0.0833583	0.0833379	0.0833348	0.0833348	0.0833335	0.0833335	0.0833335	0.0833335	0.0833333	0.0833333	0.0833334	0.0833334	0.0833333	0.0833333	0.0833333	0.0833333	0.0833333	0.0833333	0.0833333	0.0833333	0.0833333	0.0833333	0.0833333	0.0833008	0.0185002	0.0138933	0.0833333	0.0833333	0.0833333	0.0833333	0.0833333	0.0833333	0.0833333	0.0833333	0.083326	0.0659848	0.0138895	0.0138895	0.0833333	0.0833333	0.0833333	0.0833333	0.0833333	0.0833333	0.0833333	0.0833333	0.0833333	0.0833333	

60	0.017	1	0	task-0:0.12	|	0.256344	0.260713	0.294997	0.261291	0.302476	0.296599	0.232068	0.174789	0.13976	0.104882	0.0911162	0.089284	0.0897509	0.0922595	0.0960014	0.102996	0.115773	0.134079	0.15379	0.169876	0.180942	0.190588	0.210156	0.218597	0.224725	0.241616	0.248546	0.249773	0.250227	0.250246	0.250028	0.250052	0.250052	0.250001	0.250043	0.250043	0.250008	0.250001	0.249581	0.225054	0.224823	0.199883	0.199615	0.224655	0.224476	0.22427	0.224036	0.223774	0.223487	0.223181	0.22287	0.218446	0.192748	0.191536	0.222318	0.222318	0.222239	0.222229	0.222229	0.222223	

127	0.251	1	0	task-0:0.33	|	0.273242	0.282951	0.280477	0.253119	0.258775	0.258674	0.250375	0.254962	0.254946	0.250663	0.250795	0.250795	0.250001	0.250969	0.250968	0.250219	0.250009	0.250002	0.25	0.249984	0.249933	0.249924	0.249867	0.249752	0.249591	0.249308	0.248758	0.247622	0.245109	0.23945	0.229466	0.224436	0.224189	0.224013	0.223814	0.223589	0.223342	0.223076	0.222804	0.222547	0.222336	0.222226	0.222297	0.222297	0.222234	0.222231	0.222231	0.222222	0.222222	0.222216	0.191518	0.191424	0.191313	0.16014	0.159825	0.159452	0.15901	0.158488	0.157863	0.124508	0.123182	0.121624	0.119802	0.117684	0.115242	0.112452	0.109306	0.105817	0.101532	0.0522531	0.0940297	0.0902156	0.0869261	0.0845329	0.083392	0.0837312	0.0821719	0.0124695	0.0124695	0.011133	0.0837728	0.0837719	0.0103952	0.0103952	0.0489291	0.0452244	0.0102179	0.0102179	0.0101302	0.0523803	0.0486873	0.0104167	0.0101923	0.0134223	0.0149716	0.0133852	0.0124211	0.0183722	0.0264118	0.0387677	0.027575	0.0262963	0.0255297	0.025302	0.0256693	0.0267283	0.0286211	0.0305908	0.00983668	0.013068	0.0133918	0.0140343	0.0151468	0.0169762	0.0198872	0.0243305	0.030682	0.00913454	0.00970613	0.0577289	0.0568294	0.0250411	0.0116666	0.00930331	0.010324	0.0231172	0.0374573	

59	0.098	1	0	task-0:0.212	|	0.275567	0.313631	0.273	0.189545	0.184293	0.166409	0.152902	0.137423	0.123082	0.110109	0.0992482	0.0914537	0.0873926	0.0851473	0.0848804	0.120764	0.140759	0.164326	0.191295	0.193111	0.189884	0.188039	0.210736	0.221969	0.22384	0.222879	0.252658	0.255179	0.249237	0.22904	0.223845	0.223845	0.222859	0.203478	0.19015	0.188376	0.226258	0.226258	0.224674	0.223275	0.222358	0.222407	0.222407	0.222223	0.222423	0.222042	0.190619	0.197226	0.190235	0.222013	0.22239	0.222365	0.222306	0.222218	0.221561	0.193561	0.222132	0.222193	0.222193	

69	0.149	1	0	task-0:0.28	|	0.262761	0.251825	0.312953	0.268713	0.26653	0.261542	0.226827	0.223301	0.194447	0.171337	0.163798	0.148867	0.131311	0.117124	0.104491	0.0894731	0.07202	0.0542631	0.0392748	0.0278051	0.0190704	0.0124489	0.00761558	0.00430198	0.00220334	0.0924227	0.0903866	0.00141747	0.0014175	0.00117135	0.0919848	0.0918867	0.00104441	0.00104441	0.0483632	0.0353741	0.00101483	0.00101483	0.00100087	0.00307663	0.00135411	0.00101091	0.00105408	0.00209898	0.00605308	0.00164593	0.00133638	0.00130967	0.00152512	0.00239169	0.00561921	0.00137552	0.00105279	0.00179476	0.0032543	0.00125788	0.00103795	0.00145565	0.00207947	0.00378611	0.00157138	0.00125541	0.00106464	0.000951029	0.00164741	0.00328142	0.00143898	0.00120613	0.0010496	

115	0.145	1	0	task-0:0.33	|	0.250503	0.343625	0.31855	0.262489	0.25191	0.251856	0.251015	0.251015	0.250031	0.250031	0.250173	0.250173	0.250014	0.250056	0.250056	0.250003	0.250024	0.250023	0.250001	0.250003	0.249995	0.249936	0.249519	0.246132	0.226292	0.219838	0.198985	0.185086	0.172446	0.169369	0.154028	0.142073	0.167962	0.166731	0.167005	0.191704	0.191222	0.189961	0.188795	0.187894	0.221415	0.187501	0.187572	0.147301	0.146741	0.146122	0.145262	0.100928	0.0988673	0.0966025	0.0941732	0.0916456	0.0828294	0.0295759	0.0849473	0.0836994	0.0833449	0.0833449	0.0833896	0.0833896	0.0833372	0.0833532	0.0833532	0.083328	0.0602037	0.0155288	0.0155288	0.0833583	0.0833379	0.0833348	0.0833348	0.0833335	0.0833335	0.0833335	0.0833335	0.0833333	0.0833333	0.0833334	0.0833334	0.0833333	0.0833333	0.0833333	0.0833333	0.0833333	0.0833333	0.0833333	0.0833333	0.0833333	0.0833333	0.0833333	0.0833008	0.0185002	0.0138933	0.0833333	0.0833333	0.0833333	0.0833333	0.0833333	0.0833333	0.0833333	0.0833333	0.083326	0.0659848	0.0138895	0.0138895	0.0833333	0.0833333	0.0833333	0.0833333	0.0833333	0.0833333	0.0833333	0.0833333	0.0833333	0.0833333	

94	0.245	1	0	task-0:0.346	|	0.29175	0.263724	0.255293	0.254028	0.254001	0.249614	0.252956	0.249016	0.239009	0.227911	0.223222	0.222354	0.222485	0.2225	0.22222	0.222289	0.222299	0.222222	0.222279	0.22228	0.222231	0.222228	0.222228	0.222222	0.222222	0.222223	0.217619	0.191154	0.191061	0.190948	0.159399	0.15908	0.158702	0.158254	0.157726	0.132657	0.123284	0.121932	0.120344	0.118491	0.116341	0.113868	0.111051	0.107886	0.10318	0.0566104	0.0967155	0.0928123	0.0891818	0.0861527	0.0840932	0.0833337	0.084049	0.00872914	0.0847936	0.00684216	0.00604841	0.0858363	0.0858363	0.085385	0.00613888	0.00613888	0.0305899	0.0260623	0.00600364	0.00600364	0.00593732	0.0300011	0.0250611	0.00598606	0.0059219	0.00625469	0.010117	0.01437	0.0171376	0.00851801	0.00666725	0.00701231	0.00953703	0.0130237	0.0185003	0.0112755	0.0108816	0.0114997	0.0134194	0.0173966	0.0100556	0.00830909	0.00716094	0.0064349	0.00908106	0.0129355	0.0206329	0.0118781	

70	0.115	1	0	task-0:0.128	|	0.268908	0.329546	0.317126	0.260999	0.253857	0.251814	0.250345	0.249932	0.246934	0.24056	0.224594	0.199397	0.174161	0.149004	0.121152	0.0934779	0.0715916	0.054435	0.0428565	0.0116064	0.00996899	0.00186948	0.00093173	0.000120763	3.06574e-005	4.62965e-006	1.52667e-007	4.75524e-009	1.56631e-010	2.30026e-012	0	0	0	0	0	0	0	0	0	0	0	0	0	0	0	0	0	0	0	0	0	0	0	0	0	0	0	0	0	0	0	0	0	0	0	0	0	0	0	0	

68	0.125	1	0	task-0:0.156	|	0.241227	0.333997	0.296775	0.227495	0.244344	0.236041	0.207144	0.184233	0.164244	0.137911	0.111132	0.0867742	0.0578907	0.0352486	0.01829	0.00781833	0.0404401	0.00676761	0.00959222	0.00959222	0.00315795	0.0106083	0.0106083	0.00325044	0.00290942	0.00269841	0.00233332	0.00246513	0.00212057	0.00170608	0.0014132	0.00115819	0.000920116	0.000705811	0.000522786	0.000354328	0.000244433	0.000157096	9.31881e-005	5.22399e-005	2.7686e-005	4.14775e-005	2.04202e-005	1.08644e-005	8.60733e-006	6.37508e-006	4.07778e-006	2.24633e-006	1.09419e-006	4.84193e-007	1.82838e-007	5.61705e-008	1.38546e-008	2.6462e-009	5.14539e-010	5.75703e-011	3.57699e-012	1.38608e-013	0	0	0	0	0	0	0	0	0	0	

58	0.099	1	0	task-0:0.228	|	0.291898	0.258655	0.216592	0.190729	0.181947	0.162579	0.147445	0.130954	0.117631	0.125619	0.137125	0.15223	0.165232	0.175615	0.183532	0.191924	0.209696	0.218543	0.226906	0.242649	0.248516	0.249756	0.249982	0.250061	0.250062	0.250014	0.250002	0.250002	0.250001	0.250001	0.25	0.25	0.249937	0.225562	0.224898	0.199755	0.216068	0.199558	0.224275	0.22455	0.224506	0.224367	0.223755	0.20873	0.224003	0.223844	0.223644	0.223404	0.223087	0.219476	0.194147	0.220626	0.22096	0.219125	0.197141	0.190476	0.218898	0.221211	

60	0.124	1	0	task-0:0.256	|	0.242632	0.343984	0.300217	0.216336	0.199288	0.184262	0.177693	0.167396	0.149304	0.131683	0.115826	0.103204	0.0952559	0.0929149	0.0896306	0.087367	0.0864717	0.0858121	0.0859849	0.0868821	0.0890545	0.093969	0.102874	0.0893497	0.145598	0.144915	0.144196	0.143518	0.143005	0.14288	0.1929	0.191769	0.190403	0.189081	0.188	0.187501	0.188157	0.188157	0.187651	0.187512	0.187603	0.219456	0.224126	0.223564	0.222689	0.222023	0.220489	0.222429	0.222246	0.22229	0.22229	0.222225	0.22226	0.22226	0.222227	0.222228	0.222219	0.191347	0.221936	0.221456	

68	0.122	1	0	task-0:0.196	|	0.250791	0.344498	0.307029	0.235499	0.248468	0.241493	0.216288	0.196504	0.176324	0.149218	0.121575	0.0966095	0.0667946	0.0509057	0.0343735	0.0219658	0.0141138	0.00978281	0.0106354	0.0065259	0.00632225	0.00483195	0.00667164	0.00667164	0.00495517	0.00446257	0.00421844	0.00392372	0.00362757	0.00334231	0.00306012	0.002782	0.00235753	0.00210198	0.00197127	0.00180407	0.00164274	0.00143537	0.00120368	0.000981914	0.000766682	0.000564626	0.000387291	0.000245078	0.000142451	8.1777e-005	4.11961e-005	1.67489e-005	5.53039e-006	1.39776e-006	2.79297e-007	4.84869e-008	5.55306e-009	3.91618e-007	7.25696e-009	6.26727e-009	6.26727e-009	6.39577e-010	9.76151e-010	3.89942e-010	5.69306e-010	5.69306e-010	3.36992e-010	2.89008e-010	2.71824e-010	2.2246e-010	1.88054e-010	1.56425e-010	

61	0.122	1	0	task-0:0.198	|	0.271636	0.314551	0.279803	0.223376	0.245066	0.219654	0.178596	0.163668	0.14606	0.124707	0.111009	0.0995326	0.0922072	0.0915082	0.0921347	0.0941373	0.0995703	0.108451	0.119553	0.129931	0.145848	0.168968	0.183006	0.186789	0.187304	0.189057	0.218735	0.222342	0.232945	0.246864	0.248829	0.250592	0.251024	0.25022	0.249984	0.249896	0.248293	0.225967	0.225051	0.224117	0.197395	0.216337	0.200089	0.22224	0.222282	0.222282	0.222222	0.222303	0.222294	0.221887	0.191288	0.222133	0.222164	0.221896	0.217738	0.191311	0.221739	0.222063	0.222059	0.221628	0.213336	

70	0.116	1	0	task-0:0.096	|	0.261277	0.337142	0.337142	0.247566	0.270439	0.26952	0.237428	0.240095	0.234351	0.222268	0.214675	0.203689	0.190711	0.175338	0.158422	0.140245	0.12125	0.10183	0.0823683	0.0633661	0.0456104	0.0261451	0.0196858	0.00917858	0.00470806	0.00239581	0.00557075	0.000823731	0.000634147	0.00220959	0.000292862	0.0002337	0.000239476	0.000104159	6.37644e-005	0.000202911	4.27612e-005	2.83796e-005	1.93374e-005	2.91149e-005	7.26387e-006	3.96616e-006	2.50405e-006	5.69949e-006	7.75877e-007	4.83432e-007	2.84212e-007	1.72987e-007	5.88189e-007	8.32719e-008	6.55457e-008	9.49738e-008	6.30509e-007	5.84891e-008	5.29499e-008	8.11673e-008	1.39497e-008	9.29628e-009	8.12401e-009	7.40575e-009	9.32696e-009	2.56004e-008	4.98873e-009	3.60786e-009	2.89746e-009	2.6151e-009	3.00877e-009	5.66905e-009	8.67624e-010	9.13903e-010	

136	0.232	1	0	task-0:0.332	|	0.353202	0.252274	0.250755	0.259778	0.259352	0.251223	0.251592	0.251592	0.250006	0.251799	0.251799	0.2504	0.250049	0.250049	0.250042	0.250042	0.25	0.25	0.25001	0.25001	0.250002	0.249999	0.249996	0.249979	0.249867	0.248786	0.236833	0.224981	0.224951	0.224915	0.224872	0.224821	0.224761	0.224689	0.224604	0.224505	0.224388	0.224252	0.224094	0.223913	0.223709	0.223481	0.223232	0.195227	0.194372	0.193414	0.192361	0.191238	0.190089	0.188744	0.152323	0.149457	0.146748	0.14449	0.143086	0.143036	0.143036	0.142858	0.142858	0.142899	0.142899	0.142866	0.142554	0.0920664	0.0917003	0.0912737	0.0907801	0.0902136	0.0895701	0.088849	0.0880546	0.0871994	0.0863069	0.085416	0.0845845	0.0838924	0.0834419	0.0833514	0.0833514	0.0833419	0.0833419	0.0833338	0.0833338	0.0833345	0.0833343	0.0828875	0.0139308	0.0833334	0.0833334	0.0833333	0.0833334	0.0833334	0.0833333	0.0833333	0.0833333	0.0833333	0.0832456	0.0139069	0.0833333	0.0833333	0.0833333	0.0833333	0.0833333	0.0833333	0.0833333	0.0833333	0.0833333	0.0833135	0.0361366	0.01389	0.0138896	0.0833333	0.0833333	0.0833333	0.0833333	0.0833333	0.0833333	0.0833333	0.0833333	0.0833333	0.0833333	0.0833333	0.0833333	0.0833333	0.0833333	0.0833333	0.0833333	0.0833333	0.0833333	0.0833333	0.0833333	0.0833333	0.0833333	0.0833333	0.08325	0.0138931	

132	0.122	1	0	task-0:0.334	|	0.252596	0.325706	0.304365	0.260184	0.252495	0.252499	0.25061	0.250607	0.250135	0.250111	0.249982	0.249927	0.249697	0.249268	0.248306	0.244973	0.233955	0.2242	0.223842	0.223548	0.223234	0.222913	0.222609	0.222361	0.222227	0.222304	0.222304	0.222234	0.222234	0.222234	0.222222	0.222239	0.222239	0.222226	0.222222	0.222222	0.222223	0.191265	0.191195	0.191111	0.191012	0.190895	0.190758	0.158924	0.158519	0.158042	0.157479	0.156818	0.156048	0.155155	0.154128	0.152959	0.151649	0.150207	0.12596	0.106525	0.10292	0.099081	0.0951439	0.0913159	0.0878834	0.0851967	0.0836208	0.0834398	0.0834398	0.0144888	0.0144888	0.0833487	0.0833487	0.0833337	0.0833452	0.0833452	0.0833353	0.0833344	0.0833344	0.0833334	0.0833334	0.0833335	0.0833335	0.0833333	0.083326	0.0650724	0.0139817	0.0139817	0.0833334	0.0833334	0.0833333	0.0833333	0.0833333	0.0833333	0.0833333	0.0833333	0.0833333	0.0833333	0.0833333	0.0833333	0.0833333	0.0833333	0.0833333	0.0833333	0.0833333	0.0833333	0.0833333	0.0833333	0.0833333	0.0833333	0.0833333	0.0833	0.0179832	0.0138885	0.0833333	0.0833333	0.0833333	0.0833333	0.0833333	0.0833333	0.0833333	0.0833333	0.0833254	0.0641464	0.0138889	0.0138889	0.0833333	0.0833333	0.0833333	0.0833333	0.0833333	0.0833333	0.0833333	0.0833333	0.0833333	0.0833333	

56	0.119	1	0	task-0:0.204	|	0.290761	0.225462	0.192012	0.142154	0.133648	0.101126	0.0944692	0.102619	0.123318	0.146799	0.166885	0.186745	0.20393	0.217274	0.22807	0.236853	0.244464	0.248694	0.249854	0.250102	0.250001	0.250005	0.250024	0.250024	0.250002	0.250008	0.250008	0.250001	0.250003	0.250003	0.25	0.250001	0.250001	0.25	0.25	0.25	0.25	0.25	0.25	0.25	0.25	0.249926	0.22499	0.199979	0.201059	0.224972	0.22496	0.224946	0.224929	0.224909	0.224885	0.224756	0.199642	0.21295	0.224734	0.224677	

132	0.307	1	0	task-0:0.338	|	0.306268	0.261133	0.259873	0.250636	0.250679	0.25124	0.251226	0.249881	0.250347	0.249771	0.248822	0.248702	0.247223	0.241455	0.232489	0.22547	0.224163	0.223545	0.22296	0.222483	0.222231	0.222384	0.222384	0.222246	0.222243	0.222243	0.222222	0.222222	0.222227	0.222227	0.222223	0.222222	0.222222	0.222222	0.222222	0.222222	0.222222	0.191373	0.191373	0.191362	0.19135	0.191335	0.191317	0.160369	0.160318	0.160256	0.160183	0.160095	0.159989	0.159863	0.159712	0.159532	0.159318	0.159061	0.126998	0.158398	0.157972	0.157468	0.156876	0.156183	0.155377	0.15381	0.11837	0.116303	0.11392	0.111202	0.108141	0.104752	0.101083	0.0972332	0.0933634	0.0897115	0.0865902	0.08436	0.0833625	0.0838098	0.0838098	0.0120518	0.0120518	0.0835732	0.0835732	0.0834584	0.0121889	0.0121889	0.0167986	0.0788123	0.013782	0.0110804	0.011094	0.0805911	0.0802131	0.0548527	0.0108426	0.0108426	0.0109574	0.0425334	0.0359928	0.0117233	0.0110339	0.0122458	0.0176375	0.0231124	0.0286566	0.0369593	0.0279703	0.0264622	0.0254716	0.0250094	0.0251132	0.0258595	0.0273728	0.0298241	0.0334052	0.0115001	0.0171105	0.0181466	0.0198556	0.0225091	0.0264392	0.0319406	0.00990786	0.0143758	0.0159628	0.0185183	0.0224944	0.0283311	0.0326228	0.00920244	0.0114936	0.0522596	0.051334	0.0261012	

74	0.159	1	0	task-0:0.39	|	0.250703	0.326086	0.318702	0.272429	0.249571	0.278756	0.278043	0.25532	0.247797	0.24699	0.24626	0.245185	0.24338	0.24257	0.240924	0.238682	0.236858	0.234099	0.231981	0.228954	0.225535	0.221703	0.217066	0.212423	0.210464	0.209763	0.209692	0.210356	0.211782	0.213877	0.21542	0.216906	0.218448	0.219989	0.221048	0.220597	0.214419	0.191093	0.221893	0.222168	0.222195	0.222164	0.221814	0.209812	0.191436	0.217181	0.219016	0.215838	0.192947	0.222155	0.222236	0.22224	0.222233	0.222227	0.222156	0.217728	0.191461	0.218189	0.218353	0.210035	0.190957	0.221907	0.222194	0.222219	0.222206	0.222099	0.219382	0.191281	0.221551	0.221892	0.22171	0.21914	0.191398	0.222063	

114	0.129	1	0	task-0:0.334	|	0.269993	0.304563	0.280052	0.250515	0.270255	0.270271	0.255035	0.250343	0.250342	0.250691	0.250681	0.249995	0.250507	0.250465	0.249756	0.247808	0.239837	0.225532	0.223997	0.223188	0.222541	0.222226	0.222503	0.222503	0.222277	0.222238	0.222238	0.222225	0.222225	0.222223	0.222223	0.222222	0.222219	0.191404	0.191404	0.191362	0.160403	0.160284	0.160142	0.159972	0.15977	0.159525	0.127736	0.1589	0.158496	0.158019	0.157457	0.156797	0.156027	0.152365	0.119592	0.117627	0.115353	0.112747	0.109795	0.106501	0.102898	0.0990619	0.095128	0.0913035	0.0878746	0.0851916	0.083619	0.0834407	0.0117484	0.00949505	0.0845856	0.0845856	0.0841761	0.00974277	0.00974277	0.00963586	0.0842232	0.0842232	0.0839593	0.0091013	0.0091013	0.0754849	0.0746744	0.0128671	0.00897498	0.00891322	0.0178745	0.0440272	0.0246605	0.0176696	0.0130401	0.0103399	0.0230383	0.0389846	0.0202093	0.0164221	0.0135673	0.0115143	0.0100998	0.0334294	0.0167385	0.0145187	0.0127014	0.0112455	0.0101037	0.00922517	0.0412422	0.0204995	0.0183318	0.0163233	0.0144811	0.0128128	0.0113265	0.0100299	0.00892808	0.0676974	0.0437837	0.00694158	

103	0.155	1	0	task-0:0.33	|	0.270898	0.304496	0.29069	0.254871	0.256264	0.25626	0.250022	0.257121	0.257121	0.251608	0.250173	0.250153	0.250134	0.250058	0.249408	0.246064	0.228258	0.223736	0.223104	0.222571	0.222252	0.222327	0.222327	0.222228	0.222272	0.222272	0.222228	0.222233	0.222233	0.222222	0.222231	0.222231	0.222184	0.19126	0.190983	0.190665	0.15829	0.157383	0.156333	0.15513	0.153767	0.152229	0.113469	0.110136	0.106446	0.102454	0.0982687	0.0940695	0.0901191	0.0867613	0.0843871	0.0833565	0.0838716	0.00933443	0.00732532	0.0856614	0.0856614	0.0850676	0.00754321	0.00754321	0.00690702	0.0851595	0.0851592	0.08119	0.00698063	0.00698063	0.006762	0.0829415	0.0826926	0.0465479	0.00678786	0.00678786	0.00672011	0.0485099	0.0431933	0.0076505	0.00698689	0.00930621	0.0116057	0.0131161	0.0162598	0.0222009	0.0101815	0.00780324	0.00951492	0.0114687	0.0162038	0.0257166	0.0136847	0.0114129	0.00979781	0.00867096	0.00789103	0.00734879	0.0224984	0.0112576	0.0101543	0.00929387	0.00862669	0.00811094	0.00771275	0.00740604	0.0404431	

65	0.118	1	0	task-0:0.166	|	0.278543	0.295595	0.2758	0.25047	0.265624	0.265404	0.250211	0.235082	0.198788	0.164275	0.128185	0.103372	0.0952713	0.0506128	0.0270952	0.0128026	0.0130781	0.0086289	0.00805659	0.00805659	0.00616224	0.00595846	0.00492943	0.00364251	0.00252271	0.00178107	0.00144235	0.00108823	0.000776624	0.000528146	0.000324484	0.000178815	8.66355e-005	3.57873e-005	1.21294e-005	3.21761e-006	6.31507e-007	8.6178e-008	1.36641e-008	2.48585e-008	9.20151e-010	3.32854e-010	1.09238e-010	8.24825e-011	4.14513e-011	1.729e-011	1.56322e-011	5.97207e-012	3.15892e-012	1.67163e-012	8.2643e-013	3.35379e-013	1.05373e-013	5.14951e-014	1.80563e-014	2.37893e-014	1.05781e-014	1.49415e-014	1.49415e-014	1.05565e-014	1.23528e-014	1.23528e-014	0	0	0	

114	0.185	1	0	task-0:0.334	|	0.269993	0.304563	0.280052	0.250515	0.270255	0.270271	0.255035	0.250343	0.250342	0.250691	0.250681	0.249995	0.250507	0.250465	0.249756	0.247808	0.239837	0.225532	0.223997	0.223188	0.222541	0.222226	0.222503	0.222503	0.222277	0.222238	0.222238	0.222225	0.222225	0.222223	0.222223	0.222222	0.222219	0.191404	0.191404	0.191362	0.160403	0.160284	0.160142	0.159972	0.15977	0.159525	0.127736	0.1589	0.158496	0.158019	0.157457	0.156797	0.156027	0.152365	0.119592	0.117627	0.115353	0.112747	0.109795	0.106501	0.102898	0.0990619	0.095128	0.0913035	0.0878746	0.0851916	0.083619	0.0834407	0.0117484	0.00949505	0.0845856	0.0845856	0.0841761	0.00974277	0.00974277	0.00963586	0.0842232	0.0842232	0.0839593	0.0091013	0.0091013	0.0754849	0.0746744	0.0128671	0.00897498	0.00891322	0.0178745	0.0440272	0.0246605	0.0176696	0.0130401	0.0103399	0.0230383	0.0389846	0.0202093	0.0164221	0.0135673	0.0115143	0.0100998	0.0334294	0.0167385	0.0145187	0.0127014	0.0112455	0.0101037	0.00922517	0.0412422	0.0204995	0.0183318	0.0163233	0.0144811	0.0128128	0.0113265	0.0100299	0.00892808	0.0676974	0.0437837	0.00694158	

114	0.141	1	0	task-0:0.33	|	0.268885	0.285566	0.272481	0.250218	0.268945	0.268949	0.254345	0.25056	0.25056	0.25045	0.250447	0.249993	0.249981	0.250018	0.249818	0.249048	0.246038	0.23051	0.223352	0.222732	0.22231	0.222263	0.222263	0.222224	0.222224	0.222228	0.222228	0.222222	0.222226	0.222226	0.222223	0.222223	0.222218	0.191358	0.191358	0.191317	0.160312	0.160193	0.160051	0.159882	0.15968	0.159434	0.127602	0.158814	0.158411	0.157935	0.157374	0.156716	0.155949	0.147689	0.119473	0.117511	0.115242	0.112642	0.109697	0.10641	0.102816	0.0989905	0.0950683	0.0912568	0.0878417	0.0851724	0.0836117	0.0828467	0.0117153	0.00946776	0.0845953	0.0845953	0.0551878	0.00971483	0.00971483	0.00899089	0.0812668	0.0809577	0.00858075	0.00858075	0.00891974	0.0822032	0.081977	0.0626205	0.00840584	0.00840582	0.00936468	0.0543216	0.0489718	0.0138352	0.00840089	0.00848192	0.010772	0.0141924	0.0177785	0.0242025	0.033541	0.0218512	0.018996	0.0165732	0.0145037	0.012777	0.011375	0.0102722	0.0303093	0.0167207	0.014987	0.0134456	0.0120995	0.0109505	0.00999864	0.0377183	0.0202778	0.0183946	0.01658	0.0148527	0.0132381	0.0117695	

67	0.097	1	0	task-0:0.198	|	0.244685	0.360108	0.323577	0.225196	0.240909	0.229634	0.198787	0.195995	0.180877	0.156747	0.141608	0.12676	0.116769	0.109544	0.103516	0.0993957	0.0967104	0.0949563	0.0936998	0.093516	0.0938155	0.0932233	0.092375	0.0915054	0.0927421	0.0928103	0.0948576	0.0970445	0.100373	0.10526	0.110623	0.116774	0.123334	0.129664	0.13498	0.123081	0.0903515	0.143517	0.143576	0.143337	0.143128	0.143001	0.143042	0.143043	0.192979	0.193607	0.193182	0.192689	0.192123	0.191482	0.190769	0.189999	0.189204	0.188447	0.187834	0.149428	0.187497	0.187298	0.181129	0.147967	0.187106	0.187502	0.187452	0.186717	0.165546	0.148478	0.183666	

60	0.089	1	0	task-0:0.156	|	0.265708	0.326511	0.291491	0.221582	0.234942	0.21677	0.177698	0.168908	0.153849	0.134307	0.123281	0.113075	0.107518	0.113448	0.118846	0.123868	0.132657	0.145531	0.159836	0.172452	0.180847	0.185818	0.191655	0.203949	0.215995	0.221784	0.223103	0.222728	0.223137	0.224238	0.245661	0.247361	0.246193	0.239333	0.237077	0.233424	0.224187	0.223109	0.222449	0.222081	0.191066	0.219937	0.208106	0.189744	0.222303	0.222572	0.222485	0.222249	0.219842	0.1906	0.221952	0.222131	0.222111	0.221803	0.217475	0.191335	0.221845	0.222099	0.222087	0.221694	

61	0.115	1	0	task-0:0.178	|	0.266781	0.348808	0.348095	0.297574	0.253288	0.248278	0.24014	0.221505	0.209382	0.178939	0.156283	0.148638	0.151505	0.166044	0.177631	0.184435	0.191023	0.198472	0.206568	0.215199	0.223975	0.232158	0.239243	0.24455	0.247692	0.249479	0.249911	0.249999	0.25	0.250006	0.250006	0.250001	0.250001	0.250001	0.25	0.250001	0.250001	0.25	0.249991	0.238295	0.224972	0.199881	0.217375	0.199676	0.224296	0.224584	0.224535	0.224354	0.223181	0.199535	0.223973	0.223845	0.223635	0.223374	0.22276	0.205069	0.194065	0.210277	0.212916	0.202305	0.189677	

90	0.119	1	0	task-0:0.33	|	0.284105	0.267503	0.259002	0.251337	0.251263	0.249821	0.245904	0.233911	0.224444	0.215252	0.197797	0.18538	0.186332	0.18647	0.18697	0.187167	0.187639	0.187759	0.187566	0.212348	0.187501	0.185661	0.148868	0.148516	0.147462	0.107763	0.106643	0.105265	0.0660855	0.102127	0.144443	0.143842	0.143277	0.142915	0.102725	0.0882198	0.0860388	0.0843615	0.08344	0.0834934	0.0112999	0.0838588	0.00939445	0.0830443	0.00855687	0.00816722	0.0844043	0.0844032	0.0826972	0.00821067	0.00821067	0.0392862	0.0341483	0.00814159	0.00814149	0.00816962	0.0179198	0.036301	0.0209021	0.0176884	0.0154662	0.0140042	0.0131235	0.0127149	0.0127484	0.0132883	0.0145255	0.0168236	0.0207395	0.0268982	0.00726534	0.00720926	0.0613136	0.0600676	0.0167377	0.00736224	0.00841937	0.0241651	0.0225047	0.0111845	0.00827989	0.00870653	0.0109599	0.0129212	0.0148142	0.0177643	0.0222075	0.0180102	0.0173857	0.0168823	

69	0.108	1	0	task-0:0.072	|	0.260237	0.356471	0.356471	0.259062	0.265232	0.262515	0.235585	0.251536	0.244265	0.222573	0.20866	0.196728	0.180005	0.161369	0.143125	0.124205	0.105884	0.0882173	0.0710769	0.0460015	0.0340845	0.0223406	0.0147003	0.0100989	0.0038618	0.00177762	0.000701766	0.000240402	9.48056e-005	1.04076e-005	1.40649e-006	0.0095079	0.000629609	4.2209e-007	4.2347e-007	2.31444e-007	1.96955e-007	6.13645e-008	2.03136e-008	5.64297e-009	1.26099e-009	2.19251e-010	3.07373e-011	5.18238e-012	7.46851e-014	0	0	0	0	0	0	0	0	0	0	0	0	0	0	0	0	0	0	0	0	0	0	0	0	

127	0.28	1	0	task-0:0.336	|	0.297223	0.282991	0.280655	0.252541	0.258573	0.258494	0.249967	0.254397	0.254153	0.248989	0.246275	0.242556	0.237212	0.231414	0.223588	0.222312	0.222301	0.222301	0.222222	0.222222	0.222241	0.222241	0.222227	0.222223	0.222223	0.222223	0.222223	0.222222	0.222223	0.222223	0.222222	0.222222	0.222222	0.222222	0.222222	0.222222	0.222222	0.191343	0.191334	0.191324	0.191311	0.191297	0.191265	0.160292	0.160241	0.16018	0.160106	0.160018	0.159913	0.159787	0.159637	0.159457	0.159243	0.158969	0.126885	0.158326	0.1579	0.157398	0.156808	0.156117	0.155313	0.134946	0.118271	0.116207	0.113829	0.111116	0.108061	0.104678	0.101018	0.0971772	0.0933178	0.0896772	0.0865674	0.0843485	0.0833608	0.0838155	0.0838155	0.0120231	0.0120231	0.0835735	0.083573	0.01136	0.01136	0.0802872	0.0799118	0.011736	0.0113898	0.0527304	0.0478937	0.0140475	0.0111608	0.0111405	0.0111514	0.0123997	0.0253557	0.0292188	0.0256764	0.0232355	0.0217293	0.0210437	0.0211547	0.0221548	0.0242709	0.0278488	0.033242	0.0100415	0.0109059	0.0558411	0.0542061	0.0234453	0.0119303	0.0143647	0.014149	0.0141108	0.0142767	0.0147022	0.0154869	0.0167949	0.0188784	0.0220847	0.026805	0.0333107	0.00901899	0.0109444	0.0573434	0.0564958	0.0286493	

115	0.265	1	0	task-0:0.332	|	0.308168	0.253756	0.252802	0.25523	0.255191	0.250099	0.254179	0.254179	0.250755	0.250305	0.250305	0.250024	0.250023	0.250036	0.250034	0.249988	0.250007	0.24997	0.249853	0.249608	0.248657	0.244239	0.22854	0.224201	0.223917	0.223605	0.223273	0.222935	0.222616	0.222357	0.222225	0.222321	0.222321	0.222239	0.222231	0.222231	0.222223	0.222223	0.221777	0.191502	0.191398	0.191273	0.160032	0.159682	0.159268	0.158777	0.1582	0.157384	0.12384	0.122375	0.120659	0.118659	0.116345	0.11369	0.11068	0.107317	0.103633	0.0994107	0.0480589	0.0917245	0.0881728	0.0853671	0.0836817	0.083412	0.0834111	0.0148376	0.0148376	0.0133763	0.0834359	0.0834359	0.0474851	0.0135445	0.0135445	0.0130455	0.0779994	0.0774906	0.0127541	0.0127541	0.0131227	0.079409	0.0789991	0.0536753	0.0126279	0.0126278	0.0131475	0.0432606	0.0375789	0.0220037	0.0135699	0.0149932	0.0276779	0.0387436	0.0470865	0.0376138	0.0356795	0.034259	0.0333044	0.032852	0.0329536	0.0336823	0.0351346	0.0374239	0.0402741	0.0122055	0.0177702	0.0185388	0.0198319	0.0218673	0.0249373	0.0293628	0.0353587	0.0426281	0.0112701	0.0123314	0.0672979	

73	0.125	1	0	task-0:0.13	|	0.260813	0.336096	0.336096	0.240625	0.270272	0.268229	0.230427	0.231415	0.224633	0.211735	0.204238	0.191898	0.178562	0.163893	0.147236	0.130025	0.11268	0.0953951	0.0687145	0.0527419	0.0493696	0.0260965	0.0159327	0.00900892	0.00465686	0.00280853	0.000966728	0.000437318	6.83994e-005	1.31728e-005	0.00469035	0.000352043	4.78575e-006	4.80399e-006	2.90382e-006	1.66897e-006	4.26686e-006	4.40168e-007	1.46603e-007	4.10067e-008	9.3021e-009	1.68713e-009	2.70596e-010	1.13652e-011	7.76345e-013	8.3174e-014	0	0	0	0	0	0	0	0	0	0	0	0	0	0	0	0	0	0	0	0	0	0	0	0	0	0	0	

69	0.154	1	0	task-0:0.202	|	0.262563	0.343436	0.335292	0.283747	0.251937	0.271005	0.268727	0.252034	0.253581	0.253068	0.248584	0.250726	0.248384	0.240771	0.230506	0.214386	0.185903	0.150719	0.12143	0.103537	0.101346	0.129322	0.154971	0.168281	0.179564	0.190364	0.202042	0.212467	0.22648	0.240444	0.247475	0.249709	0.250188	0.250205	0.250047	0.250005	0.250005	0.250005	0.250005	0.25	0.250007	0.250007	0.250002	0.25	0.25	0.25	0.25	0.25	0.25	0.25	0.25	0.25	0.25	0.224998	0.224379	0.199918	0.199868	0.224892	0.224869	0.224826	0.224775	0.224595	0.199286	0.224349	0.224179	0.222933	0.202565	0.223993	0.223865	

118	0.148	1	0	task-0:0.336	|	0.289305	0.262599	0.253976	0.255544	0.255484	0.249708	0.251456	0.247714	0.238659	0.227495	0.223349	0.222572	0.222215	0.22223	0.222212	0.222227	0.222219	0.222223	0.222223	0.222224	0.222222	0.222222	0.222223	0.222223	0.222222	0.222222	0.218188	0.191368	0.191335	0.191293	0.160272	0.160158	0.160022	0.159858	0.159664	0.136986	0.127606	0.158828	0.158439	0.15798	0.157438	0.156802	0.155867	0.121379	0.119749	0.117847	0.115644	0.113114	0.110242	0.107026	0.103494	0.099713	0.0958036	0.0919584	0.0884475	0.0855141	0.0190541	0.0833606	0.0833606	0.0833942	0.0833942	0.0833347	0.0833751	0.0833751	0.0833406	0.0833371	0.0833244	0.0536444	0.0138045	0.0135575	0.0833419	0.0833419	0.0833383	0.0833353	0.0833335	0.083334	0.083334	0.0833334	0.0833336	0.0833336	0.0833334	0.0833334	0.0833334	0.0833333	0.0833334	0.0833334	0.0833333	0.0833333	0.0833333	0.0833333	0.0833333	0.0833333	0.0833333	0.083282	0.0143623	0.0833333	0.0833333	0.0833333	0.0833333	0.0833333	0.0833333	0.0833333	0.0833333	0.0833333	0.0833219	0.0557461	0.01389	0.01389	0.0833333	0.0833333	0.0833333	0.0833333	0.0833333	0.0833333	0.0833333	0.0833333	0.0833333	0.0833333	

70	0.158	1	0	task-0:0.292	|	0.300493	0.25809	0.251814	0.259237	0.259204	0.250791	0.248907	0.23783	0.208459	0.174766	0.153298	0.118761	0.105944	0.074534	0.072189	0.0643462	0.0500416	0.0469214	0.0378722	0.0314255	0.0265314	0.0201178	0.0146228	0.00990521	0.00624514	0.00430697	0.00323199	0.00226675	0.00173793	0.00109715	0.00074804	0.000449022	0.00027525	0.000157355	0.000122474	7.07101e-005	4.60545e-005	2.92449e-005	1.74402e-005	9.25698e-006	5.9418e-006	3.76543e-006	2.42475e-006	1.4591e-006	8.11937e-007	4.1051e-007	1.78574e-007	1.34862e-007	6.07861e-008	3.47581e-008	1.87215e-008	9.16918e-009	3.98273e-009	1.48513e-009	1.0251e-009	3.67984e-010	1.86158e-010	8.71865e-011	3.6736e-011	1.35283e-011	1.00717e-011	3.34479e-012	1.63175e-012	7.34017e-013	2.98668e-013	1.00857e-013	7.52533e-014	2.56857e-014	0	0	

60	0.033	1	0	task-0:0.258	|	0.256691	0.319799	0.286409	0.220997	0.219043	0.199381	0.180504	0.165849	0.146722	0.12864	0.112958	0.101053	0.0939822	0.0899872	0.087328	0.0857641	0.0848496	0.0844513	0.0843661	0.0846767	0.0857828	0.0890524	0.0971797	0.0857334	0.10431	0.0837852	0.148673	0.148561	0.148364	0.148128	0.14785	0.147521	0.146974	0.084547	0.146651	0.146458	0.146164	0.144635	0.0852435	0.145562	0.145433	0.145245	0.145013	0.144318	0.0863781	0.144473	0.144358	0.144202	0.144009	0.14314	0.0877883	0.143564	0.143502	0.14339	0.143169	0.135441	0.0896846	0.142154	0.142941	0.14294	

57	0.155	1	0	task-0:0.074	|	0.357629	0.250887	0.249504	0.255179	0.23331	0.18174	0.137326	0.109438	0.106739	0.11528	0.130914	0.144255	0.158047	0.170402	0.179607	0.185643	0.192535	0.203693	0.214037	0.219574	0.221517	0.22222	0.245575	0.250658	0.250741	0.250261	0.249886	0.249774	0.249746	0.249546	0.248702	0.227521	0.223892	0.223408	0.195301	0.222421	0.222003	0.220158	0.190999	0.222004	0.222151	0.22192	0.219175	0.191069	0.221976	0.222164	0.222171	0.222052	0.220066	0.191328	0.222087	0.222187	0.222192	0.222129	0.220984	0.191604	0.222095	

73	0.165	1	0	task-0:0.13	|	0.260813	0.336096	0.336096	0.240625	0.270272	0.268229	0.230427	0.231415	0.224633	0.211735	0.204238	0.191898	0.178562	0.163893	0.147236	0.130025	0.11268	0.0953951	0.0687145	0.0527419	0.0493696	0.0260965	0.0159327	0.00900892	0.00465686	0.00280853	0.000966728	0.000437318	6.83994e-005	1.31728e-005	0.00469035	0.000352043	4.78575e-006	4.80399e-006	2.90382e-006	1.66897e-006	4.26686e-006	4.40168e-007	1.46603e-007	4.10067e-008	9.3021e-009	1.68713e-009	2.70596e-010	1.13652e-011	7.76345e-013	8.3174e-014	0	0	0	0	0	0	0	0	0	0	0	0	0	0	0	0	0	0	0	0	0	0	0	0	0	0	0	

112	0.322	1	0	task-0:0.34	|	0.258262	0.317865	0.315678	0.272775	0.249796	0.277597	0.277025	0.254775	0.247034	0.244081	0.238759	0.231917	0.225198	0.222411	0.222012	0.222055	0.221993	0.222056	0.222091	0.222143	0.222177	0.222203	0.222214	0.22222	0.222223	0.222223	0.222222	0.222222	0.222222	0.222222	0.222222	0.222222	0.19138	0.191342	0.19133	0.191103	0.160375	0.160334	0.160284	0.160225	0.160154	0.128991	0.159967	0.159846	0.1597	0.159527	0.15932	0.159073	0.157539	0.126496	0.125859	0.125102	0.124204	0.123141	0.121886	0.120412	0.118687	0.116681	0.114365	0.111717	0.108727	0.105097	0.0585005	0.0979704	0.0940941	0.0903828	0.0871352	0.084706	0.0834473	0.0836064	0.0105608	0.0841333	0.00845139	0.00754951	0.0849496	0.0849496	0.0846634	0.00765281	0.00765281	0.0713649	0.0701743	0.00749836	0.00749835	0.0125119	0.041869	0.0206731	0.0161465	0.0127751	0.0103866	0.00878944	0.0360327	0.0165587	0.0138826	0.0116777	0.00993416	0.00862084	0.00768507	0.0433818	0.0195897	0.0167458	0.0142149	0.011989	0.0101055	0.00862001	0.00755618	0.0625101	0.0348147	0.00645934	0.00645931	0.00701037	0.0365703	0.0351537	

104	0.31	1	0	task-0:0.332	|	0.25978	0.319159	0.298705	0.254583	0.255228	0.254846	0.248178	0.252841	0.246496	0.229133	0.223393	0.223026	0.220984	0.220214	0.221507	0.221675	0.221097	0.221317	0.221656	0.221797	0.222092	0.222205	0.222187	0.222238	0.222249	0.222224	0.222233	0.222233	0.222223	0.222226	0.222226	0.222223	0.191224	0.190993	0.190726	0.189517	0.15778	0.15689	0.15586	0.154681	0.153343	0.115751	0.112829	0.10954	0.105902	0.101971	0.0978548	0.0937333	0.0898672	0.0865962	0.0840433	0.0146967	0.083918	0.0839155	0.0116403	0.0116403	0.0103397	0.0839802	0.0839802	0.0790975	0.0104885	0.0104885	0.0100481	0.0825004	0.082371	0.0107202	0.0101874	0.0668883	0.0650065	0.0257745	0.00993198	0.0103074	0.0205226	0.0299819	0.0345794	0.022588	0.0175785	0.013611	0.011075	0.0154276	0.019293	0.0256662	0.0348719	0.0196115	0.0146543	0.0113167	0.0188962	0.0259101	0.0359423	0.02024	0.015101	0.0114864	0.0203235	0.0283087	0.0388546	0.0223095	0.0165022	0.0121441	0.00995753	0.0175032	0.0271405	0.0408103	0.0209777	0.0147488	

112	0.192	1	0	task-0:0.34	|	0.258262	0.317865	0.315678	0.272775	0.249796	0.277597	0.277025	0.254775	0.247034	0.244081	0.238759	0.231917	0.225198	0.222411	0.222012	0.222055	0.221993	0.222056	0.222091	0.222143	0.222177	0.222203	0.222214	0.22222	0.222223	0.222223	0.222222	0.222222	0.222222	0.222222	0.222222	0.222222	0.19138	0.191342	0.19133	0.191103	0.160375	0.160334	0.160284	0.160225	0.160154	0.128991	0.159967	0.159846	0.1597	0.159527	0.15932	0.159073	0.157539	0.126496	0.125859	0.125102	0.124204	0.123141	0.121886	0.120412	0.118687	0.116681	0.114365	0.111717	0.108727	0.105097	0.0585005	0.0979704	0.0940941	0.0903828	0.0871352	0.084706	0.0834473	0.0836064	0.0105608	0.0841333	0.00845139	0.00754951	0.0849496	0.0849496	0.0846634	0.00765281	0.00765281	0.0713649	0.0701743	0.00749836	0.00749835	0.0125119	0.041869	0.0206731	0.0161465	0.0127751	0.0103866	0.00878944	0.0360327	0.0165587	0.0138826	0.0116777	0.00993416	0.00862084	0.00768507	0.0433818	0.0195897	0.0167458	0.0142149	0.011989	0.0101055	0.00862001	0.00755618	0.0625101	0.0348147	0.00645934	0.00645931	0.00701037	0.0365703	0.0351537	

148	0.298	1	0	task-0:0.336	|	0.260358	0.28125	0.275012	0.251201	0.262861	0.262838	0.251617	0.252455	0.252455	0.250022	0.252414	0.252414	0.250496	0.250102	0.250102	0.250037	0.250037	0.250004	0.250004	0.250004	0.250004	0.25	0.250006	0.250006	0.250001	0.25	0.249997	0.249928	0.247031	0.225258	0.224974	0.224915	0.224853	0.22478	0.224694	0.224592	0.224473	0.224334	0.224174	0.223989	0.22378	0.223546	0.223291	0.220535	0.194514	0.193546	0.19248	0.191342	0.190175	0.18906	0.152474	0.149581	0.146841	0.144548	0.143108	0.14302	0.14302	0.142859	0.142859	0.142891	0.142891	0.142862	0.142861	0.0926936	0.0918114	0.0913813	0.0908835	0.090312	0.0896627	0.0889348	0.0881327	0.0872685	0.0863659	0.0854637	0.0846199	0.0839149	0.0834512	0.0833481	0.0833481	0.0833445	0.0833445	0.0833334	0.0833334	0.0833356	0.0833356	0.0833331	0.0822575	0.0137873	0.0833344	0.0833344	0.0833339	0.0833335	0.0833333	0.0833335	0.0833335	0.0833334	0.0833333	0.0830919	0.0139024	0.0833333	0.0833333	0.0833333	0.0833333	0.0833333	0.0833333	0.0833333	0.0833333	0.0833333	0.0832769	0.0140871	0.0833333	0.0833333	0.0833333	0.0833333	0.0833333	0.0833333	0.0833333	0.0833333	0.0833333	0.0833205	0.0518813	0.0138895	0.0138895	0.0833333	0.0833333	0.0833333	0.0833333	0.0833333	0.0833333	0.0833333	0.0833333	0.0833333	0.0833333	0.0833333	0.0833333	0.0833333	0.0833333	0.0833333	0.0833333	0.0833333	0.0833333	0.0833333	0.0833333	0.0833333	0.0833333	0.0833333	0.0832795	0.0141286	

109	0.241	1	0	task-0:0.332	|	0.257937	0.310075	0.302336	0.261916	0.251666	0.251559	0.251266	0.251266	0.250003	0.250003	0.250285	0.250284	0.250055	0.250012	0.25001	0.249995	0.249986	0.249967	0.24992	0.249761	0.249133	0.246067	0.23157	0.217849	0.199772	0.184001	0.171397	0.166604	0.15195	0.141414	0.167976	0.168571	0.168585	0.190903	0.193033	0.191998	0.190808	0.189625	0.212786	0.222595	0.222768	0.222367	0.207164	0.190787	0.190244	0.18966	0.188096	0.153609	0.151751	0.149773	0.147755	0.145824	0.0991813	0.0946623	0.0904362	0.0868692	0.0843813	0.0833477	0.0839598	0.00902559	0.0847283	0.00701511	0.0835176	0.00617438	0.00579033	0.0856962	0.0856934	0.0816863	0.00583521	0.00583521	0.00852187	0.0699713	0.0466176	0.00562294	0.00562283	0.00668789	0.043732	0.0412801	0.0141949	0.00675214	0.007708	0.00721603	0.00683377	0.00974253	0.0138585	0.0213841	0.0143031	0.0132754	0.0123833	0.0116172	0.0109674	0.0104255	0.00998428	0.00963889	0.00938782	0.00923427	0.00918845	0.00927109	0.00951921	0.00999535	0.0108021	0.0121036	0.0141522	0.00433114	0.00424403	0.068412	0.0679258	0.00665063	0.00419262	

116	0.206	1	0	task-0:0.33	|	0.2526	0.314126	0.304885	0.263896	0.250884	0.250896	0.252007	0.252006	0.250042	0.25131	0.251226	0.250048	0.249977	0.249752	0.248444	0.245398	0.237949	0.225646	0.223177	0.222617	0.222267	0.222304	0.222304	0.222224	0.22229	0.22229	0.222235	0.222227	0.222227	0.222223	0.222223	0.222223	0.222223	0.222222	0.222223	0.222223	0.222222	0.191346	0.191275	0.19119	0.19109	0.190972	0.190832	0.159078	0.158672	0.158191	0.157626	0.156962	0.156187	0.155288	0.154255	0.153079	0.15176	0.150308	0.147327	0.106687	0.103065	0.0992079	0.0952499	0.0913989	0.087942	0.0852311	0.0836328	0.0834338	0.0834338	0.0791248	0.018597	0.018597	0.0177227	0.0833354	0.0834298	0.0834298	0.0833517	0.0144604	0.0735975	0.0152531	0.0152531	0.0612959	0.058652	0.015051	0.015051	0.0152948	0.0607501	0.0579181	0.0226935	0.0149154	0.0148902	0.0157417	0.0249551	0.0287493	0.0274297	0.0274091	0.0287186	0.0315781	0.0362845	0.0429407	0.0511099	0.0576835	0.0215614	0.0141836	0.0201829	0.0251878	0.0333198	0.0441726	0.055782	0.0162683	0.0353434	0.0429858	0.0516676	0.0595864	0.0226747	0.0137761	0.022444	0.0292637	0.0389374	0.0501711	

70	0.168	1	0	task-0:0.086	|	0.265007	0.344459	0.344459	0.256614	0.276337	0.275835	0.244627	0.255668	0.251849	0.236291	0.229492	0.220522	0.208204	0.192204	0.173264	0.152734	0.131965	0.111707	0.0921002	0.072973	0.0401383	0.0257776	0.024331	0.012129	0.0092573	0.007306	0.0745909	0.0687258	0.00849491	0.00607137	0.00563775	0.00514448	0.0150784	0.0117274	0.00445659	0.0041111	0.00389788	0.00415705	0.00517025	0.00796325	0.00399336	0.00331937	0.00285636	0.00252283	0.00229046	0.00220896	0.00253283	0.00427137	0.00109789	0.00104585	0.00246755	0.00104292	0.000746241	0.000585595	0.000810453	0.00219248	0.000649856	0.000580942	0.000626264	0.000309078	0.000227893	0.000180621	0.00016258	0.000186026	3.27562e-005	2.97714e-005	0.000232666	0.000119143	2.53481e-005	2.29782e-005	

60	0.11	1	0	task-0:0.298	|	0.263957	0.283686	0.238405	0.215414	0.244563	0.234029	0.204329	0.190024	0.177573	0.158705	0.142075	0.129591	0.123009	0.118069	0.115729	0.114445	0.113515	0.113927	0.115217	0.117456	0.120883	0.12533	0.130067	0.14124	0.144304	0.192088	0.192574	0.191999	0.191297	0.190517	0.189623	0.183332	0.145499	0.186469	0.186894	0.185271	0.160587	0.187492	0.187505	0.187505	0.1875	0.1875	0.187501	0.187501	0.1875	0.1875	0.1875	0.1875	0.1875	0.1875	0.1875	0.1875	0.1875	0.1875	0.1875	0.1875	0.1875	0.14844	0.182818	0.148438	

68	0.181	1	0	task-0:0.15	|	0.268528	0.325667	0.322731	0.27709	0.250805	0.276068	0.274423	0.254463	0.251298	0.251004	0.249175	0.248253	0.246396	0.243361	0.237877	0.227376	0.20781	0.179937	0.154955	0.15781	0.177393	0.187523	0.193454	0.201165	0.209112	0.216794	0.223991	0.230875	0.237434	0.242904	0.246663	0.249613	0.249971	0.250013	0.250002	0.250003	0.250003	0.25	0.250003	0.250003	0.25	0.25	0.25	0.25	0.25	0.25	0.25	0.25	0.25	0.25	0.25	0.25	0.249999	0.225	0.223921	0.199995	0.199988	0.224969	0.224986	0.224981	0.224973	0.224761	0.199916	0.224594	0.224469	0.222645	0.200702	0.224777	

143	0.291	1	0	task-0:0.336	|	0.312953	0.25385	0.250841	0.260909	0.260897	0.251876	0.250993	0.250993	0.250035	0.250035	0.250163	0.250162	0.25001	0.250059	0.250059	0.250001	0.250016	0.250014	0.249994	0.249999	0.249997	0.249985	0.24998	0.249965	0.249913	0.249671	0.247699	0.229431	0.224739	0.22464	0.224524	0.224388	0.224231	0.22405	0.223844	0.223614	0.223361	0.223091	0.222815	0.222554	0.22234	0.222226	0.222294	0.222294	0.222232	0.222232	0.222232	0.191353	0.190922	0.190441	0.189912	0.189349	0.188774	0.188228	0.187777	0.187519	0.147104	0.145278	0.143793	0.14294	0.143091	0.143091	0.142868	0.142993	0.142993	0.142874	0.14288	0.14288	0.142857	0.142882	0.142882	0.142863	0.142858	0.135845	0.0914214	0.0911084	0.0907429	0.0903187	0.0898301	0.0892724	0.0886436	0.0879454	0.0871858	0.0863816	0.0855619	0.0847722	0.0840773	0.0835634	0.0833359	0.0835101	0.0835101	0.0833697	0.0145818	0.0145818	0.0833356	0.0833356	0.083334	0.083334	0.0833334	0.0833334	0.0833334	0.0833334	0.0833333	0.0833333	0.0833333	0.0833333	0.0833333	0.0833333	0.0833333	0.0833026	0.0192341	0.0138969	0.0833333	0.0833333	0.0833333	0.0833333	0.0833333	0.0833333	0.0833333	0.0833333	0.0833259	0.0652928	0.0138902	0.0138902	0.0833333	0.0833333	0.0833333	0.0833333	0.0833333	0.0833333	0.0833333	0.0833333	0.0833333	0.0833333	0.0833333	0.0833333	0.0833333	0.0833333	0.0833333	0.0833333	0.0833333	0.0833333	0.0833333	

89	0.277	1	0	task-0:0.264	|	0.257903	0.332181	0.310406	0.237496	0.246166	0.234836	0.211108	0.200823	0.182573	0.15926	0.133271	0.106313	0.0814593	0.0546936	0.0343716	0.0582442	0.0255569	0.0405203	0.0405203	0.0211261	0.0302208	0.0302208	0.0201111	0.0204397	0.0196809	0.0179269	0.0177926	0.0166934	0.0153881	0.01417	0.0128883	0.01153	0.0101271	0.00873159	0.00728341	0.00608374	0.00494321	0.00385764	0.00287858	0.00335016	0.00240489	0.00192955	0.00176213	0.00154737	0.00130212	0.00103688	0.000785259	0.000565367	0.000377543	0.000228913	0.000124367	5.91573e-005	2.51384e-005	5.0539e-005	1.57108e-005	4.25826e-005	4.25826e-005	1.19065e-005	1.89725e-005	1.89725e-005	1.17558e-005	9.94246e-006	9.1587e-006	8.21708e-006	7.37466e-006	6.44952e-006	5.49717e-006	4.54455e-006	3.62326e-006	2.76686e-006	2.00694e-006	1.35556e-006	8.40174e-007	4.69792e-007	2.31094e-007	9.18329e-008	3.16457e-008	9.38627e-009	2.30767e-009	4.33005e-010	5.70118e-011	4.21718e-012	1.9657e-013	0	0	0	0	0	0	

60	0.025	1	0	task-0:0.268	|	0.270369	0.291533	0.243993	0.202949	0.205523	0.194594	0.182361	0.164774	0.146759	0.129625	0.114872	0.103953	0.0980901	0.0937391	0.0917492	0.090266	0.102182	0.11703	0.130383	0.138274	0.141616	0.14258	0.142831	0.157856	0.152088	0.144318	0.189854	0.190021	0.189492	0.188927	0.188364	0.187853	0.186065	0.14966	0.187033	0.1875	0.219351	0.227782	0.227109	0.22634	0.225489	0.224572	0.222754	0.188902	0.222491	0.222349	0.221807	0.217436	0.22221	0.222224	0.222224	0.222223	0.222223	0.222222	0.222222	0.222223	0.222223	0.222222	0.222222	0.222222	

76	0.133	1	0	task-0:0.422	|	0.249597	0.347073	0.344092	0.294441	0.254029	0.256205	0.254833	0.244	0.250019	0.246353	0.235203	0.230463	0.228062	0.225018	0.224645	0.221859	0.218826	0.217948	0.217899	0.21853	0.219662	0.22061	0.221293	0.221408	0.219644	0.197997	0.19113	0.218009	0.220635	0.220419	0.215205	0.191205	0.221994	0.22219	0.222209	0.2222	0.222105	0.219499	0.191285	0.221536	0.221868	0.221648	0.218637	0.191317	0.222022	0.222176	0.222193	0.222163	0.221716	0.203238	0.191305	0.210065	0.212575	0.201217	0.191246	0.221709	0.222153	0.2222	0.222201	0.222146	0.221007	0.191306	0.222026	0.222144	0.222127	0.221791	0.213303	0.191292	0.22001	0.221131	0.220554	0.212783	0.191266	0.22171	0.222108	0.222153	

143	0.302	1	0	task-0:0.336	|	0.312953	0.25385	0.250841	0.260909	0.260897	0.251876	0.250993	0.250993	0.250035	0.250035	0.250163	0.250162	0.25001	0.250059	0.250059	0.250001	0.250016	0.250014	0.249994	0.249999	0.249997	0.249985	0.24998	0.249965	0.249913	0.249671	0.247699	0.229431	0.224739	0.22464	0.224524	0.224388	0.224231	0.22405	0.223844	0.223614	0.223361	0.223091	0.222815	0.222554	0.22234	0.222226	0.222294	0.222294	0.222232	0.222232	0.222232	0.191353	0.190922	0.190441	0.189912	0.189349	0.188774	0.188228	0.187777	0.187519	0.147104	0.145278	0.143793	0.14294	0.143091	0.143091	0.142868	0.142993	0.142993	0.142874	0.14288	0.14288	0.142857	0.142882	0.142882	0.142863	0.142858	0.135845	0.0914214	0.0911084	0.0907429	0.0903187	0.0898301	0.0892724	0.0886436	0.0879454	0.0871858	0.0863816	0.0855619	0.0847722	0.0840773	0.0835634	0.0833359	0.0835101	0.0835101	0.0833697	0.0145818	0.0145818	0.0833356	0.0833356	0.083334	0.083334	0.0833334	0.0833334	0.0833334	0.0833334	0.0833333	0.0833333	0.0833333	0.0833333	0.0833333	0.0833333	0.0833333	0.0833026	0.0192341	0.0138969	0.0833333	0.0833333	0.0833333	0.0833333	0.0833333	0.0833333	0.0833333	0.0833333	0.0833259	0.0652928	0.0138902	0.0138902	0.0833333	0.0833333	0.0833333	0.0833333	0.0833333	0.0833333	0.0833333	0.0833333	0.0833333	0.0833333	0.0833333	0.0833333	0.0833333	0.0833333	0.0833333	0.0833333	0.0833333	0.0833333	0.0833333	

122	0.187	1	0	task-0:0.33	|	0.305657	0.267059	0.264825	0.250168	0.250033	0.253633	0.253633	0.250858	0.250067	0.250067	0.250112	0.250112	0.250001	0.250101	0.250101	0.25002	0.250005	0.250005	0.25	0.249999	0.249992	0.249964	0.249816	0.248671	0.238024	0.224888	0.224828	0.224758	0.224675	0.224578	0.224463	0.224329	0.224174	0.223996	0.223794	0.223567	0.223318	0.223054	0.222782	0.193691	0.192648	0.191528	0.158433	0.155798	0.152984	0.150097	0.147319	0.144922	0.14253	0.0906668	0.0865796	0.0840195	0.0833636	0.0833636	0.0834263	0.0834263	0.0833369	0.0833815	0.0833815	0.0832842	0.0145063	0.0833412	0.0833333	0.083343	0.083343	0.0833356	0.0833335	0.0833335	0.0833336	0.0833336	0.0833173	0.0423462	0.0139991	0.0139362	0.0833334	0.0833334	0.0833333	0.0833333	0.0833333	0.0833333	0.0833333	0.0833333	0.0833333	0.0833333	0.0833333	0.0833333	0.0833333	0.0833333	0.0833333	0.0833333	0.0833333	0.0833333	0.0833333	0.0833333	0.0833333	0.0833333	0.0833333	0.0832588	0.0139033	0.0833333	0.0833333	0.0833333	0.0833333	0.0833333	0.0833333	0.0833333	0.0833333	0.0833333	0.0833163	0.0416726	0.0138888	0.0138888	0.0833333	0.0833333	0.0833333	0.0833333	0.0833333	0.0833333	0.0833333	0.0833333	0.0833333	0.0833333	

122	0.267	1	0	task-0:0.33	|	0.305657	0.267059	0.264825	0.250168	0.250033	0.253633	0.253633	0.250858	0.250067	0.250067	0.250112	0.250112	0.250001	0.250101	0.250101	0.25002	0.250005	0.250005	0.25	0.249999	0.249992	0.249964	0.249816	0.248671	0.238024	0.224888	0.224828	0.224758	0.224675	0.224578	0.224463	0.224329	0.224174	0.223996	0.223794	0.223567	0.223318	0.223054	0.222782	0.193691	0.192648	0.191528	0.158433	0.155798	0.152984	0.150097	0.147319	0.144922	0.14253	0.0906668	0.0865796	0.0840195	0.0833636	0.0833636	0.0834263	0.0834263	0.0833369	0.0833815	0.0833815	0.0832842	0.0145063	0.0833412	0.0833333	0.083343	0.083343	0.0833356	0.0833335	0.0833335	0.0833336	0.0833336	0.0833173	0.0423462	0.0139991	0.0139362	0.0833334	0.0833334	0.0833333	0.0833333	0.0833333	0.0833333	0.0833333	0.0833333	0.0833333	0.0833333	0.0833333	0.0833333	0.0833333	0.0833333	0.0833333	0.0833333	0.0833333	0.0833333	0.0833333	0.0833333	0.0833333	0.0833333	0.0833333	0.0832588	0.0139033	0.0833333	0.0833333	0.0833333	0.0833333	0.0833333	0.0833333	0.0833333	0.0833333	0.0833333	0.0833163	0.0416726	0.0138888	0.0138888	0.0833333	0.0833333	0.0833333	0.0833333	0.0833333	0.0833333	0.0833333	0.0833333	0.0833333	0.0833333	

