50	0.002	0	0	task-0:0.054	|	0.238621	0.200421	0.164633	0.13505	0.128984	0.111888	0.0953607	0.089539	0.083137	0.0809364	0.0730778	0.0654415	0.0510355	0.0389242	0.0978668	0.0325471	0.0296984	0.0278805	0.0269786	0.0253137	0.0220893	0.0206032	0.0200278	0.0177652	0.0172262	0.016202	0.0145785	0.0137399	0.0128072	0.0127472	0.0125651	0.0122518	0.0119473	0.0113091	0.0102408	0.00971954	0.00900949	0.0087953	0.00841417	0.00784831	0.0067978	0.00506348	0.00310748	0.0384916	0.00287586	0.002836	0.00281096	0.00274088	0.00264209	0.00256121	0.00243518	

56	0.003	0	0	task-0:0.064	|	0.354328	0.300261	0.239291	0.210995	0.186536	0.166146	0.154563	0.142799	0.134337	0.118306	0.109941	0.104397	0.0927752	0.0837704	0.072568	0.0627929	0.0627251	0.0561182	0.0537942	0.0502461	0.0451969	0.0426744	0.0425353	0.0397284	0.0374737	0.0355024	0.0338746	0.0305995	0.0285001	0.0262233	0.0260318	0.0253353	0.0244924	0.0229277	0.0211807	0.0182049	0.0133629	0.00824704	0.0718162	0.00719668	0.00695941	0.00667908	0.00644573	0.00616521	0.00581786	0.00553359	0.00506361	0.00425691	0.00363401	0.00668095	0.00310835	0.00301279	0.00291424	0.00278961	0.0026861	0.00257345	0.00245865	

37	0.002	0	0	task-0:0.062	|	0.268488	0.233539	0.199058	0.17046	0.147309	0.136149	0.11065	0.0998147	0.0947222	0.0790042	0.0747824	0.0660836	0.0509169	0.0724709	0.0485301	0.0451789	0.0431305	0.0409956	0.0373339	0.0348411	0.0313147	0.0248185	0.0226126	0.0414622	0.0167939	0.0162888	0.0153003	0.0142847	0.0132719	0.0124683	0.0112552	0.00907226	0.00584122	0.00354359	0.120933	0.00282305	0.00260988	0.0024885	

49	0.003	0	0	task-0:0.056	|	0.293875	0.26008	0.189725	0.162492	0.157707	0.113717	0.106526	0.095545	0.0908139	0.0773324	0.0548247	0.0868576	0.0441676	0.0395042	0.0384668	0.0361437	0.0349694	0.032076	0.027123	0.0228209	0.0368404	0.0197649	0.0184973	0.0180386	0.017223	0.0159336	0.0143818	0.0139881	0.0136594	0.0130461	0.0125966	0.0122204	0.0120562	0.011725	0.011144	0.0106977	0.00979781	0.00817963	0.00569967	0.00363876	0.0645774	0.00301036	0.00288422	0.00285303	0.00283781	0.00280625	0.00274995	0.00266921	0.00258405	0.0024377	

42	0.002	0	0	task-0:0.058	|	0.356141	0.283465	0.244301	0.201988	0.179423	0.17653	0.135945	0.123914	0.102688	0.108827	0.0896106	0.0823467	0.0797502	0.075819	0.0693383	0.0560028	0.0460689	0.0805965	0.0374277	0.0361094	0.0329907	0.0270349	0.0179471	0.0317608	0.0439965	0.0113492	0.0104257	0.00992277	0.00976072	0.00941161	0.00878777	0.00775691	0.00601399	0.00405441	0.0289335	0.00368166	0.00363004	0.00357771	0.00346424	0.00331592	0.00316991	0.00289969	0.00247796	

44	0.002	0	0	task-0:0.062	|	0.290849	0.254598	0.19662	0.175993	0.137264	0.126135	0.103013	0.110526	0.0944916	0.087722	0.0833411	0.0801727	0.0733024	0.0676074	0.0556275	0.0365104	0.0285948	0.177374	0.0211348	0.01856	0.0147218	0.0143467	0.0134394	0.0116883	0.00918664	0.00888189	0.0178692	0.0061707	0.00593771	0.00573465	0.00547684	0.00525296	0.00491396	0.00447413	0.00385986	0.00387163	0.00360014	0.0031753	0.00309995	0.00301308	0.0028463	0.00265721	0.00256032	0.0025237	0.00249529	

43	0.002	0	0	task-0:0.056	|	0.314882	0.277432	0.189349	0.191114	0.133478	0.100218	0.0949325	0.0828835	0.0785631	0.0683015	0.0654639	0.0609968	0.0550914	0.051595	0.0483608	0.041869	0.040441	0.0357062	0.0336593	0.0326575	0.0305268	0.0274018	0.0269264	0.024365	0.0233165	0.0216073	0.0183285	0.0131076	0.0069084	0.0831252	0.00656419	0.00638979	0.0061892	0.00607884	0.00584266	0.00538287	0.00457342	0.00344501	0.0181763	0.00308436	0.00301675	0.00287478	0.00261607	0.00223982	

38	0.084	0	0	task-0:0.082	|	0.192202	0.170824	0.153809	0.130184	0.114068	0.107587	0.0909204	0.0863589	0.0816637	0.0744894	0.0706442	0.068198	0.0620916	0.0559425	0.0441919	0.0269448	0.0262966	0.214011	0.0122532	0.0112839	0.0109437	0.0107787	0.0105078	0.010246	0.00973316	0.0090401	0.00866912	0.00863695	0.00841493	0.00811468	0.00799118	0.00773745	0.00724743	0.00637846	0.00492039	0.00291258	0.0051041	0.0486984	0.00143204	

52	0.003	0	0	task-0:0.054	|	0.249643	0.219865	0.187263	0.166307	0.154316	0.141776	0.122271	0.0926425	0.111781	0.0857356	0.0812239	0.0741782	0.071379	0.0647023	0.0576312	0.0444577	0.0270238	0.092395	0.0266305	0.0248596	0.02352	0.0234121	0.0223039	0.0211525	0.020276	0.0199246	0.0188384	0.0170178	0.0163478	0.015142	0.0146773	0.0138981	0.0123647	0.00976544	0.00667637	0.0329801	0.00606563	0.00588694	0.00565256	0.00545772	0.00509603	0.00448861	0.00408014	0.0044982	0.00357435	0.00345357	0.00333692	0.0031706	0.00305485	0.00288867	0.00266136	0.00253391	0.00241529	

30	0.002	0	0	task-0:0.062	|	0.245655	0.217268	0.152679	0.0897784	0.246556	0.0765704	0.0799094	0.0686856	0.0667197	0.0630289	0.060925	0.0553641	0.0498942	0.0396115	0.0246757	0.0421639	0.0770857	0.0148113	0.0129823	0.0121312	0.0119947	0.0116345	0.0109604	0.00988303	0.00796759	0.00515325	0.00470229	0.0716806	0.00291501	0.00252854	0.00232023	

46	0.002	0	0	task-0:0.056	|	0.209366	0.18921	0.141933	0.105604	0.171511	0.076891	0.0722926	0.06422	0.0485923	0.0315312	0.144556	0.0276412	0.0269158	0.0254415	0.0229329	0.0187073	0.0223162	0.0164587	0.0147563	0.0144998	0.0136963	0.0119775	0.00922865	0.0123085	0.00984539	0.00688836	0.00672713	0.00640693	0.00600011	0.005425	0.00492138	0.00486815	0.00463002	0.00447788	0.00435338	0.00425646	0.00412083	0.00401291	0.00382618	0.00353914	0.00327493	0.00310946	0.0030726	0.00299078	0.00282715	0.00252818	0.00203766	

35	0.002	0	0	task-0:0.064	|	0.21339	0.18904	0.16914	0.144351	0.126136	0.117125	0.0949718	0.0882367	0.0784681	0.0692118	0.0657637	0.0582008	0.0449509	0.0588093	0.0369537	0.0342859	0.0339047	0.0315885	0.0291759	0.0273554	0.0253168	0.024475	0.0226261	0.0191253	0.013672	0.00704358	0.0427233	0.0242031	0.00428879	0.00383204	0.00355007	0.00349398	0.00339981	0.00321077	0.0028565	0.0022559	

42	0.002	0	0	task-0:0.032	|	0.235492	0.207417	0.160027	0.119475	0.142631	0.105078	0.103379	0.0886238	0.0838995	0.0740641	0.0584908	0.0408025	0.115386	0.0359624	0.0348478	0.0329571	0.0300251	0.0274592	0.0246802	0.0237374	0.0233573	0.0220892	0.0213198	0.0205477	0.0203178	0.0194631	0.0182749	0.0174765	0.0174491	0.0167887	0.0159985	0.0155837	0.0152548	0.014802	0.0138253	0.0127621	0.0107893	0.00766297	0.00386699	0.012652	0.0803832	0.00299033	0.00204895	

58	0.003	0	0	task-0:0.06	|	0.258579	0.217676	0.184342	0.153471	0.128995	0.117791	0.114512	0.097546	0.090756	0.0830594	0.0780713	0.0714689	0.0675357	0.0629201	0.0604889	0.0530234	0.0403486	0.0542795	0.0343828	0.0300456	0.0293259	0.0270896	0.0244018	0.0196724	0.0244707	0.0175789	0.0152385	0.0149346	0.0140417	0.0123197	0.0106266	0.0125651	0.00978967	0.00962873	0.00931509	0.00884083	0.00815627	0.00758622	0.00688944	0.00628075	0.00603057	0.00582155	0.00569141	0.00546387	0.0051275	0.00462511	0.00421381	0.00414233	0.00396652	0.00389723	0.00377915	0.00363612	0.00345889	0.00328394	0.00306561	0.00289508	0.00264178	0.00250665	0.00234463	

39	0.002	0	0	task-0:0.07	|	0.328638	0.201124	0.196565	0.168096	0.153913	0.120033	0.118374	0.0923906	0.0856138	0.0828068	0.0747418	0.0694676	0.0588866	0.0438427	0.0508955	0.0604639	0.0286354	0.0273559	0.0260095	0.0248903	0.0244358	0.0228787	0.0201516	0.0197125	0.0175795	0.016987	0.0161324	0.0148871	0.0141044	0.0128504	0.0115841	0.0114042	0.0107026	0.0101917	0.0098821	0.00929602	0.00821402	0.00649431	0.00403743	0.00169012	

43	0.002	0	0	task-0:0.056	|	0.314882	0.277432	0.189349	0.191114	0.133478	0.100218	0.0949325	0.0828835	0.0785631	0.0683015	0.0654639	0.0609968	0.0550914	0.051595	0.0483608	0.041869	0.040441	0.0357062	0.0336593	0.0326575	0.0305268	0.0274018	0.0269264	0.024365	0.0233165	0.0216073	0.0183285	0.0131076	0.0069084	0.0831252	0.00656419	0.00638979	0.0061892	0.00607884	0.00584266	0.00538287	0.00457342	0.00344501	0.0181763	0.00308436	0.00301675	0.00287478	0.00261607	0.00223982	

38	0.002	0	0	task-0:0.082	|	0.192202	0.170824	0.153809	0.130184	0.114068	0.107587	0.0909204	0.0863589	0.0816637	0.0744894	0.0706442	0.068198	0.0620916	0.0559425	0.0441919	0.0269448	0.0262966	0.214011	0.0122532	0.0112839	0.0109437	0.0107787	0.0105078	0.010246	0.00973316	0.0090401	0.00866912	0.00863695	0.00841493	0.00811468	0.00799118	0.00773745	0.00724743	0.00637846	0.00492039	0.00291258	0.0051041	0.0486984	0.00143204	

49	0.002	0	0	task-0:0.056	|	0.268063	0.234367	0.196463	0.174608	0.15832	0.143663	0.123011	0.0856942	0.095576	0.115519	0.051235	0.0481895	0.0458846	0.0435063	0.0424214	0.0385268	0.0320922	0.0359353	0.0273561	0.0260847	0.0250605	0.0225176	0.0181368	0.0208054	0.0166719	0.0140576	0.0137397	0.0128958	0.0112387	0.00897992	0.0084246	0.016111	0.00613565	0.00590182	0.00569754	0.00544071	0.00523324	0.00491691	0.00450742	0.00405376	0.00397507	0.0037841	0.00371082	0.00357095	0.00334477	0.00306998	0.00280069	0.00268973	0.0025665	0.00249107	

25	0.002	0	0	task-0:0.062	|	0.273057	0.196166	0.191834	0.17158	0.140843	0.107197	0.141304	0.0919531	0.0913099	0.0780007	0.0740923	0.0664327	0.0554738	0.0374033	0.0166288	0.120684	0.0253946	0.0118129	0.0096739	0.00890901	0.00867533	0.00825535	0.00745458	0.00607307	0.00410923	0.00192005	

56	0.002	0	0	task-0:0.058	|	0.314106	0.234741	0.195995	0.170731	0.158336	0.135925	0.128211	0.110219	0.105998	0.100273	0.0923632	0.0900643	0.0818217	0.0679413	0.0467628	0.0968848	0.0456338	0.0437379	0.0400445	0.0393002	0.0364865	0.0326745	0.0313804	0.0281932	0.0273044	0.0255545	0.0228248	0.0192753	0.0173647	0.0220832	0.0144137	0.0136489	0.0131606	0.0122876	0.0107574	0.00924746	0.0119133	0.00841022	0.00803747	0.0077634	0.00747214	0.00725714	0.00691994	0.0065153	0.00619155	0.0060634	0.00575943	0.00523461	0.00472198	0.00464807	0.00439392	0.00431363	0.00415434	0.00388041	0.00348606	0.00287496	0.00194897	

43	0.003	0	0	task-0:0.056	|	0.314882	0.277432	0.189349	0.191114	0.133478	0.100218	0.0949325	0.0828835	0.0785631	0.0683015	0.0654639	0.0609968	0.0550914	0.051595	0.0483608	0.041869	0.040441	0.0357062	0.0336593	0.0326575	0.0305268	0.0274018	0.0269264	0.024365	0.0233165	0.0216073	0.0183285	0.0131076	0.0069084	0.0831252	0.00656419	0.00638979	0.0061892	0.00607884	0.00584266	0.00538287	0.00457342	0.00344501	0.0181763	0.00308436	0.00301675	0.00287478	0.00261607	0.00223982	

38	0.002	0	0	task-0:0.082	|	0.192202	0.170824	0.153809	0.130184	0.114068	0.107587	0.0909204	0.0863589	0.0816637	0.0744894	0.0706442	0.068198	0.0620916	0.0559425	0.0441919	0.0269448	0.0262966	0.214011	0.0122532	0.0112839	0.0109437	0.0107787	0.0105078	0.010246	0.00973316	0.0090401	0.00866912	0.00863695	0.00841493	0.00811468	0.00799118	0.00773745	0.00724743	0.00637846	0.00492039	0.00291258	0.0051041	0.0486984	0.00143204	

49	0.003	0	0	task-0:0.056	|	0.268063	0.234367	0.196463	0.174608	0.15832	0.143663	0.123011	0.0856942	0.095576	0.115519	0.051235	0.0481895	0.0458846	0.0435063	0.0424214	0.0385268	0.0320922	0.0359353	0.0273561	0.0260847	0.0250605	0.0225176	0.0181368	0.0208054	0.0166719	0.0140576	0.0137397	0.0128958	0.0112387	0.00897992	0.0084246	0.016111	0.00613565	0.00590182	0.00569754	0.00544071	0.00523324	0.00491691	0.00450742	0.00405376	0.00397507	0.0037841	0.00371082	0.00357095	0.00334477	0.00306998	0.00280069	0.00268973	0.0025665	0.00249107	

46	0.002	0	0	task-0:0.062	|	0.318293	0.280425	0.207997	0.113067	0.234445	0.100047	0.0696453	0.0665164	0.0591559	0.0490483	0.0537848	0.0418152	0.0386128	0.0378164	0.0351136	0.0315138	0.0294775	0.0269925	0.0260391	0.0251237	0.023809	0.0210786	0.0183858	0.0193896	0.0169959	0.0167357	0.0163396	0.0159875	0.0150501	0.0132035	0.0111542	0.0131409	0.00993935	0.00962907	0.0093345	0.00873604	0.00783637	0.00726769	0.00707257	0.0067013	0.00643628	0.0062739	0.00595302	0.00533742	0.00428023	0.00276392	0.00115673	

54	0.003	0	0	task-0:0.078	|	0.247741	0.19868	0.169817	0.131341	0.132816	0.109145	0.101141	0.0952631	0.0899939	0.0807385	0.0623857	0.0428712	0.149398	0.0368235	0.0355883	0.0334086	0.0300436	0.0278406	0.0255768	0.0248726	0.0242413	0.0231199	0.0214451	0.0204585	0.0204035	0.0194605	0.0184889	0.0177939	0.0174838	0.0166687	0.0153572	0.0145505	0.013801	0.0130556	0.0124772	0.0124949	0.0121389	0.0115989	0.0113009	0.0106512	0.00940143	0.00730843	0.004509	0.0286171	0.00413036	0.00375206	0.00373961	0.0036727	0.00353617	0.00337395	0.00318844	0.0030598	0.00283335	0.00253126	0.00238979	

39	0.002	0	0	task-0:0.07	|	0.328638	0.201124	0.196565	0.168096	0.153913	0.120033	0.118374	0.0923906	0.0856138	0.0828068	0.0747418	0.0694676	0.0588866	0.0438427	0.0508955	0.0604639	0.0286354	0.0273559	0.0260095	0.0248903	0.0244358	0.0228787	0.0201516	0.0197125	0.0175795	0.016987	0.0161324	0.0148871	0.0141044	0.0128504	0.0115841	0.0114042	0.0107026	0.0101917	0.0098821	0.00929602	0.00821402	0.00649431	0.00403743	0.00169012	

44	0.002	0	0	task-0:0.048	|	0.292805	0.24935	0.207541	0.179049	0.161073	0.143396	0.11923	0.0799384	0.120039	0.0755943	0.0510414	0.046711	0.0440744	0.0422153	0.0408955	0.0379201	0.0341884	0.0309147	0.0293002	0.0279615	0.0270487	0.0257386	0.0236641	0.0221788	0.020015	0.016157	0.0155252	0.0226637	0.0114722	0.0111593	0.0105427	0.00973572	0.0086446	0.00719576	0.00789376	0.00709387	0.00567798	0.00552762	0.0053544	0.00500593	0.0043617	0.00330591	0.00355399	0.00952475	0.00215172	

54	0.003	0	0	task-0:0.044	|	0.289308	0.2497	0.21127	0.180029	0.160828	0.14261	0.117862	0.081152	0.0442066	0.281522	0.0380023	0.0374018	0.0350396	0.0337911	0.0323336	0.0319682	0.0301317	0.0280086	0.0268343	0.0263706	0.0248213	0.0235226	0.0214882	0.0183013	0.013194	0.0175772	0.0279588	0.0085556	0.00813882	0.00790264	0.00780198	0.00762558	0.00746547	0.00721349	0.00679277	0.00637756	0.00569141	0.00536925	0.00517272	0.00470487	0.00456374	0.00443386	0.00418174	0.0039135	0.00373835	0.00370754	0.00367605	0.00360746	0.00349677	0.00336652	0.00319272	0.00300326	0.00274021	0.00253335	0.00238801	

42	0.002	0	0	task-0:0.056	|	0.189465	0.173705	0.135553	0.0817853	0.16329	0.0914085	0.0492896	0.04643	0.0440397	0.0423795	0.0384778	0.0312034	0.0325837	0.0304198	0.0232064	0.0225052	0.020752	0.0175829	0.0180423	0.0160759	0.0139287	0.0135894	0.0127832	0.0111235	0.00832946	0.00657047	0.0413078	0.00513362	0.00494779	0.00486518	0.00477396	0.00464787	0.00457087	0.00443934	0.00419327	0.00386966	0.00339915	0.00319558	0.00321061	0.00280086	0.00271436	0.0026292	0.00248476	

40	0.002	0	0	task-0:0.058	|	0.240503	0.213212	0.154676	0.129364	0.157835	0.0953218	0.0981288	0.080298	0.0762224	0.0681339	0.053897	0.0648037	0.0450365	0.0400758	0.0390981	0.0355828	0.0298212	0.0347451	0.0282155	0.026356	0.0256354	0.0246306	0.0234786	0.02164	0.0202563	0.0181105	0.0142705	0.00888912	0.02048	0.0311341	0.00553064	0.00492569	0.00461957	0.00459959	0.00453863	0.00441837	0.00423713	0.00397408	0.00347948	0.00265974	0.00154806	

49	0.035	0	0	task-0:0.058	|	0.267924	0.219653	0.183025	0.151463	0.127788	0.115201	0.114682	0.0973401	0.0910451	0.0761704	0.0740148	0.0627651	0.0571892	0.0548606	0.0494166	0.0416315	0.0289593	0.027354	0.106582	0.0162063	0.0153081	0.0149919	0.0147911	0.0143952	0.0138745	0.0130061	0.012011	0.0108463	0.0100371	0.00961977	0.0092464	0.00898205	0.00888323	0.00869012	0.00842165	0.00805488	0.00729213	0.00596338	0.00477893	0.0146838	0.00412667	0.00405141	0.0039466	0.00376784	0.00367874	0.00354964	0.00335237	0.00312921	0.00282765	0.00230309	

45	0.003	0	0	task-0:0.056	|	0.28981	0.250267	0.184436	0.104273	0.120668	0.140743	0.0674915	0.0682929	0.055885	0.053337	0.0481795	0.0380555	0.0311984	0.0814257	0.0249316	0.0242326	0.0226181	0.01967	0.0148071	0.00866902	0.0952615	0.00810241	0.00779543	0.00752499	0.0072887	0.00719703	0.0070528	0.00673496	0.00636668	0.00592526	0.00547964	0.00510651	0.00478288	0.0045518	0.00424736	0.00387987	0.00366341	0.00349311	0.00343806	0.00336849	0.0032281	0.00296895	0.00253516	0.00255992	0.0026464	0.00199844	

48	0.002	0	0	task-0:0.06	|	0.291531	0.253025	0.212944	0.182057	0.166498	0.148801	0.125121	0.0855229	0.1282	0.0627744	0.0577619	0.0567972	0.0526362	0.050336	0.0447074	0.0344844	0.0219297	0.0984148	0.0207845	0.0191485	0.0185477	0.0177192	0.0163909	0.0152849	0.0132671	0.0112738	0.0151207	0.0101072	0.00961943	0.00930196	0.00894467	0.00860778	0.00808523	0.00754179	0.0067205	0.00558349	0.00554198	0.00657515	0.00421159	0.00411275	0.00391332	0.00356414	0.0033168	0.00315452	0.00301338	0.00292532	0.00285978	0.0027192	0.00249627	

42	0.002	0	0	task-0:0.044	|	0.30266	0.244923	0.196852	0.16618	0.145332	0.128293	0.10435	0.0712952	0.0371558	0.0924736	0.146124	0.0221883	0.0163017	0.01448	0.014232	0.0138625	0.0134954	0.0126516	0.0112108	0.0107582	0.00985266	0.00940666	0.0091934	0.00887954	0.00819613	0.0070753	0.00736203	0.00625537	0.00591383	0.00586259	0.00572498	0.00545197	0.00512499	0.00472055	0.00437315	0.00410824	0.00391823	0.00376624	0.00356448	0.00337979	0.00306473	0.00252439	0.00193768	

52	0.003	0	0	task-0:0.044	|	0.21913	0.194469	0.168333	0.149	0.126585	0.117964	0.0951873	0.0863114	0.0949194	0.0655893	0.062492	0.0547985	0.0406576	0.0324992	0.120948	0.0237037	0.022929	0.0214746	0.0205399	0.019558	0.0189297	0.0184578	0.0180236	0.0173447	0.0159794	0.0145584	0.0128857	0.0129091	0.0123345	0.0118934	0.011437	0.011245	0.0108743	0.0103827	0.00963657	0.00905003	0.00802407	0.00736994	0.00754696	0.00648716	0.00624455	0.00601958	0.00565458	0.00510391	0.00478844	0.00455552	0.00430659	0.00418429	0.00409828	0.00391881	0.00357174	0.00295908	0.0023641	

36	0.002	0	0	task-0:0.07	|	0.317924	0.273726	0.207552	0.114341	0.103514	0.184081	0.0763723	0.133344	0.0531957	0.0507826	0.0447914	0.0351387	0.0217114	0.0639216	0.0366657	0.0146667	0.0134016	0.0127079	0.0124631	0.0119278	0.0108956	0.00905677	0.00651739	0.0150084	0.00574624	0.00540676	0.00540101	0.00529436	0.00509934	0.00496808	0.00478419	0.00454235	0.00427076	0.00403617	0.00359745	0.00285384	0.00197261	

45	0.003	0	0	task-0:0.056	|	0.27688	0.243493	0.169065	0.133944	0.175678	0.0998638	0.116292	0.0806074	0.0766099	0.0675792	0.0523379	0.0561821	0.0583953	0.0355391	0.0341443	0.0314921	0.0297385	0.0278331	0.0267357	0.0254936	0.0245193	0.0221722	0.0182211	0.0215794	0.0157554	0.0149969	0.0149937	0.0144799	0.0137713	0.0134032	0.0127117	0.0116617	0.00970516	0.00667757	0.00683451	0.0452377	0.00405568	0.00367961	0.00350441	0.0034922	0.00344344	0.00334487	0.00318811	0.00298487	0.00260765	0.00198532	

47	0.035	0	0	task-0:0.056	|	0.238113	0.208482	0.164591	0.155995	0.135567	0.126497	0.117723	0.101504	0.0927655	0.0904955	0.0835717	0.0785599	0.0759222	0.0687019	0.062003	0.0496493	0.0318642	0.0701254	0.0302	0.0224385	0.0212041	0.0198704	0.0193498	0.018191	0.0161464	0.0141948	0.0158046	0.0128739	0.0122192	0.0117519	0.0111326	0.0103642	0.008954	0.00665205	0.00598561	0.0282582	0.004174	0.00398183	0.00391702	0.00388645	0.00382048	0.00372244	0.0036425	0.00352001	0.00331344	0.00305785	0.00260361	0.00191453	

36	0.002	0	0	task-0:0.07	|	0.317924	0.273726	0.207552	0.114341	0.103514	0.184081	0.0763723	0.133344	0.0531957	0.0507826	0.0447914	0.0351387	0.0217114	0.0639216	0.0366657	0.0146667	0.0134016	0.0127079	0.0124631	0.0119278	0.0108956	0.00905677	0.00651739	0.0150084	0.00574624	0.00540676	0.00540101	0.00529436	0.00509934	0.00496808	0.00478419	0.00454235	0.00427076	0.00403617	0.00359745	0.00285384	0.00197261	

48	0.003	0	0	task-0:0.056	|	0.288053	0.255793	0.189875	0.105895	0.185171	0.118174	0.0631832	0.0588724	0.0550908	0.0533269	0.0482977	0.0420316	0.031058	0.0195102	0.139386	0.0174853	0.0172149	0.0165375	0.015151	0.0126499	0.009461	0.0205982	0.00882661	0.00876661	0.00860281	0.00828418	0.00772318	0.00689517	0.00614672	0.00659058	0.00569787	0.00559948	0.0054129	0.00511094	0.0047129	0.00430903	0.00393429	0.00383314	0.0037034	0.00358499	0.00349559	0.00341544	0.00331171	0.00323861	0.00310868	0.00291648	0.00271581	0.00255558	0.00238769	

52	0.004	0	0	task-0:0.062	|	0.243358	0.184839	0.159822	0.11958	0.130942	0.107653	0.101722	0.091482	0.0867062	0.0769826	0.0650279	0.0461173	0.0433739	0.126704	0.0260924	0.0249301	0.023764	0.022687	0.0225791	0.0215093	0.0202935	0.019432	0.0190902	0.0179578	0.015762	0.0141072	0.0147178	0.0127483	0.0124204	0.0118436	0.0109597	0.00944018	0.00974796	0.00837746	0.00776222	0.00763281	0.00735183	0.00675836	0.00577993	0.00594795	0.00526076	0.00470812	0.00461622	0.00443811	0.00408315	0.0035172	0.00348722	0.00327736	0.00286259	0.00279837	0.00268526	0.00253577	0.00244246	

40	0.002	0	0	task-0:0.06	|	0.246792	0.220376	0.158339	0.0879247	0.253792	0.0798343	0.0855882	0.0719862	0.0704686	0.0667721	0.0647055	0.0586123	0.0520064	0.0403239	0.0237889	0.0626962	0.0436506	0.0154019	0.0134765	0.0125194	0.0124571	0.012253	0.0119443	0.0116188	0.0108759	0.00937082	0.00689252	0.00562297	0.0413464	0.00419517	0.00399185	0.00391953	0.00388813	0.00382125	0.00372534	0.00364973	0.0035284	0.00332349	0.0030632	0.00260339	0.00195594	

40	0.002	0	0	task-0:0.042	|	0.276265	0.239342	0.180425	0.163896	0.122725	0.111924	0.0938798	0.100589	0.0824815	0.0759086	0.0738557	0.0706249	0.0647878	0.0526108	0.0402797	0.091756	0.0343413	0.0332647	0.0308591	0.0261894	0.0184894	0.012678	0.118417	0.00991672	0.00955872	0.00932843	0.00906081	0.00891811	0.00872429	0.00833982	0.00800673	0.00752865	0.00680978	0.00585767	0.0063558	0.00531166	0.0051669	0.00485433	0.00425698	0.00326958	0.00229793	

37	0.002	0	0	task-0:0.058	|	0.277291	0.229148	0.191218	0.162226	0.137718	0.127829	0.115563	0.104668	0.0969985	0.0923666	0.0844834	0.0805937	0.0690055	0.0494483	0.0753165	0.0417794	0.0354614	0.0342903	0.0324913	0.0316356	0.030442	0.0287169	0.026409	0.0248257	0.0229313	0.0226447	0.0219209	0.0209599	0.0195164	0.0180785	0.0153789	0.0110618	0.00569665	0.0217734	0.0603506	0.00385398	0.00287086	0.00228122	

36	0.002	0	0	task-0:0.052	|	0.275597	0.24244	0.18695	0.124556	0.151152	0.114669	0.0714998	0.0657966	0.0634736	0.0600157	0.0574422	0.0518339	0.0437815	0.0305348	0.044035	0.0496125	0.0193339	0.0181196	0.0173488	0.0169223	0.0164917	0.0159437	0.0147479	0.0132425	0.0105959	0.00681173	0.00883886	0.0554148	0.00411973	0.00352107	0.00323849	0.00322005	0.00316508	0.00305256	0.00285266	0.00253759	0.00200894	

53	0.003	0	0	task-0:0.05	|	0.239946	0.207256	0.180148	0.149423	0.132568	0.123345	0.116528	0.103674	0.0982164	0.0825063	0.062996	0.0885432	0.0559109	0.0464565	0.045033	0.0428821	0.0418908	0.0389596	0.0359133	0.0325477	0.0299441	0.0285304	0.027692	0.0254152	0.0208703	0.015588	0.0363826	0.0143716	0.0141533	0.0136549	0.0128633	0.0117114	0.0109133	0.0101731	0.0100232	0.0097807	0.00961689	0.0092485	0.00867514	0.00818422	0.00761184	0.00654763	0.00487942	0.00854809	0.00507485	0.00365232	0.00358599	0.00346002	0.00332918	0.00315519	0.00306291	0.00290631	0.00263252	0.00227818	

39	0.002	0	0	task-0:0.032	|	0.254694	0.217322	0.189406	0.155256	0.131437	0.128337	0.0999917	0.0928853	0.0846806	0.0807035	0.0691608	0.0498011	0.0779858	0.0403116	0.0366189	0.0358975	0.0335133	0.0319591	0.0296633	0.0270004	0.0228456	0.0162009	0.0202171	0.0453691	0.0101006	0.00953887	0.00927406	0.00915175	0.00894164	0.00875471	0.00841972	0.00786433	0.0073542	0.00675058	0.00593129	0.00463487	0.00282159	0.00279135	0.072806	0.00169909	

52	0.003	0	0	task-0:0.044	|	0.21913	0.194469	0.168333	0.149	0.126585	0.117964	0.0951873	0.0863114	0.0949194	0.0655893	0.062492	0.0547985	0.0406576	0.0324992	0.120948	0.0237037	0.022929	0.0214746	0.0205399	0.019558	0.0189297	0.0184578	0.0180236	0.0173447	0.0159794	0.0145584	0.0128857	0.0129091	0.0123345	0.0118934	0.011437	0.011245	0.0108743	0.0103827	0.00963657	0.00905003	0.00802407	0.00736994	0.00754696	0.00648716	0.00624455	0.00601958	0.00565458	0.00510391	0.00478844	0.00455552	0.00430659	0.00418429	0.00409828	0.00391881	0.00357174	0.00295908	0.0023641	

39	0.002	0	0	task-0:0.062	|	0.297903	0.265733	0.188216	0.122594	0.2569	0.0916279	0.0921516	0.0811358	0.0774823	0.0725571	0.0699943	0.0629825	0.0557996	0.0425986	0.0246541	0.0711108	0.0416537	0.0162091	0.0141386	0.0131296	0.0130403	0.0127895	0.0124249	0.0120333	0.0111244	0.00939396	0.00673305	0.0119767	0.00891445	0.004737	0.0045994	0.0044611	0.00443789	0.00436314	0.0042234	0.00402668	0.00378359	0.00344438	0.00287245	0.00199758	

38	0.002	0	0	task-0:0.052	|	0.329998	0.263332	0.21082	0.174029	0.169009	0.133852	0.122907	0.106144	0.105587	0.0918901	0.0846026	0.0788993	0.0758868	0.0678515	0.058129	0.0413649	0.0203253	0.0710731	0.112578	0.0128737	0.00928692	0.00784283	0.0076657	0.00733672	0.00683329	0.00614472	0.00584426	0.00547571	0.00534389	0.00507457	0.00457074	0.00433234	0.00404008	0.00380783	0.00371938	0.00361852	0.00340134	0.00298244	0.00227777	

42	0.003	0	0	task-0:0.044	|	0.30266	0.244923	0.196852	0.16618	0.145332	0.128293	0.10435	0.0712952	0.0371558	0.0924736	0.146124	0.0221883	0.0163017	0.01448	0.014232	0.0138625	0.0134954	0.0126516	0.0112108	0.0107582	0.00985266	0.00940666	0.0091934	0.00887954	0.00819613	0.0070753	0.00736203	0.00625537	0.00591383	0.00586259	0.00572498	0.00545197	0.00512499	0.00472055	0.00437315	0.00410824	0.00391823	0.00376624	0.00356448	0.00337979	0.00306473	0.00252439	0.00193768	

50	0.003	0	0	task-0:0.058	|	0.320498	0.225137	0.220517	0.186786	0.167947	0.143156	0.122937	0.114509	0.0924448	0.0908934	0.0740263	0.067942	0.0652039	0.058713	0.0519208	0.0413044	0.041786	0.0438799	0.02941	0.0284056	0.0260743	0.0229905	0.0193694	0.0234738	0.0181133	0.0170268	0.0167675	0.0164834	0.0160499	0.0154983	0.0142551	0.0118543	0.00824323	0.0165564	0.0106055	0.0057952	0.00561751	0.00541466	0.00535802	0.00522854	0.00499923	0.00466555	0.00424489	0.00397275	0.00376227	0.0037231	0.0036336	0.00344933	0.00309982	0.00250239	0.00163854	

64	0.06	0	0	task-0:0.056	|	0.222999	0.196333	0.171417	0.142063	0.0970328	0.138761	0.0924351	0.0999041	0.0779751	0.0753852	0.0659813	0.0513234	0.0687821	0.0487883	0.0453036	0.0432889	0.0402881	0.0366677	0.0348806	0.0342475	0.0319187	0.0293849	0.0274584	0.0253917	0.025195	0.0244773	0.0239471	0.0229859	0.0215983	0.0206291	0.0205467	0.019645	0.0183964	0.0175821	0.0175383	0.0168561	0.0159175	0.0153002	0.0148075	0.01387	0.0128693	0.0115666	0.010424	0.0105121	0.00967135	0.00921581	0.00889713	0.00847439	0.00798046	0.00724775	0.00664789	0.00626504	0.0059987	0.00583966	0.00555414	0.0051461	0.00485452	0.00446118	0.00375535	0.00325431	0.00533484	0.00271703	0.00263333	0.00255437	0.00244207	

59	0.004	0	0	task-0:0.044	|	0.210473	0.180596	0.158698	0.126784	0.116473	0.103645	0.096046	0.0848556	0.0801152	0.0678913	0.0621957	0.0590266	0.0512518	0.0490119	0.0440934	0.0357223	0.0390839	0.0304978	0.0280421	0.0274764	0.025585	0.0226817	0.0228158	0.0216932	0.0205887	0.0199332	0.019464	0.0190091	0.0184058	0.0169303	0.014848	0.0113671	0.0121162	0.0219935	0.00757841	0.00732414	0.00709959	0.00687324	0.0067448	0.00660054	0.00628022	0.00586184	0.00554992	0.00532945	0.005232	0.00517913	0.00507855	0.00493586	0.00478534	0.00450423	0.00404204	0.0037387	0.00369565	0.00338439	0.00328652	0.00314667	0.00297738	0.00285223	0.00262479	0.00244938	

57	0.004	0	0	task-0:0.062	|	0.257829	0.204665	0.175996	0.145598	0.137979	0.110752	0.103061	0.0961206	0.0882087	0.0847585	0.0785476	0.0729299	0.071152	0.0636339	0.0553791	0.0428166	0.0537853	0.0369057	0.0319775	0.0311683	0.0286679	0.0251518	0.0228123	0.0230446	0.0198463	0.0192129	0.0180302	0.0162474	0.0152848	0.0142297	0.0139652	0.0134792	0.012826	0.0119445	0.01119	0.00978165	0.00759017	0.00725856	0.0177808	0.00510784	0.00495177	0.00482888	0.00467168	0.00458567	0.0045275	0.00438609	0.00419949	0.00400719	0.0037156	0.00346794	0.00327917	0.00326747	0.00321806	0.0031143	0.00298792	0.00283908	0.00267504	0.00248834	

52	0.003	0	0	task-0:0.044	|	0.21913	0.194469	0.168333	0.149	0.126585	0.117964	0.0951873	0.0863114	0.0949194	0.0655893	0.062492	0.0547985	0.0406576	0.0324992	0.120948	0.0237037	0.022929	0.0214746	0.0205399	0.019558	0.0189297	0.0184578	0.0180236	0.0173447	0.0159794	0.0145584	0.0128857	0.0129091	0.0123345	0.0118934	0.011437	0.011245	0.0108743	0.0103827	0.00963657	0.00905003	0.00802407	0.00736994	0.00754696	0.00648716	0.00624455	0.00601958	0.00565458	0.00510391	0.00478844	0.00455552	0.00430659	0.00418429	0.00409828	0.00391881	0.00357174	0.00295908	0.0023641	

36	0.002	0	0	task-0:0.07	|	0.317924	0.273726	0.207552	0.114341	0.103514	0.184081	0.0763723	0.133344	0.0531957	0.0507826	0.0447914	0.0351387	0.0217114	0.0639216	0.0366657	0.0146667	0.0134016	0.0127079	0.0124631	0.0119278	0.0108956	0.00905677	0.00651739	0.0150084	0.00574624	0.00540676	0.00540101	0.00529436	0.00509934	0.00496808	0.00478419	0.00454235	0.00427076	0.00403617	0.00359745	0.00285384	0.00197261	

45	0.002	0	0	task-0:0.056	|	0.27688	0.243493	0.169065	0.133944	0.175678	0.0998638	0.116292	0.0806074	0.0766099	0.0675792	0.0523379	0.0561821	0.0583953	0.0355391	0.0341443	0.0314921	0.0297385	0.0278331	0.0267357	0.0254936	0.0245193	0.0221722	0.0182211	0.0215794	0.0157554	0.0149969	0.0149937	0.0144799	0.0137713	0.0134032	0.0127117	0.0116617	0.00970516	0.00667757	0.00683451	0.0452377	0.00405568	0.00367961	0.00350441	0.0034922	0.00344344	0.00334487	0.00318811	0.00298487	0.00260765	0.00198532	

47	0.002	0	0	task-0:0.056	|	0.238113	0.208482	0.164591	0.155995	0.135567	0.126497	0.117723	0.101504	0.0927655	0.0904955	0.0835717	0.0785599	0.0759222	0.0687019	0.062003	0.0496493	0.0318642	0.0701254	0.0302	0.0224385	0.0212041	0.0198704	0.0193498	0.018191	0.0161464	0.0141948	0.0158046	0.0128739	0.0122192	0.0117519	0.0111326	0.0103642	0.008954	0.00665205	0.00598561	0.0282582	0.004174	0.00398183	0.00391702	0.00388645	0.00382048	0.00372244	0.0036425	0.00352001	0.00331344	0.00305785	0.00260361	0.00191453	

54	0.003	0	0	task-0:0.054	|	0.323057	0.26726	0.216271	0.130985	0.138781	0.193852	0.085656	0.126232	0.0636189	0.0605583	0.0528622	0.0388359	0.04427	0.0693601	0.0252057	0.0241788	0.0230078	0.0220288	0.0218376	0.020763	0.019302	0.0184635	0.0182867	0.0173247	0.0156517	0.0146497	0.0135953	0.0135737	0.0133846	0.0130532	0.0126967	0.0119519	0.010648	0.010003	0.00938958	0.00889875	0.00864052	0.00829438	0.00760414	0.00649053	0.00692601	0.00575582	0.00540155	0.00535079	0.00521887	0.00495377	0.00460145	0.00425314	0.00402413	0.00396593	0.00384789	0.0036522	0.00338488	0.0028949	0.0021071	

