100	0.351	4	0	task-3:0.008	task-0:0.018	task-1:0.26	task-2:0.26	|	0.0734253	0.035022	0.0338149	0.0408936	0.0426349	0.0382286	0.0352931	0.0337575	0.0337606	0.033583	0.0330409	0.0329026	0.032441	0.0309918	0.0298879	0.0296427	0.0284272	0.0270055	0.0277855	0.0271305	0.0261944	0.025925	0.0254566	0.0250159	0.0242981	0.0234274	0.0223438	0.0209839	0.0200225	0.0189942	0.0180814	0.0171592	0.0157874	0.0150793	0.0145945	0.0134587	0.0125264	0.0116826	0.0108516	0.0098861	0.00883282	0.00787143	0.00627483	0.00552749	0.00493838	0.00449773	0.00377123	0.00334729	0.00300684	0.00312382	0.00304257	0.00248882	0.00233573	0.00236717	0.00206307	0.0016847	0.00136445	0.00109279	0.000853273	0.000649728	0.000427835	0.000314989	0.000247309	0.000185352	0.000132503	8.85547e-005	5.58158e-005	3.37976e-005	2.0172e-005	1.05872e-005	6.20072e-006	4.00326e-006	2.50695e-006	1.48784e-006	8.1947e-007	4.07633e-007	1.87017e-007	9.08668e-008	5.27704e-008	3.0192e-008	1.58036e-008	7.6767e-009	3.46791e-009	1.80634e-009	9.80954e-010	5.46117e-010	2.77576e-010	1.27309e-010	5.36845e-011	3.27237e-011	1.58948e-011	8.28889e-012	3.88062e-012	1.62029e-012	5.9734e-013	1.91952e-013	1.52245e-013	5.2484e-014	1.79204e-013	1.34869e-013	

86	0.338	4	0	task-3:0.01	task-0:0.018	task-1:0.076	task-2:0.122	|	0.0465022	0.0377732	0.0366454	0.0392617	0.0420384	0.0362121	0.0335948	0.0336495	0.0323184	0.0308747	0.0289145	0.0268114	0.0245574	0.0231828	0.0201763	0.0178105	0.0150143	0.0120625	0.0109626	0.00946967	0.00754915	0.00621682	0.00502471	0.00382199	0.00345805	0.00258857	0.00189533	0.00166106	0.00134796	0.00132966	0.00118894	0.00108942	0.000978113	0.000860531	0.000729861	0.000618068	0.000586907	0.000513747	0.000460145	0.000362541	0.000348661	0.000303033	0.000277651	0.000267297	0.000276559	0.000321778	0.000292049	0.000262727	0.000198965	0.00018236	0.000191693	0.000102551	9.55722e-005	8.48227e-005	8.64185e-005	8.25884e-005	9.39282e-005	5.74932e-005	6.28053e-005	5.12107e-005	5.33049e-005	6.24759e-005	4.92592e-005	2.65844e-005	1.95142e-005	2.19399e-005	2.4981e-005	1.55836e-005	1.34038e-005	2.18526e-005	3.06443e-005	2.26545e-005	1.74278e-005	1.7572e-005	2.03858e-005	2.43207e-005	2.47276e-005	1.87613e-005	1.631e-005	1.63508e-005	1.88382e-005	2.1876e-005	2.09572e-005	1.98693e-005	1.95072e-005	1.85924e-005	

93	0.258	4	0	task-3:0.008	task-0:0.01	task-1:0.206	task-2:0.202	|	0.121989	0.0377685	0.0334907	0.0325261	0.0309731	0.0341351	0.0321763	0.0296667	0.0305	0.0311664	0.0300569	0.0292673	0.029215	0.0282024	0.0272912	0.0263776	0.024965	0.0234706	0.0220329	0.0212171	0.020272	0.0244196	0.0237538	0.0204199	0.0196331	0.0192768	0.0191868	0.0190138	0.0186306	0.0181898	0.0177528	0.0177353	0.0171739	0.0166721	0.0161218	0.0155319	0.0146257	0.01301	0.0109249	0.00806674	0.00467908	0.00274307	0.000501478	0.000603856	3.8743e-005	1.17757e-005	4.92017e-006	2.30706e-007	1.63213e-007	1.41091e-007	9.19736e-008	1.56918e-007	8.3532e-008	4.34054e-008	3.84373e-008	3.58425e-008	6.31013e-009	1.60653e-009	2.96251e-010	5.29227e-009	2.02586e-008	3.39171e-009	1.96052e-010	5.81079e-011	2.89184e-011	1.26019e-011	4.28718e-012	1.00631e-012	2.15071e-013	4.841e-014	6.39675e-015	0	0	0	0	3.67001e-015	9.90056e-015	3.62625e-014	1.96312e-014	8.64235e-015	4.57338e-015	0	0	5.46068e-015	1.60514e-014	5.21465e-014	1.13515e-013	3.64002e-014	1.64622e-014	2.3002e-014	2.8114e-014	0	0	

132	0.375	4	0	task-3:0.024	task-0:0.056	task-1:0.202	task-2:0.23	|	0.0639464	0.0347014	0.0332277	0.0350208	0.0429505	0.0368476	0.0326481	0.0320924	0.0321983	0.0326952	0.0325893	0.0325592	0.0320544	0.0312919	0.0308446	0.0300401	0.0289386	0.0273952	0.0254129	0.0236804	0.022873	0.0217194	0.0212247	0.021246	0.0211901	0.0218196	0.0209395	0.0186594	0.0157272	0.0142714	0.0126411	0.0110244	0.00991046	0.0104854	0.00938326	0.0283246	0.0273737	0.0258935	0.00889666	0.00812329	0.00751075	0.00720361	0.0074528	0.00725985	0.00697592	0.00691773	0.00681734	0.00684568	0.00676961	0.00671583	0.00665448	0.00652483	0.00640203	0.00638503	0.00627399	0.00624905	0.00622851	0.0060927	0.00594932	0.00581296	0.00567691	0.00552906	0.00537469	0.00523421	0.00511472	0.00503532	0.00492075	0.00478783	0.00463476	0.00450446	0.00435665	0.0041981	0.0045704	0.00440128	0.00415732	0.00397637	0.00388281	0.00344012	0.00310412	0.00275697	0.00241373	0.00208594	0.00177311	0.00165633	0.00153023	0.00128258	0.00108983	0.000894914	0.00079022	0.000649597	0.000606139	0.00062413	0.000462314	0.000451105	0.000463341	0.000414912	0.000405933	0.000392295	0.000385752	0.000343061	0.000312022	0.000280425	0.000249637	0.000221018	0.000210454	0.000196778	0.000195583	0.000161035	0.000141018	0.000118455	9.99992e-005	8.51382e-005	8.12222e-005	7.91692e-005	6.21123e-005	5.28297e-005	4.40942e-005	3.57831e-005	2.82335e-005	2.917e-005	2.35274e-005	1.97994e-005	1.61286e-005	1.27477e-005	9.65626e-006	6.95345e-006	4.69111e-006	6.37877e-006	4.60418e-006	2.85454e-006	3.1276e-006	2.96483e-006	

60	0.185	4	0	task-3:0.084	task-0:0.082	task-1:0.218	task-2:0.154	|	0.0358375	0.0381963	0.036875	0.0348427	0.0342523	0.0320444	0.0304535	0.0297248	0.0280738	0.0251204	0.021827	0.0251961	0.0272964	0.0209642	0.0185024	0.0209357	0.0227061	0.0250781	0.0276011	0.0296121	0.031431	0.0322295	0.0326361	0.0327195	0.0327254	0.0327369	0.0327369	0.0327294	0.0327276	0.0327276	0.0327275	0.0327275	0.0327273	0.0327273	0.0327273	0.0327273	0.0327273	0.0327124	0.0314212	0.0313903	0.0313824	0.031373	0.031362	0.0313489	0.0306379	0.0306055	0.030572	0.0305328	0.0304872	0.0304361	0.0376197	0.037626	0.0375958	0.037561	0.0363307	0.0362538	0.037516	0.037516	0.037005	0.0463893	

54	0.141	4	0	task-3:0.236	task-0:0.5	task-1:0.504	task-2:0.5	|	0.0319556	0.0374195	0.0347873	0.032123	0.0332217	0.0321467	0.0324197	0.032597	0.0329859	0.0332845	0.0331936	0.0330531	0.0331531	0.0332263	0.0332924	0.0329885	0.0332121	0.0329128	0.0323927	0.0323865	0.0325548	0.0325465	0.0324716	0.032411	0.0324149	0.0324568	0.0324576	0.0324322	0.0324025	0.0323665	0.0323237	0.0322856	0.0322878	0.0322672	0.0322418	0.0322132	0.0321817	0.0321502	0.032118	0.0321145	0.0320993	0.0320893	0.0320747	0.0320722	0.0320673	0.0320686	0.0320671	0.0320647	0.0320629	0.0320615	0.0320629	0.0320637	0.0320648	0.0320662	

95	0.248	4	0	task-3:0.006	task-0:0.016	task-1:0.252	task-2:0.25	|	0.0328414	0.142321	0.135677	0.0818089	0.0394961	0.0327951	0.0347486	0.0344968	0.0331204	0.0344732	0.0374164	0.0363165	0.034483	0.0344381	0.0345169	0.0343622	0.0344358	0.0342319	0.0339766	0.0335956	0.0330972	0.0325156	0.0319157	0.0307685	0.0302426	0.0296647	0.0279096	0.0270839	0.0250863	0.0224249	0.0200013	0.0169386	0.0146694	0.0127143	0.0107511	0.00889238	0.00691881	0.0056073	0.00494141	0.00440115	0.00378518	0.00338281	0.00321857	0.00254108	0.00217508	0.00199755	0.00174254	0.00150145	0.0013845	0.00120933	0.0011064	0.00083974	0.000658026	0.000581481	0.000514698	0.000533171	0.000562015	0.000490127	0.000445927	0.000404763	0.000361404	0.000309187	0.000238809	0.00018888	0.000151959	0.000130909	0.000108946	0.00012366	0.000144248	0.000124658	0.00010028	8.70773e-005	7.65963e-005	6.84409e-005	6.43339e-005	5.82329e-005	5.17951e-005	4.505e-005	3.81413e-005	3.13095e-005	2.48072e-005	1.8861e-005	1.36717e-005	9.34198e-006	5.95823e-006	3.51894e-006	1.89679e-006	9.2874e-007	6.8741e-007	4.55215e-007	2.81219e-007	1.60547e-007	8.3559e-008	3.89405e-008	2.04917e-008	

115	0.458	4	0	task-3:0.028	task-0:0.028	task-1:0.152	task-2:0.202	|	0.0518262	0.0364584	0.0356297	0.0324664	0.0423619	0.0424637	0.0343945	0.0314549	0.0309474	0.0301879	0.0293872	0.0287317	0.0283225	0.0280164	0.0283614	0.0275689	0.0276348	0.0275615	0.0271405	0.0265079	0.025941	0.0254078	0.0248656	0.024611	0.0242712	0.0237684	0.0229309	0.0226427	0.0220527	0.0214396	0.0208915	0.0206158	0.0202758	0.0198445	0.0193532	0.0189188	0.0184504	0.0179795	0.0174363	0.0168478	0.0162088	0.015525	0.0151254	0.0145517	0.0141165	0.0135214	0.0131533	0.0124805	0.0118493	0.0113391	0.0106211	0.00974936	0.00870131	0.00750084	0.0062154	0.00499758	0.00441331	0.00468163	0.00612249	0.00506753	0.0439334	0.00410814	0.00400448	0.00582859	0.00404141	0.00411102	0.0177347	0.00411843	0.00423715	0.0043627	0.00448891	0.00442278	0.00430246	0.00428348	0.0043006	0.00432954	0.00435406	0.00438968	0.00440084	0.00441459	0.00445384	0.00449996	0.00458344	0.00472117	0.00495945	0.00527574	0.00572644	0.00561035	0.00542041	0.0053272	0.00547869	0.00612879	0.0195825	0.0393334	0.0387478	0.0284367	0.0262108	0.0280592	0.0321511	0.0289407	0.0235358	0.0222739	0.0220746	0.0420281	0.0414633	0.041125	0.0209898	0.0208801	0.0111561	0.0407023	0.040683	0.0362291	0.0184185	0.0184372	0.00109562	

101	0.468	4	0	task-3:0.002	task-0:0.014	task-1:0.242	task-2:0.254	|	0.0715489	0.0341106	0.0336318	0.0326091	0.0325231	0.0328893	0.0324817	0.0320144	0.0320986	0.0314322	0.0307892	0.030265	0.0297365	0.0291872	0.0285095	0.0282606	0.0278088	0.027295	0.0271045	0.0267452	0.0262136	0.0257724	0.0252906	0.0246342	0.0243468	0.0239204	0.0235708	0.0225575	0.0215885	0.0204139	0.0186607	0.0167338	0.0144973	0.0136699	0.0114907	0.013668	0.0120134	0.00968208	0.00969711	0.00913876	0.0081461	0.00757784	0.00708928	0.00639526	0.0055201	0.0046199	0.00370511	0.00281704	0.0020371	0.00137072	0.000854198	0.000494645	0.000414332	0.000304997	0.000273775	0.000235583	0.000225372	0.000150737	0.000111435	7.87452e-005	5.19937e-005	3.11487e-005	1.70317e-005	8.61671e-006	4.11848e-006	4.41289e-006	2.21429e-006	1.28644e-006	6.84482e-007	3.32173e-007	1.4619e-007	1.93709e-007	9.39701e-008	5.16615e-008	2.50533e-008	1.13146e-008	4.64237e-009	1.72331e-009	2.49793e-009	9.00047e-010	4.27541e-010	1.84348e-010	7.13506e-011	2.51308e-011	4.01051e-011	1.39856e-011	6.64216e-012	2.75739e-012	9.84395e-013	2.98611e-013	7.65829e-014	2.02915e-013	5.47734e-014	4.14155e-014	3.003e-014	2.6536e-014	3.43901e-014	2.52911e-014	1.74597e-014	1.30587e-014	9.18478e-015	

94	0.393	4	0	task-3:0.006	task-0:0.004	task-1:0.242	task-2:0.25	|	0.0777568	0.0330496	0.0331825	0.032813	0.032762	0.0326159	0.0325827	0.0325328	0.0323609	0.0314785	0.0298104	0.0296435	0.0285948	0.0271924	0.0256757	0.0257654	0.0240704	0.0219692	0.0201988	0.0185798	0.0158492	0.0137304	0.010589	0.0148417	0.013674	0.00979126	0.0107602	0.0100882	0.00851276	0.00801225	0.00720749	0.00630686	0.00548045	0.0048936	0.00425551	0.00350902	0.00283303	0.00227964	0.00182495	0.00144283	0.00113433	0.000763866	0.000481719	0.000330463	0.00028824	0.000172642	0.000117718	7.6943e-005	4.78421e-005	2.80076e-005	1.68713e-005	7.61226e-006	2.79849e-006	2.47906e-006	9.8382e-007	5.30837e-007	4.11236e-007	4.86036e-007	3.63942e-007	3.91507e-007	4.21909e-007	3.68147e-007	2.78598e-007	1.98571e-007	1.34087e-007	8.22297e-008	5.38405e-008	3.41929e-008	3.21362e-008	3.12856e-008	2.61138e-008	1.26766e-008	8.09045e-009	5.60442e-009	5.0322e-009	4.43167e-009	2.89433e-009	1.99196e-009	1.29393e-009	7.88301e-010	4.46975e-010	4.17723e-010	1.91758e-010	1.32835e-010	1.06796e-010	5.69178e-011	2.68382e-011	1.69519e-011	1.33511e-011	1.24545e-011	7.77074e-012	5.19772e-012	4.48063e-012	6.67107e-012	

148	0.596	4	0	task-3:0.274	task-0:0.274	task-1:0.41	task-2:0.274	|	0.0637936	0.0360918	0.0350094	0.0343576	0.0332587	0.0328515	0.0335699	0.0333607	0.0328549	0.0329227	0.032892	0.032644	0.0324251	0.0322914	0.0324991	0.0326287	0.0327362	0.0327499	0.0327268	0.0327148	0.0326899	0.0326556	0.0326494	0.0326575	0.0326694	0.0326812	0.0326953	0.032711	0.0327203	0.032724	0.0327264	0.0327273	0.0327272	0.0327273	0.0327273	0.0327273	0.0327273	0.0327273	0.0327273	0.0327273	0.0327273	0.0327273	0.0327273	0.0327273	0.0327273	0.0327273	0.0327273	0.0327273	0.0327273	0.0327273	0.0327273	0.0327273	0.0327273	0.0327273	0.0327273	0.0327273	0.0327273	0.0327273	0.0327273	0.0327273	0.0327273	0.0327273	0.0327273	0.0327273	0.0327273	0.0327273	0.0327273	0.0327273	0.0327273	0.0327273	0.0327273	0.0327273	0.0327273	0.0327273	0.0327273	0.0327273	0.0327273	0.0327273	0.0327273	0.0327273	0.0327273	0.0327273	0.0327273	0.0327273	0.0327273	0.0327273	0.0327273	0.0327273	0.0327273	0.0327273	0.0327273	0.0327273	0.0327273	0.0327273	0.0327273	0.0327273	0.0327273	0.0327273	0.0327273	0.0327273	0.0327273	0.0327273	0.0327273	0.0327273	0.0327273	0.0327273	0.0327273	0.0327273	0.0327273	0.0327273	0.0327273	0.0327273	0.0327273	0.0327273	0.0327273	0.0327273	0.0327273	0.0327273	0.0327273	0.0327273	0.0327273	0.0327273	0.0327273	0.0327273	0.0327273	0.0327273	0.0327273	0.0327273	0.0327273	0.0327273	0.0327273	0.0327273	0.0327273	0.0327273	0.0327273	0.0327273	0.0327273	0.0327273	0.0327273	0.0327273	0.0327273	0.0327273	0.0327273	0.0327273	0.0327273	0.0327273	0.0327273	0.0327273	

54	0.142	4	0	task-3:0.5	task-0:0.5	task-1:0.496	task-2:0.448	|	0.0849861	0.0338738	0.0335765	0.0365608	0.0377876	0.0350991	0.033634	0.0332354	0.0329965	0.0328605	0.0327885	0.0327079	0.0327619	0.0328057	0.032787	0.0327646	0.0327258	0.0326889	0.0326665	0.0326575	0.032663	0.0326772	0.0326939	0.0327086	0.0327187	0.0327241	0.0327264	0.0327272	0.0327273	0.0327273	0.0327273	0.0327273	0.0327273	0.0327273	0.0327273	0.0327273	0.0327273	0.0327273	0.0327273	0.0327273	0.0327273	0.0327273	0.0327273	0.0327273	0.0327273	0.032727	0.0314049	0.0314048	0.0314048	0.0314047	0.0314046	0.0314045	0.0314044	0.0314042	

82	0.246	4	0	task-3:0.012	task-0:0.04	task-1:0.218	task-2:0.156	|	0.0608016	0.0334546	0.0324953	0.0326914	0.0322433	0.0320771	0.0368232	0.0342268	0.0260155	0.025729	0.0243292	0.0225155	0.0200339	0.0175501	0.0156442	0.0143817	0.0142658	0.013251	0.0149211	0.0135642	0.0115233	0.0108214	0.00977067	0.00923859	0.00882277	0.00845862	0.00770502	0.00642903	0.00558967	0.00507621	0.00467765	0.00465882	0.00475265	0.0050754	0.0058516	0.00718944	0.00904226	0.0109602	0.0134347	0.0161354	0.0194332	0.0226664	0.025576	0.0278994	0.0294849	0.0302787	0.0303527	0.0299092	0.0292176	0.0292262	0.0285677	0.0278039	0.0279211	0.0275483	0.0266754	0.0257056	0.024839	0.0238197	0.0238323	0.023536	0.0229372	0.0221127	0.021194	0.0202489	0.0192668	0.0186665	0.0181446	0.0179892	0.0175639	0.017192	0.0168811	0.0164766	0.0161976	0.0157947	0.0154257	0.0149712	0.0144703	0.0141433	0.0137794	0.0135544	0.0132533	0.0128262	

55	0.142	4	0	task-3:0.5	task-0:0.5	task-1:0.504	task-2:0.5	|	0.0758908	0.0339665	0.0351289	0.0348499	0.0330383	0.0339161	0.0339165	0.0327518	0.0332167	0.0332181	0.0328162	0.0327993	0.0327993	0.032728	0.032728	0.0327411	0.0327411	0.0327293	0.032729	0.032729	0.0327273	0.0327273	0.0327277	0.0327277	0.0327274	0.0327273	0.0327273	0.0327273	0.0327273	0.0327273	0.0327273	0.0327273	0.0327273	0.0327273	0.0327273	0.0327273	0.0327273	0.0327273	0.0327273	0.0327273	0.0327273	0.0327273	0.0327273	0.0327273	0.0327273	0.0327273	0.0327273	0.0327273	0.0327273	0.0327273	0.0327273	0.0327273	0.0327273	0.0327273	0.0327273	

151	0.419	4	0	task-3:0.004	task-0:0.006	task-1:0.248	task-2:0.246	|	0.0575416	0.0353048	0.0347934	0.0452386	0.0455899	0.037402	0.0328064	0.0331923	0.032847	0.0324307	0.0320664	0.0315279	0.0310426	0.0305177	0.0299137	0.0292119	0.0279546	0.0270473	0.0256667	0.0264004	0.0251889	0.0242806	0.0234716	0.0230278	0.0226013	0.0224177	0.0221195	0.0215651	0.0208033	0.0199012	0.0187377	0.0172523	0.0154935	0.0135573	0.0139063	0.0108269	0.013448	0.0122195	0.00937282	0.012742	0.012389	0.00958545	0.00923443	0.00916777	0.00869966	0.00882493	0.00859436	0.00824449	0.00808857	0.00785702	0.00754988	0.00723703	0.00692353	0.00661049	0.00622752	0.00579023	0.00533364	0.00468314	0.00387885	0.00339293	0.00306906	0.00282451	0.0025418	0.00242842	0.00250635	0.00259825	0.00263565	0.00221386	0.001992	0.00179451	0.00159224	0.00148439	0.00146372	0.00152806	0.00131534	0.00109525	0.00104814	0.00102909	0.000961997	0.000864797	0.000765018	0.000677085	0.000578833	0.000478444	0.000379484	0.000291953	0.000211061	0.000142669	8.89741e-005	5.04413e-005	2.43196e-005	1.01788e-005	3.82841e-006	1.1543e-006	2.55258e-007	3.97345e-008	4.78121e-009	3.68003e-010	1.63593e-011	3.7951e-013	3.63855e-015	4.6785e-013	1.97906e-015	0	0	0	0	0	0	0	0	0	0	0	0	0	0	0	0	0	0	0	0	0	0	0	0	0	0	0	0	2.19095e-015	0	0	0	0	0	0	0	0	0	0	5.05919e-015	0	0	4.14234e-015	0	0	0	0	0	

155	0.443	4	0	task-3:0.01	task-0:0.026	task-1:0.038	task-2:0.116	|	0.0586416	0.036759	0.0353097	0.034129	0.0347775	0.03321	0.0330856	0.0332257	0.0327009	0.0325504	0.0322801	0.03163	0.0309388	0.0301647	0.0289134	0.0272643	0.0255596	0.0241744	0.0210465	0.0199694	0.0263045	0.0254876	0.0208781	0.0188792	0.0183146	0.0188483	0.0190568	0.0182699	0.0171447	0.0169198	0.016982	0.0165653	0.016137	0.0159982	0.015744	0.0152889	0.0148419	0.014604	0.0142582	0.0138756	0.0132407	0.0126672	0.0118728	0.0107339	0.00944655	0.00859417	0.00780402	0.00710801	0.00649718	0.00622918	0.00566217	0.00532146	0.00491372	0.00450396	0.00407151	0.00361351	0.003149	0.00270256	0.00230097	0.00181791	0.00159956	0.00150223	0.00134421	0.00118579	0.000965419	0.000885482	0.000721688	0.000558981	0.000652894	0.000376156	0.000258643	0.000182284	0.000120719	8.31057e-005	5.76903e-005	7.53963e-005	4.36575e-005	3.85829e-005	3.29144e-005	5.19035e-005	8.07238e-005	6.92677e-005	6.87546e-005	5.87927e-005	4.39473e-005	4.20503e-005	5.14636e-005	4.82649e-005	4.87215e-005	4.14588e-005	3.70429e-005	3.16923e-005	2.66779e-005	2.81046e-005	2.86549e-005	3.06073e-005	2.30863e-005	1.94591e-005	1.61277e-005	1.31877e-005	1.28096e-005	1.22723e-005	1.16962e-005	1.11288e-005	8.31605e-006	7.18994e-006	6.96363e-006	6.48454e-006	5.76284e-006	4.88015e-006	4.0956e-006	3.31283e-006	2.57736e-006	1.90845e-006	1.33166e-006	8.651e-007	5.15659e-007	2.77122e-007	1.31554e-007	5.33157e-008	1.80901e-008	5.0892e-009	9.3415e-008	3.15153e-009	2.4077e-008	3.84961e-008	7.28653e-009	4.75241e-010	5.6179e-010	2.73811e-010	3.10837e-010	2.34156e-010	1.72035e-010	1.71608e-010	1.72152e-010	1.84454e-010	1.88028e-010	1.62575e-010	1.47738e-010	1.48471e-010	1.3925e-010	1.29813e-010	1.11237e-010	9.58258e-011	9.00824e-011	6.16344e-011	5.00373e-011	5.47236e-011	5.41724e-011	5.41293e-011	4.14347e-011	3.42614e-011	2.78633e-011	2.24147e-011	1.83638e-011	

127	0.37	4	0	task-3:0.014	task-0:0.028	task-1:0.092	task-2:0.218	|	0.0366686	0.038155	0.036907	0.0327432	0.0405192	0.0395857	0.0324614	0.033077	0.0330289	0.031495	0.0306484	0.0293265	0.0283019	0.0275181	0.026275	0.0218157	0.02219	0.0236849	0.0223429	0.0197506	0.0134786	0.0117623	0.0142909	0.0163961	0.0156369	0.0140897	0.0131186	0.0125548	0.0121892	0.0119528	0.0119578	0.0135103	0.0140941	0.0145468	0.0148486	0.014963	0.0148277	0.0144674	0.013949	0.0132744	0.0124317	0.0113803	0.0100622	0.00781308	0.00308949	0.00156942	0.0014591	0.000433762	0.000216594	0.000159032	8.20314e-005	3.32105e-005	5.63899e-007	4.41426e-007	1.99635e-007	6.19229e-008	1.44038e-008	2.3791e-009	4.49657e-010	4.78462e-011	3.12069e-012	1.67859e-013	6.06998e-015	0	0	0	0	0	0	0	0	0	0	0	0	0	0	0	0	0	0	0	0	0	0	0	0	0	0	0	0	0	0	0	0	0	0	0	0	0	0	0	0	0	0	0	0	0	0	0	0	0	0	0	0	0	0	0	0	0	0	0	0	0	0	0	0	

101	0.174	4	0	task-3:0.002	task-0:0.012	task-1:0.252	task-2:0.248	|	0.0338353	0.0380236	0.0375016	0.0340195	0.0335688	0.0333177	0.0323995	0.0323582	0.031972	0.0318699	0.0315295	0.0312744	0.0310308	0.0306942	0.0303246	0.0298287	0.0293028	0.0287446	0.0282159	0.0274317	0.0255335	0.0243653	0.0237055	0.0229745	0.0212275	0.0207611	0.0189342	0.0171275	0.0175552	0.015207	0.0129496	0.0116422	0.0116398	0.00976501	0.00754405	0.00645332	0.00591125	0.00499134	0.00496575	0.00479926	0.0043161	0.00379994	0.00326066	0.00271227	0.00223222	0.00160406	0.00108777	0.000675095	0.000370868	0.000234264	8.68759e-005	6.89857e-005	4.72629e-005	4.14146e-005	4.21387e-005	3.20729e-005	2.21038e-005	1.66604e-005	1.08414e-005	6.17868e-006	3.12573e-006	1.46499e-006	6.08309e-007	2.1335e-007	5.77927e-008	1.47885e-008	1.01824e-008	4.56061e-009	1.75578e-009	5.62732e-010	1.44639e-010	2.86343e-011	4.16766e-012	4.01864e-013	2.29188e-014	1.07418e-013	3.20501e-015	5.57506e-015	5.50272e-015	0	0	0	0	0	0	0	0	0	0	0	0	0	0	0	0	0	0	0	0	0	0	

153	0.218	4	0	task-3:0.01	task-0:0.03	task-1:0.062	task-2:0.02	|	0.04388	0.0387594	0.0386263	0.0329078	0.0513719	0.0475622	0.033511	0.0322338	0.0320245	0.0310102	0.0309398	0.0300351	0.0296514	0.030024	0.0288872	0.0278765	0.026683	0.0263991	0.0264788	0.026136	0.0253886	0.0248568	0.0240654	0.0239412	0.0233462	0.022084	0.0208365	0.0202435	0.0202913	0.0194446	0.0180027	0.0166555	0.0154368	0.014464	0.0137089	0.0134363	0.0134952	0.013146	0.0127713	0.0124705	0.0120751	0.0115709	0.0110424	0.0105066	0.0100642	0.00940539	0.00897703	0.00859813	0.00821456	0.00840051	0.00858221	0.00837834	0.00812163	0.00781436	0.00763947	0.00751524	0.00729644	0.00703282	0.00675734	0.0064494	0.0061029	0.00572951	0.00535849	0.00493983	0.00467206	0.00451078	0.00415041	0.00382963	0.0034857	0.00312357	0.00274012	0.00239304	0.00222247	0.00204113	0.0018531	0.00165002	0.00147005	0.00133034	0.00129649	0.00110232	0.00116181	0.00116362	0.00105052	0.0209239	0.0210007	0.0212609	0.00392427	0.0141978	0.00326923	0.0207347	0.0207236	0.017089	0.0157181	0.0156974	0.000829849	0.000790761	0.00205693	0.00187794	0.000759804	0.000779409	0.000761338	0.000682406	0.000677913	0.000674092	0.000678637	0.000688127	0.000680968	0.000684733	0.000721115	0.00152375	0.00287322	0.00257745	0.00165213	0.0012332	0.00156138	0.00158948	0.00162919	0.00173652	0.00186631	0.00223594	0.00302636	0.00424407	0.00611745	0.00868187	0.0113557	0.00967668	0.0049781	0.00233973	0.00201717	0.000827937	0.000889826	0.00235739	0.00186875	0.00128327	0.00102944	0.000699997	0.000549448	0.000624154	0.000629065	0.000528688	0.000445783	0.000425215	0.000431421	0.000415432	0.000373843	0.000348466	0.00032578	0.000308946	0.000285048	0.000263024	0.000245121	0.000226789	0.000209213	

60	0.085	4	0	task-3:0.242	task-0:0.346	task-1:0.312	task-2:0.316	|	0.0347523	0.0370741	0.0359555	0.0353094	0.0346189	0.033072	0.0326169	0.0326024	0.032672	0.0327197	0.0327126	0.0327454	0.0327481	0.0327297	0.0327322	0.0327322	0.0327274	0.032731	0.032731	0.0327279	0.0327276	0.0327276	0.0327273	0.0327273	0.0327273	0.0327273	0.0327273	0.0327273	0.0327273	0.0327273	0.0327273	0.0327273	0.0327273	0.0327273	0.0327273	0.0327273	0.0327273	0.0327274	0.0713799	0.071384	0.0671923	0.0314371	0.0314063	0.0307458	0.0307454	0.030745	0.0307447	0.0337743	0.0358161	0.0358141	0.037225	0.037225	0.035552	0.0418945	0.0418945	0.0324382	0.0324382	0.0339296	0.0339292	0.032531	

70	0.1	4	0	task-3:0.008	task-0:0.03	task-1:0.092	task-2:0.064	|	0.0316438	0.0384928	0.0370822	0.0323685	0.0300642	0.0279967	0.0265987	0.0251799	0.0235725	0.0218187	0.0199145	0.0175158	0.0143723	0.0130467	0.0104405	0.00941263	0.00817425	0.00780989	0.00685616	0.00603375	0.00522188	0.0046155	0.00392822	0.00338361	0.00279581	0.00267196	0.00212972	0.00194145	0.00182626	0.00174957	0.00177914	0.00178994	0.00168061	0.00155832	0.00148177	0.00135704	0.00123403	0.00120108	0.00115099	0.00111789	0.00110534	0.00106944	0.00102199	0.000950069	0.000884891	0.000812792	0.000734639	0.000652458	0.000577796	0.000505011	0.000426987	0.000353091	0.000301085	0.000251014	0.000189116	0.000148425	0.000124292	0.000137197	0.00012238	0.00010639	0.000102277	7.19754e-005	6.61732e-005	6.14088e-005	5.41076e-005	4.8094e-005	3.82207e-005	3.69539e-005	3.50767e-005	3.28121e-005	

52	0.074	4	0	task-3:0.5	task-0:0.5	task-1:0.504	task-2:0.5	|	0.0326993	0.0639796	0.0593596	0.0428589	0.034249	0.0329684	0.0329647	0.0328056	0.0328053	0.0327419	0.0327449	0.0327429	0.0327595	0.0327858	0.0327879	0.0326446	0.0321443	0.032081	0.0318757	0.0317321	0.0316543	0.031631	0.0316292	0.0313795	0.0312217	0.0311087	0.031087	0.0310791	0.0310815	0.0310951	0.0311036	0.0311047	0.0311075	0.0311097	0.0311106	0.0311065	0.0302294	0.0301271	0.0301231	0.0301329	0.0380524	0.0380524	0.0380451	0.0380363	0.0780258	0.0780134	0.0778551	0.0379811	0.0379604	0.0379259	0.0778998	0.0778662	

60	0.086	4	0	task-3:0.242	task-0:0.346	task-1:0.312	task-2:0.316	|	0.0347523	0.0370741	0.0359555	0.0353094	0.0346189	0.033072	0.0326169	0.0326024	0.032672	0.0327197	0.0327126	0.0327454	0.0327481	0.0327297	0.0327322	0.0327322	0.0327274	0.032731	0.032731	0.0327279	0.0327276	0.0327276	0.0327273	0.0327273	0.0327273	0.0327273	0.0327273	0.0327273	0.0327273	0.0327273	0.0327273	0.0327273	0.0327273	0.0327273	0.0327273	0.0327273	0.0327273	0.0327274	0.0713799	0.071384	0.0671923	0.0314371	0.0314063	0.0307458	0.0307454	0.030745	0.0307447	0.0337743	0.0358161	0.0358141	0.037225	0.037225	0.035552	0.0418945	0.0418945	0.0324382	0.0324382	0.0339296	0.0339292	0.032531	

82	0.118	4	0	task-3:0.008	task-0:0.016	task-1:0.066	task-2:0.05	|	0.0465133	0.0370387	0.0373618	0.0319418	0.0416747	0.0409048	0.0331733	0.0300165	0.0302794	0.0284737	0.0269781	0.0261568	0.0254578	0.0246982	0.0236459	0.0224175	0.0209956	0.0195075	0.0177825	0.0159004	0.0138481	0.0108382	0.0103177	0.00765056	0.00644239	0.00532315	0.00440285	0.00420165	0.0033124	0.00278194	0.00287912	0.00232989	0.00259948	0.00226033	0.00194888	0.00180935	0.00188277	0.00174331	0.00162432	0.00148914	0.00134543	0.00120411	0.0011602	0.00102215	0.000872018	0.000737705	0.00063642	0.000529447	0.000428658	0.000349166	0.000296251	0.000242169	0.00020996	0.000184645	0.000136696	0.000127558	0.00010038	8.57297e-005	7.08653e-005	9.85808e-005	8.29517e-005	6.35458e-005	6.27257e-005	5.9818e-005	5.73357e-005	5.42263e-005	5.0482e-005	4.63621e-005	4.19475e-005	4.37148e-005	3.72208e-005	3.53418e-005	3.28619e-005	3.21528e-005	2.65494e-005	2.33605e-005	2.05056e-005	1.80376e-005	1.64135e-005	1.70205e-005	1.49157e-005	1.35138e-005	

107	0.153	4	0	task-3:0.072	task-0:0.09	task-1:0.082	task-2:0.042	|	0.0958924	0.0330525	0.0322142	0.0476437	0.0505722	0.0394601	0.0319874	0.0335662	0.0333568	0.0316923	0.0312798	0.0309368	0.0310104	0.0311105	0.0308386	0.030595	0.0304505	0.0304087	0.0301889	0.0297119	0.0292859	0.0288048	0.0283606	0.0271243	0.0259958	0.0249013	0.0236021	0.0221196	0.0226472	0.0209496	0.019399	0.0187843	0.0183548	0.0182538	0.0168197	0.0171103	0.0164551	0.0158393	0.015487	0.0143711	0.0142782	0.0135716	0.0126445	0.012198	0.011676	0.0111878	0.0107711	0.0104966	0.0099832	0.00962183	0.00939284	0.0089131	0.00856896	0.00817608	0.00765025	0.00715963	0.00678858	0.00659468	0.00620518	0.00579709	0.00548051	0.0051469	0.00487018	0.00458567	0.00443061	0.00412645	0.00388959	0.00367206	0.00352468	0.00338151	0.00322956	0.00306839	0.00288511	0.00274716	0.00265651	0.00248972	0.00239548	0.00223919	0.0021993	0.00216339	0.00209555	0.00201419	0.00192588	0.00185221	0.001787	0.00173155	0.00163421	0.00156073	0.00149027	0.00142561	0.00137129	0.00132966	0.00123477	0.00116591	0.00110678	0.00105461	0.00100216	0.000954721	0.000888593	0.000846178	0.000826654	0.000799175	0.000773858	0.000722635	0.000686735	0.000654818	0.000630526	

138	0.197	4	0	task-3:0.018	task-0:0.008	task-1:0.228	task-2:0.242	|	0.0349008	0.0387473	0.0380887	0.0336621	0.0352669	0.0352631	0.0324186	0.0335783	0.0335449	0.0324504	0.0319141	0.0317903	0.0314793	0.0311127	0.0306691	0.0301118	0.0294139	0.0281975	0.027236	0.0259744	0.0241191	0.0217376	0.0217564	0.0187548	0.0174678	0.016214	0.0148278	0.0134344	0.0120841	0.0117303	0.0105111	0.0096583	0.00883305	0.00796481	0.00680612	0.00596298	0.0048494	0.00377762	0.00292279	0.0021134	0.00228293	0.0014412	0.00190145	0.00197877	0.00144677	0.0012834	0.00121312	0.00111483	0.0011272	0.00118911	0.00116113	0.00105796	0.000999815	0.000968349	0.000945501	0.000953487	0.000961505	0.000955586	0.000952084	0.000908107	0.000874349	0.000835996	0.000792991	0.000748799	0.000700539	0.000652407	0.000596695	0.000534067	0.000466932	0.000400249	0.0003336	0.000268129	0.000206372	0.000149561	0.000101173	6.34917e-005	3.63448e-005	1.86098e-005	8.33567e-006	3.17356e-006	9.97172e-007	2.49836e-007	4.7656e-008	6.5454e-009	6.05726e-010	3.51185e-011	1.18038e-012	2.14437e-014	2.88964e-008	1.86715e-012	7.1667e-013	1.35156e-012	2.32516e-015	6.53495e-013	3.64674e-013	0	0	0	0	0	0	0	1.90241e-015	0	0	0	0	0	0	0	0	0	0	0	0	0	0	2.18192e-015	0	0	0	0	0	0	0	0	0	0	0	0	0	0	0	0	0	0	0	0	

166	0.238	4	0	task-3:0.008	task-0:0.024	task-1:0.256	task-2:0.232	|	0.0785179	0.0342435	0.0337965	0.0327695	0.0338953	0.0318858	0.0326184	0.0332275	0.0323505	0.0317359	0.0320938	0.0320595	0.0320163	0.0322311	0.0323565	0.032224	0.0322631	0.0322725	0.0322766	0.0323188	0.0323564	0.0321016	0.0319558	0.032026	0.031912	0.0318565	0.0318565	0.0318326	0.031807	0.0317807	0.0317542	0.0316967	0.0316508	0.0315798	0.0315225	0.031432	0.031315	0.0311766	0.0311707	0.0311005	0.0309947	0.0309925	0.0309484	0.030878	0.0307894	0.0306939	0.030583	0.0304526	0.0303013	0.0301306	0.0299501	0.0294832	0.0294721	0.0293685	0.0290293	0.0286834	0.0283029	0.0278035	0.0271704	0.0263604	0.0265921	0.0258625	0.024759	0.0245632	0.0246504	0.0240453	0.0233422	0.0226342	0.022187	0.021837	0.0213473	0.0206175	0.0205582	0.0199852	0.0194195	0.018417	0.0173517	0.0160979	0.0146672	0.0138783	0.0126752	0.012139	0.0123357	0.0133864	0.0129423	0.0119753	0.0114064	0.0108709	0.0103697	0.00995299	0.0096038	0.00916649	0.00866369	0.00808663	0.00742913	0.00686497	0.00625507	0.00566863	0.00475737	0.0042212	0.00387669	0.00347668	0.0030964	0.00257687	0.00218625	0.00191424	0.00177203	0.00160593	0.00144644	0.00121866	0.00106522	0.00101932	0.000929298	0.00083833	0.000759366	0.000647218	0.000567329	0.000534629	0.00049568	0.000468493	0.000388969	0.000330709	0.000277967	0.000240615	0.000217726	0.000201795	0.000196964	0.00015241	0.000119948	0.000100786	9.31723e-005	8.48544e-005	7.74041e-005	5.98547e-005	5.16617e-005	4.82838e-005	4.40427e-005	4.04495e-005	3.28544e-005	2.87948e-005	2.7219e-005	2.4981e-005	2.29742e-005	2.12735e-005	1.65939e-005	1.40713e-005	1.26374e-005	1.09609e-005	9.71296e-006	8.71622e-006	7.90488e-006	5.87401e-006	4.96827e-006	4.62226e-006	4.20282e-006	3.8778e-006	2.98835e-006	2.51189e-006	2.22833e-006	1.90702e-006	1.70715e-006	1.58864e-006	1.2272e-006	1.01018e-006	8.39204e-007	8.19663e-007	

170	0.244	4	0	task-3:0.006	task-0:0.042	task-1:0.256	task-2:0.206	|	0.103156	0.0360642	0.0343696	0.0345807	0.03729	0.0333265	0.0327704	0.0329353	0.0325471	0.0333412	0.0334564	0.0330536	0.0328075	0.0329743	0.0329497	0.0325302	0.0318096	0.0311609	0.0302779	0.0296123	0.0287	0.0282795	0.028024	0.028076	0.0280161	0.0277699	0.0275123	0.0272676	0.0270289	0.0266381	0.0264014	0.0260898	0.0257225	0.0252782	0.0247231	0.0240307	0.0243165	0.0235448	0.0226288	0.0220741	0.0226281	0.0229433	0.0233343	0.0231227	0.0234745	0.0238459	0.0245804	0.0247642	0.0245431	0.0242875	0.0239857	0.0237405	0.0234344	0.0230804	0.0227012	0.0223296	0.0219757	0.0216271	0.0220678	0.0215627	0.0214009	0.0213344	0.0210891	0.0210996	0.0209775	0.0205943	0.0202369	0.0199245	0.0195843	0.0191317	0.0189757	0.0186289	0.0180847	0.0178494	0.0173949	0.0168271	0.0164854	0.0160573	0.0156336	0.0153888	0.0150341	0.0148077	0.0144504	0.0140312	0.0135444	0.0133283	0.0131176	0.0130465	0.0129378	0.0128627	0.0126243	0.0124725	0.0123112	0.0121176	0.0119103	0.0118283	0.0116691	0.0115282	0.0113403	0.0111166	0.0109455	0.0107166	0.0104608	0.0101802	0.0097101	0.00935254	0.00894328	0.00883893	0.00861645	0.00836864	0.0080333	0.00762697	0.00729646	0.00707343	0.00646916	0.00624908	0.00590017	0.0056125	0.00533584	0.00504644	0.00484021	0.00465639	0.00447532	0.00429465	0.00410804	0.00385237	0.00378058	0.00365413	0.00351976	0.00337505	0.00315701	0.0031244	0.00303381	0.00293572	0.00279849	0.00273082	0.00264923	0.00276214	0.00276436	0.00267059	0.00262038	0.00257225	0.00252917	0.00251272	0.00248152	0.00244648	0.00240616	0.00236076	0.00231161	0.00225697	0.0021642	0.00210323	0.00207361	0.00202702	0.00197564	0.00192011	0.001864	0.00177192	0.00172293	0.0016779	0.00162863	0.00157654	0.00152239	0.00146755	0.00138751	0.00137349	0.00133788	0.00129937	0.00125876	0.00118782	

79	0.114	4	0	task-3:0.008	task-0:0.028	task-1:0.134	task-2:0.08	|	0.0455107	0.0381868	0.0376115	0.0337449	0.0405432	0.0418703	0.0365798	0.0311294	0.0306996	0.0291725	0.0236467	0.0194005	0.018133	0.0166471	0.0140943	0.0135312	0.0123459	0.010192	0.0080369	0.00685214	0.00520271	0.00403171	0.00308145	0.00234222	0.00153313	0.000916117	0.000468562	0.000206323	0.000122815	6.53573e-005	2.87888e-005	0.000149366	7.32482e-005	2.45256e-005	2.51321e-005	2.50846e-005	4.40185e-005	7.64825e-005	5.27033e-005	2.92642e-005	2.59058e-005	2.45278e-005	2.30767e-005	2.15856e-005	1.92497e-005	1.76428e-005	1.62652e-005	1.37932e-005	1.20163e-005	1.04528e-005	9.60894e-006	9.74034e-006	5.35909e-006	4.026e-006	3.28096e-006	2.68e-006	2.03569e-006	1.49961e-006	1.07394e-006	7.76174e-007	6.04433e-007	5.56948e-007	2.85524e-007	1.81766e-007	8.75767e-008	6.12524e-008	3.80656e-008	4.48445e-008	3.33394e-008	2.24517e-008	2.05268e-008	1.50769e-008	1.23844e-008	1.07649e-008	1.0975e-008	1.50681e-008	1.6456e-008	1.65422e-008	1.92049e-008	

159	0.226	4	0	task-3:0.102	task-0:0.018	task-1:0.18	task-2:0.08	|	0.0505142	0.0381183	0.037495	0.0337286	0.0395305	0.039147	0.0332284	0.0330714	0.0330635	0.0323192	0.0326871	0.0326307	0.0321568	0.0320372	0.0318309	0.0314594	0.0311524	0.0307777	0.0304354	0.0302299	0.02983	0.029298	0.0288464	0.0282617	0.027737	0.027301	0.0267975	0.0262367	0.0253943	0.0249845	0.024206	0.0233767	0.022449	0.0213022	0.0205649	0.0202417	0.0199347	0.019769	0.0197382	0.0194041	0.0526517	0.0525445	0.0183419	0.0177289	0.0190223	0.0124846	0.009677	0.00841548	0.00738967	0.00658449	0.008907	0.00707807	0.00639343	0.00573656	0.00746339	0.00711778	0.00556998	0.00599411	0.00592559	0.00543006	0.00536164	0.00529152	0.00528562	0.00517618	0.00498846	0.00481286	0.00466215	0.0044607	0.00424776	0.00399042	0.00368697	0.00334844	0.00297989	0.00258718	0.00217845	0.00176663	0.0013683	0.00100211	0.000688026	0.000440034	0.000253628	0.000136556	6.72226e-005	9.31613e-005	4.3747e-005	6.19764e-005	6.59605e-005	3.40249e-005	4.6924e-005	4.77292e-005	3.47831e-005	0.0161367	3.0016e-005	2.68348e-005	2.42504e-005	2.1506e-005	1.86516e-005	1.59401e-005	1.28559e-005	1.00695e-005	7.62205e-006	6.98766e-006	7.24463e-006	5.13873e-006	4.43939e-006	0.0117674	5.01118e-006	0.0204297	0.0189093	0.000194707	5.31317e-006	5.46735e-006	1.68568e-006	1.15825e-006	1.24501e-006	1.36493e-006	8.06368e-007	5.99451e-007	6.27673e-007	7.31073e-007	7.10241e-007	7.5519e-007	7.22961e-007	6.15116e-007	5.59161e-007	5.14897e-007	4.71493e-007	4.05029e-007	3.29026e-007	2.66746e-007	2.13694e-007	1.69882e-007	1.37899e-007	1.21686e-007	1.13862e-007	1.10696e-007	1.0444e-007	9.50895e-008	8.83229e-008	8.30313e-008	7.7879e-008	7.22053e-008	6.6887e-008	6.22599e-008	5.85472e-008	5.59265e-008	5.45174e-008	5.43896e-008	4.13116e-008	3.24704e-008	2.39069e-008	1.68987e-008	1.12483e-008	6.88891e-009	3.83593e-009	1.91167e-009	8.33243e-010	3.10845e-010	9.68898e-011	

68	0.099	4	0	task-3:0.132	task-0:0.206	task-1:0.14	task-2:0.132	|	0.0342128	0.0955147	0.0746509	0.04101	0.0331766	0.0334967	0.0344179	0.0325082	0.0317444	0.0317232	0.0316473	0.0315769	0.0306055	0.0294573	0.029146	0.0292562	0.0291443	0.0292486	0.029186	0.0293835	0.0295531	0.0299554	0.0303299	0.0305201	0.0305751	0.0304828	0.0303295	0.0302633	0.0302568	0.0302181	0.0302504	0.0302782	0.0302791	0.0302944	0.0303477	0.030363	0.0303628	0.0303763	0.0303725	0.030367	0.0303442	0.0303234	0.0303019	0.0302763	0.0302581	0.0302439	0.0301954	0.030123	0.0300529	0.0299764	0.0298764	0.0297531	0.0296063	0.0294326	0.0292316	0.0289988	0.0287357	0.0284468	0.0281416	0.0278351	0.0275312	0.0272721	0.0270146	0.026683	0.0263024	0.0259281	0.025573	0.0250773	

111	0.159	4	0	task-3:0.026	task-0:0.04	task-1:0.14	task-2:0.166	|	0.0352908	0.0382575	0.0375753	0.031786	0.0305001	0.0286915	0.0273726	0.027109	0.0253614	0.0248805	0.0236085	0.0228216	0.023006	0.021255	0.0190724	0.0174106	0.0155841	0.0138482	0.0127608	0.0124498	0.0117871	0.0111833	0.0107	0.0102989	0.0100126	0.00949901	0.00902924	0.0084994	0.00791985	0.00729643	0.00663697	0.00650409	0.0060889	0.00626859	0.0258292	0.00587476	0.00547816	0.00515788	0.0232835	0.00535815	0.00512867	0.00468017	0.00454057	0.00443313	0.00438497	0.0239819	0.00412152	0.00409703	0.00401707	0.00401918	0.0115594	0.0138101	0.0135661	0.00544747	0.0133179	0.0148242	0.00842814	0.00564672	0.00546647	0.00588568	0.00580066	0.00502271	0.00447	0.00436849	0.00396247	0.00380098	0.00317915	0.00309632	0.0030544	0.00307198	0.00289498	0.00295146	0.00313074	0.0077565	0.00318666	0.00322327	0.00324705	0.0032883	0.00311547	0.00288278	0.00267265	0.00255086	0.00248148	0.00246289	0.00244426	0.0207227	0.00236955	0.00230121	0.00224159	0.00236174	0.00210384	0.00203331	0.00195502	0.0018704	0.00185155	0.00184843	0.00234295	0.00173292	0.00167222	0.00161292	0.00155936	0.00155511	0.00143146	0.00135601	0.00128592	0.00120085	0.00110608	0.00100323	0.0207446	0.000887665	0.000794589	

87	0.125	4	0	task-3:0.006	task-0:0.026	task-1:0.206	task-2:0.056	|	0.0655815	0.0381577	0.0372581	0.0425657	0.0434464	0.0384074	0.0373289	0.036502	0.0361495	0.0357779	0.0349974	0.0348756	0.0341612	0.0328779	0.0320879	0.0312059	0.0303672	0.0265879	0.0264028	0.0248401	0.023516	0.0160729	0.0165704	0.0153157	0.0146353	0.00939015	0.00945444	0.00869449	0.00714234	0.00616527	0.00549323	0.00449497	0.00348549	0.00249249	0.00188562	0.00143949	0.00123034	0.000432506	0.000283052	0.0103631	0.0104885	0.000752791	0.000262614	0.000267063	0.000884335	0.00242344	0.000923466	0.000603526	0.000428261	0.000327785	0.000269553	0.000238506	0.000220482	0.000208103	0.000197994	0.000192143	0.000195512	0.000242533	0.000497035	0.0014802	0.00416785	0.00866251	0.0129823	0.0174759	0.0287267	0.0350582	0.0367393	0.0370384	0.0367389	0.0359224	0.0345555	0.0339133	0.0339168	0.0335508	0.0334015	0.0335204	0.033519	0.033379	0.0333257	0.0332902	0.0332454	0.0331947	0.0331577	0.0331221	0.0330846	0.0330633	0.0330292	

301	0.432	4	0	task-3:0.008	task-0:0.006	task-1:0.256	task-2:0.236	|	0.0407543	0.0359699	0.0334236	0.0362062	0.040821	0.0348141	0.0323881	0.0333271	0.0331032	0.0323483	0.0324002	0.0318112	0.0315698	0.0320541	0.0321588	0.0321772	0.0322647	0.0323547	0.0324066	0.0321673	0.0320395	0.0319175	0.0319057	0.0318478	0.0317936	0.0317803	0.0317513	0.031747	0.0317352	0.0317271	0.0317271	0.0317279	0.0317303	0.0317278	0.0317236	0.0317208	0.0317182	0.0317156	0.0317169	0.0317178	0.0317183	0.0317191	0.0317243	0.03173	0.0317381	0.0317494	0.0317649	0.0317748	0.0317878	0.0318042	0.0318254	0.0318512	0.0318799	0.0319087	0.0319351	0.0319702	0.0320121	0.0320566	0.0321089	0.0320781	0.032095	0.032105	0.032123	0.0320806	0.0320559	0.032029	0.0319967	0.0319556	0.031921	0.0318798	0.0316567	0.0314528	0.0315384	0.0315095	0.0313171	0.0311414	0.0312072	0.0311736	0.0311374	0.0310935	0.0308092	0.0305505	0.0302285	0.0303162	0.0302479	0.0301953	0.0301741	0.0296102	0.0291451	0.029269	0.0291392	0.0289922	0.0282876	0.027656	0.0269369	0.0270494	0.0269257	0.0266843	0.0264682	0.0256935	0.0251454	0.0252666	0.025192	0.0251189	0.0242604	0.0236052	0.0228962	0.0230362	0.0227685	0.0225185	0.0222068	0.0210696	0.0205366	0.0204344	0.0203966	0.0203915	0.0195035	0.0188477	0.0190525	0.0188367	0.01858	0.0178078	0.0173234	0.0173405	0.0172972	0.0172613	0.0165835	0.0160234	0.0153558	0.015573	0.0155148	0.0153082	0.0142924	0.0136467	0.0137979	0.0136355	0.0134748	0.0126269	0.0119801	0.0112434	0.0116415	0.0117531	0.0107776	0.0100826	0.00927174	0.00969697	0.00890024	0.00829041	0.00760495	0.00687002	0.00616967	0.00543833	0.00575827	0.00512501	0.00457989	0.00442117	0.00466354	0.00500396	0.00457285	0.00401435	0.00370231	0.00355037	0.00345208	0.00326086	0.00297172	0.00267102	0.00235089	0.00201739	0.00181319	0.00158327	0.00138107	0.00120922	0.00084992	0.000623936	0.000463543	0.00041793	0.000360641	0.000273563	0.000188448	0.000126184	9.78654e-005	6.66206e-005	4.20239e-005	1.91894e-005	1.37174e-005	6.92184e-006	6.71767e-006	5.92548e-006	2.57949e-006	1.15142e-006	4.50941e-007	1.45553e-007	5.48251e-008	3.24768e-008	1.37696e-008	4.28234e-009	3.33488e-009	2.83994e-009	1.32297e-009	7.57827e-010	6.73325e-010	3.79701e-010	2.23586e-010	1.44077e-010	8.2943e-011	3.65118e-011	1.3794e-011	4.86568e-012	1.35878e-012	2.94652e-013	4.65517e-014	3.59398e-014	2.73861e-014	1.83626e-014	1.65746e-014	1.4999e-014	1.38472e-014	1.80283e-014	9.88076e-015	8.03532e-015	5.95521e-015	4.72051e-014	1.20241e-012	3.49013e-011	2.57469e-009	1.37842e-007	2.44382e-008	3.92959e-008	1.93854e-007	1.01125e-006	8.28423e-006	4.63818e-007	5.11748e-007	4.23924e-007	9.859e-009	5.38043e-010	2.0194e-011	6.37273e-012	6.03334e-012	3.11073e-012	1.30933e-012	4.98821e-013	1.71036e-013	6.37653e-014	3.33498e-014	8.17071e-015	0	0	0	0	0	0	0	0	0	0	0	0	0	0	0	0	0	3.71426e-011	5.02931e-015	1.44646e-014	9.0501e-015	0	0	2.22721e-015	0	0	0	0	0	0	0	0	0	0	0	0	0	0	0	0	0	0	0	0	0	0	0	0	0	0	0	0	0	0	0	

69	0.193	4	0	task-3:0.02	task-0:0.028	task-1:0.11	task-2:0.06	|	0.0539268	0.0371073	0.0339756	0.0320262	0.0350013	0.0324945	0.0297387	0.0260202	0.022384	0.0206707	0.0231937	0.0213875	0.0137755	0.0220685	0.0168156	0.00887799	0.0114216	0.00659443	0.00488698	0.00306962	0.00304904	0.00326212	0.00318343	0.00343519	0.00348148	0.00295131	0.00257783	0.00204126	0.00178827	0.00153703	0.00143645	0.00124567	0.00113779	0.00099118	0.000833472	0.000697875	0.000563974	0.000433897	0.000312562	0.000206974	0.000145157	0.000111837	7.43765e-005	4.98314e-005	3.49219e-005	2.43012e-005	1.72423e-005	1.4872e-005	9.63554e-006	7.67808e-006	4.70934e-006	3.13256e-006	2.01658e-006	1.5767e-006	1.26394e-006	9.13162e-007	8.27003e-007	7.80446e-007	8.07406e-007	8.86894e-007	9.30673e-007	6.91249e-007	5.71141e-007	5.01096e-007	4.25239e-007	3.57402e-007	2.92702e-007	1.85935e-007	1.2834e-007	

121	0.329	4	0	task-3:0.174	task-0:0.236	task-1:0.378	task-2:0.198	|	0.0515424	0.0355377	0.0337205	0.0350128	0.035468	0.0332083	0.0328688	0.032754	0.0327835	0.0326334	0.0325846	0.0325618	0.0325731	0.032557	0.0325384	0.0325697	0.032587	0.0326065	0.0326482	0.0327246	0.0327953	0.032763	0.0327985	0.0328211	0.0328398	0.0328082	0.0328075	0.0327983	0.0327858	0.0327706	0.0327487	0.0327325	0.0327206	0.032712	0.0327064	0.0326955	0.0326833	0.0326683	0.0326835	0.0326642	0.0326554	0.0326489	0.0326396	0.0326303	0.0326221	0.0326164	0.0326121	0.0326013	0.0325932	0.0325825	0.0325718	0.0325605	0.0325552	0.0325581	0.0325377	0.0325316	0.032532	0.0324956	0.0324582	0.0324328	0.0324118	0.0323975	0.0323646	0.0323369	0.0323083	0.0322793	0.0322511	0.0322272	0.0322129	0.0322142	0.0322364	0.0322825	0.0323504	0.0324328	0.0325182	0.0325947	0.0326539	0.0326941	0.0327153	0.0327236	0.0327265	0.0327274	0.0327273	0.0327273	0.0327273	0.0327273	0.0327273	0.0327273	0.0327273	0.0327273	0.0327273	0.0327273	0.0327273	0.0327273	0.0327273	0.0327273	0.0327273	0.0327273	0.0327273	0.0327273	0.0327273	0.0327273	0.0327273	0.0327273	0.0327273	0.0327273	0.0327273	0.0327273	0.0327273	0.0327273	0.0327273	0.0327273	0.0327273	0.0327273	0.0327273	0.0327273	0.0327273	0.0327273	0.0327273	0.0327273	0.0327273	

62	0.182	4	0	task-3:0.308	task-0:0.378	task-1:0.278	task-2:0.316	|	0.125225	0.0336984	0.0350974	0.0345035	0.0327973	0.0342907	0.0334826	0.0320199	0.0324809	0.0323049	0.0315881	0.0311492	0.0315056	0.0314446	0.0310362	0.0309772	0.0310051	0.0310446	0.031067	0.0310686	0.0310957	0.0311069	0.0311067	0.0311015	0.0305422	0.0300771	0.0300541	0.0300532	0.0384973	0.0384973	0.0384254	0.0382779	0.0782473	0.0781397	0.0743588	0.0378805	0.0377402	0.035323	0.0762909	0.0761932	0.0573465	0.0355895	0.0355895	0.0327419	0.0329481	0.032385	0.032385	0.0327749	0.0332027	0.0332298	0.0325918	0.032196	0.0329067	0.0329779	0.0328289	0.0324508	0.0326284	0.0326284	0.032464	0.0324525	0.0324471	0.0324312	

51	0.107	4	0	task-3:0.5	task-0:0.5	task-1:0.504	task-2:0.5	|	0.149606	0.0480199	0.0334425	0.0359902	0.0359392	0.0336203	0.0335032	0.0335162	0.03275	0.0326962	0.032521	0.0325163	0.032417	0.0323217	0.0322325	0.0323205	0.0323696	0.0324393	0.0325171	0.032594	0.0326556	0.0326956	0.0327163	0.032722	0.0327209	0.0327047	0.0324779	0.0320609	0.0320544	0.0313758	0.0313652	0.031353	0.0313387	0.0313221	0.0313028	0.0305472	0.0305043	0.0304546	0.0303977	0.0303336	0.0304922	0.0378862	0.0378862	0.0378233	0.0377523	0.0776735	0.0775874	0.0774938	0.0374027	0.0374027	0.0367516	

121	0.363	4	0	task-3:0.174	task-0:0.236	task-1:0.378	task-2:0.198	|	0.0515424	0.0355377	0.0337205	0.0350128	0.035468	0.0332083	0.0328688	0.032754	0.0327835	0.0326334	0.0325846	0.0325618	0.0325731	0.032557	0.0325384	0.0325697	0.032587	0.0326065	0.0326482	0.0327246	0.0327953	0.032763	0.0327985	0.0328211	0.0328398	0.0328082	0.0328075	0.0327983	0.0327858	0.0327706	0.0327487	0.0327325	0.0327206	0.032712	0.0327064	0.0326955	0.0326833	0.0326683	0.0326835	0.0326642	0.0326554	0.0326489	0.0326396	0.0326303	0.0326221	0.0326164	0.0326121	0.0326013	0.0325932	0.0325825	0.0325718	0.0325605	0.0325552	0.0325581	0.0325377	0.0325316	0.032532	0.0324956	0.0324582	0.0324328	0.0324118	0.0323975	0.0323646	0.0323369	0.0323083	0.0322793	0.0322511	0.0322272	0.0322129	0.0322142	0.0322364	0.0322825	0.0323504	0.0324328	0.0325182	0.0325947	0.0326539	0.0326941	0.0327153	0.0327236	0.0327265	0.0327274	0.0327273	0.0327273	0.0327273	0.0327273	0.0327273	0.0327273	0.0327273	0.0327273	0.0327273	0.0327273	0.0327273	0.0327273	0.0327273	0.0327273	0.0327273	0.0327273	0.0327273	0.0327273	0.0327273	0.0327273	0.0327273	0.0327273	0.0327273	0.0327273	0.0327273	0.0327273	0.0327273	0.0327273	0.0327273	0.0327273	0.0327273	0.0327273	0.0327273	0.0327273	0.0327273	0.0327273	0.0327273	0.0327273	0.0327273	

146	0.398	4	0	task-3:0.002	task-0:0.024	task-1:0.144	task-2:0.048	|	0.0568335	0.035711	0.0342135	0.0372885	0.0370269	0.0336708	0.0300126	0.0268928	0.0247999	0.0237633	0.0226654	0.0212594	0.0206073	0.0184466	0.0171807	0.0151509	0.0122001	0.0106719	0.00679247	0.00779785	0.00739808	0.00549709	0.00537618	0.00518827	0.00493106	0.00481572	0.00516429	0.00494879	0.00454562	0.00438398	0.00425805	0.0041833	0.00401989	0.00383561	0.0236496	0.0037102	0.0036865	0.00368684	0.0634094	0.063279	0.0631996	0.0232156	0.0230825	0.023033	0.0631537	0.0632224	0.0250699	0.0232314	0.0235115	0.0230438	0.0476223	0.0464132	0.00410666	0.00410739	0.0122812	0.0119229	0.0040046	0.00509893	0.00544022	0.00329367	0.00510333	0.00515153	0.0034091	0.00335957	0.00342575	0.00329056	0.00337591	0.00333969	0.00336825	0.00341115	0.00351657	0.00361874	0.00371998	0.00361789	0.0034765	0.00340353	0.00328153	0.00315047	0.00305316	0.00296621	0.00287718	0.00284055	0.00279643	0.00280876	0.00273613	0.00264707	0.00258609	0.00251942	0.00244336	0.00235749	0.0022618	0.00215678	0.00204364	0.00190502	0.00177558	0.00165119	0.00153848	0.00142784	0.00131471	0.00118449	0.00104087	0.000897026	0.000754533	0.000618544	0.000492463	0.000384156	0.000291795	0.000236423	0.000210934	0.000176658	0.000153816	0.000119004	0.000102698	9.02622e-005	7.93154e-005	7.128e-005	6.73146e-005	4.58608e-005	3.64284e-005	3.03275e-005	2.5522e-005	2.28809e-005	1.86958e-005	1.28128e-005	9.2614e-006	6.5615e-006	4.67678e-006	3.21378e-006	2.4908e-006	2.19328e-006	1.20322e-006	7.55654e-007	4.58742e-007	2.66738e-007	1.7382e-007	1.2337e-007	6.07334e-008	4.15915e-008	2.87974e-008	2.13315e-008	1.43898e-008	1.14531e-008	1.13507e-008	6.27379e-009	4.58755e-009	5.64634e-009	

64	0.187	4	0	task-3:0.282	task-0:0.292	task-1:0.266	task-2:0.31	|	0.0585335	0.0340505	0.0411646	0.0374163	0.0331291	0.033925	0.0339493	0.0331102	0.032908	0.0326917	0.0322468	0.0320562	0.0318021	0.0317023	0.0316853	0.0317163	0.0318998	0.0321102	0.0323178	0.0325189	0.0326778	0.0327326	0.0327342	0.0327274	0.0327308	0.0327308	0.0327265	0.0327137	0.0322295	0.0319321	0.0313187	0.0312873	0.0312526	0.0312155	0.0311779	0.0302707	0.0301837	0.0300995	0.0301735	0.0387469	0.0387469	0.0385453	0.0382881	0.0780881	0.0778493	0.0573538	0.0374081	0.0374081	0.036651	0.0687276	0.0687276	0.03325	0.0370219	0.0370219	0.0350112	0.0351834	0.0351834	0.0327806	0.0327684	0.0326554	0.0335337	0.0328281	0.0327619	0.0327619	

159	0.443	4	0	task-3:0.004	task-0:0.014	task-1:0.248	task-2:0.25	|	0.0328025	0.0390058	0.0380245	0.0328651	0.0406235	0.0457799	0.0365328	0.032492	0.0335288	0.0330218	0.0319621	0.0310133	0.0306025	0.0305172	0.0296253	0.0297059	0.0294612	0.0297062	0.0291718	0.0286119	0.0288079	0.0285894	0.0287381	0.0286753	0.028582	0.0285731	0.028695	0.0286106	0.0282931	0.0281842	0.0279781	0.0278116	0.027631	0.027505	0.0272393	0.0269146	0.0265195	0.0260724	0.025536	0.0249612	0.0242107	0.0239925	0.0235624	0.0229953	0.0227586	0.0223596	0.0219417	0.0216874	0.0215073	0.0214513	0.0212686	0.0211414	0.0209474	0.020693	0.0203849	0.0200105	0.0195536	0.0189939	0.0182277	0.0174911	0.0168223	0.0161409	0.0154951	0.0148939	0.0143618	0.0133347	0.0121996	0.01135	0.0104333	0.00928071	0.00834256	0.00817037	0.00768681	0.00739	0.00723554	0.00702946	0.00702435	0.00673784	0.00647299	0.00630404	0.00607324	0.00580662	0.00548439	0.00505328	0.00478144	0.00456339	0.00433025	0.00436723	0.00443024	0.00417153	0.00396543	0.00373127	0.00346924	0.00318349	0.00288384	0.00258887	0.00252853	0.0024447	0.00215999	0.00195333	0.00181702	0.00162961	0.00142997	0.00125617	0.00106262	0.000868511	0.000680575	0.000496783	0.000367209	0.000355174	0.00025249	0.000308447	0.000308939	0.000243931	0.000224068	0.000216018	0.000202059	0.00018648	0.000169704	0.000152133	0.000134195	0.000114931	9.51363e-005	7.58549e-005	5.78303e-005	4.25505e-005	2.99952e-005	2.59525e-005	1.75283e-005	3.35865e-005	3.36014e-005	2.06808e-005	1.80466e-005	1.80042e-005	1.77519e-005	1.85475e-005	1.92859e-005	1.75762e-005	1.67776e-005	1.50111e-005	1.36342e-005	1.24006e-005	1.14569e-005	1.11754e-005	1.05744e-005	9.89899e-006	9.14958e-006	8.33148e-006	7.45382e-006	6.5315e-006	5.5857e-006	4.64314e-006	3.73434e-006	2.88986e-006	2.138e-006	1.50252e-006	1.18577e-006	8.3165e-007	1.75958e-006	

95	0.137	4	0	task-3:0.014	task-0:0.02	task-1:0.052	task-2:0.08	|	0.0890821	0.0343451	0.0349795	0.034706	0.0331961	0.0327645	0.0326447	0.0326357	0.0327686	0.0327734	0.0328437	0.0314125	0.02865	0.0280251	0.0256229	0.0101615	0.00825552	0.0409584	0.0402591	0.00859553	0.00901641	0.00465357	0.00302033	0.00340962	0.00260276	0.00221616	0.00207949	0.00200116	0.00172839	0.00184707	0.00180045	0.00187491	0.00207601	0.00190281	0.00170775	0.0016063	0.00171118	0.00184409	0.00125536	0.00106907	0.000876657	0.000678028	0.000445286	0.000249719	0.000127391	5.24055e-005	1.57003e-005	3.68754e-006	7.2438e-007	1.76819e-007	3.85725e-008	1.38593e-008	7.73814e-009	4.83494e-009	4.59435e-009	3.49079e-009	2.25121e-009	1.28763e-009	6.61938e-010	3.20599e-010	1.26312e-010	4.2961e-011	1.39096e-011	5.43651e-012	2.05166e-012	6.64098e-013	1.87481e-013	5.22378e-014	1.83695e-014	4.26998e-014	1.25449e-014	2.60601e-014	1.87588e-014	3.80375e-014	3.68435e-014	3.0486e-014	2.59302e-014	2.6726e-014	2.41539e-014	2.19169e-014	2.4103e-014	1.80157e-014	1.55447e-014	1.31033e-014	1.07432e-014	8.57528e-015	6.61297e-015	1.09538e-014	1.06217e-014	9.86434e-015	1.15753e-014	1.47203e-014	1.01716e-014	1.05208e-014	8.43473e-015	

106	0.152	4	0	task-3:0.15	task-0:0.188	task-1:0.31	task-2:0.154	|	0.0400012	0.0392577	0.0388365	0.0336337	0.050579	0.0503542	0.03372	0.0333409	0.0331932	0.0333501	0.0330661	0.0326242	0.0325337	0.0322666	0.0320063	0.031775	0.0315333	0.0313021	0.0310759	0.0309109	0.0307408	0.0305449	0.0304277	0.0303405	0.0301053	0.0300444	0.0300705	0.0301843	0.0301711	0.0300436	0.0298045	0.0296311	0.029384	0.0289976	0.0284927	0.0291346	0.0279703	0.027571	0.0280919	0.0276498	0.0274443	0.0276574	0.0274224	0.0272992	0.0274049	0.027582	0.0264095	0.0267208	0.0354372	0.0360596	0.0358128	0.0345629	0.0344009	0.0338512	0.0332856	0.0329695	0.0328665	0.0326952	0.0326689	0.0327335	0.0327806	0.0327746	0.0327522	0.0327441	0.0327383	0.0327287	0.0327208	0.0327106	0.0327003	0.0326902	0.0326793	0.0326686	0.032659	0.0326513	0.0326465	0.0326457	0.0326502	0.0326599	0.0326723	0.0326863	0.0326997	0.0327108	0.0327187	0.0327235	0.0327259	0.0327269	0.0327272	0.0327273	0.0327273	0.0327273	0.0327273	0.0327273	0.0327273	0.0327273	0.0327273	0.0327273	0.0327273	0.0327273	0.0327273	0.0327273	0.0327273	0.0327273	0.0327273	0.0327273	0.0327273	0.0327273	

81	0.117	4	0	task-3:0.11	task-0:0.118	task-1:0.212	task-2:0.318	|	0.0598651	0.0348249	0.0331968	0.0373057	0.0370172	0.0336414	0.0330991	0.0332029	0.0329734	0.0328282	0.0326839	0.0324825	0.0321229	0.0316326	0.0308985	0.029801	0.0275944	0.0250149	0.0245101	0.0233247	0.0215199	0.019407	0.0173991	0.0150763	0.013535	0.0133735	0.0131917	0.0132199	0.0132566	0.0134869	0.0139221	0.0145808	0.0155515	0.0168607	0.0190691	0.0228337	0.027096	0.0301717	0.0318223	0.032526	0.0327259	0.0327226	0.0327279	0.0327344	0.0327302	0.0327302	0.0327276	0.0327276	0.0327276	0.0327276	0.0327273	0.0327277	0.0327277	0.0327274	0.0327273	0.0327273	0.0327273	0.0327273	0.0327273	0.0327273	0.0327273	0.0327273	0.0327273	0.0327273	0.0327273	0.0327273	0.0327273	0.0327273	0.0327273	0.0327273	0.0327273	0.0327273	0.0327273	0.0327273	0.0327273	0.0327273	0.0327273	0.0327273	0.0327273	0.0327273	0.0327273	

95	0.136	4	0	task-3:0.014	task-0:0.02	task-1:0.052	task-2:0.08	|	0.0890821	0.0343451	0.0349795	0.034706	0.0331961	0.0327645	0.0326447	0.0326357	0.0327686	0.0327734	0.0328437	0.0314125	0.02865	0.0280251	0.0256229	0.0101615	0.00825552	0.0409584	0.0402591	0.00859553	0.00901641	0.00465357	0.00302033	0.00340962	0.00260276	0.00221616	0.00207949	0.00200116	0.00172839	0.00184707	0.00180045	0.00187491	0.00207601	0.00190281	0.00170775	0.0016063	0.00171118	0.00184409	0.00125536	0.00106907	0.000876657	0.000678028	0.000445286	0.000249719	0.000127391	5.24055e-005	1.57003e-005	3.68754e-006	7.2438e-007	1.76819e-007	3.85725e-008	1.38593e-008	7.73814e-009	4.83494e-009	4.59435e-009	3.49079e-009	2.25121e-009	1.28763e-009	6.61938e-010	3.20599e-010	1.26312e-010	4.2961e-011	1.39096e-011	5.43651e-012	2.05166e-012	6.64098e-013	1.87481e-013	5.22378e-014	1.83695e-014	4.26998e-014	1.25449e-014	2.60601e-014	1.87588e-014	3.80375e-014	3.68435e-014	3.0486e-014	2.59302e-014	2.6726e-014	2.41539e-014	2.19169e-014	2.4103e-014	1.80157e-014	1.55447e-014	1.31033e-014	1.07432e-014	8.57528e-015	6.61297e-015	1.09538e-014	1.06217e-014	9.86434e-015	1.15753e-014	1.47203e-014	1.01716e-014	1.05208e-014	8.43473e-015	

110	0.158	4	0	task-3:0.004	task-0:0.014	task-1:0.248	task-2:0.25	|	0.0693669	0.0342713	0.0330276	0.0372253	0.0424314	0.0388574	0.0340781	0.033016	0.0330733	0.0319853	0.0310192	0.0303667	0.029649	0.0289141	0.0281429	0.0273618	0.0242514	0.0221774	0.020822	0.0192064	0.0176588	0.016314	0.0159543	0.0144195	0.0136434	0.0126199	0.0115483	0.00985126	0.0086181	0.00822252	0.00887051	0.00791134	0.00728595	0.00720514	0.00672075	0.00612976	0.0056208	0.00510407	0.00455885	0.0040053	0.00326879	0.00273162	0.00248059	0.00207775	0.00181204	0.0016472	0.00157845	0.00144289	0.00133396	0.00112246	0.000962682	0.000820998	0.000705761	0.000650544	0.000576785	0.000500843	0.0004265	0.000356791	0.000294607	0.000210303	0.00019245	0.000156916	0.000178708	0.000215844	0.000182482	0.000142146	0.000123109	0.000108648	9.85365e-005	9.1322e-005	8.24634e-005	7.3052e-005	6.3389e-005	5.34584e-005	4.36472e-005	3.43145e-005	2.58206e-005	1.83822e-005	1.21546e-005	7.45756e-006	4.17963e-006	2.10523e-006	9.37032e-007	3.61602e-007	4.6102e-007	1.14587e-007	3.91098e-007	4.06384e-007	1.51995e-007	1.15655e-007	1.1566e-007	1.04796e-007	1.21546e-007	1.06155e-007	9.89325e-008	8.81491e-008	6.7057e-008	5.40311e-008	4.47482e-008	3.99382e-008	3.48877e-008	3.9444e-008	4.55058e-008	4.09452e-008	3.44399e-008	3.05306e-008	2.69678e-008	2.39871e-008	2.16737e-008	2.04274e-008	

62	0.089	4	0	task-3:0.362	task-0:0.394	task-1:0.236	task-2:0.286	|	0.0589687	0.0352632	0.0339228	0.0375731	0.0419198	0.0377144	0.0351096	0.0337952	0.0339083	0.033656	0.0331569	0.0332069	0.033144	0.0328204	0.0327344	0.0326697	0.0325876	0.0325143	0.0324209	0.032313	0.0321831	0.0320408	0.0318926	0.031747	0.0316132	0.0315032	0.0314072	0.0313238	0.0312562	0.0312034	0.0311646	0.0311376	0.0311206	0.0311129	0.0311116	0.0311118	0.0311117	0.0311112	0.0311112	0.0311111	0.030124	0.0372111	0.0380431	0.0380342	0.0380228	0.0380037	0.0379241	0.0370069	0.0345696	0.0345089	0.0343982	0.034386	0.0329142	0.0350572	0.0348971	0.0328784	0.0328969	0.032869	0.0325045	0.0324833	0.0323561	0.0322625	

69	0.098	4	0	task-3:0.134	task-0:0.138	task-1:0.208	task-2:0.302	|	0.04437	0.0349631	0.0345072	0.0325512	0.0323828	0.0317375	0.0316439	0.0312335	0.0307193	0.0298969	0.0287173	0.0277513	0.0267432	0.0252309	0.0238277	0.0225518	0.0215316	0.0210222	0.0209449	0.0214044	0.0223817	0.0237769	0.0254035	0.0270183	0.028401	0.0289186	0.0303591	0.029896	0.029444	0.0286084	0.0293443	0.0291548	0.0287827	0.0285107	0.0270816	0.0257278	0.0248377	0.0246016	0.0242669	0.0238818	0.0234491	0.0233586	0.0231355	0.0227292	0.0225657	0.0215543	0.0202886	0.0194259	0.0198258	0.0344154	0.0341235	0.0338074	0.0337093	0.0736944	0.0736621	0.0334938	0.0333378	0.0257557	0.0730884	0.0729599	0.0720175	0.0303216	0.030366	0.0374546	0.0367241	0.0232669	0.0233638	0.0248024	0.0246336	

178	0.255	4	0	task-3:0.002	task-0:0.02	task-1:0.254	task-2:0.244	|	0.0325415	0.0354701	0.033117	0.0342222	0.0327384	0.0298419	0.0315946	0.0292184	0.0265463	0.0240845	0.0219984	0.0142759	0.0114038	0.00946888	0.0122167	0.0115855	0.0102416	0.0100269	0.0100603	0.0097884	0.00994708	0.00993393	0.0100691	0.0104127	0.010796	0.0110888	0.0111538	0.0113949	0.0118759	0.0122359	0.0127823	0.0130009	0.0134145	0.0146078	0.0160723	0.0178148	0.019575	0.0212933	0.0217781	0.0216081	0.0216958	0.0215234	0.0409843	0.0209923	0.0204385	0.0199645	0.0195163	0.0190608	0.0186531	0.0184271	0.0176764	0.0170105	0.0160611	0.0153231	0.0149807	0.0148344	0.0144886	0.0143176	0.0141537	0.0138654	0.0135451	0.0131389	0.012613	0.0122646	0.0118613	0.0114395	0.0110276	0.0105992	0.0105006	0.0102396	0.0100436	0.00984156	0.00962913	0.00967095	0.00945029	0.00925191	0.0090694	0.00889404	0.00873003	0.00854902	0.00833558	0.0080981	0.00788748	0.00777132	0.00758932	0.00738987	0.00717722	0.00695935	0.00674957	0.00631523	0.00592808	0.00552001	0.005104	0.00469748	0.00453185	0.00430037	0.00410744	0.00373938	0.00356645	0.00338295	0.00320148	0.00300816	0.00283594	0.00259326	0.00243195	0.00232227	0.00220154	0.00209061	0.00191955	0.00180249	0.00174605	0.00166798	0.00157956	0.00149636	0.00135258	0.00127109	0.00122118	0.00116008	0.00109976	0.00104617	0.000934549	0.000884498	0.000838931	0.000790918	0.000743891	0.000698955	0.000657336	0.000564384	0.000535728	0.000491884	0.000456922	0.000423587	0.000393193	0.000348601	0.000339578	0.000322945	0.000306721	0.000275564	0.000261084	0.000248308	0.000235078	0.000221927	0.000209311	0.000197893	0.000169996	0.000160483	0.00014925	0.00013954	0.000130311	0.000121923	0.000107319	0.000105607	0.000100805	9.61336e-005	9.18148e-005	7.81368e-005	7.23462e-005	6.95653e-005	6.58672e-005	6.22776e-005	5.89659e-005	5.12171e-005	5.13736e-005	4.94523e-005	4.75513e-005	4.57551e-005	3.89249e-005	3.56495e-005	3.50947e-005	3.35654e-005	3.20535e-005	3.06286e-005	2.64714e-005	2.46464e-005	2.37409e-005	2.25398e-005	2.13594e-005	2.02539e-005	

54	0.077	4	0	task-3:0.5	task-0:0.5	task-1:0.38	task-2:0.5	|	0.0323645	0.12326	0.114798	0.075263	0.0487343	0.0356546	0.0350746	0.0344153	0.0332943	0.032883	0.0321819	0.0320186	0.0323471	0.0324727	0.0326407	0.032624	0.0325458	0.0326194	0.0325426	0.0325551	0.0325621	0.0325626	0.0325864	0.0326053	0.0326571	0.0327182	0.0327685	0.0328105	0.0328337	0.0328286	0.0327893	0.032719	0.0326345	0.0325713	0.0325091	0.0324729	0.0324903	0.032533	0.0325917	0.032651	0.032692	0.0327142	0.0327245	0.0327274	0.0327274	0.0327273	0.0327273	0.0327273	0.0327273	0.0327273	0.0327273	0.0327273	0.0327273	0.0327273	

96	0.138	4	0	task-3:0.024	task-0:0.094	task-1:0.224	task-2:0.19	|	0.0334097	0.116656	0.117889	0.061841	0.0347185	0.0334768	0.033753	0.0318836	0.0333376	0.0321366	0.030956	0.0307348	0.0302192	0.0296985	0.0292603	0.02864	0.0281374	0.02748	0.0270853	0.0265532	0.0255586	0.0249084	0.0242625	0.023917	0.023253	0.0229015	0.0224077	0.0224532	0.0221883	0.0217638	0.0214166	0.0208334	0.0203181	0.0198215	0.0195588	0.019173	0.0193845	0.018987	0.0187017	0.0182196	0.0177774	0.0172596	0.0174402	0.0173449	0.0166378	0.0160566	0.0154651	0.0149407	0.0145451	0.0141981	0.0137226	0.0131683	0.0124313	0.011577	0.0108119	0.0117532	0.0106558	0.00993068	0.00999547	0.00980169	0.00951323	0.00956667	0.00968636	0.00972819	0.00985095	0.0103466	0.0106814	0.0102412	0.0104748	0.0106556	0.0110241	0.0108805	0.0109269	0.0111203	0.011283	0.0110987	0.0115282	0.0110151	0.0107274	0.0106528	0.0101261	0.00970728	0.00924129	0.00869668	0.00793875	0.00723283	0.00650972	0.00581256	0.00540505	0.00505557	0.00453616	0.00397209	0.00342809	0.00294557	0.00246781	0.00216388	

65	0.093	4	0	task-3:0.106	task-0:0.116	task-1:0.274	task-2:0.28	|	0.0367552	0.0367357	0.0352585	0.033611	0.0330454	0.0323071	0.0322031	0.0315488	0.0302383	0.0286419	0.0274721	0.0270083	0.0270724	0.0267067	0.0263094	0.0268225	0.0279154	0.029146	0.0303232	0.0312996	0.031994	0.0324084	0.0326137	0.0326951	0.0327275	0.0327278	0.0327278	0.0327273	0.0327276	0.0327276	0.0327273	0.0327273	0.0327273	0.0327273	0.0327273	0.0327273	0.0327273	0.0327273	0.0327273	0.0327273	0.0327273	0.0327273	0.0327273	0.0327273	0.0327273	0.0327273	0.0327273	0.0327273	0.0327273	0.0327273	0.0327273	0.0327273	0.0327273	0.0327273	0.0327273	0.0327273	0.0327273	0.0327273	0.0327273	0.0327273	0.0327273	0.0327273	0.0327273	0.0327273	0.0327273	

54	0.077	4	0	task-3:0.5	task-0:0.5	task-1:0.504	task-2:0.5	|	0.0330625	0.0357482	0.0336348	0.0332816	0.0332477	0.0326905	0.0328916	0.0329126	0.032694	0.0326683	0.0326796	0.0326814	0.0327086	0.0327243	0.0327294	0.0327271	0.0327292	0.0327292	0.0327275	0.0327277	0.0327277	0.0327273	0.0327276	0.0327276	0.0327273	0.0327273	0.0327273	0.0327273	0.0327273	0.0327273	0.0327273	0.0327273	0.0327273	0.0327273	0.0327273	0.0327273	0.0327273	0.0327273	0.0327273	0.0327273	0.0327273	0.0327273	0.0327273	0.0327273	0.0327273	0.0327273	0.0327273	0.0327273	0.0327273	0.0327273	0.0327273	0.0327273	0.0327273	0.0327273	

154	0.22	4	0	task-3:0.012	task-0:0.02	task-1:0.162	task-2:0.172	|	0.0338506	0.0374951	0.0361317	0.0325215	0.0385518	0.038551	0.0331312	0.0325442	0.0324581	0.0321779	0.0321526	0.0320738	0.0319939	0.0318396	0.0316313	0.0313493	0.0309795	0.0305182	0.0299513	0.0292708	0.028477	0.0281297	0.0279262	0.0271923	0.0274839	0.0269376	0.0344397	0.034625	0.0345496	0.0347535	0.0394091	0.0441294	0.035786	0.0268547	0.0363637	0.0251351	0.0240051	0.0241057	0.02398	0.0236003	0.023115	0.022749	0.0223254	0.0218228	0.0212328	0.020653	0.0200185	0.0193143	0.0185593	0.0178411	0.0173127	0.0171006	0.0167618	0.0164677	0.0160942	0.0160037	0.0313996	0.0150016	0.0144826	0.0145129	0.0178727	0.0357688	0.0317867	0.0174552	0.0262779	0.0261224	0.0184373	0.0184972	0.0184663	0.0162439	0.0185612	0.0182994	0.0163936	0.0160897	0.0160345	0.0157703	0.0156789	0.0156036	0.0154806	0.0152838	0.0150804	0.0148854	0.0146153	0.014284	0.0139152	0.0134838	0.0129853	0.0124208	0.0117997	0.0112137	0.0108199	0.0104796	0.0100446	0.00961159	0.0091504	0.0086125	0.00800488	0.00732335	0.00656826	0.00572914	0.00482406	0.00402137	0.00317224	0.00236404	0.00278687	0.0018301	0.00223466	0.00214275	0.00168112	0.00156031	0.00148947	0.00138925	0.00127724	0.0011556	0.00108225	0.000941511	0.000805664	0.000667317	0.000537622	0.000557325	0.000457534	0.000394737	0.000330771	0.000269187	0.000212671	0.000230232	0.000182848	0.000161362	0.0001351	0.000110637	8.72206e-005	6.43332e-005	4.509e-005	2.91458e-005	1.74204e-005	9.45097e-006	4.57849e-006	1.94249e-006	1.32879e-005	2.75618e-006	3.31432e-006	3.38216e-006	9.22724e-007	1.26373e-006	8.83786e-007	8.29363e-007	8.31688e-007	7.40146e-007	7.50581e-007	7.64923e-007	6.87616e-007	6.41377e-007	5.97411e-007	5.51352e-007	

55	0.086	4	0	task-3:0.5	task-0:0.5	task-1:0.504	task-2:0.5	|	0.0456146	0.0382364	0.0375342	0.0334845	0.0360911	0.0360867	0.0331547	0.0335846	0.033578	0.033081	0.0333678	0.0334079	0.0332653	0.0332978	0.0333525	0.0333563	0.0332066	0.0329213	0.0325575	0.0321888	0.0318382	0.0315419	0.031241	0.0309533	0.0308	0.0297902	0.0298248	0.0301523	0.035499	0.038268	0.0382042	0.0381307	0.038044	0.0375664	0.0561241	0.0568029	0.0330658	0.0330627	0.0387586	0.0387586	0.0333415	0.0332775	0.0332773	0.0327388	0.0328182	0.0331234	0.0335855	0.0330081	0.0325918	0.0328985	0.032898	0.0326652	0.0324897	0.0324544	0.032667	

55	0.078	4	0	task-3:0.5	task-0:0.5	task-1:0.412	task-2:0.47	|	0.0361353	0.0377366	0.0363438	0.0336956	0.0371994	0.0372332	0.0341545	0.0328708	0.0332501	0.0331362	0.0326069	0.0324857	0.0324354	0.0323453	0.0323165	0.0322959	0.0322806	0.0322707	0.0322869	0.0323118	0.032354	0.032423	0.0325068	0.0325025	0.0322667	0.0327279	0.0327275	0.032727	0.0327267	0.0327076	0.0321019	0.0327175	0.0327208	0.0327149	0.0327038	0.0326419	0.032727	0.0327273	0.0327273	0.0327273	0.0327273	0.0327273	0.0327273	0.0327273	0.0327273	0.0327273	0.0327273	0.0327273	0.0327273	0.0327273	0.0327273	0.0327273	0.0327273	0.0327273	0.0327273	

938	1.325	4	0	task-3:0.058	task-0:0.054	task-1:0.02	task-2:0.058	|	0.0612593	0.0369296	0.0368441	0.0329836	0.033768	0.0331519	0.0330516	0.0329324	0.0329119	0.0327281	0.0324442	0.032105	0.0316705	0.0312076	0.0309331	0.0309265	0.0305918	0.0299432	0.0296647	0.0292186	0.0289451	0.0284532	0.027928	0.0273626	0.0269323	0.0264868	0.0261057	0.0258744	0.0253771	0.0249831	0.0246275	0.0239471	0.0237834	0.0232633	0.0230861	0.0228586	0.0226562	0.0227512	0.0226877	0.0228852	0.0229551	0.0228128	0.0226795	0.0227111	0.0227046	0.0227242	0.0227884	0.022842	0.022907	0.0228837	0.0228833	0.0228913	0.0229183	0.0229592	0.023011	0.0230717	0.0230769	0.0231089	0.0231643	0.0231756	0.0232071	0.0232423	0.0232196	0.0232301	0.0232096	0.0232006	0.0232041	0.0232049	0.0232037	0.0232063	0.0232093	0.0232091	0.0232087	0.023211	0.0232156	0.0232218	0.0232225	0.0232221	0.0232238	0.0232249	0.0232263	0.0232294	0.023233	0.023234	0.0232356	0.0232388	0.0232418	0.0232458	0.0232507	0.0232494	0.0232447	0.0232427	0.023242	0.0232411	0.02324	0.0232386	0.0232359	0.0232363	0.0232343	0.0232391	0.0232418	0.0232437	0.0232459	0.0232497	0.0232516	0.0232571	0.023255	0.0232557	0.0232572	0.0232567	0.0232555	0.0232547	0.0232549	0.0232549	0.0232509	0.0232479	0.0232443	0.02324	0.0232351	0.0232297	0.0232228	0.0232152	0.0232066	0.0231963	0.0231739	0.0231658	0.0231503	0.0231314	0.0231078	0.023096	0.0230813	0.0230738	0.0230611	0.0230492	0.0230516	0.0230354	0.0230206	0.0230055	0.0229866	0.0229794	0.022986	0.0229875	0.0229817	0.0229766	0.0229763	0.0229782	0.0229783	0.0229773	0.0229774	0.0229782	0.0229784	0.0229784	0.0229785	0.0229787	0.0229777	0.0229771	0.0229765	0.022976	0.0229754	0.0229748	0.0229743	0.0229713	0.0229696	0.0229651	0.0229612	0.0229551	0.0229486	0.0229407	0.0229379	0.0229358	0.022931	0.0229244	0.0229162	0.0229036	0.0228923	0.022876	0.0228577	0.0228358	0.0228067	0.0227738	0.0227753	0.0227574	0.022737	0.0227134	0.0226826	0.0226821	0.0226665	0.022646	0.0226221	0.0225937	0.022558	0.0225533	0.0225292	0.0225014	0.0224806	0.0224479	0.0224095	0.0224037	0.0223783	0.0223489	0.0223136	0.0222683	0.0222146	0.0221495	0.0221228	0.0221063	0.0220888	0.02206	0.0220483	0.0220605	0.0220642	0.0220538	0.0220382	0.0220319	0.0220227	0.0220212	0.0220111	0.0219983	0.0219849	0.0219699	0.021953	0.0219339	0.0219242	0.0219036	0.0218808	0.0218735	0.0218565	0.0218367	0.0218135	0.0218008	0.0217733	0.0217372	0.0216933	0.0216399	0.0215762	0.0214984	0.0214014	0.0212804	0.021131	0.0210873	0.0209914	0.0208421	0.0207754	0.0208219	0.0208277	0.0207829	0.0207577	0.0207495	0.0207523	0.0207571	0.0207389	0.0207315	0.0207328	0.0207241	0.0207074	0.0206874	0.0206646	0.0206441	0.020643	0.0206234	0.0206163	0.0206009	0.0205836	0.0205707	0.0205622	0.0205491	0.0205415	0.0205269	0.0205204	0.0205201	0.0205188	0.0205177	0.0205049	0.0205013	0.020492	0.0204825	0.0204719	0.0204541	0.0204507	0.0204412	0.0204316	0.0204206	0.0204089	0.0203861	0.0203633	0.0203558	0.0203433	0.0203335	0.0203378	0.020336	0.020332	0.0203276	0.0203221	0.0203146	0.0203105	0.0203071	0.020299	0.0202962	0.0203003	0.0203011	0.0202945	0.0202897	0.0202837	0.0202771	0.0202731	0.0202639	0.0202616	0.0202637	0.0202636	0.020257	0.0202513	0.0202469	0.0202409	0.020236	0.0202296	0.02022	0.0202119	0.0202063	0.0202	0.0201917	0.0201806	0.0201737	0.0201691	0.0201613	0.0201552	0.0201515	0.0201445	0.0201408	0.020137	0.0201359	0.0201396	0.0201414	0.0201385	0.0201337	0.020131	0.0201246	0.0201182	0.0201134	0.0201054	0.0201036	0.0201	0.0200924	0.0200875	0.0200809	0.020071	0.0200603	0.0200524	0.0200416	0.0200287	0.0200135	0.0199937	0.0199759	0.0199756	0.0199659	0.0199505	0.019934	0.0199147	0.0198896	0.0198653	0.0198659	0.0198498	0.0198326	0.0198124	0.0197856	0.0197633	0.0197654	0.019753	0.019739	0.0197191	0.0197186	0.0197113	0.0196985	0.0196851	0.0196818	0.019686	0.0196853	0.0196788	0.0196716	0.0196629	0.0196516	0.0196526	0.0196543	0.0196497	0.0196444	0.0196443	0.0196413	0.019638	0.0196341	0.0196266	0.0196231	0.019618	0.0196093	0.0196003	0.01959	0.0195812	0.019565	0.0195479	0.0195471	0.0195367	0.0195254	0.0195124	0.0194928	0.0194762	0.019455	0.0194276	0.0193989	0.0194023	0.0193864	0.0193866	0.0193769	0.0193668	0.0193549	0.0193368	0.0193322	0.0193229	0.0193111	0.0192942	0.0192858	0.0192717	0.0192553	0.0192467	0.0192422	0.0192332	0.0192263	0.0192172	0.0192007	0.0191956	0.0191836	0.0191705	0.0191508	0.0191335	0.0191111	0.0190846	0.019069	0.0190606	0.0190575	0.0190609	0.0190629	0.0190657	0.0190672	0.0190685	0.0190661	0.0190644	0.0190641	0.0190589	0.0190528	0.0190455	0.0190378	0.0190324	0.0190241	0.0190207	0.0190203	0.0190172	0.0190121	0.0190036	0.0189946	0.0189842	0.0189796	0.0189666	0.0189531	0.0189477	0.018946	0.0189394	0.0189322	0.0189237	0.0189089	0.0188945	0.0188908	0.018886	0.0188817	0.0188799	0.0188755	0.0188715	0.0188651	0.0188588	0.0188511	0.0188423	0.0188361	0.0188339	0.018827	0.01882	0.0188158	0.0188099	0.018797	0.0187848	0.0187697	0.0187529	0.0187318	0.018707	0.0186771	0.0186412	0.0186181	0.0186079	0.0185837	0.0185735	0.0185669	0.0185688	0.0185743	0.018572	0.0185686	0.0185628	0.0185571	0.0185456	0.0185334	0.0185276	0.0185173	0.0185057	0.0184992	0.0184873	0.0184745	0.0184635	0.0184476	0.0184432	0.0184399	0.0184343	0.0184273	0.0184237	0.018415	0.018406	0.0183963	0.0183844	0.0183782	0.0183679	0.018356	0.018349	0.0183387	0.0183237	0.0183081	0.0182947	0.018283	0.0182735	0.0182604	0.0182427	0.0182236	0.0182172	0.018208	0.0181954	0.0181807	0.0181619	0.0181414	0.0181271	0.0181196	0.0181092	0.0180963	0.0180903	0.0180804	0.0180647	0.0180577	0.0180462	0.0180304	0.0180262	0.0180214	0.018011	0.0180004	0.0179885	0.0179717	0.0179671	0.0179523	0.0179385	0.0179314	0.0179196	0.0179145	0.0179055	0.0179007	0.0178877	0.0178773	0.0178648	0.017855	0.0178422	0.0178282	0.0178113	0.0177917	0.0177686	0.0177416	0.0177077	0.0176778	0.0176753	0.0176577	0.0176329	0.0176116	0.0176056	0.0175893	0.01757	0.01755	0.0175225	0.017493	0.0174587	0.0174211	0.0173761	0.017322	0.0172526	0.0171775	0.0171717	0.0171182	0.0170759	0.017064	0.0170794	0.0170741	0.0170617	0.0170514	0.0170333	0.0170272	0.0170168	0.0170017	0.0169872	0.0169634	0.0169379	0.0169072	0.0168706	0.0168267	0.0167742	0.0167622	0.0167375	0.0167412	0.0167261	0.0167205	0.0167096	0.0166887	0.0166667	0.0166432	0.0166088	0.0165726	0.0165245	0.0164771	0.0164483	0.0163995	0.0163849	0.0163711	0.0163455	0.0163334	0.0163312	0.0163172	0.0163103	0.0162986	0.016292	0.0162751	0.0162586	0.0162404	0.0162107	0.0161966	0.016169	0.0161393	0.0161182	0.0161011	0.0160842	0.0160633	0.0160505	0.0160308	0.0160076	0.0159806	0.0159578	0.0159152	0.0158835	0.0158686	0.0158629	0.015848	0.0158174	0.0157887	0.0157468	0.0156997	0.0156431	0.0155751	0.0155399	0.0155094	0.0154581	0.0154138	0.0153547	0.0152836	0.0152074	0.0151379	0.015122	0.0150752	0.0150269	0.0149573	0.0148795	0.0148562	0.0148188	0.0147671	0.0147563	0.0147313	0.0147005	0.0146512	0.0146187	0.0145801	0.0145692	0.0145459	0.0145206	0.0144908	0.0144467	0.014397	0.0143773	0.0143575	0.0143099	0.0142607	0.0142061	0.0141612	0.0141401	0.014116	0.0140719	0.0140428	0.0140079	0.0139992	0.0139748	0.0139501	0.0139215	0.0138796	0.0138325	0.0138131	0.0137765	0.0137436	0.0136988	0.0136494	0.0136065	0.0136049	0.0135993	0.0135619	0.0135295	0.0134843	0.0134665	0.0134321	0.0134104	0.0133613	0.0133185	0.0132597	0.0132473	0.0132358	0.0131943	0.0131559	0.0131228	0.0130909	0.0130729	0.013051	0.0130217	0.0129938	0.0129602	0.0129513	0.0129289	0.0129082	0.0128845	0.012853	0.0128165	0.0128064	0.012774	0.0127569	0.0127243	0.0126873	0.0126465	0.0126242	0.012589	0.0125717	0.0125407	0.0125037	0.0124593	0.0124061	0.0123846	0.0123587	0.0123094	0.012275	0.0122449	0.0122357	0.0122099	0.0121992	0.0121543	0.0121171	0.0120636	0.0120469	0.0119982	0.0119659	0.0119217	0.0118864	0.0118369	0.0117776	0.0117537	0.0117071	0.0116607	0.0116217	0.0115805	0.0115373	0.0115261	0.011474	0.0114466	0.0113994	0.0113456	0.0112813	0.0112618	0.0112189	0.0111843	0.0111369	0.0110813	0.0110543	0.0110068	0.0109514	0.0109151	0.0108401	0.010796	0.0107392	0.0107193	0.0106741	0.0106362	0.0106091	0.0106006	0.0105636	0.0105237	0.0104798	0.010443	0.0104359	0.0104099	0.0103764	0.0103265	0.0103026	0.0102556	0.0102057	0.010152	0.0101234	0.0100864	0.0100652	0.0100345	0.0099909	0.00993195	0.00991358	0.00988084	0.0098517	0.00981417	0.00977048	0.00971576	0.00964952	0.00962586	0.00957174	0.00953678	0.00948588	0.00942525	0.00935637	0.00932652	0.0092722	0.00924062	0.00919236	0.00913403	0.00906435	0.0089818	0.00894685	0.00888362	0.00884236	0.00879251	0.00872428	0.00865563	0.00862714	0.00857266	0.00853837	0.00848685	0.00842242	0.00839763	0.00833106	0.00828386	0.00823513	0.00822102	0.00821151	0.0081699	0.00814125	0.00809974	0.00806521	0.00802165	0.0079737	0.00792983	0.0078848	0.00782756	0.00778693	0.00771622	0.00764563	0.00762559	0.0075745	0.00751347	0.0074827	0.00746341	0.007455	0.00745214	0.00745611	0.00744916	0.00743803	0.00742445	0.00741918	0.00740167	0.00738817	0.00737173	0.00734625	0.0073283	0.00729706	0.00726792	0.0072439	0.00724105	0.0072095	0.00719293	0.00718193	0.00716269	0.00714913	0.00713461	0.00712053	0.00710354	0.00708488	0.00705792	0.00701529	0.00697379	0.00692839	0.00692038	0.00687286	0.00684825	0.00680863	0.00676635	0.00675163	0.00672256	0.00668758	0.00665547	0.00661525	0.00656863	0.00651504	0.00648863	0.00644139	0.00642002	0.00636919	0.00631927	0.0062621	0.00619738	0.00612527	0.0060586	0.0059856	0.00598637	0.00595684	0.0059236	0.0058827	0.00583746	0.0057851	0.00573044	0.00577607	0.0057696	0.00577813	0.0057878	0.00570194	0.00573164	0.005685	

52	0.073	4	0	task-3:0.5	task-0:0.5	task-1:0.496	task-2:0.5	|	0.0425259	0.0336771	0.0339363	0.0330499	0.0331324	0.0331234	0.0327149	0.0334228	0.0334309	0.03287	0.0327403	0.0327402	0.0327421	0.0327422	0.0327271	0.0327461	0.032746	0.0327314	0.0327265	0.0327259	0.0327254	0.0327255	0.0327254	0.0327265	0.032727	0.0327268	0.032727	0.0327272	0.0327272	0.0327272	0.0327273	0.0327273	0.0327273	0.0327273	0.0327273	0.0327273	0.0327273	0.0327273	0.0327273	0.0327273	0.0327273	0.0327256	0.0314078	0.031405	0.0314047	0.0314044	0.0314041	0.0314037	0.0314032	0.0314025	0.0314018	0.0307378	

64	0.091	4	0	task-3:0.196	task-0:0.244	task-1:0.3	task-2:0.114	|	0.0501612	0.0388957	0.0385171	0.0335362	0.042699	0.0463468	0.0362882	0.0314237	0.0308062	0.0304544	0.0302803	0.0307278	0.030464	0.0304958	0.0309535	0.0313322	0.0318212	0.0318897	0.0319912	0.0318996	0.0318453	0.0316481	0.0315491	0.0315909	0.0313904	0.0313643	0.0312318	0.0311797	0.0311548	0.0312281	0.0311629	0.0311828	0.0311477	0.0311229	0.0311791	0.0312121	0.0312506	0.0313065	0.0313844	0.0314848	0.0316368	0.0317893	0.0319407	0.0320872	0.0321841	0.0322498	0.0322787	0.0323201	0.0323107	0.0323041	0.0322938	0.03227	0.0322445	0.0322465	0.0322349	0.0322219	0.0322222	0.0322166	0.0322104	0.0322028	0.0321936	0.0321834	0.0321719	0.0321748	

