70	0.032	1	0	task-0:0.502	|	0.295078	0.269284	0.257851	0.258209	0.258485	0.250885	0.252178	0.252149	0.250077	0.251306	0.251305	0.250186	0.250176	0.250176	0.249997	0.249995	0.250038	0.250037	0.250003	0.249991	0.249991	0.249993	0.249993	0.249993	0.249995	0.249996	0.249997	0.249998	0.249998	0.249999	0.249999	0.25	0.25	0.25	0.25	0.25	0.25	0.25	0.25	0.25	0.25	0.25	0.25	0.25	0.25	0.25	0.25	0.25	0.25	0.25	0.25	0.25	0.25	0.25	0.25	0.25	0.25	0.25	0.25	0.25	0.25	0.25	0.25	0.25	0.25	0.25	0.25	0.25	0.25	0.25	

103	0.045	1	0	task-0:0.502	|	0.293617	0.27471	0.263284	0.250196	0.250182	0.252391	0.252395	0.250319	0.250385	0.250385	0.250001	0.250466	0.250466	0.250107	0.25001	0.25001	0.250013	0.250013	0.25	0.250015	0.250015	0.250003	0.25	0.25	0.25	0.25	0.25	0.25	0.25	0.25	0.25	0.25	0.25	0.25	0.25	0.25	0.25	0.25	0.25	0.25	0.25	0.25	0.25	0.25	0.25	0.25	0.25	0.25	0.25	0.25	0.25	0.25	0.25	0.25	0.25	0.25	0.25	0.25	0.25	0.25	0.25	0.25	0.25	0.25	0.25	0.25	0.25	0.25	0.25	0.25	0.25	0.25	0.25	0.25	0.25	0.25	0.25	0.25	0.25	0.25	0.25	0.25	0.25	0.25	0.25	0.25	0.25	0.25	0.25	0.25	0.25	0.25	0.25	0.25	0.25	0.25	0.25	0.25	0.25	0.25	0.25	0.25	0.25	

77	0.07	1	0	task-0:0.262	|	0.272443	0.33636	0.33636	0.256648	0.281072	0.280249	0.248654	0.26188	0.262349	0.247066	0.248589	0.248004	0.243187	0.24121	0.238425	0.233901	0.227865	0.220277	0.211808	0.20361	0.194856	0.18666	0.179627	0.175001	0.173324	0.172815	0.173259	0.174026	0.172271	0.18241	0.197926	0.20409	0.20924	0.211631	0.216111	0.216667	0.216646	0.216363	0.212375	0.21009	0.205856	0.202153	0.192881	0.173515	0.179851	0.179173	0.172941	0.172389	0.172344	0.15648	0.172311	0.172282	0.172411	0.174712	0.175379	0.164296	0.18052	0.18659	0.188593	0.188466	0.188357	0.188289	0.188301	0.193169	0.203238	0.203099	0.202979	0.202912	0.202941	0.202941	0.202912	0.209861	0.209831	0.209788	0.209811	0.216437	0.216339	

102	0.198	1	0	task-0:0.498	|	0.325567	0.263765	0.258578	0.25311	0.253098	0.250048	0.250044	0.250606	0.250606	0.250081	0.250095	0.250095	0.25	0.250119	0.250119	0.250028	0.250002	0.250002	0.250004	0.250004	0.25	0.250003	0.250003	0.250001	0.25	0.25	0.25	0.25	0.25	0.25	0.25	0.25	0.25	0.25	0.25	0.25	0.25	0.25	0.25	0.25	0.25	0.25	0.25	0.25	0.25	0.25	0.25	0.25	0.25	0.25	0.25	0.25	0.25	0.25	0.25	0.25	0.25	0.25	0.25	0.25	0.25	0.25	0.25	0.25	0.25	0.25	0.25	0.25	0.25	0.25	0.25	0.25	0.25	0.25	0.25	0.25	0.25	0.25	0.25	0.25	0.25	0.25	0.25	0.25	0.25	0.25	0.25	0.25	0.25	0.25	0.25	0.25	0.25	0.25	0.25	0.25	0.25	0.25	0.25	0.25	0.25	0.25	

59	0.166	1	0	task-0:0.502	|	0.354988	0.253588	0.2519	0.26023	0.260078	0.251521	0.251282	0.251281	0.249997	0.249996	0.250289	0.250289	0.250055	0.250007	0.250008	0.250002	0.250003	0.249999	0.25	0.25	0.25	0.25	0.250001	0.250001	0.25	0.25	0.25	0.25	0.25	0.25	0.25	0.25	0.25	0.25	0.25	0.25	0.25	0.25	0.25	0.25	0.25	0.25	0.25	0.25	0.25	0.25	0.25	0.25	0.25	0.25	0.25	0.25	0.25	0.25	0.25	0.25	0.25	0.25	0.25	

58	0.134	1	0	task-0:0.44	|	0.251335	0.360008	0.349948	0.27466	0.249829	0.248335	0.248668	0.248888	0.247622	0.249739	0.250777	0.250079	0.250142	0.250158	0.25	0.250001	0.250035	0.250035	0.250007	0.250002	0.250002	0.25	0.25	0.25	0.25	0.25	0.25	0.25	0.25	0.25	0.25	0.25	0.25	0.25	0.25	0.25	0.25	0.25	0.25	0.25	0.25	0.25	0.25	0.25	0.25	0.25	0.25	0.25	0.25	0.25	0.25	0.25	0.25	0.25	0.25	0.25	0.25	0.25	

56	0.131	1	0	task-0:0.502	|	0.302225	0.246873	0.242922	0.248818	0.244776	0.23266	0.231398	0.238253	0.245143	0.248108	0.249131	0.249775	0.250017	0.250052	0.250008	0.250007	0.250007	0.25	0.25	0.250002	0.250002	0.25	0.25	0.25	0.25	0.25	0.25	0.25	0.25	0.25	0.25	0.25	0.25	0.25	0.25	0.25	0.25	0.25	0.25	0.25	0.25	0.25	0.25	0.25	0.25	0.25	0.25	0.25	0.25	0.25	0.25	0.25	0.25	0.25	0.25	0.25	

107	0.195	1	0	task-0:0.502	|	0.26675	0.27352	0.267417	0.25017	0.27092	0.270922	0.255381	0.250259	0.250259	0.250832	0.250832	0.250041	0.250424	0.250424	0.25005	0.250083	0.250083	0.250001	0.250076	0.250076	0.250015	0.250004	0.250004	0.250001	0.250001	0.25	0.25	0.25	0.25	0.25	0.25	0.25	0.25	0.25	0.25	0.25	0.25	0.25	0.25	0.25	0.25	0.25	0.25	0.25	0.25	0.25	0.25	0.25	0.25	0.25	0.25	0.25	0.25	0.25	0.25	0.25	0.25	0.25	0.25	0.25	0.25	0.25	0.25	0.25	0.25	0.25	0.25	0.25	0.25	0.25	0.25	0.25	0.25	0.25	0.25	0.25	0.25	0.25	0.25	0.25	0.25	0.25	0.25	0.25	0.25	0.25	0.25	0.25	0.25	0.25	0.25	0.25	0.25	0.25	0.25	0.25	0.25	0.25	0.25	0.25	0.25	0.25	0.25	0.25	0.25	0.25	0.25	

108	0.267	1	0	task-0:0.006	|	0.248528	0.223913	0.192778	0.163362	0.118087	0.0878846	0.0653465	0.0758918	0.0497142	0.0621366	0.0528727	0.0427342	0.0427342	0.0421582	0.0420536	0.0394212	0.0377395	0.0359872	0.034119	0.0318081	0.0293882	0.026781	0.0240235	0.0211746	0.0183204	0.0155773	0.0130858	0.0183641	0.0128413	0.0139472	0.0139472	0.0113516	0.0119835	0.0114879	0.0109804	0.0110924	0.0108227	0.010627	0.0104392	0.010214	0.00995407	0.00965664	0.00931708	0.00894656	0.0085284	0.0080675	0.00755976	0.00700254	0.00644095	0.00581128	0.00513467	0.00444986	0.00377843	0.00311126	0.00247239	0.00188271	0.00135887	0.0079739	0.003043	0.00238331	0.00238331	0.00105793	0.00105793	0.00124696	0.00124696	0.0010521	0.00108171	0.00108171	0.00103276	0.0010271	0.00101896	0.00102564	0.00103507	0.00102521	0.00101377	0.00100784	0.0010028	0.00100099	0.000997241	0.000992774	0.000987457	0.000981138	0.000973643	0.000964777	0.000954317	0.000942022	0.000927125	0.000909385	0.000888555	0.000864206	0.00083546	0.000802032	0.000763639	0.000720141	0.000671215	0.000616778	0.000557123	0.000492936	0.000425382	0.000356157	0.000287482	0.000223277	0.000164303	0.000112706	7.16085e-005	4.13675e-005	2.15121e-005	9.73932e-006	

85	0.107	1	0	task-0:0.248	|	0.25473	0.251683	0.310283	0.272525	0.284733	0.279156	0.250651	0.278229	0.278333	0.25576	0.24724	0.246395	0.246462	0.245362	0.242888	0.241896	0.239556	0.235204	0.229579	0.222925	0.215575	0.208254	0.201318	0.194666	0.188487	0.18328	0.179107	0.175187	0.171337	0.167957	0.16523	0.162851	0.160619	0.158804	0.157058	0.155549	0.182495	0.182749	0.181274	0.184792	0.188462	0.188642	0.212893	0.228032	0.23447	0.246534	0.251737	0.249191	0.246757	0.245185	0.245302	0.248193	0.250069	0.250069	0.25	0.25	0.250017	0.250017	0.250004	0.25	0.25	0.250001	0.250001	0.25	0.25	0.25	0.25	0.25	0.25	0.25	0.25	0.25	0.25	0.25	0.25	0.25	0.25	0.25	0.25	0.25	0.25	0.25	0.25	0.25	0.25	

85	0.087	1	0	task-0:0.248	|	0.25473	0.251683	0.310283	0.272525	0.284733	0.279156	0.250651	0.278229	0.278333	0.25576	0.24724	0.246395	0.246462	0.245362	0.242888	0.241896	0.239556	0.235204	0.229579	0.222925	0.215575	0.208254	0.201318	0.194666	0.188487	0.18328	0.179107	0.175187	0.171337	0.167957	0.16523	0.162851	0.160619	0.158804	0.157058	0.155549	0.182495	0.182749	0.181274	0.184792	0.188462	0.188642	0.212893	0.228032	0.23447	0.246534	0.251737	0.249191	0.246757	0.245185	0.245302	0.248193	0.250069	0.250069	0.25	0.25	0.250017	0.250017	0.250004	0.25	0.25	0.250001	0.250001	0.25	0.25	0.25	0.25	0.25	0.25	0.25	0.25	0.25	0.25	0.25	0.25	0.25	0.25	0.25	0.25	0.25	0.25	0.25	0.25	0.25	0.25	

85	0.119	1	0	task-0:0.248	|	0.25473	0.251683	0.310283	0.272525	0.284733	0.279156	0.250651	0.278229	0.278333	0.25576	0.24724	0.246395	0.246462	0.245362	0.242888	0.241896	0.239556	0.235204	0.229579	0.222925	0.215575	0.208254	0.201318	0.194666	0.188487	0.18328	0.179107	0.175187	0.171337	0.167957	0.16523	0.162851	0.160619	0.158804	0.157058	0.155549	0.182495	0.182749	0.181274	0.184792	0.188462	0.188642	0.212893	0.228032	0.23447	0.246534	0.251737	0.249191	0.246757	0.245185	0.245302	0.248193	0.250069	0.250069	0.25	0.25	0.250017	0.250017	0.250004	0.25	0.25	0.250001	0.250001	0.25	0.25	0.25	0.25	0.25	0.25	0.25	0.25	0.25	0.25	0.25	0.25	0.25	0.25	0.25	0.25	0.25	0.25	0.25	0.25	0.25	0.25	

69	0.077	1	0	task-0:0.236	|	0.252118	0.258392	0.253844	0.290867	0.289848	0.257198	0.254062	0.254013	0.249477	0.24001	0.201959	0.190187	0.180353	0.173931	0.1695	0.165006	0.160429	0.156112	0.153	0.151701	0.15218	0.153927	0.156354	0.158932	0.16051	0.173278	0.182185	0.205169	0.208394	0.211655	0.209846	0.209399	0.222296	0.228288	0.23389	0.234043	0.236848	0.239583	0.239608	0.24493	0.250152	0.250096	0.250035	0.250002	0.250019	0.250019	0.250002	0.250003	0.250003	0.25	0.250004	0.250004	0.250001	0.25	0.25	0.25	0.25	0.25	0.25	0.25	0.25	0.25	0.25	0.25	0.25	0.25	0.25	0.25	0.25	

122	0.265	1	0	task-0:0.004	|	0.271599	0.338047	0.338047	0.247633	0.274457	0.27048	0.236676	0.250464	0.246981	0.231157	0.227346	0.222092	0.215998	0.20823	0.198428	0.188699	0.177385	0.16556	0.153583	0.138186	0.120713	0.106334	0.0958978	0.0840414	0.0781922	0.0703712	0.0646957	0.057411	0.0513752	0.0445418	0.0383998	0.0320285	0.0259498	0.021108	0.0220752	0.0169218	0.0146691	0.0126618	0.0107712	0.0120257	0.00987358	0.0113589	0.0113589	0.00950841	0.010178	0.010178	0.00948723	0.00945628	0.00940507	0.00934816	0.00935577	0.00928744	0.0091962	0.00910038	0.0089902	0.00885591	0.00869981	0.00851689	0.00830078	0.00805201	0.00776723	0.00744607	0.00709216	0.00671812	0.00629697	0.00583515	0.00532643	0.00478067	0.00424769	0.00367994	0.00633012	0.00397148	0.00412992	0.00412992	0.00321442	0.00332651	0.00313154	0.00320691	0.00320691	0.00309653	0.0030733	0.00305681	0.00303287	0.00300508	0.00297251	0.0029346	0.00289099	0.00283906	0.00277763	0.00270623	0.0026238	0.00252929	0.00250521	0.00241879	0.00255647	0.00255647	0.00243958	0.00239837	0.00237377	0.00236146	0.00234151	0.00231811	0.00229061	0.00225848	0.00222126	0.00217844	0.00212833	0.00207031	0.00200416	0.00196795	0.00191507	0.00203238	0.00203238	0.00193996	0.00191838	0.00191838	0.00191679	0.00192093	0.00192531	0.00191143	0.00190335	0.0018867	

79	0.185	1	0	task-0:0.266	|	0.292578	0.341154	0.341154	0.266357	0.291558	0.285487	0.250127	0.263835	0.264026	0.243713	0.237763	0.234832	0.230582	0.226787	0.220918	0.214223	0.207	0.19998	0.193247	0.186858	0.180999	0.176288	0.173472	0.172347	0.171961	0.172102	0.172471	0.173775	0.173726	0.174613	0.172911	0.206927	0.218589	0.220402	0.217947	0.216966	0.221937	0.228935	0.23039	0.234579	0.234617	0.238926	0.239938	0.243218	0.245017	0.245046	0.24501	0.245008	0.247884	0.250033	0.250012	0.25	0.250014	0.250014	0.250003	0.25	0.25	0.25	0.25	0.25	0.25	0.25	0.25	0.25	0.25	0.25	0.25	0.25	0.25	0.25	0.25	0.25	0.25	0.25	0.25	0.25	0.25	0.25	0.25	

168	0.34	1	0	task-0:0.008	|	0.272003	0.33834	0.33834	0.252777	0.277038	0.274427	0.242453	0.255004	0.252276	0.237832	0.234775	0.230257	0.225097	0.218135	0.208747	0.198925	0.187933	0.175752	0.162972	0.149133	0.134417	0.122031	0.117119	0.101676	0.0919281	0.0830737	0.0757142	0.0684936	0.0585599	0.0575266	0.0445497	0.0418786	0.0370585	0.0357206	0.0370295	0.0320042	0.028634	0.0261288	0.0232233	0.020092	0.0170313	0.0143722	0.0154931	0.0131629	0.0139757	0.0139757	0.0127047	0.0133826	0.0133409	0.0126854	0.0125008	0.0124007	0.012246	0.0120929	0.0119234	0.0117397	0.0115205	0.0112656	0.0109795	0.0106584	0.0103019	0.00991058	0.00949255	0.00905804	0.00876596	0.00844501	0.0081428	0.00772655	0.00726551	0.00676691	0.00624199	0.00569099	0.00514601	0.00456925	0.00586287	0.00442185	0.00482561	0.00482561	0.00407857	0.00405062	0.0039406	0.00404686	0.00404686	0.00394567	0.0039041	0.00386754	0.00384891	0.00381852	0.00378319	0.00374245	0.00369608	0.00364329	0.00357958	0.00350426	0.00341741	0.00331794	0.00321251	0.00317412	0.00311403	0.00304588	0.00296953	0.00288197	0.00278293	0.00269049	0.00263582	0.0025739	0.00250423	0.00242672	0.0023407	0.00228644	0.00222459	0.00216854	0.00210571	0.00203602	0.00195993	0.00187795	0.00183568	0.00175874	0.0019396	0.0019396	0.00179898	0.00176314	0.00176314	0.00176252	0.00177169	0.00178294	0.00176243	0.00173536	0.00172134	0.0017086	0.0016974	0.00169096	0.00169613	0.00170078	0.00170432	0.00169398	0.00168806	0.00168103	0.00166509	0.00165104	0.00163644	0.00162211	0.00160946	0.00160386	0.00159377	0.00158186	0.00156786	0.00155145	0.0015323	0.00151009	0.00148451	0.0014553	0.00142221	0.00138522	0.0013389	0.00132359	0.00129946	0.00127194	0.0012409	0.00120631	0.00116838	0.00112625	0.00110317	0.00107774	0.00104913	0.00101737	0.00098269	0.00096105	

155	0.293	1	0	task-0:0.014	|	0.290705	0.307827	0.307827	0.246753	0.305438	0.305245	0.274351	0.252927	0.262121	0.260803	0.243908	0.241188	0.236302	0.231042	0.230156	0.226917	0.222766	0.215595	0.208039	0.200312	0.191936	0.182797	0.172006	0.161478	0.153603	0.133398	0.107748	0.098319	0.0856627	0.0933316	0.0887638	0.0806876	0.0849469	0.0807969	0.0761953	0.0749713	0.0731159	0.0707881	0.0683983	0.0659655	0.0628687	0.0590908	0.0547937	0.0497682	0.0439788	0.0375236	0.0308215	0.0249759	0.0225573	0.0194921	0.01645	0.0233842	0.0162004	0.0257212	0.0257212	0.015887	0.0172369	0.0172369	0.0150211	0.0156003	0.0152919	0.0146049	0.0145354	0.0143345	0.01412	0.0138741	0.0135964	0.0132896	0.0129622	0.0126008	0.0122485	0.011832	0.011368	0.010843	0.0102566	0.00961322	0.00906404	0.00942397	0.0084742	0.00967125	0.00967125	0.00861159	0.00856684	0.00856684	0.00841167	0.00844239	0.008367	0.00829634	0.00821853	0.00813409	0.00803521	0.00791857	0.00778143	0.00762077	0.00743336	0.00721581	0.00696114	0.00667098	0.00634189	0.00597327	0.00556734	0.00517862	0.00470809	0.00419979	0.00368861	0.00655009	0.00427568	0.00414411	0.00414411	0.00330774	0.0035888	0.00332952	0.00323759	0.00323759	0.00320524	0.00323691	0.00319767	0.00316712	0.00316138	0.00315037	0.00315271	0.00315558	0.00315522	0.00315936	0.00314013	0.0031172	0.00310378	0.00309173	0.00308143	0.00307538	0.00306592	0.00305473	0.00304152	0.00302601	0.00300786	0.00298676	0.00296045	0.00292856	0.00289079	0.00284617	0.00279363	0.00273197	0.00265994	0.0025762	0.00247833	0.00236541	0.00223671	0.00209201	0.00193087	0.00175378	0.0015626	0.00136079	0.00115856	0.000953567	0.000753335	

59	0.106	1	0	task-0:0.182	|	0.313111	0.266404	0.262448	0.250067	0.249184	0.246387	0.236959	0.218113	0.196344	0.194156	0.207751	0.213737	0.215637	0.217826	0.22039	0.223041	0.226062	0.229424	0.232842	0.236057	0.238817	0.241028	0.242665	0.243755	0.244452	0.244919	0.244898	0.249993	0.250253	0.25017	0.250089	0.250026	0.25	0.25	0.250006	0.250006	0.250001	0.25	0.25	0.25	0.25	0.25	0.25	0.25	0.25	0.25	0.25	0.25	0.25	0.25	0.25	0.25	0.25	0.25	0.25	0.25	0.25	0.25	0.25	

60	0.168	1	0	task-0:0.502	|	0.262485	0.328267	0.324392	0.278923	0.250332	0.271195	0.271301	0.253515	0.251967	0.252034	0.250028	0.250051	0.250358	0.250361	0.25003	0.250114	0.250114	0.250007	0.250051	0.250051	0.250005	0.250013	0.250013	0.25	0.250008	0.250008	0.250001	0.250001	0.250001	0.25	0.25	0.25	0.25	0.25	0.25	0.25	0.25	0.25	0.25	0.25	0.25	0.25	0.25	0.25	0.25	0.25	0.25	0.25	0.25	0.25	0.25	0.25	0.25	0.25	0.25	0.25	0.25	0.25	0.25	0.25	

105	0.198	1	0	task-0:0.502	|	0.265293	0.287692	0.277248	0.251449	0.262595	0.262608	0.251534	0.252556	0.252556	0.250032	0.252313	0.252314	0.250451	0.250124	0.250124	0.250026	0.250026	0.250009	0.250009	0.250001	0.250001	0.250001	0.250001	0.25	0.25	0.25	0.25	0.25	0.25	0.25	0.25	0.25	0.25	0.25	0.25	0.25	0.25	0.25	0.25	0.25	0.25	0.25	0.25	0.25	0.25	0.25	0.25	0.25	0.25	0.25	0.25	0.25	0.25	0.25	0.25	0.25	0.25	0.25	0.25	0.25	0.25	0.25	0.25	0.25	0.25	0.25	0.25	0.25	0.25	0.25	0.25	0.25	0.25	0.25	0.25	0.25	0.25	0.25	0.25	0.25	0.25	0.25	0.25	0.25	0.25	0.25	0.25	0.25	0.25	0.25	0.25	0.25	0.25	0.25	0.25	0.25	0.25	0.25	0.25	0.25	0.25	0.25	0.25	0.25	0.25	

113	0.2	1	0	task-0:0.502	|	0.271084	0.285026	0.274878	0.250121	0.268541	0.268478	0.254103	0.250654	0.250654	0.250376	0.250376	0.25001	0.25001	0.250066	0.250066	0.250006	0.250018	0.250018	0.250001	0.25001	0.25001	0.250001	0.250002	0.250002	0.25	0.250002	0.250002	0.25	0.25	0.25	0.25	0.25	0.25	0.25	0.25	0.25	0.25	0.25	0.25	0.25	0.25	0.25	0.25	0.25	0.25	0.25	0.25	0.25	0.25	0.25	0.25	0.25	0.25	0.25	0.25	0.25	0.25	0.25	0.25	0.25	0.25	0.25	0.25	0.25	0.25	0.25	0.25	0.25	0.25	0.25	0.25	0.25	0.25	0.25	0.25	0.25	0.25	0.25	0.25	0.25	0.25	0.25	0.25	0.25	0.25	0.25	0.25	0.25	0.25	0.25	0.25	0.25	0.25	0.25	0.25	0.25	0.25	0.25	0.25	0.25	0.25	0.25	0.25	0.25	0.25	0.25	0.25	0.25	0.25	0.25	0.25	0.25	0.25	

59	0.102	1	0	task-0:0.182	|	0.313111	0.266404	0.262448	0.250067	0.249184	0.246387	0.236959	0.218113	0.196344	0.194156	0.207751	0.213737	0.215637	0.217826	0.22039	0.223041	0.226062	0.229424	0.232842	0.236057	0.238817	0.241028	0.242665	0.243755	0.244452	0.244919	0.244898	0.249993	0.250253	0.25017	0.250089	0.250026	0.25	0.25	0.250006	0.250006	0.250001	0.25	0.25	0.25	0.25	0.25	0.25	0.25	0.25	0.25	0.25	0.25	0.25	0.25	0.25	0.25	0.25	0.25	0.25	0.25	0.25	0.25	0.25	

100	0.146	1	0	task-0:0.502	|	0.260797	0.28366	0.276451	0.251385	0.262248	0.262284	0.251419	0.252709	0.252709	0.250052	0.252171	0.252171	0.250389	0.250159	0.250159	0.250012	0.250013	0.250021	0.250021	0.25	0.250019	0.250019	0.250004	0.250001	0.250001	0.25	0.25	0.25	0.25	0.25	0.25	0.25	0.25	0.25	0.25	0.25	0.25	0.25	0.25	0.25	0.25	0.25	0.25	0.25	0.25	0.25	0.25	0.25	0.25	0.25	0.25	0.25	0.25	0.25	0.25	0.25	0.25	0.25	0.25	0.25	0.25	0.25	0.25	0.25	0.25	0.25	0.25	0.25	0.25	0.25	0.25	0.25	0.25	0.25	0.25	0.25	0.25	0.25	0.25	0.25	0.25	0.25	0.25	0.25	0.25	0.25	0.25	0.25	0.25	0.25	0.25	0.25	0.25	0.25	0.25	0.25	0.25	0.25	0.25	0.25	

62	0.072	1	0	task-0:0.378	|	0.28873	0.275576	0.254385	0.24107	0.244073	0.234429	0.236791	0.234549	0.228086	0.224455	0.225645	0.22513	0.223773	0.224433	0.225286	0.226202	0.227725	0.229573	0.231681	0.233656	0.235403	0.236842	0.237934	0.238034	0.235953	0.24382	0.244993	0.244965	0.244932	0.249887	0.250085	0.250025	0.25	0.25	0.250006	0.250006	0.250001	0.25	0.25	0.25	0.25	0.25	0.25	0.25	0.25	0.25	0.25	0.25	0.25	0.25	0.25	0.25	0.25	0.25	0.25	0.25	0.25	0.25	0.25	0.25	0.25	0.25	

56	0.068	1	0	task-0:0.502	|	0.331222	0.251021	0.247508	0.254541	0.252432	0.242522	0.241659	0.245488	0.247792	0.251155	0.25174	0.250442	0.249976	0.250005	0.250109	0.250109	0.250014	0.250019	0.250019	0.25	0.25002	0.25002	0.250004	0.250001	0.250001	0.25	0.25	0.25	0.25	0.25	0.25	0.25	0.25	0.25	0.25	0.25	0.25	0.25	0.25	0.25	0.25	0.25	0.25	0.25	0.25	0.25	0.25	0.25	0.25	0.25	0.25	0.25	0.25	0.25	0.25	0.25	

55	0.067	1	0	task-0:0.16	|	0.317387	0.241497	0.225719	0.211784	0.18408	0.160151	0.169116	0.187971	0.204058	0.215132	0.222871	0.228684	0.233223	0.237365	0.242022	0.245585	0.248367	0.249587	0.249967	0.25004	0.250004	0.250013	0.250013	0.250001	0.250008	0.250008	0.250001	0.250001	0.250001	0.25	0.250002	0.250002	0.25	0.25	0.25	0.25	0.25	0.25	0.25	0.25	0.25	0.25	0.25	0.25	0.25	0.25	0.25	0.25	0.25	0.25	0.25	0.25	0.25	0.25	0.25	

207	0.262	1	0	task-0:0.016	|	0.260928	0.352053	0.352053	0.25311	0.269365	0.267025	0.236236	0.255727	0.251915	0.232899	0.233454	0.231639	0.22322	0.215883	0.206935	0.196389	0.184731	0.17037	0.153615	0.134847	0.114816	0.0930703	0.0736198	0.0665264	0.0518587	0.0433686	0.0366738	0.0317217	0.0266019	0.0257025	0.0191214	0.0169588	0.0169903	0.0147071	0.0136324	0.012341	0.0109554	0.00955199	0.00840559	0.00996196	0.00756308	0.00924947	0.00924947	0.0074787	0.00784506	0.00784506	0.00727654	0.0072557	0.00734518	0.0071145	0.00696692	0.00695128	0.00687464	0.00679526	0.00671239	0.00661816	0.00651083	0.00639455	0.00627227	0.00607794	0.0059569	0.00587717	0.00577302	0.00566094	0.00554416	0.00540039	0.00522538	0.00502321	0.00479116	0.00452691	0.00424588	0.00430838	0.00395675	0.00434493	0.00434493	0.00397821	0.00387123	0.00381923	0.00377094	0.00371628	0.00365626	0.00358534	0.00350281	0.00341005	0.00330718	0.00319707	0.0031491	0.0030856	0.00301353	0.00293305	0.00284555	0.00274788	0.00270452	0.00264795	0.00258468	0.00251518	0.00244073	0.002349	0.00231157	0.0022621	0.00220732	0.00214785	0.00208501	0.00199637	0.00196534	0.00192252	0.00187551	0.00182502	0.00177235	0.00168644	0.0016613	0.00162472	0.00158488	0.00154256	0.00148618	0.00146491	0.00143658	0.00140538	0.00137184	0.00133702	0.00127556	0.00126145	0.00123714	0.00121075	0.00118286	0.00113785	0.00112739	0.0011084	0.00108755	0.00106518	0.00103928	0.000994158	0.000985447	0.00096804	0.000948618	0.000927323	0.000904498	0.000865553	0.000856683	0.000840974	0.000823533	0.00080453	0.000783487	0.000749953	0.000740408	0.000725969	0.000709876	0.000692239	0.000673323	0.000646844	0.000636169	0.000623009	0.000608395	0.000592447	0.000575433	0.000554765	0.000543318	0.000594801	0.000594801	0.000558054	0.000543041	0.000543041	0.000546555	0.000550756	0.000554973	0.000549427	0.000540915	0.000536305	0.000532303	0.000528352	0.000527945	0.00053142	0.000533861	0.000535796	0.000539214	0.000535052	0.000528011	0.000523865	0.000520247	0.000516373	0.000512396	0.000512499	0.000510683	0.000508535	0.000506	0.000503014	0.000499515	0.000495432	0.000490699	0.000485255	0.00047905	0.000472059	0.000464138	0.000442745	0.000444052	0.000438799	0.000432807	0.00042605	0.000418485	0.000399798	0.00040023	0.000395185	0.000389435	0.000382958	0.000375763	0.000359713	0.000359306	

113	0.143	1	0	task-0:0.004	|	0.267876	0.329354	0.329354	0.246768	0.274355	0.272496	0.240081	0.24804	0.245184	0.233656	0.231515	0.226734	0.221123	0.214607	0.206819	0.196781	0.184672	0.17007	0.152991	0.133802	0.113257	0.0922795	0.0748873	0.0632121	0.0559057	0.0506903	0.0446656	0.0389298	0.0327693	0.027263	0.0232586	0.0190405	0.0156342	0.0194892	0.0138649	0.0169371	0.0169371	0.0132525	0.0145936	0.0145936	0.0130381	0.0128705	0.0129121	0.0124263	0.0120882	0.0117885	0.0114562	0.0110465	0.0105813	0.0100577	0.00947428	0.00883157	0.0082399	0.00754269	0.00679002	0.00603558	0.00527422	0.00450504	0.00374215	0.00299786	0.00228314	0.00166452	0.00727158	0.00296186	0.00283138	0.00283138	0.00128023	0.00178745	0.00137974	0.00124166	0.00124166	0.00118477	0.00124569	0.0011906	0.00114651	0.00114651	0.00115754	0.00116788	0.00115715	0.00115031	0.00114218	0.00113255	0.00112115	0.00110772	0.00109213	0.0010739	0.00105263	0.00102795	0.000999642	0.000969392	0.000933222	0.000892874	0.000846258	0.000793528	0.000734574	0.000669338	0.000598443	0.000523009	0.000444648	0.000364845	0.000286899	0.000214613	0.000151112	0.000100292	6.07131e-005	3.29884e-005	1.57248e-005	6.40791e-006	2.17024e-006	6.05887e-007	1.28754e-007	1.99741e-008	2.1863e-009	

56	0.068	1	0	task-0:0.12	|	0.338322	0.247519	0.23142	0.210143	0.184628	0.17854	0.173937	0.190947	0.200536	0.209125	0.216266	0.22268	0.228399	0.234323	0.239616	0.24303	0.248603	0.249878	0.250029	0.250003	0.25001	0.25001	0.250001	0.250005	0.250005	0.250001	0.250001	0.250001	0.25	0.250001	0.250001	0.25	0.25	0.25	0.25	0.25	0.25	0.25	0.25	0.25	0.25	0.25	0.25	0.25	0.25	0.25	0.25	0.25	0.25	0.25	0.25	0.25	0.25	0.25	0.25	0.25	

60	0.071	1	0	task-0:0.488	|	0.253283	0.329751	0.329261	0.283852	0.251716	0.267585	0.267624	0.252067	0.253685	0.253707	0.250043	0.253264	0.253267	0.250625	0.250192	0.250192	0.250031	0.250031	0.250017	0.250017	0.250001	0.250001	0.250003	0.250003	0.25	0.250001	0.250001	0.25	0.25	0.25	0.25	0.25	0.25	0.25	0.25	0.25	0.25	0.25	0.25	0.25	0.25	0.25	0.25	0.25	0.25	0.25	0.25	0.25	0.25	0.25	0.25	0.25	0.25	0.25	0.25	0.25	0.25	0.25	0.25	0.25	

109	0.15	1	0	task-0:0.018	|	0.25003	0.383391	0.383391	0.288928	0.252118	0.252118	0.254737	0.253885	0.247995	0.247456	0.245165	0.244908	0.244303	0.239019	0.230979	0.223932	0.21861	0.211628	0.203061	0.19255	0.179871	0.164919	0.147771	0.128766	0.108552	0.0880979	0.0857579	0.0634824	0.0531519	0.0446834	0.0377797	0.0362769	0.0237563	0.0448884	0.0396276	0.0213308	0.0206891	0.0187573	0.0194147	0.017678	0.014776	0.0131817	0.0116485	0.0102723	0.00916604	0.00728603	0.00573728	0.00442151	0.00337816	0.00255151	0.001775	0.00120432	0.000753938	0.000445074	0.000218528	9.53113e-005	3.81285e-005	0.000416202	4.43301e-005	6.5097e-005	6.5097e-005	1.46397e-005	1.62035e-005	1.10537e-005	1.49471e-005	1.49471e-005	1.09385e-005	9.90044e-006	9.70153e-006	9.18361e-006	8.61138e-006	7.98879e-006	7.32339e-006	6.62666e-006	5.85568e-006	5.04053e-006	4.20075e-006	3.37302e-006	2.59493e-006	1.89636e-006	1.5192e-006	1.13099e-006	2.16477e-006	2.16477e-006	1.36261e-006	1.09191e-006	9.5665e-007	9.39631e-007	8.74637e-007	8.03641e-007	7.2741e-007	6.47167e-007	5.64599e-007	4.78522e-007	3.91638e-007	3.08507e-007	2.32499e-007	1.66273e-007	1.22963e-007	8.9418e-008	2.00763e-007	2.00763e-007	1.15822e-007	9.04129e-008	9.04129e-008	9.37888e-008	1.01087e-007	1.07822e-007	9.75495e-008	

65	0.096	1	0	task-0:0.502	|	0.262894	0.27953	0.270361	0.250376	0.267921	0.267923	0.253834	0.250769	0.250769	0.250296	0.250297	0.250027	0.250027	0.250036	0.250036	0.25	0.250041	0.250041	0.250009	0.250001	0.250001	0.250001	0.250001	0.25	0.25	0.25	0.25	0.25	0.25	0.25	0.25	0.25	0.25	0.25	0.25	0.25	0.25	0.25	0.25	0.25	0.25	0.25	0.25	0.25	0.25	0.25	0.25	0.25	0.25	0.25	0.25	0.25	0.25	0.25	0.25	0.25	0.25	0.25	0.25	0.25	0.25	0.25	0.25	0.25	0.25	

57	0.106	1	0	task-0:0.502	|	0.304331	0.267087	0.266783	0.249717	0.268555	0.26835	0.253477	0.249388	0.249983	0.250305	0.250407	0.249985	0.249998	0.250103	0.250103	0.250021	0.250005	0.250005	0.250001	0.250001	0.25	0.25	0.25	0.25	0.25	0.25	0.25	0.25	0.25	0.25	0.25	0.25	0.25	0.25	0.25	0.25	0.25	0.25	0.25	0.25	0.25	0.25	0.25	0.25	0.25	0.25	0.25	0.25	0.25	0.25	0.25	0.25	0.25	0.25	0.25	0.25	0.25	

140	0.223	1	0	task-0:0.006	|	0.264214	0.31278	0.305994	0.259429	0.251187	0.249856	0.245522	0.236775	0.213707	0.197603	0.18301	0.179582	0.172986	0.152485	0.133293	0.113202	0.0933903	0.0753714	0.063803	0.0454683	0.0324036	0.0224645	0.0156907	0.0182298	0.0114727	0.00990111	0.00833975	0.00680864	0.00560349	0.00482043	0.00707576	0.00400948	0.0075996	0.0075996	0.00446302	0.00431286	0.00431286	0.00382029	0.00391877	0.00374033	0.00362725	0.00351192	0.00340034	0.00328246	0.00313793	0.00296677	0.00277446	0.00256114	0.00232815	0.00207839	0.00181664	0.00154978	0.00128666	0.00104642	0.00277605	0.00127543	0.00139804	0.00139804	0.000859831	0.000967446	0.000856306	0.000840038	0.000840038	0.000808274	0.000815239	0.000800276	0.000796322	0.000800221	0.000791965	0.000785204	0.00077736	0.000768214	0.000757573	0.000745279	0.0007312	0.000715585	0.000697539	0.000676516	0.000652172	0.000624187	0.000591412	0.00055464	0.000513499	0.00046811	0.00041887	0.000366036	0.000311427	0.000256402	0.000202867	0.00015295	0.000743313	0.000277987	0.000207351	0.000207351	0.000122827	0.000122827	0.000133159	0.000133159	0.000121067	0.000124782	0.000124782	0.000120516	0.000119346	0.000118845	0.000117936	0.000116854	0.000115569	0.000114044	0.000112242	0.000110115	0.000107616	0.00010469	0.000101283	9.73383e-005	9.28047e-005	8.76392e-005	8.1815e-005	7.52916e-005	6.81222e-005	6.04011e-005	5.22825e-005	4.39443e-005	3.56565e-005	2.77313e-005	2.04997e-005	1.42653e-005	9.19008e-006	5.40341e-006	2.85265e-006	1.32489e-006	5.29964e-007	0.000884036	1.89871e-005	5.57204e-006	5.57204e-006	2.51619e-007	2.51619e-007	7.05098e-007	7.05098e-007	2.91985e-007	

201	0.265	1	0	task-0:0.01	|	0.261688	0.34915	0.34915	0.253209	0.258569	0.252511	0.230095	0.228275	0.217235	0.204918	0.190849	0.175489	0.159122	0.144088	0.135273	0.108901	0.0876787	0.0788143	0.0716737	0.0674891	0.0661868	0.0619802	0.0592464	0.0557539	0.0517185	0.047296	0.0426567	0.0371516	0.032162	0.0270896	0.0230055	0.0266842	0.0216292	0.0245109	0.0245109	0.0208811	0.0216714	0.0214212	0.020406	0.0205215	0.0202625	0.0199777	0.019806	0.0195658	0.0192912	0.0189575	0.0185812	0.0181529	0.0176712	0.0171378	0.0165597	0.0160336	0.0156794	0.015265	0.0148749	0.0146747	0.0143811	0.0140526	0.0136909	0.0132672	0.0127765	0.0122271	0.0116311	0.0110169	0.0103332	0.00958458	0.0106917	0.00926018	0.00974422	0.00974422	0.00894083	0.00884552	0.00873614	0.00863222	0.00851612	0.00838533	0.00823653	0.00805739	0.00801276	0.00791774	0.00781082	0.00768966	0.00755345	0.00737307	0.00733704	0.00725011	0.00715148	0.00704085	0.00691696	0.0067408	0.00670889	0.00662852	0.00653698	0.00643378	0.00631833	0.00615745	0.00612317	0.00604768	0.00596146	0.00586392	0.00575462	0.00561924	0.00557699	0.00550509	0.00542277	0.00532934	0.00522437	0.00510773	0.00497276	0.00490829	0.00483028	0.00474139	0.00464112	0.00452946	0.0044586	0.00437014	0.00458806	0.00458806	0.00442136	0.00437428	0.00437428	0.0043764	0.00438651	0.00439723	0.00437162	0.00435813	0.00432635	0.00429895	0.00427097	0.00424446	0.00424015	0.00422445	0.00420583	0.00418375	0.00415766	0.00412695	0.00409093	0.00404887	0.00399997	0.00394348	0.00387863	0.0037928	0.00376992	0.00372763	0.00367841	0.00362145	0.00355598	0.00348124	0.00339659	0.00333073	0.00326273	0.00345828	0.00345828	0.00331074	0.00326548	0.00326548	0.0032697	0.0032809	0.00329256	0.00327054	0.00324104	0.00322522	0.00321171	0.00321033	0.00320317	0.003194	0.00318282	0.00316964	0.00315418	0.00313612	0.00311515	0.00309097	0.00306333	0.00303207	0.00296724	0.00296808	0.00294749	0.00292378	0.00289671	0.00286614	0.00280335	0.00280335	0.00278312	0.00275983	0.00273328	0.00270333	0.00264334	0.00264215	0.00262224	0.00259935	0.00257326	0.00254388	0.00248745	0.00248474	0.00246511	0.00244256	0.00241688	0.002388	0.00233598	0.00233137	0.00231199	

64	0.074	1	0	task-0:0.502	|	0.33643	0.25402	0.253933	0.254079	0.253887	0.249998	0.249997	0.250952	0.250946	0.250225	0.250003	0.250003	0.250028	0.25003	0.249997	0.250015	0.250016	0.250001	0.250003	0.250003	0.25	0.250003	0.250003	0.250001	0.25	0.25	0.25	0.25	0.25	0.25	0.25	0.25	0.25	0.25	0.25	0.25	0.25	0.25	0.25	0.25	0.25	0.25	0.25	0.25	0.25	0.25	0.25	0.25	0.25	0.25	0.25	0.25	0.25	0.25	0.25	0.25	0.25	0.25	0.25	0.25	0.25	0.25	0.25	0.25	

140	0.188	1	0	task-0:0.006	|	0.264214	0.31278	0.305994	0.259429	0.251187	0.249856	0.245522	0.236775	0.213707	0.197603	0.18301	0.179582	0.172986	0.152485	0.133293	0.113202	0.0933903	0.0753714	0.063803	0.0454683	0.0324036	0.0224645	0.0156907	0.0182298	0.0114727	0.00990111	0.00833975	0.00680864	0.00560349	0.00482043	0.00707576	0.00400948	0.0075996	0.0075996	0.00446302	0.00431286	0.00431286	0.00382029	0.00391877	0.00374033	0.00362725	0.00351192	0.00340034	0.00328246	0.00313793	0.00296677	0.00277446	0.00256114	0.00232815	0.00207839	0.00181664	0.00154978	0.00128666	0.00104642	0.00277605	0.00127543	0.00139804	0.00139804	0.000859831	0.000967446	0.000856306	0.000840038	0.000840038	0.000808274	0.000815239	0.000800276	0.000796322	0.000800221	0.000791965	0.000785204	0.00077736	0.000768214	0.000757573	0.000745279	0.0007312	0.000715585	0.000697539	0.000676516	0.000652172	0.000624187	0.000591412	0.00055464	0.000513499	0.00046811	0.00041887	0.000366036	0.000311427	0.000256402	0.000202867	0.00015295	0.000743313	0.000277987	0.000207351	0.000207351	0.000122827	0.000122827	0.000133159	0.000133159	0.000121067	0.000124782	0.000124782	0.000120516	0.000119346	0.000118845	0.000117936	0.000116854	0.000115569	0.000114044	0.000112242	0.000110115	0.000107616	0.00010469	0.000101283	9.73383e-005	9.28047e-005	8.76392e-005	8.1815e-005	7.52916e-005	6.81222e-005	6.04011e-005	5.22825e-005	4.39443e-005	3.56565e-005	2.77313e-005	2.04997e-005	1.42653e-005	9.19008e-006	5.40341e-006	2.85265e-006	1.32489e-006	5.29964e-007	0.000884036	1.89871e-005	5.57204e-006	5.57204e-006	2.51619e-007	2.51619e-007	7.05098e-007	7.05098e-007	2.91985e-007	

161	0.201	1	0	task-0:0.008	|	0.268848	0.283017	0.282464	0.253814	0.258022	0.25768	0.250072	0.255789	0.255539	0.249327	0.241947	0.213481	0.191001	0.178846	0.163356	0.163585	0.145926	0.124268	0.115595	0.106663	0.0924249	0.0826659	0.070875	0.0584225	0.04797	0.038288	0.0303246	0.0241423	0.0195748	0.0156612	0.0125293	0.00981871	0.0177622	0.00993533	0.0172921	0.0172921	0.00801675	0.0111835	0.0111835	0.00817814	0.00843269	0.00843269	0.00766355	0.00831275	0.00827282	0.00775234	0.00764036	0.0076263	0.00760766	0.00761683	0.00760533	0.0075172	0.00744503	0.00735926	0.00725753	0.0071372	0.0069953	0.0068286	0.00663374	0.00640736	0.00614644	0.00584883	0.00551407	0.00514473	0.00474853	0.00437628	0.00398189	0.00502399	0.00392858	0.00424548	0.00424548	0.00365698	0.00364924	0.00356723	0.00365063	0.00365063	0.00357073	0.00354281	0.00351959	0.00350666	0.00348785	0.00346735	0.00344539	0.00341379	0.00337702	0.00333165	0.00328016	0.00321993	0.00314924	0.00306663	0.00297057	0.00285955	0.00273219	0.00258358	0.00241878	0.00223669	0.00203845	0.00182502	0.00160013	0.001366	0.00112658	0.000894682	0.000678732	0.000486414	0.000325649	0.000199454	0.000109728	5.31647e-005	2.21901e-005	7.50476e-006	0.0145621	0.00132765	0.000411426	0.000411426	4.58777e-006	4.58777e-006	1.59997e-005	1.59997e-005	3.69086e-006	5.93955e-006	5.93955e-006	3.18755e-006	4.19917e-006	4.19917e-006	3.11515e-006	3.3307e-006	3.3307e-006	3.03079e-006	3.00319e-006	2.97202e-006	3.02471e-006	3.10119e-006	3.04713e-006	2.97193e-006	2.93881e-006	2.94112e-006	2.93031e-006	2.91739e-006	2.90197e-006	2.88356e-006	2.86164e-006	2.83556e-006	2.80458e-006	2.76747e-006	2.72344e-006	2.67153e-006	2.61055e-006	2.53921e-006	2.45619e-006	2.36014e-006	2.24986e-006	2.12434e-006	1.98297e-006	1.82577e-006	1.65195e-006	1.46444e-006	1.26725e-006	1.0653e-006	8.64913e-007	6.73495e-007	4.98796e-007	

90	0.091	1	0	task-0:0.148	|	0.266062	0.264142	0.273928	0.245656	0.315601	0.315601	0.263272	0.239329	0.234863	0.225288	0.211391	0.194698	0.176894	0.159686	0.144903	0.136023	0.126154	0.122113	0.11806	0.116261	0.100586	0.0939888	0.0891388	0.0930078	0.0980086	0.0877246	0.0848883	0.0829843	0.0820129	0.0820941	0.0726437	0.0711036	0.0781522	0.0767195	0.0701735	0.0652275	0.0684506	0.0828065	0.067355	0.0662549	0.0670963	0.0852842	0.103494	0.0966351	0.102023	0.108964	0.117071	0.126117	0.136225	0.157612	0.173054	0.185746	0.196467	0.209662	0.218226	0.222189	0.222947	0.229914	0.234742	0.243309	0.248611	0.249933	0.250071	0.250078	0.25	0.25	0.250018	0.250018	0.250004	0.25	0.25	0.25	0.25	0.25	0.250001	0.250001	0.25	0.25	0.25	0.25	0.25	0.25	0.25	0.25	0.25	0.25	0.25	0.25	0.25	0.25	

138	0.187	1	0	task-0:0.006	|	0.247863	0.340717	0.327995	0.269343	0.248055	0.238838	0.207141	0.175845	0.141666	0.109774	0.0840898	0.0759642	0.0607852	0.0542416	0.0516292	0.0479331	0.045214	0.0439412	0.0415933	0.0385819	0.0356621	0.0327598	0.0299359	0.0304775	0.0279452	0.0297356	0.0297356	0.0277236	0.0275185	0.0275591	0.0268303	0.0262474	0.0256151	0.0249358	0.0242503	0.0236049	0.0230487	0.0226976	0.0220887	0.0215726	0.0210989	0.0204915	0.0198416	0.0190992	0.0183032	0.0174539	0.0165641	0.0164571	0.0155311	0.0149312	0.0143322	0.0137715	0.0133475	0.0129134	0.0125422	0.0121725	0.0116598	0.0115475	0.0111973	0.0108582	0.0104898	0.0101022	0.0098124	0.00970411	0.00952883	0.00948777	0.00942532	0.00928641	0.00918276	0.00908153	0.00903345	0.00899108	0.00890622	0.00878188	0.00863937	0.00847849	0.00830333	0.008107	0.00787135	0.00759303	0.00727199	0.00690528	0.0064956	0.00603943	0.00554784	0.00501699	0.00445615	0.00807963	0.00523767	0.00517722	0.00517722	0.00403468	0.00437683	0.00405937	0.00398235	0.00398235	0.00391841	0.00395027	0.00390625	0.00387767	0.00384437	0.00380546	0.00376016	0.00370827	0.00364854	0.00359043	0.0035179	0.00343308	0.00333448	0.00322063	0.00308899	0.00293776	0.00322924	0.00286166	0.0030499	0.0030499	0.00279389	0.00276746	0.00274269	0.00279263	0.00279263	0.00275323	0.00273572	0.00272285	0.00271988	0.00271197	0.00270289	0.00269118	0.00267682	0.00265986	0.00263989	0.00261639	0.00258886	0.00255683	0.00251966	0.00247624	0.0024601	0.00243746	

90	0.122	1	0	task-0:0.148	|	0.266062	0.264142	0.273928	0.245656	0.315601	0.315601	0.263272	0.239329	0.234863	0.225288	0.211391	0.194698	0.176894	0.159686	0.144903	0.136023	0.126154	0.122113	0.11806	0.116261	0.100586	0.0939888	0.0891388	0.0930078	0.0980086	0.0877246	0.0848883	0.0829843	0.0820129	0.0820941	0.0726437	0.0711036	0.0781522	0.0767195	0.0701735	0.0652275	0.0684506	0.0828065	0.067355	0.0662549	0.0670963	0.0852842	0.103494	0.0966351	0.102023	0.108964	0.117071	0.126117	0.136225	0.157612	0.173054	0.185746	0.196467	0.209662	0.218226	0.222189	0.222947	0.229914	0.234742	0.243309	0.248611	0.249933	0.250071	0.250078	0.25	0.25	0.250018	0.250018	0.250004	0.25	0.25	0.25	0.25	0.25	0.250001	0.250001	0.25	0.25	0.25	0.25	0.25	0.25	0.25	0.25	0.25	0.25	0.25	0.25	0.25	0.25	

55	0.068	1	0	task-0:0.468	|	0.304133	0.251279	0.249483	0.254527	0.254794	0.249121	0.252527	0.253093	0.250355	0.250369	0.25041	0.249997	0.250002	0.25009	0.25009	0.250015	0.250008	0.250008	0.25	0.25	0.250001	0.250001	0.25	0.25	0.25	0.25	0.25	0.25	0.25	0.25	0.25	0.25	0.25	0.25	0.25	0.25	0.25	0.25	0.25	0.25	0.25	0.25	0.25	0.25	0.25	0.25	0.25	0.25	0.25	0.25	0.25	0.25	0.25	0.25	0.25	

60	0.103	1	0	task-0:0.482	|	0.265919	0.338626	0.332426	0.284385	0.251297	0.266079	0.266273	0.251386	0.253812	0.253934	0.250037	0.252942	0.252961	0.250495	0.250274	0.250275	0.250008	0.250008	0.250047	0.250047	0.250004	0.250015	0.250015	0.250001	0.250007	0.250007	0.250001	0.250002	0.250002	0.25	0.250001	0.250001	0.25	0.25	0.25	0.25	0.25	0.25	0.25	0.25	0.25	0.25	0.25	0.25	0.25	0.25	0.25	0.25	0.25	0.25	0.25	0.25	0.25	0.25	0.25	0.25	0.25	0.25	0.25	0.25	

90	0.122	1	0	task-0:0.148	|	0.266062	0.264142	0.273928	0.245656	0.315601	0.315601	0.263272	0.239329	0.234863	0.225288	0.211391	0.194698	0.176894	0.159686	0.144903	0.136023	0.126154	0.122113	0.11806	0.116261	0.100586	0.0939888	0.0891388	0.0930078	0.0980086	0.0877246	0.0848883	0.0829843	0.0820129	0.0820941	0.0726437	0.0711036	0.0781522	0.0767195	0.0701735	0.0652275	0.0684506	0.0828065	0.067355	0.0662549	0.0670963	0.0852842	0.103494	0.0966351	0.102023	0.108964	0.117071	0.126117	0.136225	0.157612	0.173054	0.185746	0.196467	0.209662	0.218226	0.222189	0.222947	0.229914	0.234742	0.243309	0.248611	0.249933	0.250071	0.250078	0.25	0.25	0.250018	0.250018	0.250004	0.25	0.25	0.25	0.25	0.25	0.250001	0.250001	0.25	0.25	0.25	0.25	0.25	0.25	0.25	0.25	0.25	0.25	0.25	0.25	0.25	0.25	

62	0.073	1	0	task-0:0.202	|	0.259295	0.269376	0.265133	0.284673	0.272303	0.237363	0.232374	0.214238	0.20049	0.192465	0.183701	0.178014	0.176051	0.177751	0.182103	0.188334	0.195604	0.203093	0.21028	0.216923	0.22299	0.22857	0.233384	0.23777	0.241365	0.244049	0.246115	0.247691	0.248781	0.249447	0.249899	0.250086	0.250017	0.250005	0.250005	0.250001	0.250001	0.25	0.25	0.25	0.25	0.25	0.25	0.25	0.25	0.25	0.25	0.25	0.25	0.25	0.25	0.25	0.25	0.25	0.25	0.25	0.25	0.25	0.25	0.25	0.25	0.25	

60	0.071	1	0	task-0:0.33	|	0.288965	0.305799	0.27344	0.23724	0.241124	0.229585	0.227543	0.224409	0.218445	0.215598	0.214814	0.215301	0.215652	0.220168	0.224074	0.227858	0.231024	0.233863	0.236612	0.238667	0.240665	0.24445	0.24487	0.245497	0.24955	0.250065	0.25007	0.250041	0.250015	0.250001	0.250008	0.250008	0.250001	0.250001	0.250001	0.25	0.250001	0.250001	0.25	0.25	0.25	0.25	0.25	0.25	0.25	0.25	0.25	0.25	0.25	0.25	0.25	0.25	0.25	0.25	0.25	0.25	0.25	0.25	0.25	0.25	

80	0.115	1	0	task-0:0.172	|	0.25369	0.262096	0.288989	0.25652	0.30583	0.30583	0.261005	0.255754	0.252488	0.245105	0.240849	0.231308	0.218647	0.202111	0.185346	0.172807	0.161071	0.149857	0.142852	0.141129	0.146708	0.135082	0.116981	0.107293	0.100696	0.0971716	0.0969911	0.0983761	0.102925	0.0965684	0.097215	0.100435	0.106793	0.117126	0.131566	0.130005	0.137572	0.146718	0.15674	0.166886	0.176449	0.184934	0.192116	0.198526	0.206389	0.222152	0.233717	0.244364	0.249628	0.251938	0.251323	0.25032	0.250035	0.250035	0.250037	0.250037	0.25	0.250051	0.250051	0.250013	0.250001	0.250001	0.250002	0.250002	0.25	0.250001	0.250001	0.25	0.25	0.25	0.25	0.25	0.25	0.25	0.25	0.25	0.25	0.25	0.25	0.25	

127	0.147	1	0	task-0:0.008	|	0.261134	0.369381	0.369381	0.266245	0.26257	0.258965	0.239167	0.237979	0.226002	0.215803	0.210716	0.203343	0.196965	0.188897	0.181758	0.161921	0.139815	0.127913	0.113363	0.103206	0.0941039	0.0878246	0.0819074	0.0763966	0.0699125	0.0654613	0.0563788	0.0495335	0.0458909	0.0418173	0.0349396	0.0310623	0.0267382	0.0226007	0.0190662	0.0151927	0.0138744	0.0119491	0.0108558	0.0103786	0.00876749	0.00749595	0.00679129	0.00612916	0.00552566	0.00518128	0.00481105	0.00442829	0.00426444	0.00401756	0.0038855	0.00377621	0.00350461	0.00335689	0.00324736	0.0030604	0.00294458	0.0028553	0.00276839	0.00269069	0.00254886	0.00245592	0.002391	0.00227462	0.00218669	0.00211182	0.00202729	0.00196577	0.00190507	0.00184801	0.00179793	0.00172491	0.00167041	0.00163246	0.00156023	0.00150471	0.001456	0.00141895	0.00133046	0.00127829	0.00125151	0.00122011	0.00117807	0.00114569	0.00112526	0.00110074	0.00107822	0.0010424	0.0010141	0.000991444	0.000964332	0.000939243	0.000915909	0.000896587	0.000853827	0.000825303	0.000805815	0.000774946	0.000750476	0.000729444	0.000703064	0.000684878	0.000667074	0.000650104	0.000635139	0.00061277	0.000596452	0.000586403	0.000574346	0.000563441	0.000544581	0.00053025	0.000519116	0.000505082	0.000492403	0.000480686	0.000471171	0.000448918	0.000434499	0.000425053	0.000408675	0.000396087	0.000385343	0.000378029	0.000352799	0.000339122	0.000333661	

146	0.158	1	0	task-0:0.01	|	0.256352	0.251564	0.318473	0.275825	0.276814	0.276204	0.253529	0.259386	0.25055	0.236609	0.212055	0.175804	0.155565	0.133208	0.117578	0.105166	0.0937891	0.0884237	0.0784332	0.0739634	0.0663119	0.0582223	0.056568	0.0435792	0.0376548	0.0362896	0.029121	0.026249	0.0242575	0.0194993	0.0139571	0.0112955	0.00963413	0.00762313	0.0076808	0.00570633	0.00796807	0.00796807	0.00581744	0.00579889	0.00574887	0.00550582	0.00562687	0.00577252	0.00543835	0.00508847	0.00496311	0.00485288	0.00478195	0.00468258	0.00457165	0.00445044	0.004322	0.00419217	0.00401015	0.00379078	0.00355559	0.0032371	0.00317485	0.00296153	0.00322101	0.00322101	0.002993	0.00290868	0.00284126	0.00278997	0.00273667	0.00267718	0.00261156	0.002541	0.00246788	0.0023964	0.00231502	0.00216279	0.00210558	0.00203144	0.00196357	0.00189545	0.00183229	0.00171534	0.00156434	0.00142158	0.00127646	0.00111335	0.000941224	0.000769216	0.000603282	0.000450127	0.000319314	0.000211981	0.000128444	6.99269e-005	3.35009e-005	1.90774e-005	0.000116143	1.20577e-005	0.000240822	0.000240822	1.93942e-005	1.78503e-005	1.78503e-005	7.94342e-006	1.19666e-005	9.17117e-006	7.18575e-006	8.02565e-006	7.02517e-006	6.75107e-006	6.75107e-006	6.64658e-006	6.67825e-006	6.55052e-006	6.43627e-006	6.30815e-006	6.16682e-006	6.01343e-006	5.85157e-006	5.68702e-006	5.51955e-006	5.40936e-006	5.37895e-006	5.10254e-006	4.90988e-006	4.71008e-006	4.51123e-006	4.32546e-006	4.17223e-006	4.12509e-006	3.88452e-006	3.71791e-006	3.55304e-006	3.40046e-006	3.28209e-006	3.25236e-006	3.04648e-006	2.90884e-006	2.77345e-006	2.64927e-006	2.55887e-006	2.54202e-006	2.36767e-006	2.25503e-006	2.1449e-006	2.04479e-006	1.97662e-006	1.96896e-006	

53	0.066	1	0	task-0:0.502	|	0.251427	0.312518	0.276528	0.244152	0.250277	0.251423	0.245589	0.25281	0.254222	0.250376	0.250346	0.250477	0.250008	0.250016	0.250088	0.250088	0.250007	0.25003	0.25003	0.250002	0.250012	0.250012	0.250001	0.250004	0.250004	0.25	0.250002	0.250002	0.25	0.25	0.25	0.25	0.25	0.25	0.25	0.25	0.25	0.25	0.25	0.25	0.25	0.25	0.25	0.25	0.25	0.25	0.25	0.25	0.25	0.25	0.25	0.25	0.25	

53	0.066	1	0	task-0:0.502	|	0.293721	0.271445	0.268138	0.249682	0.26712	0.267154	0.253395	0.250803	0.250872	0.250191	0.250202	0.250064	0.250065	0.25001	0.25001	0.250006	0.250006	0.25	0.25	0.250001	0.250001	0.25	0.25	0.25	0.25	0.25	0.25	0.25	0.25	0.25	0.25	0.25	0.25	0.25	0.25	0.25	0.25	0.25	0.25	0.25	0.25	0.25	0.25	0.25	0.25	0.25	0.25	0.25	0.25	0.25	0.25	0.25	0.25	

53	0.067	1	0	task-0:0.502	|	0.293721	0.271445	0.268138	0.249682	0.26712	0.267154	0.253395	0.250803	0.250872	0.250191	0.250202	0.250064	0.250065	0.25001	0.25001	0.250006	0.250006	0.25	0.25	0.250001	0.250001	0.25	0.25	0.25	0.25	0.25	0.25	0.25	0.25	0.25	0.25	0.25	0.25	0.25	0.25	0.25	0.25	0.25	0.25	0.25	0.25	0.25	0.25	0.25	0.25	0.25	0.25	0.25	0.25	0.25	0.25	0.25	0.25	

53	0.064	1	0	task-0:0.498	|	0.274832	0.267484	0.266343	0.249872	0.26993	0.26996	0.254832	0.250311	0.25031	0.25058	0.250588	0.249957	0.250527	0.250534	0.250081	0.250017	0.250023	0.249997	0.25	0.250001	0.250003	0.25	0.25	0.250001	0.250001	0.25	0.25	0.25	0.25	0.25	0.25	0.25	0.25	0.25	0.25	0.25	0.25	0.25	0.25	0.25	0.25	0.25	0.25	0.25	0.25	0.25	0.25	0.25	0.25	0.25	0.25	0.25	0.25	

59	0.071	1	0	task-0:0.502	|	0.267602	0.273201	0.271899	0.250442	0.264432	0.264553	0.252283	0.25167	0.251676	0.249989	0.249997	0.250344	0.250347	0.250054	0.250034	0.250035	0.25	0.250001	0.250007	0.250007	0.250001	0.250001	0.250001	0.25	0.250001	0.250001	0.25	0.25	0.25	0.25	0.25	0.25	0.25	0.25	0.25	0.25	0.25	0.25	0.25	0.25	0.25	0.25	0.25	0.25	0.25	0.25	0.25	0.25	0.25	0.25	0.25	0.25	0.25	0.25	0.25	0.25	0.25	0.25	0.25	

58	0.069	1	0	task-0:0.502	|	0.247248	0.275379	0.248402	0.225978	0.248367	0.24692	0.228313	0.227525	0.227704	0.231916	0.235969	0.239531	0.243868	0.246505	0.24826	0.249197	0.249676	0.249959	0.250042	0.250011	0.250001	0.250001	0.250001	0.250001	0.25	0.250002	0.250002	0.250001	0.25	0.25	0.25	0.25	0.25	0.25	0.25	0.25	0.25	0.25	0.25	0.25	0.25	0.25	0.25	0.25	0.25	0.25	0.25	0.25	0.25	0.25	0.25	0.25	0.25	0.25	0.25	0.25	0.25	0.25	

128	0.147	1	0	task-0:0.01	|	0.286341	0.325214	0.325214	0.252	0.300267	0.300267	0.262359	0.246589	0.242891	0.236973	0.228615	0.217979	0.205123	0.189707	0.173899	0.160151	0.141845	0.120536	0.104325	0.0928981	0.0866517	0.0706386	0.0661695	0.0556252	0.0530051	0.0446969	0.0352899	0.0270354	0.0263973	0.0203217	0.0184042	0.015914	0.0140927	0.00976442	0.009824	0.0120662	0.00973404	0.00845331	0.00799158	0.00782265	0.0080164	0.00919564	0.00762008	0.0079337	0.0088819	0.00804396	0.00678728	0.006307	0.00612895	0.00626834	0.00557854	0.0049145	0.00468857	0.00463484	0.00483906	0.00399149	0.0037846	0.00369927	0.00366081	0.00400231	0.00477697	0.00378148	0.00353929	0.00337456	0.00339396	0.00368739	0.00307987	0.00299933	0.00301939	0.00320374	0.00371529	0.00325223	0.0026574	0.00253206	0.00250077	0.00253101	0.00270752	0.00320143	0.00355411	0.00280895	0.00257039	0.00259513	0.00281625	0.00312059	0.00268627	0.00266612	0.00273655	0.00291346	0.00262326	0.00259344	0.00261299	0.00269263	0.00287015	0.00266456	0.00266879	0.0027198	0.002839	0.00268667	0.00268573	0.0027195	0.00280305	0.00269673	0.00270453	0.00263502	0.00263603	0.00268771	0.00273089	0.00282159	0.0025756	0.00250295	0.00250662	0.00257597	0.00269459	0.00249236	0.00246109	0.00246469	0.00250746	0.00260585	0.00242417	0.00238524	0.00237072	0.0023841	0.00243298	0.00253116	0.00235775	0.00235908	0.00240881	0.00248176	

57	0.069	1	0	task-0:0.498	|	0.279672	0.266146	0.258193	0.251318	0.25134	0.250396	0.2504	0.249917	0.249946	0.249998	0.250024	0.249968	0.250049	0.250058	0.250008	0.250002	0.250004	0.25	0.250001	0.25	0.25	0.25	0.25	0.25	0.25	0.25	0.25	0.25	0.25	0.25	0.25	0.25	0.25	0.25	0.25	0.25	0.25	0.25	0.25	0.25	0.25	0.25	0.25	0.25	0.25	0.25	0.25	0.25	0.25	0.25	0.25	0.25	0.25	0.25	0.25	0.25	0.25	

142	0.191	1	0	task-0:0.02	|	0.268646	0.338909	0.338909	0.259805	0.268574	0.263999	0.240259	0.238105	0.230418	0.222483	0.219914	0.212864	0.208942	0.1973	0.179569	0.166291	0.155921	0.142398	0.130837	0.119542	0.109243	0.101352	0.0972328	0.08691	0.0804842	0.074131	0.0696901	0.0663162	0.0649628	0.0529713	0.0510912	0.0730066	0.0656891	0.0460287	0.0422762	0.0409764	0.0400661	0.0400912	0.04279	0.0366618	0.0324888	0.0295892	0.0274171	0.0262766	0.0199835	0.0163971	0.0132968	0.0107003	0.00870591	0.00701225	0.00657951	0.00490306	0.00440792	0.00376049	0.00372189	0.00344311	0.00376492	0.00338125	0.00328333	0.00328333	0.00319999	0.00325219	0.00319357	0.00314325	0.00313188	0.00311657	0.00311241	0.00311993	0.00304966	0.00300403	0.00295481	0.00289968	0.00284083	0.00278353	0.00273532	0.00266899	0.0026396	0.00264447	0.00252134	0.00245402	0.00240111	0.00231469	0.00219889	0.00208853	0.00195874	0.00179596	0.00164331	0.00148148	0.001309	0.00112628	0.0013539	0.00102033	0.00118494	0.00118494	0.000970128	0.000939505	0.000918638	0.000892116	0.000861946	0.000827356	0.000787749	0.000742812	0.000692403	0.000636658	0.000574042	0.000511583	0.000448631	0.000471437	0.000383871	0.000487287	0.000487287	0.000393027	0.000366768	0.000353655	0.000344489	0.000333064	0.000320724	0.000307012	0.000291979	0.000275741	0.000258478	0.000233524	0.000228146	0.000217859	0.000206589	0.000194435	0.000181543	0.000168115	0.000146744	0.000141784	0.000133891	0.00012539	0.000116394	0.000107047	9.55501e-005	9.05429e-005	8.51967e-005	7.96529e-005	7.39076e-005	6.81426e-005	5.93351e-005	5.6713e-005	

178	0.246	1	0	task-0:0.014	|	0.240066	0.345251	0.341064	0.282878	0.245049	0.260937	0.258525	0.229508	0.20813	0.192137	0.165086	0.151935	0.144857	0.127979	0.121654	0.107281	0.0921857	0.0839263	0.0774802	0.0726287	0.0675738	0.0630551	0.0590742	0.0548455	0.0509805	0.0468328	0.0434074	0.0375743	0.0321987	0.0268449	0.0222961	0.0228926	0.018057	0.0183122	0.0158802	0.0178705	0.0178705	0.0154557	0.015119	0.0150401	0.0143291	0.0142352	0.0142352	0.0141127	0.0140411	0.0139028	0.0137826	0.0135516	0.0133276	0.0130731	0.0127884	0.0124764	0.0121445	0.0118074	0.0114108	0.0109661	0.0105132	0.0100335	0.00952977	0.00919305	0.0089259	0.00866596	0.00826579	0.00813465	0.00793121	0.00769894	0.00743543	0.00713844	0.00680587	0.00643604	0.0060282	0.00558443	0.00519379	0.00576314	0.00476567	0.00572564	0.00572564	0.00478375	0.00488811	0.00488811	0.0046514	0.00485113	0.00485113	0.00468903	0.00462286	0.00457012	0.00455887	0.00452662	0.00448954	0.00444731	0.00439981	0.0043472	0.0042901	0.00416735	0.00410004	0.00406533	0.00401316	0.00395513	0.0038918	0.00382434	0.00374385	0.00361249	0.00359272	0.00353999	0.0034804	0.00341388	0.00334068	0.0032241	0.00320315	0.00315432	0.00309906	0.00303724	0.00296901	0.00286725	0.00284291	0.00279718	0.00274532	0.00268715	0.00262274	0.00254288	0.00251169	0.0024684	0.00241921	0.00236388	0.00230237	0.00223072	0.0021713	0.00211701	0.00227824	0.00227824	0.00215714	0.00211901	0.00211901	0.00212313	0.00213247	0.00214209	0.0021239	0.0020993	0.00208592	0.00207393	0.00207235	0.0020665	0.00205895	0.00204973	0.00203891	0.00202628	0.00201162	0.0019947	0.00197537	0.00195352	0.00192853	0.00187313	0.00184737	0.00183187	0.00181121	0.00178764	0.00176127	0.00173281	0.001703	0.00164086	0.00163589	0.00161528	0.00159273	0.00156867	0.00151658	0.00151506	0.0014987	0.00148058	0.00146093	0.00141731	0.00141775	0.00140458	0.00138986	0.00137366	0.00135603	0.00130742	0.00131089	0.00129895	

121	0.175	1	0	task-0:0.018	|	0.270913	0.320578	0.320578	0.25081	0.276257	0.274386	0.243977	0.251327	0.251778	0.237787	0.232968	0.227818	0.220904	0.211605	0.199607	0.184629	0.16706	0.148221	0.135618	0.120164	0.107924	0.100867	0.085859	0.0758591	0.0684321	0.0620705	0.0516023	0.0433352	0.0386279	0.0301387	0.0239658	0.018831	0.0143424	0.0150933	0.0108581	0.0102277	0.00838332	0.00855631	0.0074902	0.00683967	0.0064599	0.0060031	0.00578328	0.00553681	0.00530645	0.00498717	0.0048665	0.00459331	0.0044047	0.0042431	0.00405263	0.00395793	0.00378022	0.00364442	0.00352215	0.00342207	0.00319618	0.00308899	0.00298888	0.00289882	0.00282351	0.00267211	0.00259191	0.00252215	0.00245449	0.00239541	0.00229054	0.00222876	0.00217901	0.00212717	0.00208005	0.00204324	0.00191889	0.0018497	0.00182767	0.001792	0.00176263	0.00167174	0.00161692	0.00160294	0.00157552	0.00155184	0.00148372	0.00143955	0.00143091	0.00140955	0.00139031	0.00133816	0.0013021	0.00129701	0.00128017	0.00126443	0.00122377	0.00119404	0.00116904	0.00115308	0.00113339	0.00111443	0.00109794	0.00105475	0.00102628	0.00101921	0.00100446	0.000991108	0.000980927	0.000930245	0.000898688	0.000874757	0.000859496	0.000842532	0.000828148	0.000818777	0.00076611	0.000737464	0.000734251	0.000723685	0.000716323	0.000675881	0.000652115	0.000651842	0.000643973	

