104	0.03	0	0	task-3:0.002	task-0:0.036	task-1:0.014	task-2:0.042	|	0.0810511	0.054727	0.0300878	0.0298536	0.0293337	0.0283166	0.0275951	0.026631	0.0260396	0.0248636	0.0247248	0.0235791	0.0231897	0.0224193	0.0218131	0.0208736	0.0208562	0.0206892	0.0203068	0.0195047	0.0179287	0.0151113	0.0197893	0.0440751	0.0137317	0.0122199	0.0118744	0.0118522	0.0118115	0.0117272	0.0115608	0.0112323	0.0105637	0.0148088	0.0105377	0.0103236	0.0102578	0.0102432	0.0102141	0.01016	0.0100849	0.00985556	0.00978112	0.00962871	0.00932481	0.00873602	0.00764673	0.00597667	0.030581	0.00716818	0.0276479	0.00584419	0.00568437	0.0055909	0.00555018	0.00553008	0.00549922	0.00544875	0.0053097	0.00525939	0.00514325	0.00502424	0.00479862	0.00474591	0.00526133	0.00446794	0.00441494	0.00437209	0.00432787	0.00424963	0.00408691	0.00424664	0.00410018	0.00408035	0.00404025	0.0039907	0.00398968	0.00398769	0.00398659	0.00399121	0.00396515	0.00391008	0.00381876	0.00380238	0.00369723	0.00369838	0.00369345	0.0036883	0.00368103	0.00362768	0.00355141	0.0035553	0.00354183	0.00350896	0.00344063	0.00331632	0.00331973	0.0032655	0.00315902	0.00314484	0.00311544	0.00305707	0.00292982	0.00268938	0.0024331	

126	0.126	0	0	task-3:0.002	task-0:0.03	task-1:0.014	task-2:0.038	|	0.0806924	0.0539874	0.0304133	0.0301717	0.029661	0.028803	0.0284663	0.0282592	0.0277331	0.0266314	0.024674	0.0259402	0.0246002	0.0238369	0.0233665	0.0227171	0.0221655	0.0212739	0.0209524	0.0203283	0.0197574	0.0186804	0.0199391	0.0182689	0.0180611	0.0176185	0.0168372	0.0174674	0.0168661	0.0167169	0.016488	0.0161768	0.0161382	0.0161174	0.0159985	0.015713	0.015117	0.0140028	0.0153468	0.0144116	0.013062	0.0128633	0.0126572	0.0126285	0.0125746	0.0124997	0.0123019	0.0119221	0.011736	0.0114956	0.0113711	0.0113217	0.0112226	0.011029	0.0106118	0.0106677	0.010261	0.0102117	0.0101922	0.0101196	0.0099513	0.00959664	0.00889932	0.00763998	0.011454	0.0221337	0.00684849	0.00629579	0.00616098	0.00613052	0.00612673	0.00612079	0.00612033	0.00611713	0.00607042	0.00597243	0.00579342	0.00574014	0.0056141	0.00554782	0.00552569	0.00548362	0.00540143	0.00522435	0.00526472	0.00520769	0.00513108	0.0051215	0.00510628	0.00507525	0.00501402	0.00489788	0.0046638	0.00421828	0.0074158	0.00423351	0.00418575	0.00412758	0.0040984	0.00407272	0.00402661	0.00393641	0.00375346	0.00406281	0.00375173	0.00371797	0.00366027	0.0036298	0.00356992	0.0034557	0.00325184	0.00404064	0.00323941	0.00320698	0.00315388	0.0031373	0.00312107	0.00303933	0.00303232	0.00302286	0.00301403	0.00295089	0.00292244	0.00288209	0.00280251	0.00264911	0.00236536	

92	0.081	0	0	task-3:0.002	task-0:0.032	task-1:0.014	task-2:0.038	|	0.0939416	0.064256	0.0310446	0.030844	0.030433	0.0296209	0.0280398	0.0248198	0.019993	0.0359619	0.0264109	0.075744	0.0226864	0.0201178	0.0179856	0.0178347	0.0176861	0.0173586	0.0167461	0.0166922	0.016055	0.016001	0.0159905	0.0158922	0.0156459	0.0151268	0.0141539	0.014934	0.0142193	0.0132454	0.0131003	0.0128847	0.0128349	0.0127813	0.0126577	0.0123844	0.0118256	0.0107584	0.00979933	0.0356144	0.00907245	0.00900539	0.00888988	0.00887011	0.00886812	0.00880903	0.0086815	0.00846925	0.00848218	0.00835684	0.00826112	0.00818313	0.00809832	0.00795129	0.00767217	0.00785711	0.00764999	0.0075659	0.00744465	0.00742657	0.00744342	0.0074152	0.00734401	0.00721476	0.00710754	0.00689668	0.00649424	0.00684048	0.00733619	0.00599719	0.00590595	0.00587097	0.00581299	0.00569754	0.00556744	0.00540746	0.00549644	0.00534687	0.00529391	0.00526785	0.00521485	0.00510922	0.00490345	0.00451614	0.00379358	0.00308972	0.0589983	0.00269512	0.00268867	0.0026823	0.00265852	0.00260923	0.0024957	

110	0.102	0	0	task-3:0.046	task-0:0.032	task-1:0.012	task-2:0.042	|	0.0306758	0.0306123	0.0304281	0.0300313	0.0293228	0.0288604	0.028717	0.028353	0.0275016	0.0256769	0.0222407	0.0230084	0.036754	0.0199674	0.0188397	0.0180801	0.018101	0.0180609	0.0179844	0.017888	0.0176043	0.0170346	0.0162165	0.0146765	0.0119517	0.0216347	0.0343792	0.0123978	0.00960886	0.00913722	0.00911392	0.00911726	0.00908473	0.00899471	0.00879928	0.00843861	0.00846679	0.00834956	0.00800222	0.00795658	0.00785735	0.00765456	0.00726067	0.00672395	0.0100251	0.00655454	0.00653953	0.00652015	0.00648021	0.00639997	0.00624232	0.00593248	0.00532902	0.0114579	0.00535387	0.00526309	0.00521273	0.00515765	0.00510851	0.0050366	0.00489162	0.00489927	0.00487151	0.00481396	0.0047006	0.0045608	0.00440083	0.00471567	0.00432955	0.00428403	0.00422851	0.00420694	0.00417012	0.00409347	0.00394291	0.00400167	0.00392544	0.00387557	0.00385756	0.00382148	0.00377935	0.00371445	0.0035992	0.00362197	0.00357671	0.00353465	0.00352398	0.00352731	0.00347793	0.00342651	0.00342228	0.0034267	0.00343464	0.00341739	0.00338035	0.00332251	0.003309	0.00328926	0.0032173	0.00316789	0.00307113	0.00288871	0.0032971	0.0029761	0.00270531	0.00268313	0.00267111	0.00264691	0.00259889	0.00250529	0.00232742	

86	0.114	0	0	task-3:0.004	task-0:0.032	task-1:0.016	task-2:0.036	|	0.0847295	0.0561232	0.0294145	0.0291925	0.0287018	0.0277283	0.026655	0.0252287	0.0244172	0.0232316	0.0231574	0.0229636	0.0226989	0.0220059	0.0209469	0.0213332	0.0208035	0.0202344	0.0199046	0.019814	0.0198306	0.0197403	0.0194682	0.0188764	0.0178559	0.01828	0.017094	0.0170129	0.0169865	0.0167813	0.0163774	0.0159641	0.0151589	0.0141686	0.0182125	0.0137549	0.0137034	0.0136349	0.0134945	0.0132927	0.0129127	0.0123231	0.0132098	0.0122027	0.0120208	0.0118585	0.0117893	0.011733	0.0115304	0.0113136	0.0112344	0.0110925	0.0108163	0.0105638	0.010171	0.0104841	0.0100899	0.00995952	0.00982972	0.00976665	0.00969073	0.00948828	0.00922571	0.00893621	0.00878334	0.00878943	0.0085291	0.00846052	0.00843356	0.00838167	0.0082871	0.00808996	0.00769576	0.00694709	0.00564283	0.0130546	0.0208097	0.00561414	0.0045598	0.00434463	0.00432335	0.00427958	0.00419174	0.00401962	0.00368868	0.00309613	0.00216379	

132	0.139	0	0	task-3:0.002	task-0:0.032	task-1:0.014	task-2:0.036	|	0.0591459	0.0440719	0.0317416	0.0315117	0.0310707	0.0302517	0.0287617	0.0271139	0.0239581	0.0245177	0.0280823	0.0214954	0.0204851	0.0197377	0.0197376	0.0196549	0.0195337	0.0193209	0.0187567	0.0178011	0.0186982	0.0178046	0.0175302	0.017176	0.0170891	0.0169102	0.0165699	0.0159089	0.014895	0.0174805	0.0147416	0.0143729	0.0142806	0.0142473	0.0141944	0.0141364	0.0139112	0.0135455	0.0135574	0.0134222	0.0132275	0.0130862	0.0130248	0.0129797	0.0127878	0.0125109	0.0124884	0.0124917	0.0124178	0.0122501	0.0119898	0.011944	0.0118684	0.0116903	0.0113367	0.0107779	0.00973042	0.0135905	0.00995564	0.00916078	0.00893003	0.00880323	0.00870475	0.00867083	0.00866072	0.00855353	0.00841202	0.00839178	0.0084022	0.00836609	0.00827578	0.00810259	0.00790483	0.0075169	0.00678374	0.00551536	0.0214358	0.0056721	0.00546968	0.00542267	0.00541559	0.00538427	0.00531029	0.00515436	0.00485247	0.00430749	0.00705938	0.00508441	0.00400097	0.00389559	0.00384076	0.00379862	0.00378726	0.00378443	0.00373839	0.00366283	0.0036518	0.0036134	0.00353691	0.00340461	0.00358553	0.00331602	0.00331716	0.00332939	0.00332114	0.00329955	0.00325945	0.00321955	0.0032111	0.00321484	0.00317165	0.00311991	0.00311587	0.00313225	0.00312078	0.00309468	0.00305144	0.00302374	0.00297427	0.00296628	0.00289208	0.00288588	0.0028825	0.00287618	0.00286624	0.0028439	0.00277528	0.002649	0.00279254	0.00262345	0.00252042	0.00250844	0.00248257	

105	0.12	0	0	task-3:0.004	task-0:0.036	task-1:0.016	task-2:0.04	|	0.0369277	0.0334921	0.0299656	0.0296452	0.0294005	0.0289791	0.0280806	0.0265414	0.0271208	0.0262148	0.0253196	0.0249876	0.0249411	0.0247583	0.0245558	0.0240524	0.0231357	0.0227015	0.0219138	0.0214355	0.0204993	0.0187484	0.0156998	0.0274847	0.0158309	0.0162622	0.0152471	0.0151664	0.014986	0.0147625	0.0147512	0.014705	0.0146771	0.0144924	0.0141799	0.0140667	0.0138789	0.0134814	0.0126869	0.011197	0.00991633	0.0574156	0.00883108	0.00880413	0.00881951	0.00876985	0.00866432	0.00852124	0.00849355	0.00848642	0.00841195	0.00826543	0.00810023	0.00781758	0.00727441	0.00628326	0.0137794	0.00618627	0.00604186	0.00584826	0.00578855	0.00570468	0.00569109	0.00566359	0.0056112	0.00551663	0.00531663	0.00547214	0.00532158	0.00528269	0.00521387	0.00516715	0.00514349	0.00511525	0.00502297	0.00491861	0.00474201	0.004405	0.00431014	0.00936316	0.00390907	0.00386305	0.00382206	0.00381424	0.00381454	0.00379966	0.00376534	0.00366338	0.0036441	0.00361447	0.00351919	0.00350327	0.00345933	0.00337108	0.00320513	0.00347423	0.00314285	0.00306026	0.00304727	0.00301801	0.00295708	0.00283691	0.0026119	0.00301073	0.0039224	0.00237639	

100	0.117	0	0	task-3:0.004	task-0:0.032	task-1:0.018	task-2:0.038	|	0.0344604	0.0327125	0.0305338	0.0301297	0.0299031	0.0297716	0.029376	0.0284637	0.0266811	0.0249547	0.0253756	0.0240158	0.0232807	0.0229052	0.0228762	0.0227293	0.0225417	0.0220605	0.0211297	0.0200998	0.0183548	0.0220833	0.0184649	0.0178427	0.0177048	0.0174531	0.0168695	0.0163019	0.0152056	0.0153816	0.0173879	0.0139595	0.013772	0.0135717	0.0135401	0.0135323	0.0134673	0.0132977	0.0129293	0.012222	0.0113616	0.0167937	0.0110426	0.010999	0.0109214	0.0108562	0.0107822	0.0105576	0.0104129	0.0101235	0.00955591	0.00850927	0.0148601	0.00856911	0.00838952	0.00834639	0.00825803	0.00803857	0.00783343	0.00742376	0.00763778	0.00771136	0.00696808	0.00691758	0.00681912	0.0067144	0.00650768	0.00611151	0.00550637	0.0116121	0.00546105	0.00532416	0.00529093	0.00522621	0.00518319	0.00509535	0.00492421	0.00477243	0.00501205	0.00463619	0.00462361	0.00459761	0.00454517	0.00444159	0.00424251	0.00385238	0.00317199	0.0120536	0.00327346	0.00305164	0.00293544	0.00290496	0.00286189	0.00285364	0.00283721	0.00282605	0.00280218	0.00273547	0.00265771	0.00250801	0.00223343	

130	0.133	0	0	task-3:0.004	task-0:0.034	task-1:0.016	task-2:0.038	|	0.0328399	0.0311913	0.0292281	0.0288934	0.0286769	0.0284437	0.0278692	0.0265526	0.0246859	0.0252431	0.0241369	0.0234825	0.0229341	0.0228919	0.0227193	0.0224824	0.0218256	0.0209518	0.0210115	0.0209051	0.0207195	0.020356	0.0200498	0.0200156	0.0199737	0.0199399	0.0197201	0.0192263	0.0183006	0.0167547	0.018608	0.0171594	0.0155354	0.0151734	0.0148846	0.0148038	0.0146357	0.0142979	0.0136377	0.012396	0.0102144	0.0285714	0.0108521	0.0156567	0.0101105	0.0100013	0.00986031	0.00977865	0.00973229	0.00964459	0.0094793	0.00914633	0.00922996	0.00896337	0.00890686	0.0087867	0.00854215	0.00803849	0.0083636	0.00848511	0.00751894	0.00745729	0.00734663	0.00727996	0.00717355	0.00696131	0.0069768	0.00692736	0.0068278	0.00669773	0.00657672	0.00636747	0.00646823	0.00634288	0.00626098	0.00619266	0.00615921	0.00612599	0.00599937	0.00594518	0.00583807	0.00576499	0.00560958	0.00561037	0.00559224	0.00556172	0.00544058	0.00540037	0.00532103	0.00528028	0.00517098	0.00512369	0.00503247	0.00484726	0.00449057	0.00415718	0.0095336	0.00395209	0.00384136	0.00381764	0.00377785	0.00376765	0.00375116	0.00370014	0.0035961	0.00340109	0.00336845	0.00447935	0.00312805	0.00310451	0.00306299	0.00305419	0.0030422	0.00299287	0.00290695	0.00293558	0.00284348	0.00283404	0.00282042	0.00277045	0.00268249	0.00275446	0.0026416	0.00263431	0.00262327	0.00255904	0.0025456	0.00251939	0.00251647	0.00250263	0.00247315	

85	0.109	0	0	task-3:0.002	task-0:0.026	task-1:0.014	task-2:0.05	|	0.107806	0.0766115	0.0306225	0.0301938	0.029806	0.0295405	0.0289804	0.0277472	0.0253604	0.023763	0.0302742	0.0224346	0.0220186	0.0216122	0.0215369	0.0214478	0.0212743	0.0208216	0.0198563	0.0180169	0.0157277	0.0436658	0.0151893	0.0151084	0.0149894	0.0148121	0.0144858	0.0138254	0.012602	0.0172131	0.0122159	0.0122042	0.0120391	0.0118477	0.0118269	0.0117965	0.0117586	0.0116011	0.0113229	0.0112003	0.0109406	0.0108177	0.0106061	0.0102637	0.0103225	0.0101721	0.0100511	0.0100523	0.0100376	0.0100116	0.00997589	0.00989098	0.00970136	0.0092849	0.00935196	0.00900848	0.00889492	0.00885716	0.00877657	0.00856806	0.00829073	0.00781574	0.00692964	0.00540829	0.00553445	0.0808446	0.00378683	0.00429002	0.00335424	0.00331224	0.00328589	0.00325332	0.00318994	0.00307021	0.002862	0.00406775	0.00285002	0.00282052	0.00277337	0.00276095	0.00274894	0.00268602	0.00266364	0.0026204	0.00254025	0.00248578	

119	0.127	0	0	task-3:0.002	task-0:0.036	task-1:0.014	task-2:0.038	|	0.0858699	0.056942	0.0287067	0.0284682	0.0279505	0.0270008	0.0267727	0.0267434	0.0265631	0.0262176	0.0255209	0.0246599	0.0242772	0.0236433	0.0229686	0.0228639	0.0227579	0.022452	0.0217554	0.0203114	0.0176217	0.0174451	0.0598261	0.0146394	0.0141765	0.0140029	0.013963	0.0139019	0.0138485	0.0136011	0.0133725	0.0133046	0.0132472	0.013045	0.0126812	0.0126042	0.0122732	0.0122441	0.0121931	0.0121274	0.0119159	0.0116424	0.0115164	0.0112125	0.0112152	0.0111983	0.0111686	0.0111356	0.0110221	0.0107823	0.010316	0.010061	0.0110979	0.00961832	0.00955906	0.00943998	0.0092843	0.00899074	0.00848786	0.0100316	0.00844197	0.00833182	0.00822015	0.00820562	0.00819893	0.00819098	0.00812063	0.00798059	0.0078007	0.00763893	0.00742127	0.00746719	0.00734677	0.00727807	0.00727957	0.00727278	0.00726211	0.0072498	0.00719814	0.00708787	0.00683483	0.00686397	0.00663076	0.00661257	0.00660916	0.0065748	0.0064928	0.00631774	0.00596993	0.0053343	0.00531404	0.024279	0.00449071	0.00439617	0.00434582	0.00434004	0.00432905	0.00431151	0.00428531	0.00418558	0.00415637	0.00411103	0.00398899	0.00399729	0.00398308	0.00395189	0.00386659	0.00371001	0.00379818	0.00361606	0.00355325	0.00353984	0.00351134	0.0034414	0.00330087	0.00303322	0.0025603	0.00638553	0.00445281	0.00236111	

152	0.145	0	0	task-3:0.042	task-0:0.032	task-1:0.014	task-2:0.038	|	0.0363082	0.034366	0.0318132	0.0313027	0.0309618	0.0307616	0.0302736	0.0291752	0.027054	0.0264435	0.0248127	0.0245839	0.0243702	0.0239731	0.0229941	0.0224328	0.0214126	0.0214239	0.0202689	0.0200989	0.0198881	0.0192692	0.0189076	0.0184216	0.0175105	0.0159638	0.0209029	0.0160455	0.0155065	0.0154235	0.015342	0.0150179	0.0147756	0.0146611	0.0145084	0.014134	0.0134693	0.0142456	0.0133214	0.0132221	0.0130043	0.0126373	0.0127034	0.0124973	0.0123441	0.0121296	0.0120894	0.0121168	0.0120639	0.0119332	0.0117359	0.0116636	0.0115794	0.0113289	0.0111994	0.0109394	0.0104358	0.0114698	0.0101921	0.010168	0.0100718	0.00986961	0.0095138	0.00987547	0.00952032	0.00946974	0.00937666	0.0092523	0.00922825	0.00920341	0.00917636	0.00905548	0.00885442	0.00880939	0.00869921	0.00851978	0.00848863	0.00843663	0.00831568	0.00807097	0.00763629	0.0085491	0.00741064	0.00739628	0.00740127	0.00736797	0.00729133	0.00717568	0.00714099	0.00711505	0.00698869	0.00691034	0.00686708	0.00681739	0.0066566	0.00662542	0.00657329	0.0064687	0.00625872	0.0061006	0.00625294	0.00592264	0.00586663	0.00582269	0.00573498	0.0056353	0.00545212	0.00558667	0.00546426	0.00543987	0.00538967	0.00532324	0.00531721	0.00530576	0.00528849	0.0052709	0.00517481	0.00511383	0.00506243	0.00497842	0.00482185	0.00486207	0.00479401	0.00473651	0.00473387	0.00472827	0.00472973	0.00471587	0.00467034	0.00457213	0.00437876	0.0040302	0.0034117	0.00950041	0.00356597	0.00323742	0.00314481	0.00311013	0.00306109	0.00305485	0.00304449	0.00303235	0.0029834	0.00289716	0.00294266	0.00284166	0.0028325	0.0028196	0.0027583	0.00272493	0.00265839	0.00252894	0.00228664	

66	0.068	0	0	task-3:0.002	task-0:0.03	task-1:0.016	task-2:0.04	|	0.0892311	0.0590215	0.0290232	0.0288155	0.02835	0.0273944	0.0257362	0.0226976	0.0288826	0.0232905	0.0241402	0.0219345	0.0215853	0.0210521	0.0209375	0.0208656	0.0207581	0.0205922	0.0201433	0.0193035	0.0188712	0.0181395	0.018191	0.018159	0.018085	0.0179331	0.0176392	0.0169918	0.0157507	0.0134771	0.00968779	0.0302812	0.0259933	0.0183471	0.00944494	0.00971779	0.0071256	0.00696848	0.00686808	0.0068245	0.0067681	0.00665671	0.0064389	0.00603126	0.0070094	0.00621349	0.00564515	0.00559109	0.00556856	0.00552333	0.00543536	0.00526898	0.00502892	0.00563144	0.00496664	0.00491097	0.00483576	0.00482427	0.004822	0.004777	0.0046929	0.00462204	0.00448094	0.00420707	0.00370085	0.00284859	0.00165997	

102	0.086	0	0	task-3:0.002	task-0:0.032	task-1:0.014	task-2:0.038	|	0.067219	0.0450249	0.028658	0.0283682	0.027811	0.0271605	0.0263883	0.0252776	0.0231301	0.019321	0.0264564	0.0179957	0.0185354	0.0172115	0.0167339	0.0165592	0.0164618	0.0162799	0.0159626	0.0153507	0.0154724	0.0152567	0.01497	0.0148871	0.0147551	0.0144888	0.0139719	0.0129846	0.0115027	0.0232293	0.0118243	0.0118479	0.0109778	0.010895	0.0107305	0.0105383	0.0101587	0.00957094	0.00965346	0.0114961	0.00883905	0.00863558	0.00861388	0.00860987	0.00860254	0.00860079	0.00859241	0.00853965	0.00841489	0.00815239	0.00764938	0.00684401	0.00728073	0.0176236	0.00633449	0.00577291	0.00557007	0.00553726	0.00546766	0.00533028	0.00515101	0.00489208	0.00589209	0.00483782	0.00478141	0.00470725	0.00469822	0.00470783	0.00467953	0.00462147	0.00453902	0.00453543	0.00453823	0.00450942	0.00444985	0.00435546	0.00436453	0.00434337	0.00429848	0.00423309	0.00422217	0.00422943	0.00418509	0.00411869	0.00410228	0.0040722	0.00402259	0.00389797	0.00392404	0.00390251	0.00386381	0.0038114	0.00380863	0.00380644	0.0038183	0.00380205	0.00376452	0.00369642	0.0036171	0.00346248	0.00318941	0.00270209	0.00192643	

90	0.118	0	0	task-3:0.002	task-0:0.032	task-1:0.008	task-2:0.038	|	0.0541267	0.0429828	0.0330253	0.0327326	0.0323208	0.0317848	0.030607	0.0280757	0.0232271	0.0315578	0.0248588	0.0724762	0.023973	0.0234376	0.0225613	0.0222457	0.0215654	0.0202585	0.0197247	0.020732	0.0186078	0.0183963	0.0180398	0.0179673	0.0180089	0.0179031	0.0176439	0.0172216	0.0170952	0.0169427	0.0165335	0.015811	0.0163073	0.0155146	0.0153871	0.0151024	0.0145223	0.0134335	0.0150441	0.0143019	0.0125173	0.0122882	0.0121028	0.0120546	0.0119536	0.0117493	0.011348	0.0105806	0.00912048	0.00669321	0.028793	0.00687234	0.00911564	0.00594365	0.00572701	0.0057052	0.00566636	0.00553291	0.00549953	0.00543565	0.00531839	0.0051326	0.00525503	0.00508617	0.00503092	0.00498936	0.00492824	0.00480753	0.00457516	0.00413959	0.00401455	0.012491	0.00359247	0.00341012	0.00340255	0.00340383	0.0033701	0.00330865	0.00326313	0.00317563	0.00299185	0.00334116	0.00293063	0.0028606	0.00284883	0.00282199	0.00276645	0.00265971	0.00254274	0.00281439	0.00247243	

75	0.075	0	0	task-3:0.002	task-0:0.028	task-1:0.014	task-2:0.04	|	0.0661104	0.0452444	0.029209	0.0289298	0.0283629	0.0275869	0.027134	0.0267284	0.0258629	0.0243182	0.0250495	0.02422	0.0236692	0.0230815	0.0228088	0.0222594	0.0212289	0.0193446	0.0221276	0.0184926	0.01839	0.0180129	0.0174344	0.0175217	0.017389	0.0171576	0.0168252	0.0167591	0.0166863	0.0165378	0.0161893	0.0154078	0.0144987	0.0148948	0.0156527	0.013416	0.0130823	0.0130596	0.0130102	0.0129168	0.0127596	0.0123989	0.0122266	0.0118802	0.0118615	0.0118231	0.011731	0.0114866	0.0110281	0.0109928	0.0107646	0.0104781	0.0104197	0.0102929	0.0100303	0.00950117	0.00849135	0.00671928	0.00410019	0.0330028	0.0230576	0.0189618	0.00598735	0.00428438	0.00281044	0.00270511	0.00266348	0.0026322	0.00262855	0.00262787	0.00262966	0.00260055	0.00255226	0.00253407	0.002509	0.00242892	

85	0.109	0	0	task-3:0.002	task-0:0.02	task-1:0.02	task-2:0.04	|	0.0746304	0.0496913	0.0297368	0.0294454	0.0288851	0.0282426	0.0276	0.0268768	0.025429	0.0231362	0.0254902	0.0229333	0.0218113	0.021751	0.0216382	0.0215532	0.0211681	0.0204705	0.020038	0.0192305	0.0177308	0.0194506	0.0170276	0.016599	0.0163633	0.0160404	0.0159632	0.0158157	0.0155171	0.0149365	0.0138682	0.0120608	0.0310591	0.0128289	0.0343406	0.0117121	0.0115215	0.0113997	0.0114017	0.0113967	0.0113693	0.0113235	0.0112485	0.0110139	0.0108429	0.0105475	0.0100929	0.00950112	0.0122878	0.00936823	0.00919059	0.00912703	0.00912377	0.00911057	0.00908676	0.00905966	0.00898247	0.00880928	0.00845636	0.00780001	0.00884615	0.00960249	0.00715486	0.00703956	0.00694604	0.00693017	0.006898	0.00683557	0.00671974	0.00648033	0.00656553	0.00631284	0.00629362	0.00628443	0.00620957	0.00608997	0.00606199	0.00602069	0.00592129	0.00571489	0.00530885	0.00456225	0.00335178	0.00389438	0.0846338	0.00219869	

104	0.098	0	0	task-3:0.002	task-0:0.032	task-1:0.016	task-2:0.04	|	0.0476094	0.0372302	0.0290602	0.0288283	0.02847	0.0279222	0.0267587	0.0243676	0.0201527	0.0282269	0.0183541	0.0185141	0.0178841	0.0176741	0.0172488	0.0165732	0.0152873	0.0129848	0.0244539	0.0121585	0.0124805	0.0121412	0.0120582	0.0119156	0.0117877	0.0117588	0.0117394	0.0116951	0.0115579	0.0112606	0.0106832	0.0100473	0.0140171	0.00973529	0.00968966	0.00960113	0.00955839	0.00952106	0.00939144	0.00914874	0.00899825	0.00874871	0.00875127	0.00869439	0.00857571	0.00834493	0.00831474	0.0080592	0.0080145	0.00798465	0.00793606	0.0077706	0.00768524	0.00751517	0.0072627	0.00682837	0.00853241	0.00682108	0.0067445	0.00664922	0.00664764	0.00664065	0.00663055	0.0066235	0.00658558	0.00649907	0.00630121	0.00592818	0.00525847	0.00728766	0.0103828	0.00474326	0.00453767	0.00446061	0.00443068	0.0044166	0.00439558	0.00435924	0.00424959	0.00421158	0.00411581	0.00403693	0.00386964	0.00394709	0.00379972	0.00369196	0.00367548	0.00364013	0.00356741	0.00340705	0.00311441	0.00434444	0.00314924	0.00294436	0.0029184	0.00287839	0.00285685	0.00285366	0.00284992	0.00285194	0.00283108	0.00278763	0.00270524	0.00259144	0.00237915	

86	0.078	0	0	task-3:0.002	task-0:0.032	task-1:0.016	task-2:0.042	|	0.0751174	0.0516546	0.0315154	0.0312939	0.0308031	0.0298333	0.0289719	0.0280215	0.0265796	0.0267771	0.0262571	0.0256349	0.0249601	0.0249448	0.0247597	0.0244738	0.0238931	0.0226985	0.0204777	0.0217548	0.0210737	0.0187812	0.0182245	0.0177877	0.01772	0.0175868	0.0173651	0.0168858	0.0159962	0.0166898	0.0153404	0.0152646	0.0152443	0.0151194	0.0148275	0.0142635	0.0138376	0.0139041	0.0134359	0.0133918	0.0132974	0.0131047	0.0127249	0.012007	0.0107029	0.0218422	0.010851	0.0105316	0.0104439	0.0104076	0.0103241	0.0100964	0.00987277	0.00942665	0.00857228	0.00704446	0.00472361	0.0664772	0.00473981	0.00433454	0.00430525	0.00429904	0.00428606	0.00425982	0.00420853	0.00411228	0.00389496	0.00349	0.00313106	0.0222516	0.00288889	0.00284391	0.00281294	0.00281225	0.00281063	0.0028118	0.00281857	0.00280111	0.00276497	0.0027039	0.00270044	0.00265434	0.00261646	0.00260485	0.00258692	0.00252387	0.00248967	

141	0.171	0	0	task-3:0.002	task-0:0.028	task-1:0.008	task-2:0.04	|	0.0321847	0.030702	0.028914	0.028585	0.028385	0.0281677	0.0276189	0.0263439	0.0241477	0.0251326	0.0233595	0.0227664	0.0220463	0.021964	0.0218633	0.0215805	0.0208339	0.0197049	0.0204367	0.0196729	0.0192839	0.0188862	0.0188458	0.0188004	0.0188087	0.0186346	0.0182566	0.0176189	0.0176548	0.0172758	0.0169941	0.0167599	0.0164738	0.0159608	0.0152089	0.0161216	0.0150277	0.0147539	0.0145805	0.0144467	0.0142647	0.0138363	0.0137984	0.0137894	0.0137004	0.0134851	0.0130503	0.0123156	0.0130383	0.0121367	0.0116055	0.0115114	0.0113345	0.0111903	0.0109013	0.0103412	0.0112194	0.0100643	0.00982502	0.00976674	0.00964094	0.00943583	0.00944952	0.009431	0.00937722	0.00927382	0.00918379	0.00915845	0.0091315	0.00906553	0.00892499	0.00863503	0.00865629	0.0085994	0.0084872	0.00837445	0.00831903	0.00823686	0.00804592	0.00766507	0.00695883	0.00938101	0.00748345	0.0064973	0.00637228	0.00628121	0.00622769	0.00619366	0.00614666	0.00602074	0.00590306	0.00567211	0.00523305	0.00578508	0.00762366	0.00471717	0.00458824	0.0045717	0.00455906	0.00453414	0.00448813	0.00439921	0.00422289	0.0044388	0.00420954	0.00416601	0.00409727	0.00408927	0.00408959	0.00405202	0.00398233	0.00392211	0.00380293	0.00357439	0.00369571	0.00481973	0.00327012	0.00323764	0.00319106	0.00318807	0.00320476	0.00319774	0.00317832	0.00313997	0.00308519	0.00308275	0.00308027	0.00305065	0.00299329	0.00291629	0.00285943	0.00279627	0.00278036	0.00276803	0.00275327	0.00272405	0.00272436	0.00269949	0.00265294	0.00258556	0.00255499	0.00248603	

118	0.124	0	0	task-3:0.004	task-0:0.032	task-1:0.006	task-2:0.038	|	0.0787412	0.0524829	0.0295652	0.0293295	0.0288157	0.027833	0.0270847	0.0263079	0.025064	0.024999	0.024711	0.0241551	0.0235442	0.023469	0.0232605	0.0229583	0.0221873	0.0214176	0.0210887	0.0204536	0.0199979	0.0197267	0.0193133	0.0184663	0.0168331	0.0139645	0.0244425	0.0158199	0.0146852	0.0122849	0.0118067	0.011748	0.0116545	0.0114321	0.0110233	0.011154	0.010674	0.010631	0.0106491	0.0105977	0.0104745	0.0102773	0.0102092	0.0101048	0.00988423	0.00943584	0.00977295	0.00943441	0.00937251	0.00926226	0.00918401	0.00916612	0.00913996	0.00910721	0.00898801	0.00877558	0.0087008	0.00850096	0.00846481	0.0083905	0.00824218	0.00795255	0.00739495	0.00724035	0.0119402	0.00667228	0.00642256	0.00640694	0.00639488	0.00637142	0.00628639	0.00612738	0.00601888	0.0058425	0.00587042	0.0057998	0.00572632	0.00571109	0.00572308	0.00568582	0.00561321	0.00554254	0.00551735	0.00549402	0.00539671	0.00531047	0.00523854	0.00509254	0.00484587	0.00453162	0.00647897	0.0044061	0.00439372	0.00437426	0.0043513	0.00431247	0.00422877	0.00405723	0.00372881	0.00392508	0.00664317	0.00330179	0.00321514	0.00319586	0.00318637	0.00316754	0.00313157	0.00306106	0.00290699	0.0032206	0.00285979	0.00286334	0.00284759	0.00281244	0.0027412	0.0026084	0.00269362	0.00271108	0.00245589	

88	0.075	0	0	task-3:0.002	task-0:0.034	task-1:0.016	task-2:0.04	|	0.0409883	0.0365107	0.0318532	0.0314752	0.0311832	0.0308054	0.0299697	0.0283698	0.0278515	0.0266833	0.0262489	0.025501	0.0242557	0.0220645	0.0221631	0.0274143	0.0213079	0.0250049	0.0190148	0.0184894	0.0181574	0.0181453	0.0180867	0.0180344	0.0178242	0.0173752	0.016513	0.0161697	0.0166921	0.0153637	0.0152394	0.0149977	0.0148009	0.0144423	0.0137235	0.012353	0.00994759	0.0239309	0.0129579	0.0116993	0.00872782	0.00829102	0.00826356	0.00824886	0.00815444	0.00799429	0.00793212	0.00782057	0.00758994	0.00713445	0.00628395	0.0048449	0.0169321	0.017321	0.00586842	0.00403147	0.00367932	0.00366964	0.003664	0.00360034	0.00355517	0.00354048	0.00353115	0.0034582	0.0034292	0.00340144	0.0033493	0.00325479	0.00319314	0.00320948	0.00310551	0.00308303	0.00307443	0.00305742	0.00302532	0.00296537	0.00283712	0.00304151	0.00283769	0.00281127	0.002766	0.00274433	0.00270684	0.00261306	0.00266278	0.00257614	0.00256489	0.00254193	0.0024919	

97	0.111	0	0	task-3:0.004	task-0:0.034	task-1:0.014	task-2:0.042	|	0.0477596	0.0360625	0.0272112	0.0270196	0.0266774	0.0261173	0.0249451	0.0235157	0.0224367	0.0221292	0.0214225	0.021253	0.0209675	0.02075	0.0205026	0.0199049	0.0188991	0.0195637	0.0188723	0.0185371	0.01814	0.0181017	0.018058	0.0180712	0.0179364	0.0176142	0.0170477	0.0168562	0.0163741	0.0162358	0.0159551	0.015434	0.0144345	0.0126055	0.0101397	0.0676596	0.00957362	0.00959001	0.00952075	0.00938192	0.00921749	0.00892213	0.00872524	0.00885084	0.00846925	0.00838654	0.00833495	0.00822948	0.00801862	0.00760874	0.00684357	0.00607736	0.0214499	0.00619819	0.00597563	0.0054993	0.00546009	0.00538278	0.00529334	0.00511831	0.0049505	0.00521272	0.00480497	0.00479106	0.00476229	0.00470428	0.00458941	0.00436831	0.0043126	0.00539003	0.00402297	0.00399499	0.00394424	0.00392649	0.00389922	0.00382361	0.00367861	0.00360956	0.00377885	0.00346742	0.00345158	0.00341881	0.00335292	0.00322391	0.00297921	0.00314978	0.00557343	0.00266867	0.00262563	0.00259316	0.00259372	0.0025925	0.00259043	0.00258765	0.00258532	0.00256753	0.0025293	0.00244785	

89	0.075	0	0	task-3:0.002	task-0:0.02	task-1:0.014	task-2:0.038	|	0.0317599	0.031591	0.0312387	0.0308054	0.0305251	0.0301314	0.0292243	0.0272691	0.0235654	0.0252271	0.0276277	0.0215613	0.0202253	0.0192999	0.0193165	0.0192489	0.0191365	0.018976	0.0184662	0.0180169	0.0171723	0.0182479	0.0172285	0.017047	0.0168286	0.0164835	0.0163741	0.0162596	0.0159013	0.0154541	0.0153258	0.0148806	0.0148356	0.0147388	0.0145432	0.0141685	0.0134231	0.0122415	0.018442	0.0122236	0.0118	0.0117587	0.0117763	0.0117252	0.0115938	0.0113555	0.0111808	0.0108509	0.010274	0.0113859	0.0102144	0.0100814	0.00993546	0.009912	0.00991737	0.00987929	0.00977714	0.00956354	0.00918342	0.00943742	0.00889454	0.00884533	0.00883399	0.00877281	0.00863102	0.00834309	0.00781825	0.00928886	0.00762676	0.00762661	0.00757395	0.0074653	0.00731629	0.00730102	0.00721071	0.00710931	0.00710227	0.00709011	0.00709236	0.00702849	0.00691645	0.00684034	0.00668713	0.00638646	0.00581719	0.00480484	0.00322445	0.012954	0.0759365	0.00199236	

65	0.064	0	0	task-3:0.002	task-0:0.032	task-1:0.012	task-2:0.03	|	0.0310005	0.030736	0.0302556	0.0298676	0.0296898	0.0292549	0.0282913	0.0264153	0.0259172	0.0244911	0.0242399	0.023996	0.0234601	0.0223653	0.0202881	0.0170076	0.0322123	0.0189382	0.116493	0.0171347	0.0165048	0.0160111	0.0159608	0.0158908	0.015757	0.0155562	0.0151747	0.0163338	0.0148797	0.0146075	0.0144819	0.0142261	0.0137299	0.0138645	0.0131881	0.0131009	0.013069	0.0129535	0.012685	0.0121303	0.0110954	0.0133672	0.0114076	0.0103662	0.0101908	0.0100316	0.00996485	0.00987981	0.00971293	0.00940057	0.0089279	0.0100868	0.00883552	0.00871601	0.00859732	0.00856381	0.00856188	0.0084846	0.00834621	0.00826273	0.00809333	0.00775863	0.00711944	0.00597019	0.00414326	0.00194756	

106	0.116	0	0	task-3:0.002	task-0:0.032	task-1:0.014	task-2:0.042	|	0.0773066	0.0522747	0.0296736	0.0294222	0.0288749	0.0278627	0.0275425	0.0273007	0.0268121	0.0261555	0.0259963	0.0258093	0.0255343	0.0248524	0.0234406	0.0209537	0.0256405	0.0213023	0.0204904	0.0203601	0.0203547	0.0201812	0.0197752	0.0190656	0.0189115	0.0184169	0.0182147	0.0181859	0.0181196	0.0180943	0.0178364	0.017415	0.0172708	0.0170917	0.0165978	0.0163646	0.0159221	0.0150897	0.0159953	0.0150896	0.0149093	0.0146582	0.0145705	0.0144366	0.0141706	0.0136726	0.0126836	0.0137108	0.0147718	0.0116986	0.011498	0.0113453	0.0113244	0.0112847	0.0112234	0.011103	0.0108151	0.0102917	0.0108827	0.00996018	0.00991195	0.00990795	0.00984319	0.0096979	0.00945071	0.00942766	0.00924183	0.00916907	0.00910456	0.00897337	0.00871265	0.00820803	0.00726723	0.00563109	0.0186871	0.0167798	0.00696635	0.00471718	0.00432299	0.00431307	0.0043106	0.00425781	0.00417708	0.00416612	0.00415931	0.00410915	0.00402193	0.00399073	0.00390601	0.00384384	0.00373172	0.00370575	0.00363948	0.00358224	0.00356293	0.00355148	0.00353185	0.0035028	0.00341013	0.00339771	0.00336393	0.00329349	0.00315357	0.00289014	0.00261856	0.0112344	0.0024828	

78	0.07	0	0	task-3:0.004	task-0:0.032	task-1:0.016	task-2:0.04	|	0.0330756	0.0310058	0.028736	0.0284473	0.0282363	0.0279124	0.0271562	0.0255768	0.0226761	0.0230964	0.0285313	0.0204019	0.019568	0.0189569	0.0189388	0.0188655	0.0187944	0.0185908	0.0181312	0.017197	0.0154917	0.019319	0.0150122	0.0146417	0.0142931	0.0140427	0.0138808	0.0138181	0.0137891	0.0136024	0.0133257	0.013275	0.013288	0.0131936	0.0129946	0.01273	0.0126904	0.0126262	0.0124642	0.0121381	0.0116393	0.0111108	0.0127067	0.0107828	0.01074	0.0106527	0.0105633	0.0104329	0.0101392	0.0101273	0.0101278	0.0100727	0.00994764	0.0097503	0.00970214	0.00961488	0.00942808	0.00906988	0.00899347	0.0090049	0.00858537	0.00853743	0.00843496	0.00822609	0.00781571	0.00704573	0.00782977	0.0185871	0.00615047	0.00598402	0.00590768	0.00588724	0.00584526	0.00576095	0.00559517	0.00527686	0.00466912	0.00363334	0.00215937	

91	0.108	0	0	task-3:0.002	task-0:0.032	task-1:0.012	task-2:0.042	|	0.0953316	0.065657	0.0304046	0.030198	0.0298051	0.0290989	0.0275891	0.0246741	0.0267655	0.0228285	0.0226081	0.0220751	0.0212786	0.021349	0.0211273	0.0207074	0.0204348	0.0203788	0.0203095	0.0202418	0.0199255	0.019315	0.018769	0.017747	0.0173955	0.0189091	0.0164167	0.0158991	0.0159	0.0158832	0.0158495	0.0158191	0.0157462	0.0155105	0.0150179	0.0140758	0.0141447	0.0162925	0.0129346	0.012783	0.0125968	0.0125597	0.0125709	0.0125075	0.0123499	0.0120536	0.0117907	0.0112822	0.0114517	0.0109372	0.0107626	0.0107117	0.0105941	0.0103416	0.00981504	0.0102328	0.00954332	0.00951687	0.00949953	0.00940729	0.00922296	0.00899605	0.00858532	0.00835846	0.00995056	0.00793108	0.00787954	0.00778096	0.00771479	0.0075952	0.0073515	0.00686922	0.00597566	0.0044821	0.011511	0.0601132	0.00301865	0.0028941	0.00287075	0.00284357	0.00281755	0.00277761	0.00268306	0.00272012	0.00267782	0.00264121	0.00263879	0.00263406	0.00262572	0.00261377	0.00257408	0.00249459	

52	0.058	0	0	task-3:0.006	task-0:0.034	task-1:0.016	task-2:0.042	|	0.0309938	0.0307648	0.0301267	0.0290387	0.0286588	0.0285914	0.0283596	0.0279597	0.0272527	0.0258599	0.0233617	0.0258323	0.0235357	0.0228017	0.0225937	0.0221155	0.0211197	0.019309	0.0211162	0.0181862	0.0180944	0.017953	0.0176619	0.0174237	0.0174023	0.0173498	0.0173174	0.0170759	0.0166471	0.0163674	0.015843	0.0147812	0.0140157	0.0223079	0.0132617	0.0131394	0.0129763	0.0129143	0.0128801	0.0127138	0.0124204	0.0122787	0.0120006	0.0116844	0.0110628	0.00988879	0.0078271	0.00475102	0.0162949	0.106472	0.00273772	0.00284253	0.00196108	

114	0.087	0	0	task-3:0.002	task-0:0.032	task-1:0.012	task-2:0.038	|	0.0444554	0.0352258	0.027918	0.027701	0.0273818	0.0269089	0.0258785	0.0237688	0.0201207	0.0278446	0.0210734	0.0226553	0.0202214	0.0200115	0.0197423	0.0193487	0.0190512	0.0189348	0.0188612	0.0185231	0.0179835	0.0178751	0.0177227	0.0173635	0.0166171	0.0152261	0.0160093	0.0196743	0.0138348	0.0135312	0.0133284	0.0132953	0.0132372	0.0131586	0.0129336	0.0125369	0.0125913	0.0122249	0.0121438	0.0119753	0.0116355	0.0109513	0.0117047	0.0106336	0.0104341	0.0103808	0.0102546	0.0100134	0.00981964	0.00949193	0.00963672	0.00943946	0.00931171	0.00921099	0.00915178	0.00908307	0.00887911	0.00880239	0.00865534	0.00836125	0.00778923	0.00836518	0.00957321	0.00710814	0.00693996	0.00692399	0.00691935	0.00691107	0.00690434	0.00689028	0.00681893	0.00667723	0.00644031	0.00654619	0.00624821	0.00617736	0.00615558	0.00610948	0.00597194	0.00587167	0.00567286	0.00529023	0.00472981	0.0113546	0.00467246	0.00454882	0.00452092	0.00446594	0.00440955	0.00430506	0.0040849	0.00444634	0.00397351	0.0039724	0.00397865	0.00396278	0.00392594	0.00386189	0.00381905	0.0037341	0.0035701	0.00324666	0.00430156	0.00392766	0.00299624	0.00294794	0.00290255	0.00289016	0.0028709	0.00283256	0.00277109	0.00266132	0.0025846	0.00306296	0.00248518	

110	0.117	0	0	task-3:0.002	task-0:0.03	task-1:0.012	task-2:0.034	|	0.120653	0.0919439	0.0317052	0.0298596	0.0295935	0.0292132	0.0284499	0.027092	0.0266435	0.0259492	0.0253277	0.025287	0.0250713	0.024778	0.0241036	0.0229908	0.0232023	0.0228423	0.0223764	0.021796	0.0217528	0.0216215	0.0214244	0.0208519	0.0199202	0.0202884	0.0198612	0.0194688	0.0190681	0.0190499	0.018962	0.0188676	0.0184803	0.0179275	0.0179473	0.0178859	0.0176963	0.0173523	0.017106	0.0168017	0.0162546	0.0154864	0.0165528	0.0152831	0.0149918	0.0148309	0.0146919	0.0144837	0.0140321	0.0139904	0.0140186	0.0139524	0.0137899	0.0135452	0.0134849	0.0134672	0.0132942	0.0130427	0.0129906	0.0129963	0.0128854	0.0126749	0.0124871	0.0122981	0.0119549	0.0112782	0.0105771	0.0152792	0.010273	0.00992952	0.0099015	0.00988116	0.00983956	0.00971103	0.00944522	0.00896043	0.00981845	0.00873342	0.00872084	0.00866916	0.00854847	0.00830705	0.007944	0.00725305	0.00602483	0.0169183	0.00600666	0.00591701	0.0055492	0.00548889	0.0054095	0.00539252	0.00536017	0.00532531	0.00528113	0.00514983	0.00513645	0.00511743	0.00505623	0.00492937	0.00468885	0.00473553	0.00509753	0.00438552	0.00435646	0.00429909	0.00422252	0.00407179	0.00378383	0.00326237	0.00241339	

67	0.065	0	0	task-3:0.002	task-0:0.032	task-1:0.014	task-2:0.04	|	0.0314902	0.0297898	0.0279054	0.0276433	0.027463	0.0271257	0.0263516	0.0248049	0.0220618	0.0268446	0.0224492	0.0215873	0.0212946	0.0211751	0.0208532	0.0201611	0.0189026	0.0196447	0.0180076	0.017933	0.0179668	0.0178557	0.0175875	0.0171547	0.0170403	0.0169173	0.0165619	0.0158974	0.0157533	0.0152422	0.0150943	0.0150088	0.0148338	0.0144487	0.0136653	0.0121655	0.00956845	0.0242763	0.018015	0.0124114	0.00833552	0.00764031	0.00759994	0.00758418	0.00753372	0.00739956	0.00713341	0.00674323	0.00601229	0.00474891	0.0113185	0.0276965	0.00870724	0.0388987	0.00367786	0.00324687	0.00316087	0.00314657	0.00314256	0.00313504	0.0031232	0.00310438	0.00302904	0.00301007	0.00295933	0.00285999	0.00269944	0.00240239	

106	0.116	0	0	task-3:0.002	task-0:0.03	task-1:0.016	task-2:0.04	|	0.0307972	0.0307259	0.0305456	0.0302661	0.0299419	0.0293002	0.0279275	0.0252853	0.0263712	0.0232877	0.0230935	0.0228905	0.0223942	0.0213587	0.0195121	0.0222056	0.0190758	0.0187806	0.0183115	0.0181673	0.0180117	0.017521	0.0172569	0.0167457	0.0170003	0.0165248	0.0163196	0.0159556	0.0157881	0.0154802	0.0148617	0.0137228	0.0172979	0.0135639	0.0134371	0.0132334	0.0131312	0.0130425	0.0129026	0.012591	0.0121797	0.0113789	0.00989614	0.00740742	0.0302277	0.00742199	0.00846817	0.00713676	0.00710548	0.00704288	0.00695574	0.00693183	0.00688256	0.00678353	0.00658846	0.00638197	0.00664318	0.00622291	0.00621446	0.00619653	0.00616015	0.00612586	0.00603018	0.00584572	0.00554836	0.00635161	0.00550097	0.00543845	0.00535216	0.00534053	0.00535464	0.00532962	0.0052735	0.00518679	0.00516217	0.00513018	0.00502545	0.00494147	0.00477442	0.00445309	0.00386734	0.00575664	0.0129426	0.00345719	0.00321716	0.00313548	0.00311782	0.00311346	0.00310514	0.0030909	0.00306447	0.00298711	0.00293636	0.00282501	0.00293152	0.00282651	0.00279668	0.00274951	0.00274264	0.0027406	0.00269986	0.00264673	0.0026473	0.002645	0.00262142	0.00257422	0.00249367	

106	0.127	0	0	task-3:0.002	task-0:0.03	task-1:0.016	task-2:0.04	|	0.0307972	0.0307259	0.0305456	0.0302661	0.0299419	0.0293002	0.0279275	0.0252853	0.0263712	0.0232877	0.0230935	0.0228905	0.0223942	0.0213587	0.0195121	0.0222056	0.0190758	0.0187806	0.0183115	0.0181673	0.0180117	0.017521	0.0172569	0.0167457	0.0170003	0.0165248	0.0163196	0.0159556	0.0157881	0.0154802	0.0148617	0.0137228	0.0172979	0.0135639	0.0134371	0.0132334	0.0131312	0.0130425	0.0129026	0.012591	0.0121797	0.0113789	0.00989614	0.00740742	0.0302277	0.00742199	0.00846817	0.00713676	0.00710548	0.00704288	0.00695574	0.00693183	0.00688256	0.00678353	0.00658846	0.00638197	0.00664318	0.00622291	0.00621446	0.00619653	0.00616015	0.00612586	0.00603018	0.00584572	0.00554836	0.00635161	0.00550097	0.00543845	0.00535216	0.00534053	0.00535464	0.00532962	0.0052735	0.00518679	0.00516217	0.00513018	0.00502545	0.00494147	0.00477442	0.00445309	0.00386734	0.00575664	0.0129426	0.00345719	0.00321716	0.00313548	0.00311782	0.00311346	0.00310514	0.0030909	0.00306447	0.00298711	0.00293636	0.00282501	0.00293152	0.00282651	0.00279668	0.00274951	0.00274264	0.0027406	0.00269986	0.00264673	0.0026473	0.002645	0.00262142	0.00257422	0.00249367	

58	0.065	0	0	task-3:0.002	task-0:0.038	task-1:0.014	task-2:0.042	|	0.0783682	0.051274	0.0289128	0.028608	0.0280406	0.0274786	0.0267937	0.0257904	0.024028	0.024012	0.0227259	0.0223959	0.021725	0.0204249	0.0180222	0.0139936	0.0308934	0.012689	0.015231	0.0124238	0.0121291	0.0120349	0.0118353	0.0114378	0.0107366	0.00943769	0.00724035	0.0248815	0.012449	0.0105086	0.00639897	0.00581931	0.00580235	0.0058	0.00576573	0.00568616	0.00552622	0.00526178	0.0048453	0.00507011	0.00866517	0.00433733	0.00419236	0.00417612	0.00414328	0.00408071	0.0040519	0.00395262	0.00394209	0.00393846	0.00389905	0.00382325	0.00374028	0.00357757	0.0032695	0.00272533	0.00515971	0.0139678	0.00239916	

147	0.178	0	0	task-3:0.004	task-0:0.03	task-1:0.01	task-2:0.038	|	0.0958262	0.0639151	0.0283969	0.0282133	0.0277957	0.0269151	0.0251513	0.0219856	0.0292454	0.0227684	0.0274389	0.0216608	0.0212681	0.0207541	0.0205385	0.0203732	0.0200574	0.0193453	0.0193557	0.0184577	0.0184048	0.0183659	0.0182656	0.0179447	0.0172848	0.0162739	0.0157335	0.0189926	0.0148416	0.0146962	0.0144829	0.0144197	0.0144625	0.0143976	0.0142309	0.0139808	0.0139051	0.0138081	0.0135504	0.0131628	0.0132348	0.0130527	0.0128838	0.0126571	0.0126164	0.0126211	0.0125445	0.0123625	0.0120378	0.0119093	0.0115943	0.0115873	0.0115631	0.0115298	0.0114823	0.0113025	0.0110397	0.0110363	0.011031	0.0109793	0.0108625	0.0107349	0.0107082	0.0106705	0.0106191	0.0104427	0.0102208	0.0101681	0.0100169	0.00987087	0.00983587	0.00985166	0.00980053	0.0096849	0.00951766	0.00949247	0.00949721	0.00944319	0.00931746	0.00909517	0.00900667	0.00878626	0.00876235	0.00873491	0.00870012	0.00856879	0.00836391	0.00838935	0.00835795	0.00830199	0.00819846	0.00812893	0.0080921	0.0080352	0.00790813	0.00764805	0.0071481	0.00624227	0.0117712	0.0065724	0.00591998	0.00570347	0.00563059	0.00555578	0.00554769	0.00554369	0.00555129	0.00551387	0.00543965	0.00535669	0.00532332	0.00525558	0.00511649	0.00484663	0.00435194	0.00775993	0.00423955	0.00426027	0.00423488	0.00419225	0.00413401	0.0041299	0.00412745	0.00413608	0.0041075	0.00405231	0.00399288	0.00397687	0.00394961	0.00387983	0.00373853	0.00346853	0.00298856	0.00737578	0.00302047	0.00283645	0.00279024	0.00275745	0.00271178	0.00270926	0.00271618	0.00272073	0.00270678	0.0026773	0.00262884	0.00261138	0.00258163	0.00249679	

108	0.125	0	0	task-3:0.002	task-0:0.03	task-1:0.014	task-2:0.038	|	0.0668598	0.0467712	0.0304499	0.030224	0.0297165	0.0286508	0.0265248	0.0246914	0.0273461	0.0234198	0.0230753	0.0227072	0.0225306	0.0224884	0.0222932	0.0218085	0.0208679	0.0200335	0.0187726	0.0202745	0.0186092	0.018084	0.017912	0.017861	0.0178226	0.0177982	0.0175903	0.0171641	0.0166436	0.0157866	0.0141867	0.0114209	0.032562	0.0129424	0.09558	0.0113214	0.0110126	0.0108059	0.0107358	0.0107038	0.0106536	0.0105812	0.0103627	0.0102172	0.00992876	0.00961568	0.00959308	0.00936033	0.00928693	0.00923269	0.00912575	0.00908112	0.00900831	0.00884943	0.00855247	0.00850693	0.00830238	0.00816557	0.00812602	0.00804457	0.00788578	0.00765649	0.00766782	0.00758216	0.0074903	0.00745797	0.00744493	0.00734995	0.00721431	0.00720055	0.00720618	0.00716749	0.00707805	0.00691897	0.00684381	0.00666867	0.00665226	0.00667136	0.00664746	0.00658749	0.00648804	0.00643574	0.0063325	0.00613014	0.00584007	0.00659808	0.00576233	0.0056947	0.00561168	0.00559303	0.00558183	0.0055157	0.00539954	0.00534976	0.00523179	0.00515193	0.00498289	0.00481488	0.00491221	0.00468901	0.00465004	0.00463212	0.00459586	0.00452948	0.00439905	0.0041495	0.00367696	0.00287535	0.00172706	

98	0.088	0	0	task-3:0.004	task-0:0.032	task-1:0.014	task-2:0.04	|	0.0369947	0.0328661	0.0289847	0.0287225	0.0284737	0.0280354	0.027097	0.0253207	0.0250032	0.0234706	0.0232977	0.0231689	0.0228648	0.0221223	0.0206617	0.0188687	0.0211096	0.0220144	0.0176085	0.0166417	0.0163734	0.0162612	0.0160292	0.0156337	0.0148724	0.0134973	0.0112683	0.0334443	0.0137463	0.131453	0.0109007	0.0106148	0.0104992	0.0104479	0.010341	0.0101224	0.00969596	0.00889527	0.0106742	0.0111196	0.00810767	0.00785277	0.00784661	0.00783457	0.00782067	0.00781423	0.00773055	0.00759489	0.0075467	0.00748165	0.00729984	0.00726236	0.00722228	0.00708231	0.00700181	0.0068611	0.00674771	0.00656384	0.00656785	0.00652993	0.00645029	0.00629097	0.00598532	0.00662827	0.0058008	0.00577287	0.00576648	0.00573231	0.00565148	0.00548841	0.00521844	0.00539936	0.00538787	0.00490602	0.00487323	0.00480684	0.00470171	0.00468162	0.00454804	0.00454481	0.00453788	0.00453306	0.00448023	0.00439277	0.00436686	0.00431287	0.00420187	0.00398255	0.00356982	0.00412914	0.00864795	0.0030989	0.00295959	0.00294789	0.00292406	0.0028765	0.00278338	0.00260085	0.00227034	

58	0.064	0	0	task-3:0.002	task-0:0.038	task-1:0.014	task-2:0.042	|	0.0783682	0.051274	0.0289128	0.028608	0.0280406	0.0274786	0.0267937	0.0257904	0.024028	0.024012	0.0227259	0.0223959	0.021725	0.0204249	0.0180222	0.0139936	0.0308934	0.012689	0.015231	0.0124238	0.0121291	0.0120349	0.0118353	0.0114378	0.0107366	0.00943769	0.00724035	0.0248815	0.012449	0.0105086	0.00639897	0.00581931	0.00580235	0.0058	0.00576573	0.00568616	0.00552622	0.00526178	0.0048453	0.00507011	0.00866517	0.00433733	0.00419236	0.00417612	0.00414328	0.00408071	0.0040519	0.00395262	0.00394209	0.00393846	0.00389905	0.00382325	0.00374028	0.00357757	0.0032695	0.00272533	0.00515971	0.0139678	0.00239916	

58	0.065	0	0	task-3:0.002	task-0:0.038	task-1:0.014	task-2:0.042	|	0.0783682	0.051274	0.0289128	0.028608	0.0280406	0.0274786	0.0267937	0.0257904	0.024028	0.024012	0.0227259	0.0223959	0.021725	0.0204249	0.0180222	0.0139936	0.0308934	0.012689	0.015231	0.0124238	0.0121291	0.0120349	0.0118353	0.0114378	0.0107366	0.00943769	0.00724035	0.0248815	0.012449	0.0105086	0.00639897	0.00581931	0.00580235	0.0058	0.00576573	0.00568616	0.00552622	0.00526178	0.0048453	0.00507011	0.00866517	0.00433733	0.00419236	0.00417612	0.00414328	0.00408071	0.0040519	0.00395262	0.00394209	0.00393846	0.00389905	0.00382325	0.00374028	0.00357757	0.0032695	0.00272533	0.00515971	0.0139678	0.00239916	

119	0.131	0	0	task-3:0.004	task-0:0.036	task-1:0.014	task-2:0.032	|	0.0588115	0.0425322	0.0302044	0.0299992	0.0295422	0.0285883	0.0265642	0.0228292	0.0298447	0.0237829	0.0287505	0.0225961	0.0221607	0.0215479	0.0211537	0.0211211	0.0210381	0.0209704	0.0206364	0.020004	0.0192866	0.0179148	0.0154493	0.0154939	0.0661546	0.0122175	0.0119438	0.0118689	0.0118626	0.0118441	0.0118272	0.0117846	0.011648	0.0113564	0.010808	0.0108042	0.0112403	0.0101087	0.0100338	0.00988677	0.00973635	0.00946231	0.00913266	0.00947937	0.00897969	0.00887457	0.00878434	0.00867024	0.00845904	0.00806182	0.00868376	0.00807185	0.00802231	0.00793997	0.007836	0.00781764	0.00781888	0.00781787	0.00776378	0.00765224	0.00750766	0.00746518	0.00734551	0.00723206	0.00717018	0.00705018	0.00681519	0.00656877	0.00683403	0.00640863	0.00640284	0.00639084	0.00636574	0.00631545	0.00621908	0.00601767	0.00564399	0.00723165	0.00556544	0.00539601	0.00535122	0.00527458	0.00524163	0.00520167	0.00512143	0.00496489	0.0046703	0.00454797	0.0067383	0.00424098	0.00415917	0.00412996	0.0041274	0.00412372	0.00412213	0.0041315	0.00410262	0.00404737	0.00399679	0.00397658	0.00394845	0.00385534	0.00381698	0.00374317	0.00358208	0.00376219	0.0035915	0.00356737	0.00352217	0.00348367	0.00347336	0.00346597	0.00342738	0.0033514	0.00324703	0.00304657	0.00268074	0.00426688	0.00559999	0.00242395	

83	0.111	0	0	task-3:0.002	task-0:0.032	task-1:0.014	task-2:0.036	|	0.0576991	0.0443552	0.0327812	0.0325307	0.0321079	0.0314418	0.0299877	0.0269056	0.0218625	0.0357511	0.0267091	0.085825	0.023753	0.0217463	0.0197383	0.0196431	0.0195793	0.0193608	0.0188598	0.0178216	0.0158638	0.0140729	0.0611806	0.0129973	0.0129006	0.0127258	0.012697	0.0126833	0.0125867	0.0123694	0.0119916	0.01172	0.0115132	0.0114128	0.0113927	0.0113488	0.0112602	0.0110939	0.0107152	0.00996833	0.00858892	0.00630101	0.0242366	0.023322	0.0103181	0.00545343	0.00460911	0.00458114	0.0045697	0.00454267	0.00444656	0.00439099	0.00428355	0.00430543	0.0041511	0.00414504	0.00414574	0.00412787	0.00408577	0.00397549	0.00383245	0.00356791	0.00479425	0.00350827	0.00351715	0.00349478	0.00344968	0.00338307	0.00338762	0.00338909	0.00337099	0.00333191	0.00326561	0.00323664	0.00316522	0.00303901	0.00327067	0.00298902	0.00299006	0.00297308	0.00293524	0.00285689	0.00270303	0.00241991	

103	0.105	0	0	task-3:0.018	task-0:0.036	task-1:0.014	task-2:0.042	|	0.0769361	0.0508669	0.0289781	0.0286762	0.0281035	0.0275394	0.026913	0.0260358	0.0242992	0.0214235	0.0274689	0.0218326	0.0217254	0.0204134	0.0201391	0.0196786	0.0194997	0.019287	0.0187115	0.0182795	0.0174261	0.0158277	0.0150364	0.038302	0.0135567	0.0133513	0.0132189	0.0131791	0.0131615	0.0131084	0.0129558	0.0126143	0.0119176	0.010624	0.00945468	0.0488202	0.00857541	0.00853406	0.00845451	0.00830865	0.00805156	0.00809166	0.00799256	0.00788605	0.00787309	0.00786692	0.00785647	0.00778534	0.00764336	0.00745774	0.00728328	0.00710918	0.00711019	0.00700573	0.00694713	0.00692647	0.00690752	0.00686135	0.00675924	0.00652443	0.00654738	0.00643444	0.00637153	0.00628692	0.00625742	0.00620659	0.00609637	0.00587102	0.00543131	0.00476128	0.0127937	0.00472444	0.00457998	0.00455899	0.00451768	0.00444016	0.00428309	0.00436052	0.00426629	0.00421325	0.00418042	0.00414357	0.0040741	0.00394702	0.00389484	0.00392563	0.0037546	0.0037255	0.00370747	0.00367109	0.00359909	0.0034602	0.00319436	0.00274254	0.0105599	0.0027363	0.00269115	0.00265733	0.0026445	0.00261919	0.00260918	0.00258438	0.00253322	0.00243273	

127	0.136	0	0	task-3:0.008	task-0:0.032	task-1:0.016	task-2:0.046	|	0.0556148	0.0389222	0.0270552	0.0268673	0.0264461	0.0255685	0.0238064	0.0206686	0.0276055	0.0214194	0.0218952	0.0204164	0.0202028	0.019842	0.0194419	0.0193764	0.0193136	0.0192809	0.0190279	0.0185201	0.0179493	0.0171238	0.0156077	0.0167899	0.021603	0.0146726	0.0142008	0.0132928	0.0131755	0.0129758	0.0129413	0.0129571	0.0128877	0.0127228	0.0124564	0.012357	0.0121815	0.0118232	0.0111588	0.0126425	0.0109577	0.0109183	0.0107851	0.01051	0.0100211	0.0108515	0.010036	0.00997177	0.00987526	0.00973108	0.00968591	0.00962708	0.00948069	0.00920235	0.00905723	0.0088773	0.00879347	0.00875961	0.00869354	0.00856941	0.00829499	0.00829003	0.00805596	0.00803062	0.00803017	0.00796657	0.00784433	0.00772591	0.00757247	0.00729025	0.00712864	0.00757904	0.00685854	0.00678036	0.00671639	0.00662838	0.00645865	0.00614143	0.0062766	0.00658868	0.00572803	0.00565952	0.00561807	0.0055367	0.0055326	0.00546303	0.0053913	0.00539146	0.00538626	0.00537757	0.00536957	0.0053473	0.00527285	0.00512892	0.00496954	0.00471494	0.00552862	0.00467751	0.00462598	0.00454831	0.00454343	0.00455782	0.00454322	0.00450616	0.00443678	0.00436954	0.00427184	0.00408329	0.00373038	0.00401895	0.00759833	0.00329225	0.00318751	0.00317069	0.0031494	0.00310816	0.0031096	0.0030628	0.00302193	0.0030147	0.00301105	0.00298537	0.00293132	0.00282492	0.00262466	0.00253979	0.00600015	0.00233726	

110	0.127	0	0	task-3:0.004	task-0:0.032	task-1:0.016	task-2:0.038	|	0.0557983	0.0405704	0.0292666	0.0290641	0.0286135	0.0276797	0.0257047	0.0221913	0.0302908	0.0232207	0.0331802	0.0218588	0.0213173	0.0206136	0.0204331	0.0203932	0.0203417	0.0203179	0.0200903	0.0196055	0.0187039	0.018388	0.0178047	0.0175555	0.0174333	0.0171724	0.0166429	0.0156113	0.0136578	0.0133784	0.0572023	0.0109029	0.0107657	0.0106538	0.0105684	0.0104555	0.0101801	0.0101435	0.0101587	0.0101004	0.0099743	0.00981386	0.00977889	0.0097869	0.00972138	0.00958528	0.00942107	0.00936054	0.0092459	0.00902025	0.00875293	0.00824126	0.00898435	0.0080975	0.00782207	0.00777395	0.00767272	0.00751994	0.0075207	0.00747007	0.0073803	0.00732846	0.00732281	0.00731571	0.00731654	0.00730366	0.00724006	0.00710512	0.00687115	0.00667821	0.0068546	0.00649101	0.00647131	0.00643029	0.00634739	0.00618383	0.00586242	0.00523809	0.00416171	0.0122886	0.0174393	0.00441124	0.003402	0.00316897	0.00315506	0.00312759	0.00307547	0.0029567	0.00304166	0.00295729	0.00292365	0.0028763	0.00287434	0.00288742	0.00287702	0.00285284	0.00280995	0.00277905	0.00272035	0.00277764	0.00271945	0.00270241	0.00266826	0.00261433	0.00262081	0.002603	0.00256774	0.00251508	0.0025227	0.00250856	0.00247903	

90	0.116	0	0	task-3:0.004	task-0:0.032	task-1:0.016	task-2:0.038	|	0.0572677	0.040512	0.0281472	0.0279266	0.0274272	0.0263986	0.0245272	0.0268966	0.0245838	0.0236872	0.023511	0.0232204	0.0224959	0.0211401	0.0210015	0.019943	0.0196161	0.0194325	0.0190372	0.0182769	0.0180018	0.0173804	0.017211	0.0171008	0.0168683	0.0163959	0.0154143	0.0135731	0.0110557	0.0653138	0.0105445	0.010539	0.0104973	0.0104265	0.0101951	0.0100976	0.00989958	0.00950949	0.00876723	0.0116906	0.0084766	0.00839515	0.00833303	0.00824417	0.00812746	0.00810975	0.00811493	0.00810154	0.00804029	0.00790328	0.00765116	0.00741629	0.00746555	0.0072235	0.00718561	0.00715466	0.00709121	0.00696448	0.00671806	0.00624371	0.00536232	0.0159986	0.00542491	0.00528639	0.00527087	0.00524593	0.00514587	0.00507166	0.00496624	0.00476035	0.00437159	0.00366894	0.00683717	0.0153554	0.00339264	0.00300434	0.00288712	0.00286977	0.00284504	0.00282559	0.00280039	0.00271611	0.00272141	0.00271968	0.00270516	0.00267217	0.00258247	0.00258611	0.00256288	0.00251997	0.00248112	

110	0.126	0	0	task-3:0.004	task-0:0.032	task-1:0.016	task-2:0.038	|	0.0557983	0.0405704	0.0292666	0.0290641	0.0286135	0.0276797	0.0257047	0.0221913	0.0302908	0.0232207	0.0331802	0.0218588	0.0213173	0.0206136	0.0204331	0.0203932	0.0203417	0.0203179	0.0200903	0.0196055	0.0187039	0.018388	0.0178047	0.0175555	0.0174333	0.0171724	0.0166429	0.0156113	0.0136578	0.0133784	0.0572023	0.0109029	0.0107657	0.0106538	0.0105684	0.0104555	0.0101801	0.0101435	0.0101587	0.0101004	0.0099743	0.00981386	0.00977889	0.0097869	0.00972138	0.00958528	0.00942107	0.00936054	0.0092459	0.00902025	0.00875293	0.00824126	0.00898435	0.0080975	0.00782207	0.00777395	0.00767272	0.00751994	0.0075207	0.00747007	0.0073803	0.00732846	0.00732281	0.00731571	0.00731654	0.00730366	0.00724006	0.00710512	0.00687115	0.00667821	0.0068546	0.00649101	0.00647131	0.00643029	0.00634739	0.00618383	0.00586242	0.00523809	0.00416171	0.0122886	0.0174393	0.00441124	0.003402	0.00316897	0.00315506	0.00312759	0.00307547	0.0029567	0.00304166	0.00295729	0.00292365	0.0028763	0.00287434	0.00288742	0.00287702	0.00285284	0.00280995	0.00277905	0.00272035	0.00277764	0.00271945	0.00270241	0.00266826	0.00261433	0.00262081	0.002603	0.00256774	0.00251508	0.0025227	0.00250856	0.00247903	

107	0.125	0	0	task-3:0.002	task-0:0.03	task-1:0.012	task-2:0.042	|	0.0762821	0.0531461	0.0321994	0.0319952	0.0315288	0.0305248	0.0284678	0.028662	0.0264322	0.0260108	0.0252463	0.0237217	0.022782	0.0221093	0.0218261	0.0216996	0.0214695	0.0211705	0.0206937	0.0197606	0.0197541	0.0192872	0.0189074	0.0186767	0.0182142	0.0175205	0.0163026	0.017729	0.0157212	0.0153237	0.0151556	0.0149004	0.0148473	0.014809	0.014744	0.0146523	0.0143853	0.0139127	0.0139449	0.0134802	0.0134106	0.013319	0.0130491	0.0127793	0.0125037	0.0120226	0.012335	0.0120142	0.0119209	0.0117618	0.0116777	0.0116568	0.0116335	0.011618	0.0115037	0.0112816	0.011044	0.0105724	0.00967055	0.00805266	0.0149399	0.0248721	0.00766727	0.00650619	0.0062947	0.00626417	0.00620452	0.00617912	0.00614579	0.00605546	0.00586881	0.00551517	0.0051318	0.0101918	0.00493233	0.00490295	0.00485733	0.00484226	0.00483689	0.00478108	0.00468659	0.00465632	0.00459119	0.00445897	0.00420473	0.00400357	0.00679673	0.00380294	0.00377696	0.00373513	0.00372963	0.00373697	0.00371197	0.00366216	0.00359559	0.00359022	0.0035619	0.00350282	0.00339297	0.00338327	0.00328835	0.00325047	0.00323832	0.00321553	0.00316349	0.00304814	0.00282695	0.00243368	

101	0.122	0	0	task-3:0.01	task-0:0.03	task-1:0.012	task-2:0.108	|	0.0816569	0.0537502	0.0290736	0.0287954	0.0282487	0.0276123	0.0270362	0.0263694	0.0249967	0.0223124	0.0178504	0.0331787	0.0205662	0.129622	0.0183801	0.0175457	0.0168948	0.016753	0.0164639	0.0159424	0.0150699	0.0134072	0.0166471	0.0214049	0.0122581	0.0115723	0.0113417	0.0112858	0.0112372	0.0111463	0.0109778	0.0106289	0.0105772	0.0102938	0.0102619	0.0102298	0.0101782	0.0100189	0.00972092	0.00959648	0.00935239	0.00932184	0.00928481	0.00921935	0.0090945	0.00880677	0.00869382	0.0084683	0.00846281	0.00843609	0.00839033	0.00832442	0.00812774	0.00808101	0.0079969	0.00783153	0.00749969	0.00728253	0.00807514	0.00697804	0.0068853	0.00682011	0.00675106	0.00662672	0.00637849	0.00652368	0.00622209	0.00620527	0.00618587	0.00610255	0.00595925	0.00593391	0.00582281	0.00577548	0.00575791	0.00573499	0.00569494	0.00557801	0.00542276	0.00530392	0.00524559	0.00516446	0.00515586	0.00513806	0.00510287	0.00503338	0.00489448	0.00464488	0.00527128	0.00462684	0.00457958	0.00450487	0.00448505	0.00446762	0.00438037	0.00433201	0.00426186	0.00412354	0.00385796	0.00337188	0.00256303	0.00145757	

110	0.127	0	0	task-3:0.004	task-0:0.032	task-1:0.016	task-2:0.038	|	0.0557983	0.0405704	0.0292666	0.0290641	0.0286135	0.0276797	0.0257047	0.0221913	0.0302908	0.0232207	0.0331802	0.0218588	0.0213173	0.0206136	0.0204331	0.0203932	0.0203417	0.0203179	0.0200903	0.0196055	0.0187039	0.018388	0.0178047	0.0175555	0.0174333	0.0171724	0.0166429	0.0156113	0.0136578	0.0133784	0.0572023	0.0109029	0.0107657	0.0106538	0.0105684	0.0104555	0.0101801	0.0101435	0.0101587	0.0101004	0.0099743	0.00981386	0.00977889	0.0097869	0.00972138	0.00958528	0.00942107	0.00936054	0.0092459	0.00902025	0.00875293	0.00824126	0.00898435	0.0080975	0.00782207	0.00777395	0.00767272	0.00751994	0.0075207	0.00747007	0.0073803	0.00732846	0.00732281	0.00731571	0.00731654	0.00730366	0.00724006	0.00710512	0.00687115	0.00667821	0.0068546	0.00649101	0.00647131	0.00643029	0.00634739	0.00618383	0.00586242	0.00523809	0.00416171	0.0122886	0.0174393	0.00441124	0.003402	0.00316897	0.00315506	0.00312759	0.00307547	0.0029567	0.00304166	0.00295729	0.00292365	0.0028763	0.00287434	0.00288742	0.00287702	0.00285284	0.00280995	0.00277905	0.00272035	0.00277764	0.00271945	0.00270241	0.00266826	0.00261433	0.00262081	0.002603	0.00256774	0.00251508	0.0025227	0.00250856	0.00247903	

71	0.073	0	0	task-3:0.002	task-0:0.026	task-1:0.014	task-2:0.04	|	0.0618566	0.0450045	0.0308651	0.0306219	0.0301439	0.0293214	0.0279173	0.0265973	0.0240508	0.0199379	0.03215	0.0217698	0.10693	0.0202759	0.0195702	0.0187726	0.018513	0.0182307	0.017672	0.0168555	0.0158279	0.0189545	0.0156484	0.0151732	0.0151078	0.0150255	0.014859	0.0145308	0.0138775	0.0127558	0.0170192	0.012747	0.0124412	0.0123458	0.0121556	0.0119575	0.0116049	0.0109498	0.0125488	0.0109745	0.0108819	0.0107702	0.0105948	0.0105312	0.0104531	0.0102342	0.0100619	0.00971806	0.00905876	0.0100319	0.00998797	0.00837408	0.00826524	0.00815458	0.00815266	0.00814047	0.00812174	0.00809738	0.00802082	0.00785532	0.00753416	0.00728814	0.00821592	0.0070282	0.00699335	0.0069224	0.0068007	0.00656129	0.00612199	0.00531699	0.00397073	0.00229864	

104	0.123	0	0	task-3:0.002	task-0:0.036	task-1:0.016	task-2:0.038	|	0.0591005	0.0412222	0.0280774	0.0278431	0.0273246	0.0263201	0.0257412	0.0247787	0.0244383	0.0237534	0.0224605	0.0200773	0.0230373	0.0188821	0.0187172	0.0182817	0.0178448	0.0176696	0.017527	0.0173051	0.0168096	0.0161608	0.0149218	0.0131094	0.0302195	0.0127634	0.0127377	0.0127051	0.0126369	0.0125077	0.0122346	0.0116486	0.0105411	0.0113662	0.0224936	0.00922484	0.00900175	0.00889442	0.00886739	0.00881325	0.00871095	0.00852481	0.00825992	0.00833034	0.00816858	0.00808331	0.00806405	0.00802652	0.0079598	0.00783758	0.00758006	0.00763316	0.00757015	0.00749664	0.00738695	0.00735639	0.00730168	0.00720944	0.00700402	0.00700483	0.00697926	0.00691858	0.00676222	0.00647692	0.006616	0.00632189	0.00618575	0.00615785	0.00609527	0.00596393	0.00567749	0.0053371	0.00696438	0.00520221	0.00519106	0.00517342	0.00513977	0.0050725	0.00494067	0.00468995	0.00420366	0.0114631	0.00421767	0.00414299	0.00410317	0.00409316	0.00407276	0.00402946	0.00394141	0.00377331	0.003467	0.00545738	0.00346776	0.00343013	0.00337723	0.00337152	0.00335982	0.00333636	0.0032884	0.00318865	0.00299884	0.00264033	0.00356178	0.0083691	0.00235999	

51	0.062	0	0	task-3:0.002	task-0:0.03	task-1:0.012	task-2:0.024	|	0.0414513	0.036405	0.0313345	0.0309649	0.0306146	0.0303345	0.029672	0.0281842	0.025476	0.0268225	0.0242899	0.0235964	0.0227505	0.022665	0.0226005	0.0223532	0.0217765	0.0207306	0.0200945	0.0194	0.0193331	0.0192335	0.0190283	0.0188868	0.0187392	0.0183093	0.0175439	0.0176413	0.0169024	0.0167927	0.0166369	0.0161851	0.0159279	0.0154111	0.014408	0.0125504	0.00940724	0.0254588	0.0405868	0.0127415	0.00733737	0.00663589	0.00658347	0.00655955	0.00650908	0.00636289	0.00623945	0.00599446	0.00552479	0.00467526	0.00331154	0.00160908	

56	0.063	0	0	task-3:0.002	task-0:0.036	task-1:0.014	task-2:0.042	|	0.033967	0.0313592	0.0285421	0.0282397	0.0280018	0.0277898	0.0272376	0.0259992	0.023471	0.0194314	0.0311645	0.0211817	0.079023	0.0198086	0.0191272	0.0183155	0.0180702	0.0177616	0.0172716	0.0163439	0.0145933	0.0115523	0.0231368	0.0387602	0.0126726	0.00905867	0.00852798	0.00850355	0.00849022	0.0084442	0.00833479	0.00807023	0.00795721	0.00774159	0.00774521	0.00771069	0.0076405	0.00749997	0.00720709	0.00664177	0.00562823	0.0111465	0.011208	0.00533319	0.00478854	0.00466625	0.00463104	0.00460616	0.00455583	0.00445581	0.00426123	0.00389596	0.00322709	0.00482136	0.0339205	0.00272214	0.00245011	

58	0.065	0	0	task-3:0.002	task-0:0.03	task-1:0.016	task-2:0.04	|	0.0301686	0.0301114	0.0299536	0.0296469	0.0291446	0.0281414	0.0265361	0.0273351	0.0261426	0.0250512	0.0249066	0.024803	0.0246684	0.0246124	0.0243149	0.0236653	0.0225223	0.0225321	0.0218864	0.0214019	0.0209835	0.0204294	0.0194519	0.0187614	0.0198284	0.018082	0.0175932	0.0175231	0.0173944	0.017208	0.0167139	0.016456	0.0159896	0.0153559	0.0156605	0.0151336	0.0149047	0.0148085	0.0146126	0.0142346	0.0134889	0.0120576	0.00954577	0.0135471	0.0788219	0.00642187	0.0064671	0.00636308	0.00628195	0.00625983	0.00621432	0.00612278	0.00594223	0.00559552	0.00493947	0.00382762	0.00665508	0.0637073	0.00248463	

108	0.124	0	0	task-3:0.004	task-0:0.032	task-1:0.014	task-2:0.038	|	0.0502359	0.0378235	0.0286584	0.0284621	0.0280937	0.0273506	0.0257834	0.022718	0.0181133	0.0352972	0.0228794	0.119728	0.0193233	0.0176202	0.0165554	0.0165022	0.0164563	0.0163296	0.0160235	0.015324	0.0141468	0.0171831	0.0142445	0.0140414	0.0139486	0.0137327	0.013287	0.01245	0.013596	0.0123751	0.011735	0.0116165	0.0114429	0.0114018	0.0113161	0.0111476	0.010826	0.010195	0.0116951	0.0102011	0.0100991	0.0099619	0.00987668	0.0098161	0.00972985	0.00951856	0.00934503	0.00901329	0.00869789	0.00940444	0.00846391	0.00835537	0.00826803	0.00818234	0.00804559	0.00780424	0.0078372	0.00775186	0.00763425	0.00761962	0.00762264	0.00758972	0.00750672	0.00733192	0.00700958	0.00705667	0.00713237	0.00661067	0.00657034	0.00648568	0.00632188	0.00627174	0.00609981	0.00607487	0.0060528	0.00601694	0.00591548	0.00572644	0.00571973	0.00554865	0.00549213	0.00547052	0.00542985	0.00531679	0.00513279	0.00529016	0.00501093	0.00500244	0.00499082	0.00493208	0.00482394	0.00475126	0.00459536	0.00464982	0.00448529	0.00447336	0.00446698	0.00440054	0.00432964	0.00431823	0.00431492	0.00426613	0.00418315	0.00415214	0.00408718	0.00395595	0.00370062	0.00323035	0.00244632	

51	0.061	0	0	task-3:0.002	task-0:0.03	task-1:0.012	task-2:0.024	|	0.0414513	0.036405	0.0313345	0.0309649	0.0306146	0.0303345	0.029672	0.0281842	0.025476	0.0268225	0.0242899	0.0235964	0.0227505	0.022665	0.0226005	0.0223532	0.0217765	0.0207306	0.0200945	0.0194	0.0193331	0.0192335	0.0190283	0.0188868	0.0187392	0.0183093	0.0175439	0.0176413	0.0169024	0.0167927	0.0166369	0.0161851	0.0159279	0.0154111	0.014408	0.0125504	0.00940724	0.0254588	0.0405868	0.0127415	0.00733737	0.00663589	0.00658347	0.00655955	0.00650908	0.00636289	0.00623945	0.00599446	0.00552479	0.00467526	0.00331154	0.00160908	

95	0.118	0	0	task-3:0.002	task-0:0.028	task-1:0.012	task-2:0.04	|	0.0947315	0.0633815	0.0281549	0.0279675	0.0275419	0.0266484	0.0248719	0.0217315	0.0256251	0.0253996	0.0212438	0.0195446	0.0185529	0.0186103	0.0185372	0.0183802	0.0180646	0.017463	0.016372	0.0172028	0.0178503	0.0152977	0.0147449	0.0147426	0.0147203	0.0146715	0.0145265	0.0142087	0.0135859	0.0138743	0.013534	0.013351	0.0131385	0.0130881	0.0131029	0.0130164	0.0128327	0.012621	0.0125609	0.0125287	0.0123748	0.0120927	0.0119064	0.0115428	0.0111849	0.0109453	0.0109874	0.0106546	0.0105576	0.0105203	0.0104496	0.0103253	0.0100505	0.00971106	0.00906804	0.0104249	0.00954389	0.00843058	0.00831594	0.00828403	0.00821997	0.008098	0.00787079	0.00767044	0.00775736	0.00749952	0.00743133	0.00739508	0.00732167	0.00717772	0.00689565	0.00637834	0.00884438	0.00637727	0.00629842	0.0062142	0.00619071	0.00614268	0.00604659	0.00592025	0.00569895	0.00604298	0.00569412	0.00564345	0.00555952	0.00552055	0.00544169	0.0052856	0.00498278	0.00441283	0.0034432	0.00425051	0.0349387	0.00912511	0.0709362	0.00211309	

106	0.124	0	0	task-3:0.004	task-0:0.032	task-1:0.012	task-2:0.04	|	0.0753254	0.052139	0.0318614	0.0316496	0.0311713	0.0301724	0.0285556	0.0254599	0.0201173	0.0342538	0.0234166	0.121269	0.021102	0.0199201	0.0188514	0.0186957	0.0184145	0.0177561	0.0173323	0.0165933	0.0168502	0.016501	0.0161742	0.0159785	0.0158679	0.0157589	0.0153819	0.0151788	0.0149131	0.0144051	0.0134232	0.013147	0.0197607	0.0120869	0.0119445	0.0117988	0.0117567	0.0117708	0.0116945	0.0115357	0.011348	0.0112912	0.0112328	0.0110636	0.0107206	0.0101478	0.010304	0.011051	0.00942376	0.00934111	0.00920066	0.00914869	0.00908984	0.00891879	0.00867163	0.00868944	0.00842704	0.00839696	0.00838978	0.00828664	0.00815308	0.00813693	0.00813919	0.00810416	0.0080153	0.0078279	0.00748054	0.00749336	0.00771151	0.00703744	0.00699322	0.00690176	0.00672907	0.00681572	0.00660653	0.0065725	0.00650159	0.00634745	0.00603395	0.0054235	0.00436378	0.00815956	0.0404054	0.0036105	0.00321104	0.00312606	0.00310859	0.00310267	0.0030913	0.00307164	0.00303818	0.00294195	0.00296475	0.00294362	0.00290501	0.00286847	0.00285613	0.00283975	0.0027747	0.00274153	0.00268109	0.00257685	0.00268159	0.00255795	0.00253173	0.00250421	0.00248851	

118	0.129	0	0	task-3:0.004	task-0:0.032	task-1:0.006	task-2:0.038	|	0.0665053	0.0450954	0.0284478	0.0282013	0.0276733	0.0267013	0.026284	0.0260588	0.0255108	0.0246138	0.0242179	0.023728	0.0227193	0.0210586	0.0229745	0.021038	0.0203525	0.0200477	0.0196978	0.0190111	0.018418	0.0178354	0.017761	0.0176782	0.0175158	0.0174075	0.0173104	0.0169963	0.0164425	0.0163095	0.0158472	0.0157673	0.0157184	0.01563	0.0154783	0.0151428	0.0144836	0.0138376	0.0151055	0.0134223	0.0133694	0.0132642	0.0132054	0.0131877	0.0130525	0.0127941	0.0125857	0.0121696	0.0113708	0.0119397	0.0132847	0.0104286	0.0101442	0.0101335	0.0101092	0.0100582	0.00995783	0.00974177	0.00931191	0.00850513	0.010862	0.0103928	0.00775952	0.00753324	0.00752867	0.0075198	0.0075067	0.00749302	0.00743616	0.00730875	0.00705469	0.00666885	0.00595139	0.00715451	0.0134121	0.00537426	0.00491837	0.00490036	0.00488461	0.00486083	0.0047595	0.00471306	0.00462211	0.00459077	0.00446434	0.0044671	0.00445868	0.00444886	0.00443176	0.00435845	0.0042625	0.0042552	0.00416932	0.00414187	0.00413664	0.00412692	0.00411183	0.00408864	0.00399827	0.00395926	0.00388278	0.00373834	0.00370162	0.00380651	0.00352638	0.00349522	0.00346786	0.0034145	0.00343466	0.00339387	0.00334797	0.00331813	0.00330037	0.00327294	0.00319777	0.00310447	0.002924	0.00259032	0.00202612	

