87	0.39	4	0	task-3:0.014	task-0:0.01	task-1:0.086	task-2:0.038	|	0.266165	0.426288	0.395856	0.256572	0.246102	0.237903	0.208179	0.187438	0.163881	0.145308	0.137285	0.15274	0.159476	0.15634	0.149934	0.132251	0.109564	0.0854456	0.0743175	0.0696062	0.0684193	0.0689311	0.0689181	0.0716547	0.0701717	0.0692126	0.0693389	0.0650543	0.059241	0.0545571	0.052953	0.0505096	0.0465244	0.0462871	0.0448805	0.0435125	0.0415548	0.0394925	0.0372725	0.0368208	0.0353015	0.0339233	0.0334337	0.0326937	0.031831	0.0310898	0.030137	0.0291038	0.0279682	0.0268036	0.0256463	0.0253751	0.0241521	0.0227605	0.0220475	0.0218636	0.0219039	0.0213629	0.0205109	0.0197067	0.0195039	0.0191786	0.0188652	0.0183634	0.0178572	0.0179202	0.0173319	0.0169521	0.0166022	0.0162529	0.0163659	0.0160012	0.0157577	0.0154835	0.0152451	0.0149494	0.0146242	0.0148236	0.0142535	0.0139325	0.0136936	0.0137328	0.0135612	0.0134728	0.0133064	0.0132507	0.0131694	

59	0.374	4	0	task-3:0.184	task-0:0.148	task-1:0.344	task-2:0.276	|	0.261159	0.293928	0.25947	0.25119	0.250733	0.246744	0.24229	0.227756	0.191773	0.160769	0.162247	0.183136	0.188678	0.187693	0.189156	0.190006	0.191164	0.198435	0.204785	0.20795	0.210027	0.211239	0.212132	0.213272	0.214345	0.215241	0.217004	0.221621	0.221917	0.221555	0.21947	0.216481	0.209682	0.220877	0.221311	0.220744	0.215044	0.210252	0.209598	0.19827	0.209559	0.209535	0.209218	0.203628	0.196945	0.2082	0.211583	0.21344	0.20782	0.202939	0.19663	0.192821	0.189395	0.189206	0.208911	0.215182	0.215785	0.215784	0.21535	

181	1.108	4	0	task-3:0.03	task-0:0.042	task-1:0.14	task-2:0.006	|	0.253709	0.429377	0.411116	0.314831	0.252246	0.26383	0.251913	0.246012	0.243287	0.225999	0.190733	0.188091	0.192147	0.186671	0.17583	0.166209	0.158235	0.154633	0.154544	0.157021	0.155136	0.156165	0.155184	0.149435	0.144879	0.142144	0.133653	0.132291	0.122251	0.0862694	0.0723616	0.113121	0.11174	0.062717	0.0598018	0.103734	0.102417	0.0664565	0.0607448	0.0590213	0.0530883	0.0514574	0.0551017	0.148753	0.159277	0.122507	0.0445708	0.043429	0.0606071	0.0973563	0.0753228	0.0777969	0.0598849	0.0597573	0.0742794	0.0742822	0.0700759	0.0601631	0.05585	0.0519148	0.044593	0.0378263	0.0245652	0.0179499	0.00100953	0.000578106	3.50511e-005	0.033334	0.0333324	0.0009068	4.53814e-005	4.53481e-005	3.40132e-005	0.00027515	0.0201121	0.0200217	0.0200253	0.0200503	0.0202024	0.00183468	0.00181718	0.000579331	0.000154286	4.28292e-005	1.62084e-005	0.0204823	0.0204729	3.34198e-005	1.39302e-005	1.01482e-005	8.59494e-006	7.02173e-006	5.32852e-006	4.03912e-006	2.89966e-006	1.95038e-006	1.21372e-006	8.97705e-007	1.49848e-006	4.91272e-006	3.01183e-005	0.000576299	7.96707e-005	8.75052e-005	0.000147868	3.54236e-006	2.33469e-007	0.0200001	0.020009	0.00608742	0.00608681	0.0203273	0.0203202	0.00162799	0.00158329	0.0206866	0.0203633	0.0204134	0.0206458	0.0207704	0.0208093	0.000889669	0.0206343	0.0205028	0.0113296	0.000393	0.0114631	0.00020228	0.00575721	7.757e-005	4.26198e-005	1.98622e-005	7.89164e-006	4.61764e-006	3.07703e-006	1.39815e-006	6.06644e-007	2.19868e-007	6.38663e-008	1.41135e-008	2.49283e-009	2.82734e-010	1.27724e-011	3.25631e-013	0.059992	0.0599918	0.0368502	7.39202e-011	5.71683e-010	1.71976e-009	4.08429e-008	3.42531e-005	0.000363125	0.000328999	1.26973e-005	3.65476e-006	1.91303e-006	3.44699e-006	0.000493642	0.0201809	0.024403	0.017244	0.0159895	0.0107539	0.00276441	0.000164491	3.87891e-006	7.57194e-007	0.000946555	0.0200093	0.0201677	0.00602226	0.0128656	0.0116283	0.00496063	0.000805813	4.67044e-005	1.27092e-005	0.00561776	0.0200811	0.0206549	

78	0.39	4	0	task-3:0.25	task-0:0.264	task-1:0.468	task-2:0.06	|	0.257561	0.437035	0.401311	0.252073	0.256301	0.254134	0.221349	0.238864	0.227023	0.203678	0.200696	0.202293	0.203753	0.204683	0.204321	0.203528	0.20281	0.201628	0.199502	0.198164	0.196047	0.191615	0.184015	0.173741	0.165762	0.154283	0.142849	0.132267	0.127724	0.132008	0.132172	0.132611	0.134772	0.136856	0.139559	0.142864	0.146407	0.149812	0.153062	0.15648	0.160255	0.164059	0.167295	0.169735	0.171948	0.174664	0.177294	0.178978	0.180094	0.182387	0.185361	0.187046	0.187216	0.186265	0.179975	0.17973	0.17958	0.179498	0.179501	0.179481	0.17126	0.17126	0.171213	0.170761	0.15429	0.170181	0.155692	0.17106	0.17106	0.171053	0.171057	0.171057	0.171031	0.153878	0.171054	0.171057	0.171049	0.170908	

67	0.608	4	0	task-3:0.196	task-0:0.18	task-1:0.408	task-2:0.048	|	0.294912	0.410649	0.353744	0.249544	0.223905	0.205981	0.165622	0.109666	0.0774206	0.0686209	0.0527348	0.0512138	0.0450516	0.0422787	0.0507229	0.045844	0.047029	0.0498733	0.0536166	0.0580095	0.0632797	0.0705664	0.0778814	0.0845628	0.0920785	0.102661	0.115947	0.123371	0.124924	0.131967	0.131503	0.12839	0.129961	0.129547	0.130581	0.131886	0.133365	0.135336	0.137658	0.14025	0.143473	0.147381	0.152099	0.152841	0.155544	0.156378	0.156568	0.158283	0.159545	0.161267	0.163222	0.163988	0.164616	0.163849	0.163963	0.16479	0.165553	0.166176	0.166959	0.167044	0.166972	0.163703	0.162705	0.161658	0.159494	0.157156	0.155756	

169	1.17	4	0	task-3:0.246	task-0:0.246	task-1:0.498	task-2:0.042	|	0.311704	0.335971	0.290293	0.242187	0.222692	0.182433	0.144613	0.127234	0.129051	0.136735	0.140918	0.144809	0.149695	0.154417	0.158956	0.16297	0.168902	0.173701	0.177913	0.18072	0.181867	0.183239	0.18422	0.184527	0.184588	0.184601	0.184626	0.184631	0.184619	0.184359	0.177057	0.176719	0.169347	0.169257	0.169119	0.154464	0.155245	0.155322	0.146886	0.1463	0.137159	0.144945	0.144249	0.143609	0.142938	0.132736	0.13237	0.132537	0.132537	0.132376	0.132388	0.132388	0.132352	0.131194	0.121363	0.121296	0.121242	0.121213	0.121229	0.121229	0.121214	0.121215	0.121215	0.121212	0.121215	0.121215	0.121213	0.121212	0.121212	0.121212	0.121212	0.121212	0.121212	0.121212	0.121212	0.121207	0.109733	0.109728	0.109723	0.109718	0.109712	0.109701	0.0981773	0.0981556	0.098095	0.0867503	0.074907	0.0741898	0.0630834	0.0977993	0.0978436	0.0977649	0.0977855	0.0975732	0.0974599	0.0973366	0.0971371	0.0896947	0.0720042	0.0715112	0.0709023	0.0598964	0.0564603	0.0556371	0.0548703	0.0542225	0.0537661	0.0535737	0.0537031	0.0537031	0.0535988	0.05358	0.05358	0.0375698	0.0373758	0.0372093	0.0370896	0.0199316	0.0196186	0.0193895	0.00105599	0.0192334	0.000655759	0.0176663	0.000515889	0.000457407	0.0192859	0.0192859	0.0188341	0.000464064	0.000464064	0.000444372	0.0190912	0.0190823	0.0136813	0.000446691	0.000446691	0.000439992	0.0154507	0.0151994	0.00248772	0.000440595	0.000440595	0.000440589	0.00220071	0.00608289	0.00251332	0.000487855	0.000472018	0.000677469	0.0017624	0.00258582	0.00159583	0.00134095	0.00118298	0.00104844	0.000934464	0.000838366	0.000757654	0.00164926	0.00256656	0.00136582	0.00112999	0.000957629	0.000810659	0.000688992	0.0016898	0.00301641	0.00152849	

150	1.139	4	0	task-3:0.076	task-0:0.066	task-1:0.062	task-2:0.058	|	0.26956	0.346092	0.326387	0.277595	0.25108	0.278372	0.27758	0.256401	0.250485	0.246919	0.235122	0.213047	0.180262	0.149547	0.176319	0.172693	0.17124	0.167909	0.166878	0.169915	0.165661	0.446939	0.44807	0.28184	0.168022	0.167744	0.15839	0.21298	0.194873	0.154038	0.158364	0.157469	0.139096	0.125468	0.108519	0.0558551	0.054688	0.0849764	0.0908266	0.0770716	0.0582465	0.052574	0.0464898	0.0432095	0.028036	0.0397628	0.0392043	0.0429247	0.0507905	0.026509	0.00574798	0.0224712	0.0108861	0.00319903	0.0400177	0.0278046	0.00285941	0.00283503	0.0152535	0.0446542	0.0209278	0.0117391	0.00257617	0.00253328	0.00483989	0.0099118	0.00934755	0.00658177	0.0254901	0.00384418	0.00337415	0.0243041	0.00529633	0.00452347	0.00480598	0.00600393	0.00460091	0.00462477	0.00476931	0.00508306	0.0012285	0.00220712	0.00303396	0.0169561	0.000660109	0.000728199	0.0240045	0.00661447	0.00147637	0.000761552	0.000907526	0.000914343	0.00093706	0.000995387	0.00109057	0.00126509	0.00159502	0.000686553	0.00083333	0.0134371	0.000222407	0.000216313	0.00188453	0.00154789	0.000323494	0.000297878	0.000495921	0.000742621	0.000672777	0.000504137	0.000460079	0.000466165	0.000488863	0.000536956	0.000514558	0.000462537	0.000417235	0.00037862	8.18406e-005	3.56964e-005	5.54498e-005	6.95564e-005	0.000110548	1.64577e-005	6.41925e-006	3.36588e-006	3.53975e-006	3.70074e-006	5.51375e-006	8.83186e-007	2.56767e-007	4.67709e-008	1.23439e-008	2.64829e-009	4.17732e-010	4.55425e-011	3.1878e-012	1.31133e-013	0	0	0	0	0	0	0	0	0	0	0	0	

57	0.453	4	0	task-3:0.5	task-0:0.5	task-1:0.286	task-2:0.204	|	0.296681	0.345449	0.305298	0.232166	0.22996	0.219753	0.186431	0.160277	0.149031	0.139627	0.138551	0.136544	0.136009	0.136334	0.139146	0.143709	0.148144	0.152838	0.157957	0.162581	0.166092	0.168996	0.171786	0.173944	0.175673	0.177588	0.180523	0.183898	0.186045	0.186715	0.186098	0.186843	0.187232	0.187101	0.179709	0.179662	0.179421	0.171698	0.171622	0.171538	0.166226	0.155061	0.154778	0.154466	0.145648	0.153774	0.153424	0.153102	0.143531	0.143111	0.142875	0.132417	0.143491	0.143491	0.14316	0.138817	0.132805	

200	1.575	4	0	task-3:0.282	task-0:0.282	task-1:0.534	task-2:0.066	|	0.410073	0.260054	0.252644	0.264648	0.264008	0.250959	0.240697	0.215888	0.178911	0.167316	0.162721	0.151157	0.140739	0.118844	0.105282	0.0928748	0.0758716	0.0952222	0.0960914	0.110166	0.115718	0.127347	0.136322	0.151023	0.155916	0.159314	0.161503	0.169215	0.186354	0.195005	0.200803	0.203051	0.205094	0.205272	0.200989	0.189938	0.186929	0.18146	0.180631	0.1652	0.164706	0.158198	0.147901	0.14347	0.130626	0.136751	0.13612	0.122599	0.109418	0.106638	0.11033	0.100836	0.100654	0.100823	0.0895098	0.0878459	0.0865705	0.087939	0.0879664	0.090063	0.0901513	0.0901009	0.0806988	0.0791776	0.0900514	0.0912194	0.0912087	0.0912	0.0917116	0.0940496	0.0934668	0.0819844	0.0817323	0.0815487	0.0814818	0.0808907	0.0686503	0.0684533	0.0682859	0.0686324	0.0685738	0.0686353	0.0686447	0.0685982	0.0685917	0.0685866	0.0685746	0.0685742	0.0685739	0.0685731	0.0685718	0.0685716	0.0685716	0.0685714	0.0685714	0.0685715	0.0685715	0.0685714	0.0685714	0.0685714	0.0685714	0.0685714	0.0685714	0.0685714	0.0685714	0.0685714	0.0685714	0.0685714	0.0685714	0.0685636	0.0679677	0.0538777	0.0685714	0.0685714	0.0685714	0.0685714	0.0685754	0.0689742	0.0689795	0.0689795	0.0689795	0.0689794	0.0689794	0.0689793	0.0689047	0.0619905	0.0542824	0.068979	0.0689789	0.0689787	0.0689785	0.0689783	0.0689781	0.0689778	0.0689774	0.068977	0.0689765	0.0689759	0.068966	0.0682692	0.054238	0.0689725	0.0689714	0.0689701	0.0689689	0.068882	0.0689663	0.0685919	0.0689627	0.0689542	0.0688093	0.0689651	0.0689654	0.068889	0.0616847	0.0541104	0.068958	0.0685975	0.0689629	0.0689639	0.0689626	0.068946	0.0686447	0.0689641	0.0689651	0.0689653	0.068965	0.0689514	0.0680697	0.0541037	0.0689655	0.0689655	0.0689653	0.0689629	0.0688269	0.0689652	0.0689655	0.0689655	0.0689651	0.0689599	0.0686759	0.0689645	0.068877	0.0605781	0.0541029	0.0689655	0.0689655	0.0689655	0.0689655	0.0689655	0.0689655	0.0689655	0.0689655	0.0689655	0.0689655	0.0689655	0.0689546	0.0681262	0.0541025	0.0689655	

156	1.123	4	0	task-3:0.264	task-0:0.264	task-1:0.422	task-2:0.264	|	0.25746	0.377576	0.339684	0.288697	0.25293	0.262022	0.26054	0.245203	0.244158	0.241533	0.235905	0.239211	0.237777	0.236072	0.237574	0.237632	0.238086	0.240007	0.24193	0.242682	0.243379	0.243931	0.244347	0.244578	0.244638	0.244602	0.244325	0.242896	0.239729	0.239681	0.239658	0.239627	0.235416	0.234238	0.234173	0.239508	0.239586	0.239582	0.239581	0.239576	0.239527	0.238593	0.234114	0.23409	0.234067	0.23405	0.234043	0.227845	0.233541	0.228094	0.225146	0.221514	0.211086	0.219071	0.214573	0.21088	0.210608	0.209142	0.198036	0.205079	0.203773	0.202418	0.196607	0.196068	0.194532	0.188287	0.187786	0.187514	0.187641	0.187641	0.187517	0.179942	0.179862	0.179703	0.179571	0.179482	0.171142	0.171053	0.171165	0.171165	0.17108	0.171054	0.171054	0.171056	0.171056	0.171053	0.171055	0.171055	0.162418	0.15371	0.153628	0.153535	0.15343	0.153315	0.153192	0.153067	0.152946	0.152845	0.148006	0.143013	0.152924	0.152924	0.152844	0.152789	0.152784	0.152784	0.143118	0.143019	0.142932	0.142872	0.142861	0.142861	0.142858	0.142858	0.142857	0.132637	0.142859	0.142859	0.142858	0.133855	0.142857	0.142857	0.142857	0.142857	0.142857	0.142857	0.132653	0.142857	0.142857	0.142857	0.142857	0.135938	0.132653	0.142733	0.14284	0.142635	0.132653	0.142857	0.142857	0.142857	0.142857	0.142857	0.142857	0.142841	0.132653	0.142849	0.142851	0.142254	0.132653	0.142857	0.142857	0.142857	0.142857	0.142857	0.142857	0.132653	

155	0.936	4	0	task-3:0.084	task-0:0.086	task-1:0.03	task-2:0.028	|	0.297706	0.443386	0.43931	0.341036	0.246242	0.296297	0.296503	0.259478	0.259971	0.259353	0.257204	0.254966	0.255764	0.25527	0.258673	0.259762	0.239839	0.222543	0.197772	0.17413	0.155801	0.142942	0.136528	0.12076	0.107091	0.0937386	0.0794935	0.0793814	0.0678737	0.0603518	0.0596132	0.0563466	0.0522568	0.0525417	0.0518449	0.0475494	0.0450335	0.0456901	0.0438499	0.0439775	0.0434769	0.0434473	0.0447345	0.0437603	0.0436638	0.0445953	0.0443538	0.0439942	0.0436514	0.043934	0.0439341	0.0434258	0.0429701	0.0425671	0.0426763	0.0430186	0.0426845	0.042551	0.0394468	0.038674	0.0387566	0.0384878	0.0381644	0.0383005	0.0376721	0.0358726	0.0347362	0.0330917	0.0320162	0.0315887	0.0304185	0.0285625	0.0274359	0.0267478	0.0259874	0.0251855	0.0248098	0.0248357	0.0248196	0.0247877	0.0246909	0.0245985	0.0245927	0.0246154	0.0245138	0.024348	0.0241712	0.0240834	0.0240071	0.023808	0.0234902	0.023306	0.018738	0.00826678	0.00759776	0.0159717	0.0157213	0.0201209	0.0153577	0.0151967	0.0047234	0.0043367	0.0139382	0.0141314	0.0082962	0.0031555	0.00292211	0.00330113	0.0120484	0.0119866	0.00769576	0.00286282	0.00287379	0.0042602	0.00806643	0.00804588	0.00602615	0.00425657	0.00442622	0.00548157	0.00699551	0.00730901	0.00697547	0.00690657	0.00693256	0.00692353	0.00689121	0.00685325	0.006825	0.00674413	0.0140191	0.0212882	0.0330172	0.0390188	0.0407121	0.0414015	0.0417436	0.0416669	0.0410325	0.0397293	0.0377009	0.0349083	0.0314878	0.027759	0.0243529	0.0218977	0.0210684	0.0213257	0.0222361	0.0229606	0.0236128	0.024537	0.023693	0.0234835	0.023257	

82	0.406	4	0	task-3:0.088	task-0:0.024	task-1:0.24	task-2:0.258	|	0.318817	0.342545	0.326141	0.246747	0.279719	0.273428	0.248975	0.250595	0.247832	0.246284	0.245853	0.245619	0.245037	0.244189	0.244161	0.244175	0.24415	0.244155	0.244157	0.244149	0.244139	0.244122	0.240642	0.234867	0.229679	0.222792	0.21486	0.207315	0.19887	0.190311	0.182044	0.177282	0.173751	0.170391	0.167663	0.164091	0.161076	0.16167	0.16057	0.157758	0.15658	0.155696	0.156137	0.15538	0.154423	0.153777	0.153145	0.152574	0.152061	0.151628	0.151221	0.150821	0.150169	0.14956	0.150313	0.150695	0.151133	0.151771	0.152619	0.149971	0.148692	0.147515	0.146569	0.145948	0.145388	0.144882	0.144459	0.144697	0.145396	0.147903	0.151487	0.155957	0.160334	0.156732	0.159803	0.180993	0.184813	0.205087	0.207421	0.210969	0.213231	0.213516	

63	0.374	4	0	task-3:0.172	task-0:0.094	task-1:0.362	task-2:0.142	|	0.248355	0.438866	0.42818	0.331203	0.243275	0.260497	0.247159	0.220639	0.22155	0.214739	0.18802	0.157863	0.12735	0.114748	0.12	0.121324	0.121262	0.132548	0.129776	0.124894	0.125842	0.12585	0.126987	0.126632	0.126003	0.126318	0.127288	0.128718	0.129421	0.130932	0.132542	0.134253	0.135712	0.137216	0.138661	0.139982	0.140335	0.139604	0.138736	0.137954	0.138151	0.138195	0.137916	0.137421	0.137131	0.13744	0.138631	0.140226	0.14344	0.151835	0.159402	0.170124	0.170322	0.192611	0.192428	0.176913	0.175121	0.179852	0.186264	0.20257	0.191369	0.440258	0.439273	

74	0.484	4	0	task-3:0.248	task-0:0.25	task-1:0.46	task-2:0.022	|	0.257442	0.293483	0.265104	0.193129	0.168579	0.181506	0.208837	0.188814	0.166804	0.156412	0.145436	0.133093	0.118933	0.103441	0.0861276	0.0651613	0.0441274	0.031805	0.023814	0.0266073	0.0205331	0.0180186	0.0152807	0.0138896	0.0132406	0.0157511	0.0215196	0.0228003	0.024104	0.0341674	0.0341674	0.0278219	0.0273668	0.0292311	0.0316178	0.0346191	0.0382159	0.0423295	0.0465548	0.0504789	0.053994	0.0576099	0.0625263	0.0684378	0.0660207	0.0676945	0.0712268	0.0749774	0.0745525	0.0762947	0.0795371	0.0794927	0.0804548	0.0820629	0.0816027	0.0822849	0.0832672	0.0844403	0.0839227	0.0826026	0.0820106	0.08213	0.0820833	0.0822582	0.0825676	0.0829439	0.0832335	0.0834972	0.0838514	0.0842531	0.0846648	0.0850669	0.0880229	0.0905539	

93	0.53	4	0	task-3:0.012	task-0:0.014	task-1:0.082	task-2:0.036	|	0.262411	0.458089	0.442086	0.315976	0.224731	0.204992	0.166099	0.132985	0.1085	0.0953292	0.083695	0.0867293	0.0741144	0.0634051	0.0536302	0.0564717	0.0478682	0.064318	0.0605727	0.0480661	0.0461975	0.0448853	0.046245	0.0439858	0.0395772	0.0354403	0.0316412	0.0305554	0.0319071	0.030619	0.0298976	0.0289584	0.0276424	0.0264672	0.025053	0.0235238	0.0218328	0.0199685	0.0178035	0.015206	0.0127495	0.0108893	0.0105045	0.0105293	0.00960637	0.00828274	0.00734543	0.00701005	0.00621323	0.00563154	0.00517891	0.00472791	0.00433406	0.00414879	0.00473237	0.00375553	0.00432376	0.00404028	0.00399349	0.00399122	0.00406713	0.00450334	0.00437002	0.00448964	0.00447546	0.00425597	0.00419446	0.00421096	0.00419303	0.00419829	0.00421016	0.00422491	0.00420795	0.00422857	0.00426092	0.00430155	0.00428099	0.00428831	0.0043042	0.00432615	0.00438305	0.0044708	0.00445364	0.0045125	0.0044313	0.00434292	0.00428127	0.00431475	0.00430032	0.00422458	0.00417141	0.00411792	0.00405819	

68	0.422	4	0	task-3:0.062	task-0:0.07	task-1:0.294	task-2:0.166	|	0.315973	0.385708	0.320895	0.230702	0.228874	0.216578	0.208845	0.200589	0.178951	0.143779	0.123502	0.117179	0.125329	0.123115	0.130412	0.130271	0.132877	0.132589	0.127985	0.133437	0.134518	0.123754	0.123976	0.122367	0.12141	0.121834	0.123064	0.125162	0.128019	0.131145	0.133633	0.135252	0.135424	0.135262	0.135338	0.138625	0.141752	0.142656	0.143157	0.143119	0.141396	0.138747	0.143813	0.148422	0.158114	0.174859	0.199064	0.195931	0.198697	0.197654	0.346046	0.343577	0.185568	0.185415	0.148256	0.148015	0.168255	0.167933	0.153611	0.14844	0.147914	0.146266	0.14574	0.144237	0.143345	0.142424	0.141134	0.140898	

72	0.359	4	0	task-3:0.096	task-0:0.104	task-1:0.37	task-2:0.138	|	0.247703	0.440697	0.408786	0.24419	0.233255	0.22756	0.198008	0.184037	0.164057	0.152441	0.148036	0.148102	0.150857	0.152747	0.153009	0.140237	0.132167	0.125325	0.117648	0.111084	0.101995	0.101299	0.107354	0.117149	0.123849	0.12925	0.137398	0.134407	0.139348	0.143058	0.143446	0.146837	0.150107	0.153498	0.155638	0.158294	0.160876	0.16076	0.161687	0.162573	0.162741	0.162692	0.162753	0.162282	0.161384	0.160376	0.15953	0.159152	0.158964	0.158132	0.158324	0.157938	0.157468	0.156968	0.157121	0.156817	0.156387	0.155948	0.155477	0.154932	0.154963	0.154721	0.154435	0.154076	0.154133	0.153994	0.153785	0.153552	0.153276	0.153372	0.153325	0.153281	

106	0.562	4	0	task-3:0.026	task-0:0.026	task-1:0.034	task-2:0.018	|	0.316244	0.443899	0.405436	0.255373	0.294063	0.293862	0.266305	0.244036	0.235032	0.220867	0.189148	0.151163	0.131709	0.116296	0.110276	0.0879766	0.0804514	0.0656453	0.0670563	0.0670221	0.0592547	0.0591019	0.0604252	0.0595279	0.0565438	0.0531232	0.0492811	0.0450547	0.0404479	0.0353558	0.0308634	0.0257614	0.020679	0.0165154	0.0146247	0.018364	0.0140444	0.0156111	0.0141184	0.0130179	0.0129682	0.0126456	0.0124916	0.0121038	0.0117356	0.0113943	0.0110555	0.0108739	0.0108277	0.0105019	0.0103207	0.0101603	0.0100029	0.00970673	0.0094351	0.00915558	0.00882551	0.00851715	0.00829428	0.00806651	0.00776067	0.0074808	0.0073675	0.00727328	0.00699665	0.00677102	0.00653439	0.00629773	0.00622723	0.00611927	0.0059616	0.00588115	0.00579646	0.00570296	0.005612	0.00553135	0.00538503	0.0052901	0.0052339	0.00516033	0.00508939	0.00497551	0.00487217	0.00476963	0.00473585	0.0047159	0.00460374	0.0045254	0.00444667	0.00437321	0.00433285	0.00426808	0.00417958	0.0040805	0.00397211	0.00387861	0.00381447	0.0038253	0.0037499	0.0037388	0.00374427	0.00400993	0.0207928	0.0180329	0.00449908	0.00386448	

143	0.92	4	0	task-3:0.02	task-0:0.024	task-1:0.23	task-2:0.016	|	0.235559	0.305495	0.186094	0.199627	0.162111	0.159179	0.110589	0.0950197	0.0882576	0.0860431	0.115213	0.098165	0.0781433	0.0763321	0.0751663	0.0855608	0.0784141	0.0690186	0.0685564	0.0676704	0.0656771	0.0646988	0.0628987	0.060632	0.0581904	0.0558134	0.0554311	0.0570196	0.0577569	0.049904	0.0469017	0.0476917	0.0479894	0.049424	0.0521837	0.0556594	0.0593115	0.0629573	0.066642	0.0707716	0.0777837	0.0929843	0.0984989	0.0951451	0.0925059	0.0929108	0.0935046	0.0948521	0.0963266	0.0964331	0.0960866	0.0964351	0.0956651	0.0937909	0.0915783	0.0899018	0.0871215	0.082669	0.0771878	0.0708418	0.0651	0.0582151	0.0514318	0.0497118	0.0458405	0.0427744	0.0414288	0.0392377	0.0367778	0.034126	0.0313158	0.0282611	0.0254342	0.0236449	0.0223822	0.0211365	0.0201403	0.0184261	0.0169701	0.0155787	0.0143025	0.0153757	0.0136626	0.0123742	0.0117603	0.0111434	0.0103142	0.00934655	0.00843127	0.00755419	0.00717274	0.00637514	0.00595061	0.00588642	0.0052171	0.00483928	0.00449693	0.00421005	0.00449785	0.00397165	0.00371929	0.00356336	0.0035094	0.00338092	0.00323622	0.00320904	0.00313302	0.00301622	0.00291619	0.0028055	0.00270837	0.0025978	0.00251489	0.00246495	0.00232749	0.00222902	0.00214822	0.0020794	0.00202678	0.00198815	0.00187418	0.00180636	0.00178336	0.00175015	0.00169136	0.0016442	0.00160267	0.00156834	0.00153652	0.00151407	0.00145811	0.00141384	0.00137047	0.00133097	0.00130069	0.00129149	0.00125321	0.00122358	0.00119067	0.001126	0.00107439	0.00108041	0.0010271	

108	0.561	4	0	task-3:0.228	task-0:0.228	task-1:0.406	task-2:0.228	|	0.251739	0.367357	0.306071	0.218982	0.219275	0.207272	0.191174	0.181516	0.170861	0.163061	0.159405	0.156501	0.154774	0.154182	0.154079	0.154535	0.155415	0.156571	0.157866	0.159148	0.160257	0.161098	0.161651	0.170795	0.171172	0.171175	0.171115	0.170387	0.162217	0.162202	0.162182	0.161906	0.153203	0.153136	0.153066	0.152992	0.152919	0.152824	0.143303	0.143129	0.142978	0.142877	0.153148	0.144151	0.132674	0.132674	0.142859	0.153141	0.153073	0.153034	0.152991	0.152945	0.152896	0.152651	0.142983	0.142983	0.142952	0.137701	0.132889	0.142869	0.142857	0.142867	0.142867	0.133863	0.142859	0.142857	0.142858	0.142858	0.132655	0.142857	0.142857	0.142857	0.142857	0.14283	0.132651	0.142857	0.142857	0.142857	0.142857	0.142857	0.132657	0.142857	0.142857	0.142857	0.142857	0.142857	0.141855	0.132654	0.142561	0.142629	0.132664	0.142857	0.142857	0.142857	0.142857	0.142857	0.142857	0.142857	0.142852	0.132653	0.142854	0.142855	0.1426	0.132653	0.142857	0.142857	0.142857	0.142857	

77	0.546	4	0	task-3:0.116	task-0:0.112	task-1:0.142	task-2:0.046	|	0.261034	0.463408	0.446437	0.265863	0.24741	0.256754	0.216102	0.183722	0.168774	0.150418	0.119957	0.0927342	0.0800051	0.0566366	0.0446121	0.0339	0.0294082	0.0297904	0.0396942	0.0288952	0.0335906	0.0357988	0.0283916	0.0202745	0.025207	0.0253926	0.0227373	0.0221806	0.0234714	0.025216	0.0272018	0.0306023	0.0364389	0.0325648	0.034402	0.0369953	0.0394805	0.0422637	0.0458253	0.0505985	0.0488563	0.0522297	0.0525756	0.0552862	0.0588858	0.0601728	0.0619082	0.0634318	0.0649796	0.0667673	0.0688474	0.0714327	0.0746321	0.0783444	0.082641	0.0884595	0.0941791	0.0897241	0.0892092	0.0947347	0.0984959	0.0948934	0.0939062	0.0977895	0.100212	0.102947	0.0998092	0.0987011	0.0975152	0.101252	0.103447	0.105908	0.102955	0.101896	0.104781	0.106418	0.108266	

77	0.39	4	0	task-3:0.116	task-0:0.112	task-1:0.142	task-2:0.046	|	0.261034	0.463408	0.446437	0.265863	0.24741	0.256754	0.216102	0.183722	0.168774	0.150418	0.119957	0.0927342	0.0800051	0.0566366	0.0446121	0.0339	0.0294082	0.0297904	0.0396942	0.0288952	0.0335906	0.0357988	0.0283916	0.0202745	0.025207	0.0253926	0.0227373	0.0221806	0.0234714	0.025216	0.0272018	0.0306023	0.0364389	0.0325648	0.034402	0.0369953	0.0394805	0.0422637	0.0458253	0.0505985	0.0488563	0.0522297	0.0525756	0.0552862	0.0588858	0.0601728	0.0619082	0.0634318	0.0649796	0.0667673	0.0688474	0.0714327	0.0746321	0.0783444	0.082641	0.0884595	0.0941791	0.0897241	0.0892092	0.0947347	0.0984959	0.0948934	0.0939062	0.0977895	0.100212	0.102947	0.0998092	0.0987011	0.0975152	0.101252	0.103447	0.105908	0.102955	0.101896	0.104781	0.106418	0.108266	

242	1.295	4	0	task-3:0.036	task-0:0.038	task-1:0.068	task-2:0.02	|	0.263392	0.449941	0.447436	0.308609	0.23034	0.230559	0.234314	0.229078	0.219072	0.206212	0.196584	0.183528	0.167231	0.149809	0.135215	0.122133	0.115089	0.11117	0.105828	0.106565	0.104101	0.102475	0.0974045	0.0958542	0.0946581	0.0930092	0.0888368	0.0867605	0.0828583	0.0785917	0.0750522	0.0726041	0.0699914	0.0673837	0.0646799	0.0622966	0.0557783	0.0562445	0.0541497	0.0547925	0.0519217	0.0496664	0.0467857	0.0476983	0.0455295	0.0464344	0.0460934	0.0452933	0.0449624	0.0440755	0.0433964	0.0429212	0.0423902	0.0417789	0.0410972	0.0402782	0.0398274	0.039283	0.0385375	0.0377222	0.0367472	0.0354086	0.0337719	0.0319162	0.0298137	0.0274289	0.0247561	0.0218366	0.0206316	0.023155	0.0197354	0.0198377	0.0190343	0.0175008	0.0177922	0.0175865	0.0175562	0.0173375	0.0171098	0.0169908	0.0167274	0.0165918	0.0163988	0.0161784	0.0159269	0.0156431	0.0153297	0.0150704	0.0147763	0.0144708	0.014049	0.0136116	0.0130675	0.0125184	0.01193	0.0116729	0.0118806	0.0118381	0.0117489	0.0115918	0.0114744	0.0113194	0.0111574	0.010981	0.0107923	0.0105999	0.0105778	0.0104797	0.0103486	0.0103489	0.0103341	0.0103366	0.0102867	0.0102501	0.0102465	0.0102506	0.0102826	0.0102999	0.0103182	0.0103516	0.0103939	0.0103296	0.0102408	0.0101603	0.0101299	0.0101221	0.0101168	0.0101265	0.0100623	0.0100153	0.00997905	0.00993993	0.00990478	0.0098792	0.00991286	0.00989558	0.00986025	0.00983116	0.00972245	0.00965157	0.00957834	0.00958233	0.00959203	0.0096243	0.009552	0.00952006	0.00954164	0.00955554	0.00959034	0.00966163	0.0097461	0.00974028	0.00973016	0.00967716	0.00964791	0.00957604	0.00951579	0.0086701	0.00854439	0.00845488	0.00844845	0.00841862	0.0083996	0.00840663	0.00840472	0.00837957	0.00833753	0.00829721	0.00821251	0.00820967	0.00820173	0.00818971	0.00817978	0.00816612	0.00816562	0.00815994	0.00815179	0.00814258	0.00813232	0.00807402	0.00798622	0.00788347	0.00776384	0.00546092	0.0050498	0.00496284	0.0047369	0.00463632	0.00454688	0.00447361	0.00351711	0.00156608	0.00116036	0.00389406	0.00389635	0.000989475	0.00100451	0.000931637	0.00398213	0.0040117	0.00357728	0.00101876	0.000959351	0.00158677	0.00370954	0.00371526	0.00300336	0.00131975	0.00132489	0.0021899	0.00219965	0.0017433	0.0017614	0.00202279	0.00205952	0.00223351	0.00229843	0.00216406	0.00206673	0.00195043	0.00181069	0.00164244	0.0014409	0.00120419	0.00120133	0.00102408	0.000846092	0.00065066	0.000473394	0.000314712	0.00032729	0.000233458	0.000170176	0.000193568	0.000208332	0.000226959	0.000264879	0.000249863	0.000216573	0.000215011	0.000219137	0.000223652	

64	0.375	4	0	task-3:0.116	task-0:0.116	task-1:0.362	task-2:0.128	|	0.255408	0.334644	0.285977	0.254429	0.254288	0.245214	0.238947	0.22525	0.20828	0.18624	0.160156	0.133343	0.111202	0.0982606	0.0948599	0.109624	0.116841	0.12566	0.134258	0.143756	0.14349	0.146985	0.152461	0.154623	0.169256	0.163848	0.16272	0.160617	0.146182	0.14598	0.146165	0.147259	0.148063	0.148763	0.149959	0.149856	0.150095	0.151368	0.152176	0.153111	0.153155	0.153773	0.154364	0.155093	0.155197	0.155469	0.155938	0.155986	0.156262	0.156456	0.156441	0.156496	0.156464	0.156446	0.156381	0.156358	0.156399	0.167031	0.167028	0.167045	0.167095	0.167074	0.167029	0.167037	

80	0.514	4	0	task-3:0.228	task-0:0.224	task-1:0.42	task-2:0.02	|	0.315351	0.411099	0.368587	0.213984	0.263993	0.249594	0.202115	0.181824	0.172991	0.160464	0.15345	0.14694	0.139351	0.130076	0.122113	0.111688	0.0974461	0.080572	0.0624467	0.0458213	0.0325929	0.0220727	0.0217912	0.0146745	0.0210914	0.0120183	0.0147987	0.0136911	0.0136263	0.0166055	0.0136094	0.0158653	0.0143487	0.015375	0.0174015	0.0193887	0.0217322	0.0252296	0.0248755	0.0266541	0.0288431	0.0313758	0.0342723	0.0375275	0.0374788	0.0387822	0.0401762	0.0416067	0.0429286	0.0444478	0.0457191	0.0468767	0.0482192	0.0488799	0.0515005	0.0559544	0.0638636	0.0627686	0.0664616	0.0657563	0.0674009	0.066213	0.0662964	0.0666226	0.0713087	0.0689473	0.0679974	0.0678883	0.0680898	0.0885192	0.0704168	0.071883	0.0734629	0.0727676	0.0897814	0.0741627	0.075226	0.0765081	0.0780512	0.0799017	

80	0.531	4	0	task-3:0.036	task-0:0.064	task-1:0.138	task-2:0.038	|	0.290769	0.412608	0.39538	0.284865	0.257546	0.250886	0.200633	0.135967	0.0860348	0.0682539	0.0518629	0.0295328	0.0181012	0.023195	0.0278372	0.0291567	0.0245377	0.0194202	0.0496522	0.0449107	0.0258416	0.0305663	0.0307193	0.0264602	0.0264806	0.0244949	0.0244852	0.0237389	0.020711	0.0190587	0.0174567	0.0157253	0.0140447	0.0124855	0.0109497	0.00947507	0.00847384	0.00753099	0.00689825	0.0072112	0.00667271	0.00631738	0.00596794	0.00625627	0.00589016	0.0057458	0.00569097	0.00576431	0.00532873	0.00515042	0.00515042	0.0049745	0.00492503	0.00486551	0.00484367	0.00472335	0.00465678	0.00452786	0.00440375	0.00431693	0.00417962	0.00400266	0.00378875	0.00368756	0.00355828	0.00343551	0.00322301	0.00312545	0.00302179	0.00289803	0.00282466	0.0028007	0.00287421	0.00257157	0.00244756	0.00239143	0.00236101	0.00224538	0.00225992	0.00204328	

109	0.593	4	0	task-3:0.266	task-0:0.266	task-1:0.428	task-2:0.266	|	0.320539	0.297507	0.25929	0.249965	0.25003	0.247375	0.248253	0.249927	0.250885	0.251076	0.251373	0.251599	0.251648	0.251457	0.251029	0.250451	0.24961	0.248389	0.248013	0.245742	0.244273	0.244914	0.24364	0.23359	0.237948	0.247714	0.249881	0.249551	0.246589	0.244647	0.240234	0.239846	0.239701	0.234566	0.22924	0.229058	0.221414	0.216574	0.217326	0.216741	0.213943	0.210088	0.209613	0.208125	0.202394	0.19501	0.187685	0.187529	0.179583	0.17949	0.17949	0.179504	0.179504	0.179489	0.17942	0.171162	0.161458	0.154348	0.153898	0.14542	0.153734	0.153516	0.15328	0.155911	0.143567	0.143213	0.142951	0.14271	0.132618	0.142897	0.142897	0.142869	0.132635	0.142857	0.142858	0.142858	0.142857	0.142858	0.142858	0.132646	0.142857	0.142857	0.142857	0.142857	0.134933	0.132648	0.142747	0.142842	0.142636	0.132648	0.142857	0.142857	0.142857	0.142857	0.142857	0.142857	0.142824	0.132653	0.142841	0.142845	0.141576	0.132652	0.142857	0.142857	0.142857	0.142857	0.142857	0.142857	0.132653	

109	0.702	4	0	task-3:0.266	task-0:0.266	task-1:0.428	task-2:0.266	|	0.320539	0.297507	0.25929	0.249965	0.25003	0.247375	0.248253	0.249927	0.250885	0.251076	0.251373	0.251599	0.251648	0.251457	0.251029	0.250451	0.24961	0.248389	0.248013	0.245742	0.244273	0.244914	0.24364	0.23359	0.237948	0.247714	0.249881	0.249551	0.246589	0.244647	0.240234	0.239846	0.239701	0.234566	0.22924	0.229058	0.221414	0.216574	0.217326	0.216741	0.213943	0.210088	0.209613	0.208125	0.202394	0.19501	0.187685	0.187529	0.179583	0.17949	0.17949	0.179504	0.179504	0.179489	0.17942	0.171162	0.161458	0.154348	0.153898	0.14542	0.153734	0.153516	0.15328	0.155911	0.143567	0.143213	0.142951	0.14271	0.132618	0.142897	0.142897	0.142869	0.132635	0.142857	0.142858	0.142858	0.142857	0.142858	0.142858	0.132646	0.142857	0.142857	0.142857	0.142857	0.134933	0.132648	0.142747	0.142842	0.142636	0.132648	0.142857	0.142857	0.142857	0.142857	0.142857	0.142857	0.142824	0.132653	0.142841	0.142845	0.141576	0.132652	0.142857	0.142857	0.142857	0.142857	0.142857	0.142857	0.132653	

122	0.748	4	0	task-3:0.086	task-0:0.064	task-1:0.068	task-2:0.02	|	0.261954	0.442569	0.424119	0.320392	0.267171	0.269092	0.251062	0.194546	0.157556	0.160855	0.15118	0.154782	0.143511	0.137727	0.146475	0.145893	0.139252	0.136019	0.135863	0.135116	0.130826	0.125293	0.124932	0.122176	0.117867	0.111983	0.103959	0.0946374	0.086019	0.0854018	0.0809847	0.0759561	0.0713218	0.0670529	0.0618618	0.0551739	0.0506793	0.0511337	0.0500578	0.0538602	0.0530441	0.0493133	0.0477044	0.0470395	0.0459738	0.0455914	0.0443513	0.0431119	0.0422506	0.0412706	0.0400084	0.0384255	0.0365317	0.0342682	0.0318468	0.0302406	0.0258894	0.0223236	0.0183414	0.0142447	0.0117054	0.00987737	0.0087022	0.00726285	0.00607001	0.00523407	0.00436423	0.00353902	0.00280169	0.00219254	0.00170232	0.0013883	0.00147746	0.00114351	0.00106428	0.000969238	0.000858469	0.000826995	0.000745904	0.000611727	0.000581468	0.000527008	0.000470593	0.000420536	0.000373137	0.000329459	0.000264115	0.00021759	0.000180613	0.00016192	0.000153204	0.000130519	0.000103732	8.59625e-005	7.18515e-005	6.43687e-005	5.62416e-005	5.04955e-005	4.64966e-005	3.08564e-005	2.57156e-005	2.24135e-005	1.882e-005	1.51781e-005	1.1812e-005	8.82628e-006	6.30408e-006	4.29644e-006	2.81496e-006	1.83125e-006	2.13537e-006	1.62458e-006	1.07711e-006	8.38551e-007	2.3077e-006	2.58479e-006	1.8371e-006	1.60903e-006	2.15514e-006	3.12173e-006	5.58744e-006	1.29365e-005	

59	0.219	4	0	task-3:0.068	task-0:0.15	task-1:0.35	task-2:0.19	|	0.244959	0.340417	0.261011	0.204567	0.225338	0.203217	0.175753	0.175704	0.170327	0.158397	0.148112	0.142066	0.141717	0.14236	0.142585	0.14302	0.143395	0.143457	0.143267	0.143135	0.143233	0.143586	0.144615	0.146595	0.148951	0.150902	0.152565	0.155215	0.158464	0.156107	0.162168	0.162172	0.162151	0.163074	0.162169	0.162154	0.161936	0.153078	0.15303	0.152979	0.152927	0.152874	0.143407	0.15279	0.152778	0.152778	0.15278	0.152179	0.143149	0.14311	0.143066	0.14302	0.142972	0.142925	0.152863	0.133392	0.152944	0.152944	0.147958	

120	0.734	4	0	task-3:0.304	task-0:0.292	task-1:0.404	task-2:0.052	|	0.278802	0.391309	0.313661	0.225825	0.246779	0.23295	0.201814	0.188716	0.179907	0.167087	0.155752	0.139886	0.126875	0.114812	0.12324	0.128301	0.128067	0.124246	0.123916	0.122439	0.122511	0.126914	0.126516	0.126571	0.127739	0.127152	0.127116	0.127982	0.129018	0.130425	0.130866	0.132067	0.132725	0.132571	0.129537	0.12931	0.128222	0.126376	0.12382	0.121166	0.118577	0.114744	0.110248	0.105388	0.0999098	0.0933262	0.0856429	0.076995	0.0691068	0.0641991	0.0620675	0.059759	0.0585764	0.0575637	0.0563564	0.054919	0.0530212	0.0514595	0.0499632	0.04863	0.0472283	0.0458576	0.044724	0.0438686	0.0434672	0.0435476	0.0441951	0.0454079	0.0470364	0.0420115	0.0397047	0.0376944	0.0358778	0.0400992	0.0429277	0.0464202	0.0503244	0.05451	0.0605105	0.0688489	0.0773885	0.0849326	0.094646	0.104895	0.114063	0.125492	0.135962	0.143372	0.151757	0.15667	0.159136	0.160525	0.162955	0.165679	0.167433	0.168265	0.170286	0.174676	0.176579	0.174292	0.171298	0.164005	0.163042	0.154658	0.153709	0.128996	0.127556	0.119254	0.109671	0.117522	0.116493	0.114313	0.112293	0.111192	0.107364	0.0983437	0.0971425	0.096297	0.0960015	0.0960015	

71	0.405	4	0	task-3:0.13	task-0:0.524	task-1:0.158	task-2:0.38	|	0.249623	0.428961	0.418989	0.312921	0.251117	0.288117	0.287116	0.255728	0.260078	0.256926	0.251864	0.251815	0.250383	0.249354	0.248616	0.248124	0.247418	0.24652	0.245545	0.244571	0.243589	0.242652	0.241803	0.241078	0.240494	0.240029	0.239666	0.237117	0.235251	0.233275	0.231239	0.229215	0.22728	0.225528	0.224086	0.22305	0.226296	0.227989	0.230778	0.233531	0.235808	0.237779	0.23966	0.241645	0.24331	0.244287	0.244741	0.244846	0.244752	0.244125	0.244819	0.244898	0.244898	0.244899	0.245714	0.250037	0.250097	0.250081	0.250063	0.250045	0.250027	0.250011	0.250001	0.250002	0.245419	0.245131	0.249962	0.250002	0.249938	0.245005	0.248976	

174	1.092	4	0	task-3:0.5	task-0:0.208	task-1:0.35	task-2:0.116	|	0.247186	0.365318	0.324042	0.249277	0.245169	0.234216	0.199541	0.166322	0.140695	0.120985	0.10556	0.110997	0.110593	0.111132	0.111942	0.116605	0.123582	0.128216	0.134932	0.142472	0.147783	0.150803	0.153031	0.154828	0.156488	0.158331	0.160251	0.161841	0.162845	0.163211	0.157569	0.157825	0.152146	0.153147	0.154303	0.140691	0.14079	0.14031	0.132915	0.139791	0.136824	0.135972	0.132147	0.126022	0.125537	0.123079	0.109595	0.103745	0.106642	0.115404	0.115526	0.115503	0.112213	0.107832	0.115425	0.115392	0.113943	0.109684	0.109196	0.106833	0.106793	0.109629	0.112528	0.115276	0.115378	0.114547	0.106071	0.112498	0.109703	0.109703	0.106883	0.109668	0.109648	0.109623	0.106666	0.102011	0.102011	0.101987	0.101961	0.101552	0.0990528	0.101896	0.101889	0.101872	0.101502	0.0990863	0.101844	0.101838	0.101832	0.101826	0.101821	0.0991668	0.101818	0.101818	0.101818	0.101818	0.101818	0.100571	0.101819	0.101819	0.101818	0.101818	0.101818	0.0993028	0.101818	0.101818	0.101818	0.101818	0.101737	0.0910741	0.0910737	0.0910731	0.0910725	0.0910718	0.082132	0.0803216	0.0803191	0.0803161	0.0803125	0.0803083	0.0803032	0.080294	0.0776947	0.0718266	0.0694966	0.0694782	0.0694564	0.0694307	0.0694006	0.0693654	0.0693245	0.0692773	0.0692236	0.0691631	0.0776664	0.0690724	0.060455	0.060372	0.0602752	0.0601632	0.0683986	0.0666691	0.0598888	0.0598192	0.0597387	0.0596462	0.0574848	0.0573975	0.0648456	0.0573407	0.0573107	0.0572711	0.0559156	0.0572047	0.0571729	0.0689018	0.0688157	0.0588809	0.0588809	0.05886	0.0588364	0.0588102	0.068945	0.0617399	0.0587956	0.0587956	0.0587886	0.0587754	0.0571429	0.0587711	0.0587665	0.0587612	0.0579976	0.058748	

70	0.39	4	0	task-3:0.05	task-0:0.054	task-1:0.076	task-2:0.074	|	0.263188	0.444988	0.369821	0.216598	0.245283	0.229081	0.187699	0.193422	0.186832	0.170958	0.160835	0.149319	0.124441	0.085518	0.0606595	0.0867604	0.0844219	0.0623891	0.0573465	0.0486734	0.0372423	0.0279075	0.0291072	0.0279465	0.0221825	0.0222185	0.022257	0.0230494	0.0239492	0.0254023	0.0220879	0.021198	0.0226149	0.0192313	0.0189228	0.0199923	0.0189231	0.0189849	0.0192577	0.0192462	0.0191975	0.0192077	0.0193988	0.0196122	0.0199892	0.0205278	0.0217708	0.0230463	0.0244399	0.0263514	0.0288608	0.0319728	0.0366967	0.0417138	0.0458747	0.0489629	0.0512015	0.0533396	0.0596072	0.0678786	0.0732505	0.0772579	0.08281	0.0964942	0.101938	0.104921	0.10654	0.109582	0.111306	0.113327	

64	0.359	4	0	task-3:0.192	task-0:0.202	task-1:0.424	task-2:0.076	|	0.249096	0.40015	0.368515	0.269753	0.261455	0.26055	0.243175	0.244211	0.234828	0.210764	0.178945	0.141456	0.102271	0.0847563	0.0661273	0.0628786	0.0827272	0.0736388	0.0956212	0.0883328	0.0715761	0.0719835	0.0761143	0.0816538	0.0804525	0.0775324	0.0772348	0.0785561	0.0804907	0.0823704	0.0844915	0.0870407	0.0900873	0.0923637	0.0945006	0.0970204	0.0999714	0.103907	0.101718	0.103467	0.1017	0.101694	0.103833	0.10691	0.109369	0.108777	0.106867	0.106249	0.106306	0.10641	0.106546	0.106675	0.106717	0.106792	0.106887	0.106998	0.107138	0.107353	0.10774	0.108508	0.110044	0.114542	0.11432	0.116279	

120	0.874	4	0	task-3:0.226	task-0:0.226	task-1:0.308	task-2:0.226	|	0.283081	0.385896	0.339869	0.251918	0.261004	0.260055	0.246023	0.245086	0.243276	0.236718	0.230033	0.221953	0.215678	0.221537	0.223842	0.225372	0.216651	0.203881	0.18671	0.201335	0.201978	0.202169	0.201972	0.199634	0.198411	0.193258	0.180892	0.177302	0.17176	0.167869	0.163622	0.153553	0.149302	0.147572	0.141116	0.119189	0.115123	0.115044	0.107868	0.104893	0.0990503	0.100675	0.10484	0.104823	0.1048	0.0991361	0.100511	0.10478	0.104773	0.104767	0.100375	0.0992442	0.100458	0.104763	0.104755	0.0999567	0.0992462	0.104763	0.100184	0.104763	0.104763	0.104761	0.0992564	0.103871	0.09572	0.104739	0.104758	0.104745	0.0960215	0.0992433	0.104762	0.104762	0.104762	0.104762	0.0992491	0.100222	0.104762	0.104762	0.104762	0.104629	0.0992664	0.100227	0.104762	0.104762	0.10466	0.0992738	0.104631	0.100211	0.104762	0.104762	0.104762	0.099269	0.100227	0.104762	0.104762	0.104762	0.104762	0.103297	0.0992307	0.0994404	0.104177	0.099274	0.104754	0.101285	0.100227	0.104759	0.104762	0.104762	0.104762	0.103625	0.0947392	0.0956871	0.100223	0.104404	0.0992745	0.104762	0.104762	0.104762	0.104762	0.104762	

65	0.514	4	0	task-3:0.326	task-0:0.348	task-1:0.206	task-2:0.344	|	0.259672	0.363873	0.295005	0.24684	0.247421	0.246504	0.240647	0.228366	0.213007	0.196143	0.181771	0.177281	0.174334	0.173245	0.17022	0.151682	0.154717	0.166709	0.174751	0.175686	0.183636	0.183218	0.183884	0.188109	0.191399	0.191753	0.187845	0.192325	0.188475	0.187691	0.187105	0.186486	0.185267	0.185532	0.1867	0.187263	0.187359	0.179635	0.179591	0.171706	0.171625	0.179391	0.179476	0.183554	0.179836	0.179496	0.179498	0.179493	0.179489	0.179486	0.171263	0.171244	0.171222	0.171198	0.171171	0.171143	0.171103	0.154124	0.171064	0.171053	0.171061	0.171061	0.153675	0.170947	0.171005	

217	1.311	4	0	task-3:0.27	task-0:0.27	task-1:0.522	task-2:0.054	|	0.294352	0.417054	0.38108	0.2565	0.244014	0.23654	0.202974	0.167076	0.160758	0.145268	0.139217	0.139996	0.142359	0.148572	0.154827	0.159504	0.163649	0.167772	0.171827	0.175776	0.179308	0.181934	0.18357	0.184533	0.190079	0.193965	0.195678	0.198507	0.201437	0.203201	0.20253	0.199335	0.1877	0.184593	0.186608	0.183605	0.177636	0.175133	0.173213	0.159692	0.144904	0.142825	0.135939	0.134111	0.128423	0.128071	0.127712	0.120352	0.113933	0.107242	0.112887	0.11263	0.112519	0.112516	0.104825	0.110576	0.11525	0.107956	0.0983967	0.0959002	0.0956399	0.0945332	0.0935533	0.102559	0.102294	0.102569	0.102571	0.102368	0.0932377	0.0932377	0.0939687	0.0940493	0.0947769	0.0945256	0.0943144	0.095115	0.0951731	0.0951979	0.0951979	0.0951768	0.0958292	0.0831891	0.0830119	0.0828642	0.0827725	0.0827732	0.0828159	0.0808616	0.0696496	0.069556	0.069453	0.0693439	0.0692332	0.0691276	0.0690377	0.0689771	0.0689699	0.0689699	0.068966	0.068966	0.068966	0.068966	0.0689655	0.0689655	0.0689656	0.0689656	0.0689655	0.0689655	0.0689655	0.0689655	0.0689655	0.0689655	0.0689655	0.0689655	0.0689655	0.0689655	0.0689655	0.0689655	0.0689655	0.0689655	0.0689655	0.0689655	0.0689655	0.0689655	0.0689655	0.0689655	0.0689655	0.0689655	0.0689655	0.0689655	0.0689311	0.0659579	0.0541023	0.0541023	0.0541023	0.0541022	0.0541022	0.0541022	0.0541022	0.0541022	0.0541021	0.0541021	0.054102	0.054102	0.0541019	0.0541018	0.0541017	0.0541016	0.0541014	0.0541013	0.054101	0.0541008	0.0541005	0.0541001	0.0540997	0.0540991	0.0540985	0.0540977	0.0540968	0.0540957	0.0540944	0.0540928	0.0540909	0.0540886	0.0540859	0.0540827	0.0540788	0.0540742	0.0540687	0.0540621	0.0540543	0.0536738	0.0536647	0.0536539	0.0536412	0.0536264	0.0536091	0.0535892	0.0535664	0.0535406	0.0535119	0.0534806	0.0534474	0.0534136	0.0533814	0.053354	0.0533364	0.0533355	0.0533355	0.0533334	0.0533334	0.0533338	0.0533338	0.0533334	0.0533334	0.0533334	0.0533333	0.0533333	0.0533333	0.0533333	0.0533333	0.0533333	0.0533333	0.0533333	0.0533333	0.0533333	0.0533333	0.0533333	0.0533333	0.0533333	0.0533333	0.0533333	0.0533333	0.0533333	0.0533333	0.0533333	0.0533333	

65	0.374	4	0	task-3:0.226	task-0:0.216	task-1:0.464	task-2:0.032	|	0.250557	0.391413	0.357662	0.268713	0.250406	0.237587	0.228199	0.205593	0.175836	0.148557	0.120329	0.089862	0.0634809	0.0422716	0.0664375	0.0356347	0.0447596	0.0487938	0.0546294	0.0629498	0.0593669	0.0616235	0.0832672	0.0832672	0.0687939	0.0647952	0.0674473	0.0730265	0.0724129	0.0692768	0.069182	0.0703311	0.0717856	0.0735574	0.0749089	0.0762105	0.0777823	0.0796795	0.0819656	0.0847092	0.0879756	0.0918117	0.0962257	0.101171	0.106549	0.10238	0.10393	0.107069	0.110894	0.114676	0.118062	0.120383	0.121353	0.121755	0.122633	0.124109	0.126574	0.129274	0.131825	0.135437	0.139952	0.144079	0.147602	0.150381	0.154646	

69	0.375	4	0	task-3:0.09	task-0:0.048	task-1:0.316	task-2:0.226	|	0.279164	0.423367	0.411937	0.278927	0.279223	0.277239	0.256616	0.266785	0.26112	0.255615	0.251099	0.240056	0.224102	0.205067	0.18557	0.168463	0.156265	0.146658	0.14385	0.142684	0.145807	0.149105	0.151948	0.154019	0.156024	0.159324	0.161916	0.16397	0.165782	0.167383	0.169048	0.170471	0.171649	0.172569	0.17325	0.173762	0.17412	0.17438	0.174533	0.174611	0.174655	0.174541	0.174682	0.174512	0.173342	0.173797	0.174658	0.160939	0.160929	0.160919	0.160907	0.160893	0.160879	0.160701	0.14699	0.15623	0.156141	0.161501	0.1873	0.18347	0.17161	0.164878	0.163664	0.155797	0.155574	0.155318	0.15504	0.183505	0.198173	

92	0.53	4	0	task-3:0.038	task-0:0.046	task-1:0.154	task-2:0.05	|	0.346938	0.304129	0.255537	0.207807	0.235541	0.221738	0.187953	0.174866	0.162055	0.149979	0.146765	0.136424	0.13229	0.132752	0.135611	0.133065	0.116467	0.0724701	0.0538575	0.0424824	0.0343284	0.0269166	0.0213914	0.0163311	0.0152248	0.0128753	0.0142447	0.0136481	0.0119718	0.0131112	0.0140762	0.0143666	0.0342049	0.0336574	0.0130613	0.0125672	0.011574	0.0147151	0.030536	0.0292403	0.0285958	0.0279122	0.0272247	0.0265684	0.026034	0.0053544	0.00488153	0.00481008	0.00453918	0.00442431	0.00424443	0.00382071	0.00378344	0.00344862	0.00319715	0.0027729	0.0224109	0.0221033	0.0226893	0.0407901	0.040989	0.0258189	0.0203714	0.0201782	0.0201143	0.0201902	0.0200383	0.0575493	0.0200987	0.0400081	0.0401874	0.066134	0.0406261	0.00210973	0.00222763	2.27275e-005	7.70769e-006	1.06567e-005	1.01511e-005	5.70009e-006	7.47654e-006	1.16069e-005	1.33702e-005	1.50738e-005	1.94484e-005	2.0668e-005	2.38386e-005	3.69221e-005	4.0414e-005	3.30352e-005	3.3735e-005	3.84639e-005	

97	0.624	4	0	task-3:0.348	task-0:0.348	task-1:0.496	task-2:0.188	|	0.307912	0.389718	0.362943	0.256701	0.304586	0.30358	0.271885	0.236838	0.207043	0.194618	0.167471	0.146865	0.133054	0.123609	0.119446	0.118123	0.116789	0.116848	0.117837	0.119182	0.126134	0.130116	0.132783	0.13624	0.141798	0.146182	0.150151	0.153602	0.156832	0.158199	0.151739	0.146201	0.140763	0.133995	0.126937	0.113014	0.106083	0.0981716	0.104883	0.10446	0.10199	0.104044	0.102984	0.0937954	0.0937954	0.0854517	0.0910043	0.0910283	0.0932758	0.0933477	0.0933339	0.0899868	0.0843196	0.0933612	0.0933612	0.0933102	0.0955021	0.0976571	0.0882602	0.0933527	0.09354	0.0954895	0.0976294	0.0976236	0.0885445	0.0960336	0.0954789	0.0954753	0.0954713	0.0954671	0.0953585	0.0841826	0.0934085	0.0934085	0.0975053	0.0975137	0.0975085	0.0902977	0.0995352	0.0974869	0.0974775	0.0974668	0.097455	0.0950904	0.0860169	0.0840534	0.0847213	0.0854638	0.0866619	0.0858018	0.0857566	0.0857184	0.082259	0.0873441	0.0888893	0.0867619	0.084069	

88	0.577	4	0	task-3:0.184	task-0:0.154	task-1:0.368	task-2:0.054	|	0.251979	0.432858	0.407473	0.26187	0.276599	0.264608	0.244278	0.237056	0.227119	0.195622	0.177111	0.16824	0.163483	0.167272	0.161814	0.157644	0.157785	0.155807	0.154231	0.151384	0.147906	0.143042	0.136496	0.128109	0.117887	0.106349	0.0934756	0.08074	0.0664211	0.0633294	0.0586579	0.0521003	0.0499823	0.052233	0.0505033	0.0479459	0.0468203	0.0486472	0.0483021	0.0483797	0.0493963	0.0494023	0.0500703	0.0510007	0.0522789	0.0536838	0.0552994	0.0573397	0.0604082	0.0641144	0.0684168	0.0730663	0.0778172	0.0830788	0.0903942	0.090467	0.0958722	0.105656	0.118029	0.118192	0.124067	0.124892	0.127553	0.130054	0.133238	0.136831	0.140734	0.140996	0.143028	0.145816	0.147393	0.151667	0.149403	0.15087	0.149765	0.148188	0.147325	0.14842	0.147674	0.146282	0.146093	0.145382	0.144587	0.144381	0.142981	0.142513	0.141978	0.141366	

88	0.546	4	0	task-3:0.184	task-0:0.154	task-1:0.368	task-2:0.054	|	0.251979	0.432858	0.407473	0.26187	0.276599	0.264608	0.244278	0.237056	0.227119	0.195622	0.177111	0.16824	0.163483	0.167272	0.161814	0.157644	0.157785	0.155807	0.154231	0.151384	0.147906	0.143042	0.136496	0.128109	0.117887	0.106349	0.0934756	0.08074	0.0664211	0.0633294	0.0586579	0.0521003	0.0499823	0.052233	0.0505033	0.0479459	0.0468203	0.0486472	0.0483021	0.0483797	0.0493963	0.0494023	0.0500703	0.0510007	0.0522789	0.0536838	0.0552994	0.0573397	0.0604082	0.0641144	0.0684168	0.0730663	0.0778172	0.0830788	0.0903942	0.090467	0.0958722	0.105656	0.118029	0.118192	0.124067	0.124892	0.127553	0.130054	0.133238	0.136831	0.140734	0.140996	0.143028	0.145816	0.147393	0.151667	0.149403	0.15087	0.149765	0.148188	0.147325	0.14842	0.147674	0.146282	0.146093	0.145382	0.144587	0.144381	0.142981	0.142513	0.141978	0.141366	

168	1.045	4	0	task-3:0.238	task-0:0.238	task-1:0.49	task-2:0.03	|	0.397651	0.26596	0.250988	0.254087	0.250108	0.235478	0.233265	0.226956	0.226934	0.225537	0.224705	0.221985	0.22025	0.21993	0.213928	0.205579	0.209769	0.210272	0.211211	0.207422	0.20374	0.198612	0.194377	0.188212	0.183343	0.180289	0.17703	0.174921	0.173262	0.170436	0.168434	0.16843	0.168873	0.170625	0.17095	0.1709	0.167477	0.153899	0.153805	0.145019	0.136092	0.144624	0.144388	0.144129	0.143758	0.134251	0.14329	0.14305	0.14289	0.142872	0.132537	0.132433	0.132365	0.132362	0.131364	0.121547	0.121547	0.121492	0.121432	0.12137	0.12131	0.121257	0.12122	0.121215	0.121215	0.121213	0.121213	0.121212	0.121212	0.121212	0.121212	0.121212	0.120992	0.109731	0.109731	0.109728	0.109725	0.109607	0.0980972	0.0867098	0.0776799	0.0734349	0.0982144	0.109679	0.109667	0.109652	0.109636	0.109616	0.0979625	0.0970642	0.0861241	0.0796909	0.0739213	0.0619194	0.0615624	0.061148	0.0606705	0.0601252	0.0595094	0.0588239	0.0580744	0.0572742	0.0564463	0.0556259	0.0548619	0.054217	0.0537634	0.0535735	0.0537048	0.0537048	0.0374014	0.0374014	0.0372919	0.0371901	0.0371056	0.0200882	0.0198191	0.00207916	0.00158698	0.0192407	0.0192256	0.000476816	0.000266934	0.0194842	0.0194841	0.0184097	0.000286247	0.000286247	0.000232091	0.0189827	0.0189657	0.00780476	0.000238013	0.000238013	0.000220697	0.0109937	0.010542	0.0004416	0.000211024	0.0002074	0.0004642	0.00158648	0.000616626	0.000424028	0.000298984	0.000637526	0.00108165	0.000464889	0.00033956	0.000596472	0.000851935	0.000931004	0.000913113	0.000919005	0.000954297	0.000238285	0.00035906	0.000453581	0.00063256	0.00079816	0.000996281	0.000251256	0.0004285	0.000518916	0.000675961	0.000884109	0.000265125	0.000154563	

61	0.374	4	0	task-3:0.088	task-0:0.084	task-1:0.334	task-2:0.16	|	0.332901	0.323025	0.302122	0.244927	0.238777	0.226364	0.203463	0.194862	0.168194	0.150345	0.139066	0.134459	0.139902	0.147818	0.160893	0.157686	0.156085	0.156303	0.154835	0.15783	0.15727	0.155732	0.153458	0.151334	0.151093	0.155325	0.162099	0.171549	0.172139	0.176294	0.173186	0.171693	0.425297	0.425394	0.167106	0.16582	0.423411	0.421793	0.304311	0.167313	0.166873	0.163995	0.164112	0.162846	0.162794	0.16135	0.161467	0.162126	0.162314	0.161952	0.161691	0.161703	0.161812	0.16188	0.161901	0.161965	0.16206	0.162157	0.162258	0.162341	0.162416	

92	0.562	4	0	task-3:0.008	task-0:0.012	task-1:0.116	task-2:0.016	|	0.252499	0.223929	0.203418	0.264054	0.221158	0.184523	0.170966	0.143363	0.141724	0.135703	0.126758	0.119357	0.115622	0.110251	0.105637	0.0990604	0.0943877	0.0936573	0.087731	0.0910914	0.0904521	0.0961499	0.0968181	0.0996313	0.10406	0.107615	0.110913	0.113133	0.114036	0.113867	0.113097	0.10984	0.0953107	0.0735468	0.0606217	0.0550974	0.0512127	0.0445725	0.0406898	0.0371723	0.0195508	0.0263596	0.0129034	0.00609552	0.00614008	0.000589436	0.00091342	0.000582867	0.000277933	0.000273403	0.000220148	8.17449e-005	4.66832e-005	2.46577e-005	1.04712e-005	3.59093e-006	1.05415e-006	2.52043e-007	4.71856e-008	6.91105e-009	1.06541e-009	6.57237e-010	1.62092e-007	0.0188048	0.00234606	0.000135567	0.000135771	4.52819e-007	0.00190217	0.00177327	5.21911e-006	4.33842e-007	2.23423e-006	7.6634e-006	4.33411e-005	6.49397e-006	3.97967e-006	6.21291e-006	7.50934e-005	5.49236e-005	4.36379e-005	1.8341e-005	2.68461e-005	5.16007e-005	1.70931e-005	1.00467e-005	5.39956e-006	2.33858e-006	9.13529e-007	3.49669e-007	1.02859e-006	1.61201e-006	

65	0.39	4	0	task-3:0.36	task-0:0.342	task-1:0.382	task-2:0.356	|	0.297171	0.405586	0.362515	0.299707	0.257544	0.257616	0.257621	0.249747	0.260825	0.260323	0.250807	0.24537	0.236635	0.232796	0.220772	0.204743	0.208836	0.206938	0.211191	0.213455	0.21593	0.218229	0.220352	0.222319	0.224275	0.226477	0.228951	0.231451	0.23369	0.234621	0.23425	0.236407	0.235916	0.232394	0.231129	0.23121	0.230449	0.228298	0.223873	0.218168	0.224624	0.226503	0.227185	0.217268	0.231482	0.232116	0.231365	0.228313	0.218702	0.216659	0.222778	0.225813	0.224083	0.219035	0.217079	0.216346	0.216268	0.210671	0.216086	0.215977	0.215399	0.209494	0.209334	0.203805	0.1888	

108	0.702	4	0	task-3:0.266	task-0:0.266	task-1:0.428	task-2:0.266	|	0.315256	0.348787	0.258116	0.240459	0.240223	0.232616	0.218143	0.194678	0.164768	0.161773	0.152979	0.147149	0.143767	0.149065	0.154541	0.15879	0.162043	0.164752	0.166876	0.168699	0.170545	0.172563	0.174402	0.174177	0.169069	0.177184	0.177759	0.178336	0.18534	0.186093	0.18438	0.179518	0.179555	0.179557	0.179549	0.179538	0.17952	0.177331	0.171372	0.171311	0.171246	0.17118	0.171116	0.170826	0.167559	0.161878	0.166852	0.153172	0.153061	0.152953	0.152858	0.152792	0.161523	0.151575	0.146557	0.162397	0.162353	0.155859	0.143379	0.152811	0.152805	0.152793	0.152783	0.152778	0.157186	0.144615	0.143046	0.143011	0.142974	0.142913	0.132924	0.152169	0.144008	0.148909	0.142905	0.132937	0.142895	0.142884	0.142883	0.14531	0.142864	0.142782	0.132691	0.142857	0.142858	0.142817	0.132636	0.142857	0.142857	0.142857	0.142857	0.142857	0.142857	0.132655	0.142857	0.142857	0.142857	0.142854	0.132653	0.142857	0.142857	0.142857	0.142857	0.142857	0.142458	0.132653	0.142838	0.142851	

156	1.076	4	0	task-3:0.174	task-0:0.168	task-1:0.348	task-2:0.024	|	0.321109	0.436731	0.416432	0.293832	0.267974	0.268322	0.264593	0.267168	0.251266	0.227202	0.194879	0.179424	0.1647	0.154032	0.144899	0.139529	0.134484	0.129269	0.119302	0.109425	0.0989187	0.0911104	0.0829005	0.0768905	0.0636784	0.053843	0.0442102	0.0411784	0.0314428	0.0233859	0.0212691	0.0193234	0.0169212	0.0147279	0.0127323	0.0103604	0.0064163	0.00551252	0.00441335	0.00374594	0.00449683	0.00344986	0.00419946	0.0239187	0.00329734	0.00361263	0.00361237	0.00326549	0.0230541	0.0031875	0.00315873	0.00313305	0.00311189	0.00331548	0.0230198	0.023546	0.263601	0.251029	0.242762	0.0228663	0.0228663	0.0037107	0.18298	0.202917	0.17928	0.00877143	0.00874285	0.0248719	0.0249389	0.00438494	0.0116818	0.0230097	0.00475744	0.00561026	0.00587675	0.00478902	0.00723633	0.00696827	0.00751285	0.00753389	0.0068022	0.00594311	0.00608389	0.0063727	0.00663124	0.00652389	0.00667314	0.00686989	0.00675375	0.0067463	0.00674326	0.00674819	0.00676257	0.00677885	0.0067988	0.00682864	0.00687295	0.00693841	0.00703474	0.00717612	0.00738334	0.00768689	0.00813177	0.00878454	0.00974361	0.00828594	0.00874581	0.00935773	0.0103527	0.0117468	0.0135589	0.0127495	0.013651	0.0147844	0.0162957	0.0182447	0.0179413	0.0189085	0.0200302	0.0197152	0.0200683	0.0207878	0.0215535	0.0224914	0.0236197	0.0231266	0.0233212	0.0235927	0.0243716	0.02513	0.0260434	0.0271324	0.0263271	0.00883101	0.0266021	0.0273416	0.0292747	0.0292806	0.0281009	0.0278819	0.0281518	0.028356	0.0286017	0.0288979	0.0292452	0.0114565	0.0301247	0.0306769	0.0313179	0.0327777	0.0321683	0.0136297	0.0138089	0.0141583	0.0147709	0.0160595	

325	1.856	4	0	task-3:0.26	task-0:0.26	task-1:0.512	task-2:0.042	|	0.28393	0.353447	0.299246	0.257397	0.253733	0.253495	0.249056	0.245746	0.230178	0.201765	0.204926	0.212698	0.214261	0.213553	0.213729	0.213007	0.211999	0.211445	0.211398	0.211536	0.211688	0.211803	0.214358	0.216397	0.214707	0.210675	0.20865	0.208095	0.208035	0.202143	0.196024	0.195958	0.192879	0.190259	0.179701	0.166694	0.163323	0.162873	0.156536	0.153993	0.150881	0.149812	0.13419	0.124976	0.123065	0.121152	0.118639	0.11062	0.102344	0.106145	0.106792	0.106792	0.0953851	0.0953859	0.095235	0.0943085	0.0949147	0.095193	0.095193	0.0951797	0.0951727	0.0951768	0.0951768	0.0951616	0.0826246	0.083489	0.0834473	0.083399	0.0833305	0.0705607	0.0832108	0.0831339	0.0830519	0.0829679	0.0828867	0.0828166	0.0827693	0.0830542	0.0833137	0.0833385	0.0833303	0.0833381	0.0703525	0.0690839	0.068863	0.0687846	0.068708	0.0686397	0.0685896	0.0685716	0.0685716	0.0685751	0.0685751	0.068572	0.0685718	0.0685718	0.0685714	0.0685714	0.0685715	0.0685715	0.0685714	0.0685714	0.0685714	0.0685714	0.0685714	0.0685714	0.0685714	0.0689792	0.0689796	0.0689793	0.0689789	0.0689785	0.0689781	0.0689775	0.0689769	0.0689761	0.0689753	0.0689743	0.0689732	0.068972	0.0689706	0.0688858	0.0685762	0.0685762	0.0689685	0.0689685	0.0689682	0.0689678	0.0689674	0.0689669	0.0689665	0.0689476	0.0685819	0.0687516	0.0685926	0.0689637	0.0689661	0.068966	0.0689659	0.0689657	0.0689656	0.0689621	0.0686561	0.0689644	0.0689648	0.0689635	0.0689154	0.0649367	0.0541111	0.0541117	0.0541099	0.0541078	0.0541025	0.0539814	0.0537186	0.0537149	0.0537104	0.0537052	0.053699	0.0536915	0.0536828	0.0536724	0.0536602	0.0536459	0.0536292	0.0536099	0.0535877	0.0535624	0.053534	0.0535027	0.053469	0.053434	0.0533994	0.0533679	0.0533439	0.0533334	0.0533446	0.0533446	0.0533359	0.0533336	0.0533336	0.0533336	0.0533336	0.0533333	0.0533333	0.0533334	0.0533334	0.0533333	0.0533333	0.0533333	0.0533333	0.0533333	0.0533333	0.0533333	0.0533333	0.0533333	0.0533333	0.0533333	0.0533333	0.0533333	0.0533333	0.0533333	0.0533333	0.0533333	0.0533333	0.0533333	0.0533333	0.0533333	0.0533333	0.0533333	0.0533333	0.0533333	0.0533333	0.0533333	0.0533333	0.0533333	0.0533333	0.0533333	0.0533333	0.0533333	0.0533333	0.0533333	0.0533333	0.0533333	0.053551	0.0535802	0.0535802	0.0535802	0.0535802	0.0535802	0.0535802	0.0535802	0.0535802	0.0535802	0.0535802	0.0535802	0.0535802	0.0535802	0.0535802	0.0535802	0.0535802	0.0535802	0.0535802	0.0535802	0.0535802	0.0535802	0.0535801	0.0535801	0.0535801	0.0535801	0.05358	0.05358	0.05358	0.0535799	0.0535798	0.0535797	0.0535796	0.0535795	0.0535794	0.0535792	0.053579	0.0535788	0.0535785	0.0535782	0.0535778	0.0535773	0.0535768	0.0535762	0.0535756	0.0535749	0.0535741	0.0535733	0.0535725	0.0535719	0.0535715	0.0533439	0.0533439	0.0535714	0.0535715	0.0535715	0.0535714	0.0535367	0.0533424	0.0533418	0.0535714	0.0535714	0.0535714	0.0535714	0.0535714	0.0535714	0.0535714	0.0534347	0.053571	0.0535708	0.0535677	0.0534803	0.0535714	0.0535714	0.0535714	0.0535714	0.0535709	0.0535498	0.0535714	0.0535714	0.0535714	0.0535714	0.0535714	0.0535714	0.0535714	0.0535714	0.0535714	0.0535714	0.0535714	0.0535714	0.0535714	0.0535714	0.0535714	0.0535714	0.0535714	0.0535714	0.0535714	0.0535714	0.0535714	0.0535714	0.0535714	

71	0.578	4	0	task-3:0.082	task-0:0.152	task-1:0.22	task-2:0.092	|	0.24772	0.262277	0.156762	0.102127	0.0609819	0.0917854	0.0594323	0.0643605	0.0710778	0.0789705	0.0909157	0.0860606	0.0893299	0.0875899	0.0868066	0.0825663	0.0769713	0.0760621	0.0741508	0.0730669	0.0720927	0.0706862	0.0692072	0.0694484	0.0685129	0.0671638	0.066942	0.0665836	0.0667715	0.0671728	0.0679441	0.068543	0.0690187	0.0700734	0.0715425	0.0717372	0.0725442	0.0735618	0.0747715	0.0761342	0.0777514	0.0796487	0.0817875	0.0839591	0.0847373	0.0896794	0.0899215	0.0892586	0.0895951	0.0899316	0.0903438	0.0912804	0.0927378	0.0947461	0.100342	0.103611	0.109202	0.119649	0.126623	0.134963	0.144383	0.144405	0.148372	0.152245	0.156726	0.157879	0.15779	0.156077	0.151313	0.151354	0.150545	

134	0.811	4	0	task-3:0.074	task-0:0.078	task-1:0.01	task-2:0.074	|	0.266636	0.436462	0.385745	0.234511	0.266331	0.267686	0.230297	0.208775	0.206406	0.189911	0.173955	0.158269	0.14331	0.125294	0.109445	0.0962795	0.0909077	0.0859207	0.0819682	0.0759852	0.070776	0.0713105	0.0686279	0.0690531	0.0675394	0.0683462	0.0708493	0.0712492	0.0708416	0.0708733	0.0717309	0.0710501	0.0716144	0.0719714	0.0722662	0.0724897	0.0724722	0.0724649	0.0723298	0.07213	0.0719634	0.0717754	0.0715426	0.071881	0.0721818	0.0723217	0.0724983	0.0725088	0.0726119	0.0727468	0.0727443	0.0726356	0.0724429	0.490201	0.483943	0.0756035	0.0745286	0.216168	0.192241	0.0748748	0.0736822	0.0727697	0.0714249	0.0715164	0.0720258	0.0723733	0.0725055	0.0725024	0.0724506	0.0723528	0.0721921	0.0720811	0.0719471	0.071756	0.07152	0.0712376	0.0712005	0.0710329	0.0708368	0.0706185	0.0703528	0.070062	0.0696977	0.0692857	0.069327	0.0691607	0.0691525	0.0689575	0.0687811	0.0686017	0.068437	0.0682088	0.0679538	0.067597	0.0671823	0.0672326	0.0670548	0.0668294	0.0668343	0.0669619	0.0669828	0.0669521	0.0669103	0.0668241	0.0667069	0.0665829	0.0664398	0.0662658	0.0663134	0.0662102	0.066066	0.066082	0.0660457	0.0659967	0.0659076	0.0658176	0.0656935	0.0655496	0.0653771	0.0651619	0.0651978	0.0650704	0.0649376	0.0647817	0.0645919	0.0643628	0.0643982	0.0645721	0.0647802	0.0648377	0.0647647	0.0647979	0.0648777	0.0649734	

134	0.873	4	0	task-3:0.074	task-0:0.078	task-1:0.01	task-2:0.074	|	0.266636	0.436462	0.385745	0.234511	0.266331	0.267686	0.230297	0.208775	0.206406	0.189911	0.173955	0.158269	0.14331	0.125294	0.109445	0.0962795	0.0909077	0.0859207	0.0819682	0.0759852	0.070776	0.0713105	0.0686279	0.0690531	0.0675394	0.0683462	0.0708493	0.0712492	0.0708416	0.0708733	0.0717309	0.0710501	0.0716144	0.0719714	0.0722662	0.0724897	0.0724722	0.0724649	0.0723298	0.07213	0.0719634	0.0717754	0.0715426	0.071881	0.0721818	0.0723217	0.0724983	0.0725088	0.0726119	0.0727468	0.0727443	0.0726356	0.0724429	0.490201	0.483943	0.0756035	0.0745286	0.216168	0.192241	0.0748748	0.0736822	0.0727697	0.0714249	0.0715164	0.0720258	0.0723733	0.0725055	0.0725024	0.0724506	0.0723528	0.0721921	0.0720811	0.0719471	0.071756	0.07152	0.0712376	0.0712005	0.0710329	0.0708368	0.0706185	0.0703528	0.070062	0.0696977	0.0692857	0.069327	0.0691607	0.0691525	0.0689575	0.0687811	0.0686017	0.068437	0.0682088	0.0679538	0.067597	0.0671823	0.0672326	0.0670548	0.0668294	0.0668343	0.0669619	0.0669828	0.0669521	0.0669103	0.0668241	0.0667069	0.0665829	0.0664398	0.0662658	0.0663134	0.0662102	0.066066	0.066082	0.0660457	0.0659967	0.0659076	0.0658176	0.0656935	0.0655496	0.0653771	0.0651619	0.0651978	0.0650704	0.0649376	0.0647817	0.0645919	0.0643628	0.0643982	0.0645721	0.0647802	0.0648377	0.0647647	0.0647979	0.0648777	0.0649734	

64	0.39	4	0	task-3:0.19	task-0:0.19	task-1:0.432	task-2:0.058	|	0.248363	0.241885	0.256675	0.232043	0.201059	0.180947	0.174195	0.15972	0.136884	0.115784	0.0914981	0.075665	0.0678404	0.0577822	0.0559019	0.0691264	0.0643415	0.0682649	0.0742185	0.0817253	0.090539	0.0956234	0.103072	0.110355	0.120408	0.121262	0.125373	0.130548	0.130671	0.133544	0.137009	0.141069	0.143624	0.142914	0.144139	0.146647	0.147984	0.150008	0.149701	0.15049	0.152796	0.154099	0.158147	0.159486	0.160369	0.161413	0.163035	0.163324	0.164056	0.165153	0.164101	0.165721	0.166285	0.166969	0.167103	0.167391	0.167798	0.167872	0.178138	0.178144	0.168068	0.168151	0.168233	0.168334	

128	0.718	4	0	task-3:0.25	task-0:0.25	task-1:0.412	task-2:0.25	|	0.361785	0.269009	0.259914	0.251058	0.250759	0.248087	0.238486	0.211757	0.185506	0.183833	0.198446	0.202725	0.202332	0.204115	0.205612	0.206717	0.208304	0.210552	0.212279	0.213539	0.215698	0.219994	0.226407	0.231317	0.232703	0.232788	0.232136	0.229108	0.22783	0.22769	0.227196	0.225111	0.222253	0.220025	0.213833	0.19491	0.206356	0.205634	0.200433	0.19196	0.209024	0.208991	0.206985	0.195971	0.188969	0.188817	0.188646	0.188457	0.188253	0.188041	0.187834	0.18018	0.17986	0.17922	0.171301	0.17107	0.17114	0.17114	0.171059	0.171084	0.15413	0.171046	0.171005	0.161671	0.153418	0.153283	0.153142	0.153004	0.152883	0.152799	0.152783	0.151179	0.143173	0.152765	0.152778	0.152778	0.147154	0.143144	0.14313	0.143114	0.143095	0.143073	0.143049	0.143022	0.13318	0.14296	0.142927	0.142897	0.142871	0.142858	0.153163	0.153163	0.142858	0.142858	0.132694	0.151619	0.142914	0.149332	0.142859	0.142837	0.132686	0.142857	0.142857	0.143524	0.142857	0.132647	0.142857	0.142857	0.145309	0.142857	0.142857	0.140289	0.132657	0.142857	0.142857	0.142298	0.132654	0.142857	0.142857	0.142857	0.142857	0.142857	0.139157	0.132653	0.142857	0.142857	0.142857	0.14151	

176	1.092	4	0	task-3:0.294	task-0:0.294	task-1:0.53	task-2:0.024	|	0.34394	0.348542	0.294225	0.249376	0.242769	0.235466	0.218262	0.180913	0.129611	0.111424	0.115124	0.110203	0.104325	0.109762	0.107969	0.103408	0.102851	0.103481	0.103757	0.104667	0.107415	0.111245	0.116859	0.124107	0.129007	0.133295	0.136101	0.135095	0.13557	0.134544	0.133668	0.132852	0.131237	0.128963	0.126377	0.123104	0.118791	0.113815	0.107916	0.100989	0.0922903	0.0826663	0.072779	0.0647532	0.0615353	0.057252	0.0535721	0.0524432	0.0497833	0.0466634	0.0436111	0.0411956	0.0385909	0.0366392	0.0343104	0.0317875	0.0292988	0.0270021	0.0251976	0.0241696	0.0247497	0.0261952	0.0288732	0.0236686	0.0233716	0.0240818	0.0261354	0.0300773	0.0264265	0.0267236	0.0277798	0.0298543	0.0266525	0.0262207	0.0262204	0.026692	0.0276265	0.0291783	0.0251974	0.0238041	0.0226174	0.021598	0.0207083	0.0199108	0.0191754	0.0184818	0.0178182	0.0171764	0.0165481	0.0159245	0.0152972	0.0151367	0.0150933	0.0138513	0.0127338	0.0045939	0.00149603	0.0192419	0.0192419	0.00921371	0.00165213	0.00165213	0.00153617	0.0111782	0.0111538	0.00472902	0.00207611	0.00281966	0.00272752	0.00262001	0.00249541	0.00235222	0.00218944	0.00200697	0.00659132	0.00391927	0.00362378	0.00328872	0.00291599	0.00254547	0.00218876	0.00184841	0.00152819	0.00123308	0.0123551	0.00653693	0.000605809	0.000606245	0.000994113	0.00670661	0.00639641	0.0023747	0.00110049	0.00133063	0.00121899	0.00111685	0.00167923	0.00229005	0.00330738	0.00230228	0.00211662	0.00193955	0.00177049	0.00160887	0.00145417	0.00130597	0.00116401	0.0010282	0.000898733	0.00529592	0.00246797	0.000463822	0.000457374	0.000736674	0.0023452	0.00220515	0.00109806	0.000729436	0.000787402	0.00105694	0.00124316	0.00139248	0.00161779	0.00195829	0.00247318	0.0019231	0.00180099	0.00168331	0.00156962	0.0014596	0.00135279	0.0012488	0.00114726	0.00104788	0.000950424	0.000854833	

159	1.092	4	0	task-3:0.07	task-0:0.072	task-1:0.084	task-2:0.03	|	0.258778	0.477053	0.473573	0.418969	0.301731	0.221212	0.199811	0.166016	0.12226	0.113857	0.100534	0.102792	0.107855	0.0981102	0.0990613	0.0992957	0.0978888	0.0960811	0.0919907	0.0899589	0.0886549	0.0886204	0.0882888	0.0875914	0.0876687	0.0878642	0.0884109	0.0881827	0.0878459	0.0880175	0.0883494	0.0887045	0.0891487	0.089215	0.0895378	0.0899935	0.090582	0.0907556	0.0916088	0.0901498	0.0893954	0.0885097	0.0877222	0.0862995	0.0869208	0.0873108	0.0870571	0.0870854	0.0870293	0.0856948	0.0851783	0.0840405	0.083553	0.0831771	0.0828573	0.0821298	0.0809531	0.0799725	0.0791444	0.077897	0.077171	0.0765165	0.0686383	0.0681166	0.0764909	0.074512	0.0588878	0.0547802	0.0601192	0.0581613	0.0524329	0.0464063	0.0446604	0.0430956	0.0418562	0.0408294	0.0401013	0.0396323	0.039481	0.0389493	0.0386635	0.0379204	0.0353457	0.0348518	0.0343208	0.0215125	0.020759	0.033383	0.0331444	0.0243648	0.0196828	0.0194331	0.0191597	0.0189066	0.0186776	0.0184701	0.0182926	0.0181538	0.0180283	0.0170305	0.00243132	0.00228591	0.00949137	0.00924643	0.00229803	0.00222923	0.00410817	0.00394348	0.00248116	0.00236646	0.00277932	0.00360795	0.00346473	0.00280035	0.00218065	0.00207382	0.00176824	0.00169322	0.00154191	0.00136086	0.00116472	0.000970025	0.000798696	0.000617894	0.000453037	0.000313675	0.000205769	0.00011989	5.88173e-005	2.24403e-005	6.40385e-006	2.76591e-005	4.72531e-006	1.55933e-006	1.39676e-006	1.20557e-006	2.83179e-006	2.36525e-006	1.0576e-006	9.05342e-007	9.51315e-007	1.14977e-006	1.13423e-006	8.04452e-007	6.00351e-007	4.10871e-007	3.52695e-007	3.49231e-007	3.01829e-007	2.4114e-007	2.1105e-007	1.86802e-007	1.4703e-007	1.18597e-007	9.62978e-008	7.80565e-008	6.238e-008	5.0648e-008	4.12922e-008	

87	0.39	4	0	task-3:0.25	task-0:0.25	task-1:0.4	task-2:0.25	|	0.256001	0.377043	0.314787	0.238682	0.237617	0.221779	0.202973	0.18922	0.174085	0.164374	0.159469	0.159253	0.15785	0.156043	0.156676	0.156866	0.156978	0.157949	0.158973	0.159834	0.160709	0.170449	0.171052	0.171507	0.172378	0.171146	0.171084	0.171052	0.170903	0.162228	0.161318	0.155525	0.153046	0.152915	0.152816	0.152778	0.152778	0.152196	0.143236	0.143176	0.143111	0.143043	0.151859	0.141758	0.142541	0.152675	0.152594	0.152377	0.133077	0.142951	0.142942	0.142931	0.151286	0.14292	0.142914	0.142908	0.140373	0.132894	0.151999	0.143403	0.142867	0.132827	0.142873	0.142868	0.142864	0.14286	0.142858	0.142858	0.142858	0.132653	0.142857	0.142857	0.142857	0.141623	0.132648	0.142857	0.142857	0.142857	0.142842	0.13265	0.142857	0.142857	0.142857	0.142857	0.142857	0.142828	0.132653	

113	0.546	4	0	task-3:0.068	task-0:0.066	task-1:0.286	task-2:0.012	|	0.284402	0.428739	0.409425	0.293735	0.246372	0.238395	0.217375	0.217825	0.198976	0.192939	0.188979	0.187769	0.191517	0.195871	0.19948	0.203569	0.206695	0.206546	0.202645	0.195812	0.186903	0.178793	0.175009	0.169548	0.163874	0.158102	0.145176	0.13307	0.12172	0.121255	0.119203	0.108874	0.108564	0.11021	0.11502	0.12273	0.130896	0.126278	0.127922	0.125632	0.127469	0.131061	0.093479	0.0922399	0.129509	0.12902	0.124206	0.0875318	0.0857292	0.12019	0.120548	0.0995619	0.0760482	0.072974	0.0696381	0.0662836	0.0630119	0.0523224	0.0463111	0.0435029	0.0416103	0.00252065	0.0178924	0.00743959	0.00217064	0.000977542	0.0205904	0.0205905	0.019285	0.00101466	0.00101415	0.000912145	0.020206	0.0202062	0.0025911	0.000863783	0.000840666	0.000813193	0.016111	0.0161152	0.00316438	0.000807826	0.000804891	0.000837457	0.00457663	0.00456429	0.00142552	0.000806625	0.00080613	0.00101624	0.00108709	0.000974428	0.000870623	0.000792896	0.000859961	0.00088117	0.0207775	0.0206966	0.019434	0.0158678	0.00146992	0.00164384	0.00055541	0.000365174	0.000428525	0.000446669	0.00049444	0.000589864	0.000796916	0.00127691	0.000314942	0.000414286	0.000567322	

