69	0.065	8	task-0:0.175	|	0.17402	0.199876	0.199858	0.19589	0.182168	0.182168	0.177489	0.177363	0.158782	0.147503	0.139828	0.134166	0.127024	0.115622	0.104705	0.0926123	0.0794398	0.0657935	0.0484354	0.0326798	0.0219084	0.0145674	0.0105359	0.00731707	0.00503743	0.00325787	0.00212909	0.00143074	0.0011376	0.00244519	0.00050394	0.00038253	0.000272852	0.000225639	0.000116133	6.23806e-005	1.95037e-006	1.79694e-009	0	0	0	0	0	0	0	0	0	0	0	0	0	0	0	0	0	0	0	0	0	0	0	0	0	0	0	0	0	0	0	
63	0.062	8	task-0:0.145	|	0.185018	0.199896	0.199861	0.195877	0.16197	0.161605	0.171776	0.170207	0.150239	0.132545	0.114671	0.0856917	0.0515173	0.0304335	0.0107905	0.00314197	0.00490519	0.000954486	0.000338114	9.58533e-005	3.58811e-005	6.10502e-006	4.11054e-007	2.67587e-008	1.39223e-009	5.18895e-011	1.45113e-012	2.49864e-014	0	0	0	0	0	0	0	0	0	0	0	0	0	0	0	0	0	0	0	0	0	0	0	0	0	0	0	0	0	0	0	0	0	0	0	
68	0.066	8	task-0:0.195	|	0.415478	0.194637	0.189564	0.160845	0.237363	0.229582	0.154729	0.16325	0.163283	0.149869	0.143223	0.136604	0.125276	0.112414	0.0930529	0.0694206	0.0514659	0.0403715	0.0298339	0.0220114	0.0158486	0.0110261	0.00730182	0.00561444	0.00275228	6.36157e-005	2.35741e-007	3.0771e-009	3.28855e-009	5.91429e-011	0	0	0	0	0	0	0	0	0	0	0	0	0	0	0	0	0	0	0	0	0	0	0	0	0	0	0	0	0	0	0	0	0	0	0	0	0	0	
64	0.053	8	task-0:0.195	|	0.169645	0.199927	0.19991	0.19599	0.161541	0.165059	0.157962	0.151638	0.12938	0.10708	0.0755818	0.0412604	0.0148204	0.00374121	0.000916989	0.000333927	2.57207e-005	7.46155e-006	1.82229e-006	6.89507e-007	3.84077e-007	9.34661e-008	3.6294e-008	2.61864e-008	2.24022e-008	1.63798e-007	4.58012e-009	3.56359e-009	4.90072e-006	2.96081e-007	2.68659e-009	2.68317e-009	2.36247e-009	2.03083e-009	1.85272e-009	1.69476e-008	2.3472e-007	7.06246e-009	2.55844e-009	2.37367e-009	3.76509e-009	7.38315e-009	2.05994e-008	1.22315e-007	1.93186e-009	1.45117e-009	1.37235e-009	1.43787e-009	3.56826e-009	1.48189e-007	7.51556e-009	1.12874e-008	4.02492e-008	3.68189e-007	2.8044e-008	2.61965e-008	4.12845e-008	1.17046e-007	9.98035e-009	5.21012e-009	7.85836e-009	1.40429e-008	4.10443e-008	2.10171e-007	
62	0.059	8	task-0:0.24	|	0.300848	0.199433	0.199268	0.1883	0.160848	0.160649	0.160422	0.157909	0.141993	0.129611	0.113189	0.0889078	0.05612	0.0212931	0.00477424	0.0010438	0.000251904	3.17289e-005	2.54518e-006	2.90649e-006	1.89964e-007	5.59532e-008	1.36078e-008	2.94408e-007	2.83091e-009	2.44566e-009	1.59084e-009	1.34237e-009	9.58406e-011	5.12096e-011	3.01717e-011	1.69261e-009	3.95346e-011	1.43845e-011	6.48906e-012	3.45721e-012	3.0447e-012	8.20423e-012	3.42432e-013	3.10646e-013	4.95204e-012	2.26184e-013	1.48123e-013	4.06154e-014	0	0	0	0	0	0	0	0	0	0	0	0	0	0	0	0	0	0	
57	0.056	8	task-0:0.205	|	0.169028	0.679222	0.462148	0.188037	0.151403	0.151021	0.145145	0.126871	0.111153	0.0838879	0.0460563	0.00549791	0.000125593	6.8748e-007	8.71677e-010	6.66134e-013	0	0	0	0	0	0	0	0	0	0	0	0	0	0	0	0	0	0	0	0	0	0	0	0	0	0	0	0	0	0	0	0	0	0	0	0	0	0	0	0	0	
60	0.053	8	task-0:0.175	|	0.163322	0.769052	0.695329	0.298661	0.175071	0.15096	0.145547	0.116251	0.0714346	0.0336973	0.00884312	0.00134663	4.59735e-005	7.17768e-007	5.0892e-009	2.02057e-011	2.95881e-014	7.56184e-012	2.96135e-014	0	0	0	0	0	0	0	0	0	0	0	0	0	0	0	0	0	0	0	0	0	0	0	0	0	0	0	0	0	0	0	0	0	0	0	0	0	0	0	0	0	
73	0.07	8	task-0:0.135	|	0.528647	0.195884	0.193517	0.158099	0.267627	0.25968	0.147656	0.162907	0.162593	0.143327	0.144388	0.142197	0.132997	0.13015	0.123997	0.116507	0.10793	0.0983984	0.0880879	0.0747535	0.0612023	0.0451894	0.0296908	0.0179713	0.00985669	0.00443643	0.00164541	0.000498401	0.000100301	1.5615e-005	1.77909e-006	1.45588e-007	7.25222e-009	2.26329e-010	3.30954e-012	6.42254e-009	1.73608e-013	2.77349e-013	2.77349e-013	7.88068e-014	1.23008e-012	1.23008e-012	3.71266e-014	3.71266e-014	7.19667e-014	7.19667e-014	3.07653e-014	3.07653e-014	5.01653e-014	4.9824e-014	4.25776e-014	0	0	0	0	0	0	0	0	0	0	0	0	0	0	0	0	0	0	0	0	0	0	
64	0.062	8	task-0:0.2	|	0.235309	0.199669	0.199551	0.187346	0.249172	0.244277	0.158387	0.15338	0.136044	0.121929	0.106113	0.0934575	0.0805208	0.067222	0.0512436	0.0393094	0.0284205	0.0209995	0.0141876	0.00860738	0.00473179	0.00235935	0.001067	0.000434305	0.000156279	4.83669e-005	1.16204e-005	3.12105e-007	6.87855e-010	6.05732e-014	1.52994e-005	1.52682e-005	5.10388e-007	2.10661e-013	2.10661e-013	0	0	0	0	0	0	0	0	0	0	0	0	0	0	0	0	0	0	0	0	0	0	0	0	0	0	0	0	0	
61	0.06	8	task-0:0.215	|	0.166819	0.199771	0.199521	0.191839	0.16245	0.161748	0.168249	0.167061	0.151252	0.131249	0.0991217	0.0482207	0.0134681	0.00395246	0.00122564	0.000194484	2.54498e-005	0.000117497	2.18152e-006	8.02195e-007	0.000146185	3.30854e-006	2.67801e-007	2.20819e-007	1.37088e-007	7.74307e-008	4.62068e-008	7.39058e-006	5.35435e-007	2.5916e-008	2.58563e-008	2.10538e-008	1.64543e-008	1.22418e-008	8.58556e-009	5.61024e-009	3.41622e-009	1.79434e-008	9.38893e-008	1.50786e-009	1.24549e-009	9.33247e-010	8.16611e-010	2.52594e-008	1.19531e-009	3.07554e-009	9.42705e-009	4.17022e-008	2.09481e-009	1.23548e-009	1.12881e-009	2.12848e-009	7.15934e-009	4.61663e-008	2.35121e-009	1.14991e-009	9.17767e-010	5.14448e-009	2.79786e-008	2.36412e-009	1.28554e-009	
73	0.062	8	task-0:0.16	|	0.597793	0.18468	0.181304	0.159786	0.158797	0.156486	0.146407	0.138887	0.130721	0.130662	0.130107	0.124034	0.117067	0.109661	0.100265	0.0908212	0.0808865	0.0708665	0.0613467	0.05279	0.0454744	0.0397056	0.0337513	0.0288437	0.0241677	0.0201085	0.016716	0.0139363	0.0116336	0.00963476	0.00784111	0.16054	0.148633	0.0116329	0.00690677	0.00651116	0.00606272	0.00586573	0.0511602	0.0146472	0.00527965	0.00527902	0.00514328	0.00510618	0.00710119	0.00475431	0.00442105	0.00447748	0.00531658	0.00395172	0.00377596	0.00411929	0.00292454	0.0026773	0.0017801	0.00038905	0.000247818	2.95814e-007	1.52008e-008	6.74223e-013	1.24012e-006	4.73719e-007	2.13744e-011	5.1162e-014	0	0	0	0	0	0	0	0	0	
69	0.067	8	task-0:0.14	|	0.671268	0.193626	0.192964	0.162211	0.314116	0.30422	0.164778	0.164896	0.165	0.147063	0.146439	0.141052	0.126918	0.118903	0.106763	0.087461	0.0674543	0.0492881	0.0356144	0.0250252	0.0165295	0.0105068	0.0058161	0.00319223	0.00163883	0.000791204	0.000315809	9.18744e-005	2.34054e-005	7.05897e-005	5.54253e-006	1.98654e-006	7.35156e-007	2.2007e-007	6.22046e-008	1.09803e-008	2.36733e-011	0	0	0	0	0	0	0	0	0	0	0	0	0	0	0	0	0	0	0	0	0	0	0	0	0	0	0	0	0	0	0	0	
73	0.072	8	task-0:0.21	|	0.220901	0.199744	0.199697	0.188508	0.246082	0.244536	0.154966	0.152108	0.152401	0.146444	0.138481	0.138348	0.134494	0.129924	0.127248	0.125212	0.123626	0.121589	0.118835	0.115223	0.110142	0.0938455	0.0452537	0.0144796	0.00617257	0.00334053	0.00306661	0.00295909	0.00240039	0.00184648	0.00140601	0.00102372	0.000688505	0.304842	0.285936	0.000530769	0.000529406	0.000444368	7.1054e-005	8.35107e-012	0	0	0	0	0	0	0	0	0	0	0	0	0	0	0	0	0	0	0	0	0	0	0	0	0	0	0	0	0	0	0	0	0	
61	0.06	8	task-0:0.215	|	0.24254	0.198914	0.198616	0.181977	0.174938	0.173002	0.156256	0.154553	0.144314	0.133789	0.120294	0.102133	0.0766338	0.024695	0.00385952	0.000357363	0.103308	0.10097	0.00734454	0.000497429	0.000497429	0.000186367	0.00751847	0.00472358	0.000109023	0.000105785	9.1933e-005	0.000367698	0.000775221	0.000831423	0.000102732	3.75548e-005	3.92059e-005	0.000147331	0.000439971	6.77527e-005	3.77703e-005	2.83489e-005	2.85404e-005	4.04312e-005	8.55072e-005	0.000251322	1.55777e-005	4.31522e-006	1.59904e-005	3.23113e-005	8.37679e-005	6.81074e-006	2.07847e-006	2.53703e-006	2.06033e-006	1.87547e-006	1.93594e-006	2.33017e-006	3.32158e-006	5.62936e-006	2.31312e-007	1.5274e-007	1.83431e-006	8.63593e-008	4.17712e-010	
65	0.065	8	task-0:0.18	|	0.650397	0.191275	0.186511	0.15795	0.157874	0.164388	0.162585	0.149176	0.138119	0.128762	0.116002	0.100863	0.0838788	0.066568	0.0446145	0.0133732	0.00058252	0.0163975	7.15462e-005	0.00250643	1.31799e-005	0.000106822	8.98792e-007	1.18848e-006	6.18078e-007	5.50281e-009	8.2303e-011	2.48166e-010	5.72475e-014	0	0	0	0	0	0	0	0	0	0	0	0	0	0	0	0	0	0	0	0	0	0	0	0	0	0	0	0	0	0	0	0	0	0	0	0	
66	0.065	8	task-0:0.18	|	0.402363	0.189078	0.180856	0.160186	0.178539	0.178255	0.157326	0.158798	0.157284	0.152422	0.148716	0.144157	0.137229	0.128024	0.116579	0.102061	0.0268217	0.00966685	0.0042105	0.0100888	0.00380883	0.000945968	0.000581184	0.118942	0.0963423	0.000657089	0.000353686	0.000278812	0.000156821	0.00190768	0.000297531	8.66954e-005	7.02931e-005	4.02253e-005	4.65686e-005	3.43034e-007	9.52591e-012	0	0	0	0	0	0	0	0	0	0	0	0	0	0	0	0	0	0	0	0	0	0	0	0	0	0	0	0	0	
61	0.054	8	task-0:0.255	|	0.243639	0.197413	0.196092	0.181708	0.156811	0.156224	0.155264	0.150572	0.143384	0.134527	0.118093	0.0902457	0.0370995	0.00403912	0.00225963	0.000252349	3.9256e-005	1.68121e-006	0.0716105	2.5958e-005	3.38816e-007	3.38816e-007	1.69888e-007	7.65894e-006	1.13979e-006	1.30248e-007	2.30308e-007	1.34886e-005	1.17218e-006	3.12093e-007	1.3024e-007	1.74089e-007	1.17581e-006	1.16291e-005	7.3752e-007	5.49308e-007	6.49529e-007	1.26571e-006	4.10538e-006	2.17743e-007	1.64338e-007	2.85545e-007	6.0964e-007	1.91672e-006	9.27814e-006	1.24161e-006	9.53558e-007	1.00157e-006	1.51324e-006	3.34599e-006	1.07573e-005	2.17732e-006	1.77203e-006	2.33541e-006	7.66175e-006	2.3929e-005	8.80631e-006	8.19969e-006	8.41318e-006	9.40974e-006	1.10334e-005	
67	0.051	8	task-0:0.195	|	0.430866	0.193779	0.190454	0.165078	0.211391	0.207856	0.156027	0.166494	0.165767	0.153687	0.148471	0.143801	0.134997	0.125074	0.109644	0.0898505	0.0718318	0.0583972	0.0492793	0.0398555	0.0319808	0.0245592	0.0176549	0.011612	0.00681331	0.00346529	0.00148486	0.000470339	1.51701e-006	1.68721e-009	5.36603e-012	0	0	0	0	0	0	0	0	0	0	0	0	0	0	0	0	0	0	0	0	0	0	0	0	0	0	0	0	0	0	0	0	0	0	0	0	
61	0.047	8	task-0:0.255	|	0.172599	0.199124	0.198971	0.18743	0.163228	0.165026	0.15766	0.152963	0.138838	0.123779	0.098593	0.0673535	0.0346935	0.0138284	0.00447339	0.000977481	0.000145837	1.4705e-005	1.03032e-006	1.31052e-007	1.24234e-008	1.09693e-009	2.18879e-011	1.59656e-012	5.53898e-007	1.42e-008	2.69871e-013	2.69871e-013	5.06304e-012	5.26114e-012	2.73462e-013	1.77645e-013	1.4413e-013	2.81544e-013	6.912e-013	3.35615e-013	7.92099e-014	8.6082e-014	8.6082e-014	1.11126e-013	5.15557e-014	3.99997e-014	2.33925e-014	7.95058e-014	7.95058e-014	7.69621e-014	2.49479e-014	2.49479e-014	9.60417e-014	9.46645e-014	3.76331e-014	0	0	0	0	0	0	0	0	0	0	
65	0.052	8	task-0:0.195	|	0.402605	0.192633	0.190183	0.155123	0.298518	0.295394	0.168832	0.15657	0.156543	0.141484	0.132312	0.11756	0.10094	0.0794062	0.0559483	0.0327535	0.00309776	0.00077554	2.95408e-005	0.000447156	1.86277e-006	8.52985e-007	2.24068e-007	7.11809e-008	7.53944e-008	1.68988e-009	5.51844e-010	1.12318e-005	2.00792e-007	2.81805e-010	2.81791e-010	2.01945e-010	2.01066e-010	1.89392e-009	7.42762e-011	3.67424e-011	2.32436e-011	1.26817e-011	4.71218e-011	0	0	0	0	0	0	0	0	0	0	0	0	0	0	0	0	0	0	0	0	0	0	0	0	0	0	
70	0.052	8	task-0:0.18	|	0.297941	0.199591	0.199532	0.1885	0.255751	0.251258	0.165917	0.172397	0.163653	0.147197	0.148017	0.135451	0.129038	0.127385	0.1162	0.10532	0.0912312	0.0764841	0.0600401	0.0433582	0.0286607	0.0175356	0.0101089	0.00552303	0.00281227	0.00128751	0.00050697	0.000164189	4.1876e-005	8.03859e-006	1.10288e-006	5.51184e-009	0	0	0	0	0	0	0	0	0	0	0	0	0	0	0	0	0	0	0	0	0	0	0	0	0	0	0	0	0	0	0	0	0	0	0	0	0	0	
69	0.048	8	task-0:0.175	|	0.375724	0.191275	0.18887	0.16404	0.184752	0.183558	0.155372	0.165086	0.164543	0.153184	0.146923	0.14402	0.132751	0.124158	0.114858	0.103464	0.0905891	0.0788689	0.0684659	0.0351029	0.00265167	0.000338398	2.32841e-005	1.28288e-005	2.62584e-009	3.01489e-012	0	0	0	0	0	0	0	0	0	0	0	0	0	0	0	0	0	0	0	0	0	0	0	0	0	0	0	0	0	0	0	0	0	0	0	0	0	0	0	0	0	0	0	
74	0.057	8	task-0:0.19	|	0.343703	0.198845	0.198349	0.175987	0.250672	0.235995	0.145062	0.167594	0.163577	0.14245	0.144202	0.141416	0.133664	0.133902	0.129154	0.122929	0.116808	0.10906	0.0996168	0.0884763	0.0767979	0.0635299	0.0498317	0.0368626	0.0257573	0.0166575	0.00999623	0.00559272	0.00293007	0.0014327	0.000620709	0.000257851	9.71298e-005	2.76519e-005	8.57498e-006	1.13669e-006	1.44671e-007	0.000646194	1.38921e-008	3.08533e-009	0	0	0	0	0	0	0	0	0	0	0	0	0	0	0	0	0	0	0	0	0	0	0	0	0	0	0	0	0	0	0	0	0	0	
75	0.054	8	task-0:0.195	|	0.567583	0.195736	0.194687	0.16426	0.263549	0.251705	0.15001	0.168805	0.168806	0.150667	0.149241	0.14717	0.142405	0.142205	0.137911	0.1329	0.127313	0.12021	0.111084	0.0994702	0.0850707	0.0681581	0.0501564	0.0337939	0.0233395	0.0148349	0.00891422	0.00452022	0.00239465	0.00118909	0.000434726	1.18382e-005	2.12374e-006	3.0031e-007	1.4165e-007	5.30332e-009	2.15435e-010	7.22346e-012	4.97806e-012	4.86004e-012	1.00941e-013	0	0	0	0	0	0	0	0	0	0	0	0	0	0	0	0	0	0	0	0	0	0	0	0	0	0	0	0	0	0	0	0	0	0	
63	0.042	8	task-0:0.215	|	0.311415	0.199266	0.199019	0.184825	0.213033	0.213037	0.161086	0.157499	0.146573	0.137018	0.123295	0.106998	0.0868158	0.063214	0.0390003	0.0172131	0.00271387	0.000586273	1.22209e-005	0.00152573	1.21962e-006	4.29756e-005	1.34361e-007	2.76118e-007	1.97136e-007	1.78067e-007	1.42035e-010	4.86568e-011	9.44911e-012	5.43716e-012	0	0	0	0	0	0	0	0	0	0	0	0	0	0	0	0	0	0	0	0	0	0	0	0	0	0	0	0	0	0	0	0	0	
65	0.045	8	task-0:0.235	|	0.310534	0.198522	0.198361	0.180073	0.222909	0.222858	0.156074	0.156828	0.142253	0.132685	0.118721	0.108538	0.0992402	0.0823806	0.0678953	0.0557014	0.0424546	0.0319516	0.0222604	0.0143608	0.0118831	0.00676751	0.00283285	0.00106786	0.00041177	0.000156462	4.98724e-005	6.54485e-007	1.34197e-009	5.36081e-005	5.36032e-005	2.26331e-005	3.37553e-009	3.37553e-009	2.06641e-008	7.74473e-009	9.216e-012	8.09513e-013	2.10167e-013	0	0	0	0	0	0	0	0	0	0	0	0	0	0	0	0	0	0	0	0	0	0	0	0	0	0	
62	0.061	8	task-0:0.245	|	0.355005	0.197401	0.19675	0.175546	0.193055	0.193079	0.155309	0.154127	0.144331	0.1342	0.119341	0.0987893	0.0720322	0.0222351	0.00395496	0.00163549	0.00040688	4.87341e-005	4.98295e-006	3.31655e-007	1.38534e-008	7.2199e-008	1.69045e-010	5.45343e-009	1.91879e-011	1.94369e-011	8.54172e-012	8.81248e-013	1.02863e-013	0	0	0	0	0	0	0	0	0	0	0	0	0	0	0	0	0	0	0	0	0	0	0	0	0	0	0	0	0	0	0	0	0	
70	0.063	8	task-0:0.21	|	0.204871	0.199824	0.199774	0.190018	0.256882	0.251626	0.163581	0.179744	0.177991	0.161305	0.157978	0.154923	0.150692	0.149092	0.144601	0.14054	0.135647	0.129786	0.123141	0.114463	0.100667	0.0592776	0.0219004	0.0113573	0.00837623	0.00550378	0.000567431	1.26095e-005	3.67909e-007	1.04603e-008	1.92716e-010	1.77653e-012	0	0	0	0	0	0	0	0	0	0	0	0	0	0	0	0	0	0	0	0	0	0	0	0	0	0	0	0	0	0	0	0	0	0	0	0	0	0	
67	0.045	8	task-0:0.21	|	0.223376	0.197197	0.195935	0.180139	0.158184	0.158272	0.162506	0.161931	0.153084	0.148551	0.144636	0.138428	0.130538	0.11978	0.106917	0.0920053	0.0735006	0.00444424	0.000229966	3.29223e-005	0.0583597	0.0446768	1.19971e-005	1.19318e-005	4.283e-005	0.000179305	4.24656e-006	2.82771e-006	9.65283e-006	1.15227e-005	3.74989e-007	3.20048e-008	3.01953e-009	4.13389e-010	7.25217e-011	2.18418e-011	2.11819e-014	0	0	0	0	0	0	0	0	0	0	0	0	0	0	0	0	0	0	0	0	0	0	0	0	0	0	0	0	0	0	
71	0.048	8	task-0:0.15	|	0.242943	0.195088	0.190048	0.163832	0.185445	0.184645	0.153928	0.165644	0.165121	0.153764	0.148188	0.145285	0.139782	0.132528	0.1221	0.109347	0.0631766	0.00760375	0.00177071	0.00148225	0.000566305	1.57636e-006	7.64552e-008	9.24739e-009	2.12973e-009	8.99982e-013	0	0	0	0	0	0	0	0	0	0	0	0	0	0	0	0	0	0	0	0	0	0	0	0	0	0	0	0	0	0	0	0	0	0	0	0	0	0	0	0	0	0	0	0	0	
69	0.056	8	task-0:0.23	|	0.164621	0.199513	0.194375	0.649395	0.649392	0.179954	0.196914	0.196914	0.182726	0.198276	0.19613	0.166827	0.16494	0.15508	0.142091	0.123545	0.103987	0.0827784	0.0715653	0.0515266	0.0303834	0.0159829	0.00590723	0.00155969	0.000359117	0.000111428	3.67168e-005	6.99695e-006	2.22171e-006	9.64239e-007	8.95441e-008	4.90477e-009	1.53282e-008	9.42349e-010	1.70176e-009	1.8735e-010	1.14724e-011	1.31696e-013	0	0	0	0	0	0	0	0	0	0	0	0	0	0	0	0	0	0	0	0	0	0	0	0	0	0	0	0	0	0	0	
66	0.04	8	task-0:0.175	|	0.467202	0.192125	0.187355	0.162485	0.222256	0.218074	0.161816	0.161259	0.160709	0.148937	0.140491	0.131989	0.118874	0.101813	0.081614	0.0598726	0.0121105	0.00208599	0.00040082	0.0188225	0.00607106	0.000158793	0.000158792	0.000100717	6.62009e-005	0.082597	0.0552577	7.19652e-005	4.21833e-005	3.58396e-005	2.95577e-005	6.18379e-005	0.000195786	5.11925e-005	2.48656e-005	0.000149474	0.000544815	1.84347e-005	2.04127e-005	6.08631e-005	0.000215455	0.000832612	7.72179e-005	5.67866e-005	6.11999e-005	9.28182e-005	0.000196937	0.000530176	6.32581e-005	3.4373e-005	7.76368e-005	0.000155619	0.000405455	0.00119506	0.000471646	0.000455679	0.00102106	0.00193174	0.00300879	0.00175323	0.000425581	0.000173187	0.000159225	0.000124081	0.00010712	0.000102696	
62	0.043	8	task-0:0.25	|	0.415828	0.190087	0.184684	0.163952	0.165658	0.164285	0.154519	0.15443	0.149067	0.14209	0.13167	0.116498	0.0927147	0.027643	0.0101784	0.0787912	0.0746693	0.010607	0.00449892	0.00304545	0.001912	0.0100391	0.00701586	0.000567004	0.000277554	0.00025339	0.000136251	2.95758e-005	4.5767e-006	9.06063e-007	2.65577e-007	7.14683e-008	1.29097e-008	3.33504e-010	8.05756e-011	9.44617e-012	3.12358e-012	0	0	0	0	0	0	0	0	0	0	0	0	0	0	0	0	0	0	0	0	0	0	0	0	0	
70	0.065	8	task-0:0.185	|	0.259013	0.199846	0.199819	0.192713	0.222085	0.219366	0.165057	0.160122	0.157308	0.150458	0.145146	0.142552	0.137963	0.133767	0.130162	0.127375	0.123967	0.10694	0.0779496	0.0523969	0.0327034	0.0188232	0.0102186	0.00483699	0.00169412	0.000196073	1.9907e-006	1.15466e-007	2.81035e-010	4.37057e-012	0	0	0	0	0	0	0	0	0	0	0	0	0	0	0	0	0	0	0	0	0	0	0	0	0	0	0	0	0	0	0	0	0	0	0	0	0	0	0	0	
66	0.062	8	task-0:0.18	|	0.53707	0.195037	0.192559	0.162067	0.250723	0.242654	0.169189	0.156338	0.154812	0.144441	0.136459	0.126639	0.113357	0.0969303	0.0779653	0.0582146	0.0400217	0.0251567	0.0142773	0.00717536	0.00312429	0.000963583	0.000259073	5.31688e-005	7.85413e-006	7.83926e-007	4.90708e-008	1.49531e-009	2.01731e-012	1.22121e-011	0	0	0	0	0	0	0	0	0	0	0	0	0	0	0	0	0	0	0	0	0	0	0	0	0	0	0	0	0	0	0	0	0	0	0	0	
71	0.069	8	task-0:0.145	|	0.20352	0.199231	0.199084	0.187079	0.166368	0.16638	0.166852	0.165482	0.15347	0.144754	0.136455	0.12764	0.118535	0.109022	0.0922897	0.0606931	0.00796129	0.0351629	0.0341712	0.0297392	0.0248171	0.0192921	0.013926	0.00925823	0.00465704	0.00174198	7.78568e-005	0.000885174	6.13139e-005	3.31106e-007	1.32581e-008	1.09544e-010	0.000406691	0.000354267	6.14178e-012	6.14178e-012	2.49089e-006	1.06208e-006	3.51743e-011	3.33928e-012	2.43884e-012	3.68488e-012	7.89606e-011	1.91493e-012	3.02971e-013	4.29639e-013	1.49742e-013	5.24109e-014	0	0	0	0	0	0	0	0	0	0	0	0	0	0	0	0	0	0	0	0	0	0	0	
72	0.07	8	task-0:0.175	|	0.415648	0.198234	0.197763	0.17413	0.26102	0.251899	0.155594	0.171713	0.171056	0.154418	0.151864	0.14993	0.146149	0.146809	0.142919	0.138213	0.133576	0.126184	0.114128	0.096677	0.0741194	0.05084	0.0304952	0.0157726	0.00490709	0.000394071	0.000116897	3.25959e-005	4.80201e-006	4.97222e-007	3.1855e-008	1.16008e-009	2.19224e-011	1.30696e-013	3.82564e-012	0	0	0	0	0	0	0	0	0	0	0	0	0	0	0	0	0	0	0	0	0	0	0	0	0	0	0	0	0	0	0	0	0	0	0	0	0	
64	0.059	8	task-0:0.21	|	0.270358	0.194285	0.192167	0.16979	0.16789	0.167002	0.154469	0.154244	0.14706	0.139516	0.129545	0.120128	0.109087	0.0936717	0.0465796	0.00239953	0.000492297	0.000334039	0.00125483	1.02105e-005	3.81716e-006	2.71526e-006	8.41952e-006	2.37485e-007	1.06598e-007	4.48932e-008	2.76941e-007	1.33161e-008	7.48817e-009	8.07473e-009	4.36814e-009	1.73745e-009	1.73193e-009	1.19312e-009	1.39328e-009	6.36109e-012	5.09749e-012	2.72017e-012	0	0	0	0	0	0	0	0	0	0	0	0	0	0	0	0	0	0	0	0	0	0	0	0	0	0	
71	0.07	8	task-0:0.23	|	0.400478	0.198872	0.19878	0.176222	0.246252	0.24507	0.153701	0.17525	0.174653	0.155676	0.152566	0.150419	0.146341	0.144859	0.13975	0.133591	0.126345	0.117745	0.106718	0.0927027	0.0760706	0.0573355	0.0367384	0.00971553	0.00035278	3.13859e-005	2.83205e-006	9.71595e-009	1.00345e-010	2.03638e-012	0	0	0	0	0	0	0	0	0	0	0	0	0	0	0	0	0	0	0	0	0	0	0	0	0	0	0	0	0	0	0	0	0	0	0	0	0	0	0	0	0	
66	0.049	8	task-0:0.165	|	0.23161	0.197233	0.194775	0.177128	0.165815	0.16473	0.161234	0.160446	0.158425	0.157231	0.155484	0.152824	0.148392	0.141877	0.132596	0.111495	0.0109105	0.011443	0.00266969	0.00898845	0.000435895	0.000712454	2.56537e-006	4.27121e-009	1.85604e-011	9.96221e-012	0	0	0	0	0	0	0	0	0	0	0	0	0	0	0	0	0	0	0	0	0	0	0	0	0	0	0	0	0	0	0	0	0	0	0	0	0	0	0	0	
70	0.056	8	task-0:0.165	|	0.333551	0.199269	0.19904	0.17834	0.297185	0.279897	0.160973	0.171263	0.170957	0.151831	0.141192	0.134967	0.125697	0.116443	0.101177	0.0880627	0.0759746	0.0632856	0.0503297	0.0375126	0.0263611	0.0170218	0.009992	0.00539473	0.00250514	0.00109698	0.000375354	2.8906e-005	9.33905e-006	7.49907e-007	3.32274e-007	2.85172e-008	2.20366e-009	1.69086e-010	6.32355e-012	3.36766e-013	2.00246e-014	0	0	0	0	0	0	0	0	0	0	0	0	0	0	0	0	0	0	0	0	0	0	0	0	0	0	0	0	0	0	0	0	0	
66	0.064	8	task-0:0.18	|	0.436067	0.194761	0.193535	0.170103	0.171443	0.165935	0.150065	0.148179	0.140557	0.133531	0.124271	0.112375	0.0981549	0.0818877	0.0597696	0.0110015	0.00535121	0.000705377	0.00211214	0.000123578	6.81283e-005	0.00411665	0.000791126	3.39303e-005	3.37453e-005	2.68733e-005	2.04665e-005	1.51377e-005	5.69262e-005	0.000436544	1.22049e-005	6.4776e-006	6.43811e-006	2.79408e-005	0.000134242	5.73733e-006	4.02086e-006	4.02699e-006	6.50586e-006	2.77986e-005	0.000230665	2.44848e-005	2.59585e-005	4.2344e-005	9.84866e-005	1.34393e-005	7.71033e-006	6.10957e-006	6.09996e-006	8.344e-007	5.63657e-007	4.63857e-007	3.57861e-008	2.36492e-008	7.98916e-009	1.28492e-009	9.17324e-010	2.43507e-010	2.84053e-011	8.28011e-012	1.75461e-012	3.47241e-013	4.31891e-014	5.02863e-014	0	0	
68	0.061	8	task-0:0.22	|	0.297923	0.199199	0.199109	0.185543	0.177604	0.177593	0.157369	0.155912	0.14032	0.134927	0.124665	0.119225	0.116586	0.108878	0.0999309	0.0920931	0.0831233	0.0718373	0.0602217	0.0484217	0.0372397	0.0273891	0.0189858	0.0123711	0.00915182	0.00630704	0.00425226	0.00278043	0.00169858	0.000634117	0.0132948	0.0045018	6.56325e-009	0.000864689	0.000841483	4.76725e-006	5.30095e-010	1.43227e-010	4.46534e-013	1.33914e-005	7.46249e-006	7.18479e-011	2.16193e-013	1.08151e-013	0	0	0	0	0	0	0	0	0	0	0	0	0	0	0	0	0	0	0	0	0	0	0	0	
62	0.061	8	task-0:0.185	|	0.605397	0.17014	0.159239	0.175328	0.174986	0.154729	0.156406	0.153786	0.133039	0.104767	0.072135	0.0478567	0.0263425	0.0147502	0.0069037	0.00510831	0.00269979	0.00169446	0.000947884	0.000506553	0.000184405	8.02535e-005	1.60079e-005	3.2449e-006	0.0195479	0.0033713	1.24312e-006	1.24328e-006	7.69108e-007	4.46579e-007	4.02521e-007	9.44793e-008	3.48642e-008	1.1017e-008	4.54725e-009	4.50298e-010	5.67676e-011	4.89725e-012	3.91027e-013	0	0	0	0	0	0	0	0	0	0	0	0	0	0	0	0	0	0	0	0	0	0	0	
70	0.067	8	task-0:0.165	|	0.674802	0.19321	0.192195	0.158414	0.293962	0.283802	0.158649	0.16096	0.161201	0.141937	0.139945	0.135217	0.124503	0.119622	0.110062	0.0970521	0.0831034	0.0690149	0.056338	0.0437253	0.0304551	0.019222	0.0111963	0.00610061	0.0030365	0.00136582	0.000492225	0.000155585	3.86833e-005	7.18033e-006	9.49837e-007	8.39512e-008	4.58878e-009	1.41257e-010	2.1657e-012	3.33496e-012	0	0	0	0	0	0	0	0	0	0	0	0	0	0	0	0	0	0	0	0	0	0	0	0	0	0	0	0	0	0	0	0	0	0	
71	0.069	8	task-0:0.17	|	0.601084	0.187201	0.18137	0.159033	0.157731	0.156886	0.149873	0.141395	0.135285	0.12854	0.119105	0.104514	0.0849816	0.0555122	0.0176254	0.0305859	0.0283322	0.0239361	0.0172319	0.0128906	0.0094105	0.00658651	0.00438884	9.79151e-005	0.000517612	1.3854e-006	7.21853e-006	2.92276e-009	4.59117e-009	4.17404e-013	4.12364e-013	0	0	0	0	0	0	0	0	0	0	0	0	0	0	0	0	0	0	0	0	0	0	0	0	0	0	0	0	0	0	0	0	0	0	0	0	0	0	0	0	
61	0.056	8	task-0:0.28	|	0.205927	0.199884	0.199859	0.195789	0.162434	0.166842	0.165726	0.160506	0.132054	0.117402	0.0957617	0.0737197	0.0639752	0.0393915	0.0234329	0.0138416	0.00738581	0.00362495	0.00174371	0.00088424	0.000580565	0.000132093	7.01702e-005	3.55516e-005	1.67907e-005	9.18456e-006	1.22228e-005	2.45457e-005	2.01507e-006	1.56415e-006	1.0229e-006	6.25497e-007	4.06749e-007	1.79292e-006	3.1751e-005	5.16592e-007	6.80452e-007	3.01464e-006	4.18977e-005	3.24448e-006	4.2116e-006	1.0397e-005	4.92537e-005	5.98375e-006	4.74669e-006	5.3181e-006	8.48621e-006	1.96531e-005	6.61883e-005	0.000306015	3.04619e-005	2.39388e-005	5.88584e-005	0.000252903	0.00117341	0.000268151	0.000207158	0.000177321	0.0001704	0.000185557	0.000230096	
59	0.042	8	task-0:0.22	|	0.154218	0.199035	0.197534	0.08236	0.74464	0.701231	0.10011	0.144116	0.144116	0.0429247	0.12089	0.108686	0.0289434	0.0554036	0.0554036	0.0300217	0.0263649	0.0243693	0.0229894	0.0228631	0.0198198	0.0165849	0.0136061	0.0107928	0.00816124	0.00569314	0.00354487	0.00192652	0.000886631	0.000330808	9.55951e-005	1.96067e-005	2.84567e-006	4.51976e-007	2.85445e-008	9.61438e-010	1.13319e-011	3.92827e-014	7.08846e-013	0	0	0	0	0	0	0	0	0	0	0	0	0	0	0	0	0	0	0	0	
70	0.063	8	task-0:0.19	|	0.488932	0.189613	0.18549	0.16741	0.170723	0.169068	0.158555	0.157855	0.157252	0.155418	0.151793	0.148367	0.143042	0.134512	0.122747	0.10837	0.0933957	0.0798544	0.0682859	0.0580063	0.0481806	0.0384117	0.059412	0.0322842	0.0263796	0.00845878	2.299e-005	1.74371e-006	1.2554e-007	3.91478e-007	1.25951e-008	1.95728e-009	4.16332e-010	5.65344e-011	4.01345e-011	5.20172e-012	1.5312e-012	8.62602e-012	3.62254e-013	2.46652e-013	7.41937e-014	2.62781e-014	7.20273e-014	0	0	0	0	0	0	0	0	0	0	0	0	0	0	0	0	0	0	0	0	0	0	0	0	0	0	0	
70	0.068	8	task-0:0.17	|	0.182813	0.199815	0.199771	0.193898	0.176222	0.17623	0.172486	0.17208	0.154339	0.148408	0.141388	0.134514	0.132592	0.123238	0.110718	0.0993242	0.0873953	0.075473	0.0627285	0.0488117	0.035222	0.0238084	0.014892	0.00848057	0.00433633	0.00194893	0.000753644	0.000239382	5.95273e-005	1.10648e-005	1.46425e-006	1.2608e-007	6.95288e-009	1.82659e-011	1.95395e-010	0	0	0	0	0	0	0	0	0	0	0	0	0	0	0	0	0	0	0	0	0	0	0	0	0	0	0	0	0	0	0	0	0	0	0	
59	0.059	8	task-0:0.17	|	0.161378	0.755958	0.665656	0.286545	0.172665	0.151371	0.138323	0.0998516	0.0485256	0.0139191	0.00185657	0.000146744	1.58588e-005	2.34153e-007	3.19523e-009	5.64096e-012	2.91219e-014	0	0	0	0	0	0	0	0	0	0	0	0	0	0	0	0	0	0	0	0	0	0	0	0	0	0	0	0	0	0	0	0	0	0	0	0	0	0	0	0	0	0	
63	0.059	8	task-0:0.235	|	0.302924	0.199729	0.199701	0.186013	0.253	0.250829	0.147948	0.148254	0.127095	0.11112	0.0981374	0.0873836	0.0725423	0.0565906	0.0422589	0.0292904	0.0199759	0.0121161	0.00695086	0.00359529	0.00157511	0.000560721	0.000152351	2.96483e-005	1.85673e-006	8.42733e-008	3.78815e-009	5.51796e-011	2.11935e-012	0	0	0	0	0	0	0	0	0	0	0	0	0	0	0	0	0	0	0	0	0	0	0	0	0	0	0	0	0	0	0	0	0	0	
60	0.058	8	task-0:0.23	|	0.499013	0.184399	0.178204	0.14257	0.146693	0.136457	0.130661	0.118245	0.10402	0.0871744	0.0657417	0.0246832	0.00129787	6.33799e-005	0.0633404	0.0476392	0.00010389	1.72949e-005	9.09285e-006	3.61298e-006	2.95722e-005	6.16121e-005	9.05214e-007	5.83933e-007	5.10195e-007	2.22153e-006	3.6824e-006	3.60326e-007	9.11536e-008	6.36355e-008	5.92239e-008	8.07137e-008	1.25227e-007	1.40784e-009	1.26961e-009	1.21146e-008	6.31043e-008	3.88524e-009	1.20657e-009	4.27432e-010	1.70351e-010	8.55322e-011	5.93122e-011	6.23216e-011	1.09023e-012	7.77431e-013	4.31067e-013	3.58727e-013	2.10687e-014	2.03549e-014	0	0	0	0	0	0	0	0	0	0	
65	0.055	8	task-0:0.175	|	0.397407	0.19723	0.196589	0.172356	0.220324	0.214971	0.14674	0.151033	0.13663	0.123636	0.112281	0.0965442	0.0802467	0.0613624	0.044136	0.0302832	0.0212515	0.0156935	0.0120593	0.00928627	0.00693036	0.00490524	0.00286733	0.130211	0.0239203	0.000245378	0.000136288	1.25809e-006	0.00219687	0.000477082	4.818e-009	1.1119e-009	4.90465e-011	1.18742e-012	1.15361e-009	1.73658e-010	1.34311e-013	1.34096e-013	6.73699e-013	4.93957e-014	1.92383e-014	0	0	0	0	0	0	0	0	0	0	0	0	0	0	0	0	0	0	0	0	0	0	0	0	
71	0.069	8	task-0:0.185	|	0.512989	0.197422	0.196933	0.165075	0.305675	0.287921	0.150714	0.162521	0.162407	0.141073	0.13599	0.131962	0.125502	0.122542	0.114945	0.105595	0.0958032	0.0858656	0.0744158	0.0594266	0.0460666	0.0318858	0.0199139	0.0112922	0.00633161	0.00229684	0.000726098	5.25279e-005	0.000555798	1.70893e-006	2.22491e-007	9.07214e-008	3.34467e-009	2.54621e-010	2.58465e-011	5.02989e-013	6.57897e-009	1.80619e-013	6.93174e-014	6.93174e-014	2.5535e-014	0	0	0	0	0	0	0	0	0	0	0	0	0	0	0	0	0	0	0	0	0	0	0	0	0	0	0	0	0	0	
61	0.055	8	task-0:0.265	|	0.177798	0.19971	0.19964	0.190515	0.164995	0.16473	0.162462	0.160902	0.144836	0.131218	0.107043	0.0620157	0.0142546	0.00376888	0.00196296	0.000501944	2.41341e-005	2.65838e-006	1.7591e-007	7.29227e-009	1.26905e-010	8.35089e-012	6.3912e-014	0	0	0	0	0	0	0	0	0	0	0	0	0	0	0	0	0	0	0	0	0	0	0	0	0	0	0	0	0	0	0	0	0	0	0	0	0	0	
64	0.054	8	task-0:0.24	|	0.181345	0.199931	0.19992	0.196945	0.177159	0.177937	0.17689	0.173399	0.151976	0.140554	0.123647	0.114021	0.103963	0.0871902	0.0706462	0.0551366	0.0396958	0.026104	0.0151039	0.00744492	0.00308063	0.00110094	0.000984128	0.00121158	0.000121203	7.33698e-005	6.77447e-005	9.50238e-005	0.000113235	0.000210506	3.85149e-005	3.76543e-005	3.13918e-005	3.24531e-005	0.000195096	0.00226047	9.54858e-005	5.78921e-005	7.1607e-005	0.000153892	0.000752145	5.14812e-005	6.99965e-005	0.00018517	0.00096403	0.0001735	0.000182817	0.00027966	0.000641871	0.00214232	0.000411257	0.000288288	0.000237498	0.00023307	0.000276996	0.000407814	0.000758543	0.00177425	6.66719e-005	0.000198716	0.000281482	0.000485956	0.00103842	0.00268174	
59	0.057	8	task-0:0.16	|	0.16167	0.761608	0.68668	0.314185	0.175535	0.149491	0.13946	0.105444	0.0572277	0.0152091	0.00324082	0.000277028	2.15321e-005	1.53995e-006	1.98873e-008	2.61337e-010	2.01122e-012	0	0	0	0	0	0	0	0	0	0	0	0	0	0	0	0	0	0	0	0	0	0	0	0	0	0	0	0	0	0	0	0	0	0	0	0	0	0	0	0	0	0	
68	0.062	8	task-0:0.23	|	0.171734	0.199842	0.199815	0.19495	0.158893	0.158941	0.174987	0.175075	0.157912	0.151522	0.14901	0.146403	0.144378	0.138415	0.131438	0.123385	0.114137	0.103435	0.0910735	0.0772096	0.0596784	0.0411566	0.0235323	0.010301	0.00270227	0.000324732	1.3282e-005	7.67424e-007	3.42876e-010	4.50542e-006	7.9462e-009	3.90258e-011	3.51295e-011	4.16059e-012	2.85841e-008	1.90955e-008	2.84476e-012	1.54886e-012	1.93572e-011	3.69096e-011	2.21438e-012	2.73816e-013	3.05533e-014	8.37164e-014	0	0	0	0	0	0	0	0	0	0	0	0	0	0	0	0	0	0	0	0	0	0	0	0	
62	0.059	8	task-0:0.22	|	0.321662	0.199115	0.198752	0.182772	0.220588	0.219523	0.156042	0.154444	0.144602	0.134812	0.120335	0.0993776	0.0704878	0.0345753	0.00788515	0.00186855	0.000121689	1.72714e-006	0.0656896	0.000122183	2.09756e-007	2.09756e-007	7.48292e-008	9.80511e-005	2.19856e-005	4.09365e-008	4.09359e-008	3.04964e-008	2.30198e-007	1.96484e-006	2.89914e-008	1.40233e-008	1.2956e-008	6.18759e-008	3.38874e-007	1.27354e-008	5.29569e-009	4.24929e-009	7.36585e-009	2.13298e-008	9.84226e-008	2.50147e-009	8.3034e-010	5.42248e-010	6.97263e-010	2.161e-009	1.42258e-008	5.45458e-010	2.42145e-010	1.46491e-010	1.14442e-010	1.13102e-010	1.37929e-010	2.0387e-010	3.21827e-012	6.17116e-013	2.31326e-013	0	0	0	0	0	
