62	0.06	8	task-0:0.19	|	0.343619	0.19798	0.197201	0.177189	0.179185	0.175382	0.153667	0.15188	0.14266	0.136134	0.129973	0.123761	0.116231	0.107008	0.097809	0.0886452	0.0805177	0.0755696	0.0712211	0.0612913	0.0490196	0.0365904	0.0244677	0.00672771	0.00039458	0.0043764	1.48614e-005	3.2875e-006	0.085002	0.0625231	4.3762e-005	3.43072e-006	3.42107e-006	1.74056e-006	2.352e-006	3.09162e-005	1.18431e-006	3.87216e-007	6.20825e-007	8.36058e-007	1.56078e-006	1.27691e-007	1.59762e-007	1.8535e-007	2.43402e-007	3.91614e-007	4.24602e-008	1.77681e-008	4.10653e-008	9.81101e-009	4.55683e-009	8.17827e-010	1.47029e-010	1.83401e-011	6.03439e-013	0	0	0	0	0	0	0	
62	0.06	8	task-0:0.19	|	0.342833	0.198297	0.197831	0.182974	0.168017	0.163931	0.16182	0.16097	0.149906	0.144496	0.139103	0.131577	0.123453	0.114143	0.102999	0.0921708	0.0842354	0.0778451	0.0707636	0.0600258	0.0479499	0.0308439	0.00358207	0.000172821	2.36448e-006	1.19515e-008	0.00255908	1.0077e-010	9.40576e-009	1.23681e-011	4.77171e-012	4.27975e-008	1.12942e-009	2.52016e-012	2.52016e-012	3.83055e-012	2.64193e-010	8.82455e-011	3.44124e-012	1.69585e-012	1.49268e-012	1.31245e-012	1.29229e-012	1.48385e-012	3.08228e-012	2.99006e-012	1.68692e-012	1.09923e-012	7.54573e-013	5.1756e-013	3.68005e-013	2.41262e-013	0	0	0	0	0	0	0	0	0	0	
62	0.044	8	task-0:0.19	|	0.303694	0.199278	0.199232	0.183517	0.241157	0.232933	0.154915	0.152411	0.140974	0.133945	0.128737	0.120079	0.109949	0.101313	0.0930282	0.0858155	0.0808169	0.075234	0.0693132	0.0609692	0.0541272	0.0476133	0.0432779	0.0331907	0.0247924	0.0167041	0.0105511	0.0073691	0.00451202	0.0029615	0.00022027	0.0006889	4.73425e-006	2.15218e-005	2.15218e-005	5.64042e-007	3.73478e-005	3.73478e-005	2.27582e-007	1.91558e-007	1.14116e-007	5.84526e-008	5.63275e-008	3.24591e-008	1.34687e-008	6.85779e-009	3.19826e-009	1.35411e-009	5.12153e-010	1.79792e-010	5.75679e-011	1.02639e-011	1.74107e-012	2.22437e-013	0	0	0	0	0	0	0	0	
62	0.045	8	task-0:0.195	|	0.188893	0.199971	0.19997	0.197693	0.19368	0.18977	0.178699	0.176892	0.158789	0.140484	0.128976	0.120375	0.109078	0.0975051	0.0880805	0.0806542	0.0766386	0.0734125	0.0659523	0.0565318	0.04648	0.0364798	0.0268307	0.0179951	0.025002	0.0137623	0.0151033	0.0108717	0.00955203	0.00975617	0.00783996	0.00760012	0.00671453	0.00578013	0.00504643	0.00419212	0.00331856	0.00245721	0.00161973	0.000833304	0.000242075	2.70489e-005	5.73738e-006	1.59896e-007	1.54497e-009	5.22219e-011	9.71755e-014	2.09908e-014	0	0	0	0	0	0	0	0	0	0	0	0	0	0	
62	0.039	8	task-0:0.19	|	0.3474	0.197306	0.195866	0.179473	0.165248	0.161798	0.162273	0.161288	0.152283	0.146711	0.142796	0.136506	0.129318	0.120841	0.110929	0.100029	0.0896983	0.0777077	0.0777233	0.0696409	0.0622883	0.0534888	0.0389925	0.00665706	0.0373703	0.00135306	0.000219077	0.000512678	0.000140352	5.95186e-005	0.0191671	0.000965247	2.57876e-005	2.57876e-005	2.06107e-005	8.65847e-005	0.000961902	0.000121627	5.39569e-005	3.13319e-005	0.000151042	0.000456293	8.41005e-005	5.07399e-005	3.53267e-005	0.000118859	0.000310562	8.3144e-005	5.76339e-005	4.35234e-005	0.000117893	0.000264495	9.17904e-005	6.88135e-005	5.45046e-005	0.000125052	0.000244569	0.000559488	0.000207943	0.000157129	0.000120895	9.64734e-005	
62	0.046	8	task-0:0.19	|	0.229274	0.199697	0.199669	0.191497	0.18993	0.1901	0.171467	0.168984	0.153099	0.144383	0.133414	0.126342	0.120172	0.11105	0.103399	0.0964468	0.0891711	0.0817273	0.0747037	0.0766157	0.0664537	0.0523792	0.041632	0.033419	0.0255708	0.0135708	0.012481	0.00662976	0.00523187	0.00367333	0.00238298	0.00353461	0.00186589	0.00152898	0.00125055	0.000850139	0.000761961	0.000520519	0.000308535	0.000196448	5.70368e-005	2.76032e-005	1.75845e-006	1.41245e-009	0.000114477	0.000112622	4.85504e-006	2.49059e-009	2.49059e-009	2.04067e-009	1.74166e-009	1.12188e-011	1.01768e-012	2.15133e-011	1.55243e-011	7.39137e-013	6.2066e-014	6.2066e-014	1.16295e-013	9.53295e-014	3.16138e-014	0	
62	0.051	8	task-0:0.19	|	0.38241	0.194776	0.191945	0.157407	0.278775	0.273242	0.158833	0.160448	0.160623	0.144021	0.145919	0.143747	0.135733	0.136056	0.133401	0.129774	0.127127	0.123604	0.118969	0.113085	0.105614	0.0987497	0.0902964	0.0807216	0.0508075	0.042	0.034412	0.0293579	0.0229788	0.0158283	0.0116077	0.00868019	0.00893367	0.00407965	0.00276395	0.00185264	0.000798058	0.000361498	0.000379623	9.75423e-005	7.12166e-008	6.11776e-012	8.23273e-007	2.54492e-007	6.87259e-013	2.14828e-011	2.14828e-011	4.53641e-013	1.16393e-013	0	0	0	0	0	0	0	0	0	0	0	0	0	
59	0.045	8	task-0:0.2	|	0.595094	0.182274	0.178083	0.146557	0.14015	0.135315	0.121779	0.110317	0.101808	0.0929275	0.0851055	0.077161	0.0692038	0.0579372	0.0464384	0.0437865	0.031487	0.0177889	0.0026206	2.08638e-005	4.32858e-008	2.39136e-011	7.29866e-012	0	0	0	0	0	0	0	0	0	0	0	0	0	0	0	0	0	0	0	0	0	0	0	0	0	0	0	0	0	0	0	0	0	0	0	0	
61	0.044	8	task-0:0.19	|	0.195572	0.199864	0.19984	0.193716	0.203482	0.203554	0.17106	0.169134	0.151404	0.160708	0.149835	0.136119	0.139267	0.136264	0.131625	0.131186	0.131744	0.132699	0.134623	0.136136	0.137821	0.140157	0.14323	0.14666	0.150064	0.153139	0.155944	0.158952	0.159249	0.159926	0.159878	0.159423	0.15932	0.159131	0.15903	0.158956	0.158731	0.158287	0.158092	0.157933	0.157842	0.157758	0.157809	0.158081	0.158364	0.158641	0.15909	0.159477	0.15975	0.159891	0.159963	0.159993	0.159999	0.160013	0.160013	0.160003	0.16	0.16	0.16	0.16	0.16	
69	0.045	8	task-0:0.2	|	0.375088	0.196725	0.195114	0.168269	0.238848	0.234285	0.154089	0.1705	0.169509	0.153411	0.146961	0.144249	0.139395	0.136879	0.129179	0.120565	0.111916	0.103707	0.0965125	0.0907681	0.080447	0.0734182	0.0626051	0.0556415	0.0508568	0.0448838	0.0396963	0.0327803	0.0264864	0.0204025	0.0142394	0.00838707	0.000833072	3.6052e-005	0.00547907	0.00321671	3.32518e-006	3.06928e-006	2.78015e-006	5.58556e-007	4.56166e-008	5.81866e-009	4.59668e-010	3.6111e-011	9.22588e-013	0	0	0	0	0	0	0	0	0	0	0	0	0	0	0	0	0	0	0	0	0	0	0	0	
61	0.045	8	task-0:0.2	|	0.176088	0.198792	0.198314	0.18633	0.167088	0.167097	0.164663	0.163221	0.151986	0.142865	0.131776	0.114353	0.0831204	0.0539204	0.0374873	0.021873	0.0102608	0.00342711	0.000939655	0.000215837	4.04094e-005	6.29798e-006	0.182358	0.00327546	2.41831e-006	2.41831e-006	1.37185e-006	0.00733653	0.00385282	1.11742e-006	1.04316e-006	1.81828e-006	4.95701e-006	7.30802e-006	1.40876e-005	4.1536e-005	1.21141e-006	1.25151e-006	3.14609e-006	9.85551e-006	3.71735e-005	1.40839e-006	1.11406e-006	1.12434e-006	1.44443e-006	4.28626e-006	3.07852e-005	0.000647145	4.40102e-005	7.42635e-005	5.79814e-006	2.73044e-006	3.25518e-006	8.53441e-006	3.22094e-005	0.000189749	4.5369e-005	5.73715e-005	0.000102548	2.52626e-005	1.65964e-005	
64	0.062	8	task-0:0.1	|	0.157366	0.199768	0.199381	0.182716	0.181024	0.179893	0.155778	0.152972	0.141823	0.125552	0.102659	0.0808635	0.0561112	0.0371609	0.032728	0.0234103	0.0148716	0.00748174	0.00367177	0.000779491	6.3367e-005	1.20713e-005	1.31149e-007	6.27993e-009	1.16578e-011	0	0	0	0	0	0	0	0	0	0	0	0	0	0	0	0	0	0	0	0	0	0	0	0	0	0	0	0	0	0	0	0	0	0	0	0	0	0	0	
62	0.06	8	task-0:0.19	|	0.165698	0.199574	0.19946	0.191403	0.152477	0.152602	0.170042	0.17025	0.154215	0.13975	0.13536	0.127628	0.1222	0.116758	0.107831	0.0986512	0.0887627	0.0782551	0.0672289	0.068709	0.0580142	0.0508765	0.043473	0.0360312	0.0273918	0.0199866	0.0115891	0.00667157	0.0144406	0.0063404	0.00923981	0.00920164	0.00407107	0.00496831	0.00419234	0.00295456	0.00270462	0.00239659	0.00207582	0.00184698	0.00158021	0.00109674	0.000721213	0.000406354	0.00017676	4.89878e-005	0.000110318	2.4517e-005	5.47889e-006	2.7232e-006	4.0331e-006	3.65226e-006	1.20356e-006	2.57659e-007	2.97204e-008	1.89449e-009	9.17325e-010	1.15748e-010	1.04079e-011	3.76003e-012	9.73499e-013	1.48681e-013	
62	0.06	8	task-0:0.19	|	0.702139	0.184832	0.180873	0.164737	0.164956	0.158364	0.157061	0.144874	0.1372	0.130727	0.124579	0.118094	0.109518	0.100085	0.0906054	0.0823747	0.0763368	0.0686267	0.0613144	0.055329	0.0467057	0.0379319	0.0285093	0.0186353	0.0124849	0.0047312	0.000117992	2.89588e-007	1.58308e-010	0.0141748	0.00249959	1.54816e-010	3.89832e-010	3.89832e-010	2.42822e-011	1.80031e-009	1.80031e-009	5.41971e-012	4.82297e-012	2.42841e-012	2.55588e-012	5.5262e-013	2.20347e-013	8.73643e-014	0	0	0	0	0	0	0	0	0	0	0	0	0	0	0	0	0	0	
73	0.072	8	task-0:0.13	|	0.399753	0.197302	0.196588	0.167281	0.260591	0.249612	0.158681	0.161939	0.161494	0.151102	0.156688	0.154975	0.145148	0.142485	0.137451	0.126821	0.11333	0.0995653	0.0857332	0.0723772	0.0575364	0.040387	0.0369817	0.0199364	0.0123873	0.00593418	0.000729591	3.28441e-005	3.21797e-008	1.96463e-010	3.52644e-013	0	0	0	0	0	0	0	0	0	0	0	0	0	0	0	0	0	0	0	0	0	0	0	0	0	0	0	0	0	0	0	0	0	0	0	0	0	0	0	0	0	0	
62	0.06	8	task-0:0.195	|	0.152366	0.199576	0.199419	0.19227	0.155855	0.306702	0.24869	0.163879	0.155077	0.15403	0.14841	0.142024	0.13057	0.112119	0.0904798	0.0716757	0.0563949	0.0386606	0.0193229	0.00702647	0.00189456	0.0537273	0.00115414	0.000211243	0.00610681	9.11916e-005	0.000200637	0.000500582	3.37689e-005	2.80339e-005	0.000101516	0.00115816	4.83622e-005	2.27368e-005	3.31543e-005	8.11182e-005	0.00039177	1.59034e-005	1.37902e-005	1.88985e-005	6.10844e-005	0.00043749	4.16459e-005	4.00941e-005	6.14986e-005	0.000152615	0.000454293	0.00144539	0.000154854	8.23082e-005	7.45696e-005	0.000196505	0.000630718	0.00212822	0.00117388	0.00151939	0.00220339	0.00137936	0.00109733	0.000771122	0.000532267	0.000372073	
73	0.073	8	task-0:0.165	|	0.279283	0.199145	0.198797	0.174071	0.254382	0.251942	0.141275	0.167737	0.167365	0.146347	0.139547	0.137752	0.135959	0.13514	0.131549	0.128371	0.124447	0.119816	0.114331	0.107859	0.100297	0.0916612	0.0841996	0.0749669	0.0646555	0.0536906	0.0431855	0.0402771	0.0320897	0.030752	0.0265711	0.0225694	0.0184085	0.0143737	0.0108313	0.00768035	0.00588937	0.00477788	0.00352381	0.00261995	0.00175547	0.00108973	0.000601674	0.0002865	0.000113326	3.48057e-005	3.47845e-006	1.13345e-006	6.80208e-008	3.32359e-009	3.16853e-009	5.03259e-010	2.62621e-011	6.01763e-012	8.87947e-013	8.45806e-014	0	0	0	0	0	0	0	0	0	0	0	0	0	0	0	0	0	
68	0.068	8	task-0:0.195	|	0.688397	0.194828	0.193936	0.162155	0.270683	0.257612	0.15027	0.166734	0.167007	0.147848	0.140904	0.138578	0.136329	0.135151	0.130124	0.124962	0.119203	0.112965	0.106353	0.0990541	0.0911698	0.0832732	0.0768269	0.0681827	0.0559088	0.0433036	0.0321489	0.0223649	0.0190712	0.0112439	0.00771144	0.0050852	0.0032389	0.00236655	0.0013216	0.000954065	0.000412279	0.00018756	7.50087e-005	2.75206e-005	6.6417e-006	1.37492e-006	2.17501e-007	2.1841e-008	1.49903e-009	2.3236e-011	7.09482e-014	0	0	0	0	0	0	0	0	0	0	0	0	0	0	0	0	0	0	0	0	0	
60	0.09	8	task-0:0.19	|	0.20445	0.199734	0.199624	0.194103	0.163041	0.269741	0.234119	0.158919	0.161198	0.160261	0.143553	0.139295	0.133318	0.123118	0.114247	0.101669	0.0809461	0.0568006	0.0380021	0.0224702	0.01146	0.00113371	0.000196079	0.0995894	0.0884154	0.00137499	0.000231853	0.000231853	0.000120294	0.00183059	0.00146633	0.000142867	8.70485e-005	7.55731e-005	8.3496e-005	9.62879e-005	9.89779e-005	0.000110335	0.000144945	3.01246e-005	1.58232e-005	1.28566e-005	1.51904e-005	1.90058e-005	2.79496e-005	5.50531e-005	4.83699e-006	2.22348e-006	1.59293e-006	1.47376e-006	2.4536e-006	7.13819e-006	2.6985e-005	1.16905e-006	6.29773e-007	5.25059e-007	6.01829e-007	1.40627e-006	1.18502e-005	9.75884e-007	
60	0.059	8	task-0:0.195	|	0.162428	0.644052	0.438398	0.209464	0.163493	0.160762	0.158259	0.148771	0.13143	0.103845	0.0698114	0.0471919	0.0285766	0.0380919	0.0229373	0.0304597	0.0304354	0.0179476	0.020209	0.0184142	0.0152702	0.0146751	0.0134667	0.0124026	0.0111811	0.00968201	0.00814531	0.0066354	0.0051528	0.00376307	0.00253807	0.00142395	0.000654724	0.00029248	9.85805e-005	2.5877e-005	4.56636e-006	5.32469e-007	6.87488e-008	6.81116e-008	6.72955e-009	4.23086e-009	8.29368e-010	4.31136e-010	7.9799e-011	1.98784e-011	4.34783e-012	7.03408e-013	8.05292e-014	8.16726e-014	0	0	0	0	0	0	0	0	0	0	
61	0.057	8	task-0:0.19	|	0.18904	0.19984	0.199802	0.195012	0.163881	0.170781	0.159811	0.152233	0.147756	0.138429	0.127837	0.123298	0.11332	0.10349	0.0949803	0.0858338	0.0769219	0.0693094	0.0624134	0.0572577	0.055226	0.0556681	0.0580789	0.0619913	0.0669143	0.0721413	0.0782825	0.0836807	0.09025	0.0994245	0.111249	0.124683	0.142508	0.15355	0.158065	0.159571	0.159995	0.160004	0.160002	0.160002	0.16	0.16	0.16	0.16	0.16	0.16	0.16	0.16	0.16	0.16	0.16	0.16	0.16	0.16	0.16	0.16	0.16	0.16	0.16	0.16	0.16	
75	0.068	8	task-0:0.12	|	0.240237	0.199461	0.199299	0.19009	0.172747	0.172378	0.167831	0.166453	0.154667	0.150992	0.145855	0.140767	0.13816	0.132547	0.126239	0.119147	0.111276	0.103615	0.096143	0.0796821	0.0256088	0.0201136	0.00366321	0.00222194	0.000432099	0.000462868	0.00012005	0.000462448	5.2387e-005	3.80331e-005	7.16365e-005	0.000575758	1.99639e-005	1.5347e-005	2.31691e-005	8.09634e-005	0.000509703	1.52355e-005	1.18572e-005	1.45787e-005	4.06467e-005	0.000244399	0.00284553	0.000213779	0.000340046	0.00112608	0.000143441	0.000111371	0.00012988	0.000229078	0.000608967	0.00226333	0.00035721	0.00024261	0.000266252	0.000517543	0.00102975	0.00239221	0.00632522	0.000906771	0.00060391	0.00220609	0.00516456	0.0123437	0.00329809	0.00198602	0.00123448	0.000887358	0.00355893	0.00920518	0.0234942	0.00757793	0.00518012	0.00357854	0.00270545	
79	0.066	8	task-0:0.11	|	0.176283	0.199584	0.19916	0.18681	0.184107	0.18141	0.162111	0.159422	0.150185	0.145116	0.137827	0.130969	0.124496	0.115661	0.105985	0.0959158	0.084115	0.0638552	0.0185378	0.0237276	0.0022163	0.000875061	0.000211452	0.000228272	3.25831e-005	1.87887e-005	1.09494e-005	1.76073e-006	2.42506e-006	7.32288e-007	2.73353e-007	3.48858e-006	9.29833e-008	6.26549e-008	4.46759e-008	3.42744e-007	1.11124e-005	4.54032e-008	3.57937e-008	4.04862e-008	1.90349e-007	8.15313e-006	1.47002e-007	2.20058e-007	1.00126e-006	1.38063e-005	7.14118e-007	6.99352e-007	1.2283e-006	3.99161e-006	2.36947e-005	1.33669e-006	7.84237e-007	2.387e-006	7.0518e-006	3.29468e-005	0.000224846	2.5002e-005	1.68518e-005	1.44759e-005	8.18827e-005	0.000343503	0.00173043	0.000341327	0.000260055	0.000226611	0.000311258	0.00174787	0.00612096	0.00224089	0.00210566	0.00227804	0.00542041	0.0104179	0.019673	0.034187	0.052501	0.0712433	0.0890739	
74	0.058	8	task-0:0.15	|	0.471458	0.19246	0.189226	0.165251	0.199875	0.19973	0.165604	0.159946	0.158989	0.156702	0.155699	0.154058	0.151989	0.148112	0.141245	0.127931	0.099781	0.0708242	0.0542626	0.0519716	0.0375212	0.021834	0.0149463	0.00914812	0.00577933	0.00284838	0.00125153	0.000536339	0.00023708	0.000103476	9.1484e-005	2.83209e-005	1.63396e-005	9.8338e-006	5.33449e-006	2.88443e-006	1.96695e-006	1.00979e-006	5.59708e-007	4.32184e-007	5.26407e-007	1.55743e-007	1.10205e-007	7.54225e-008	4.7208e-008	2.60144e-008	1.23334e-008	5.30283e-009	4.08394e-009	9.74219e-009	6.4212e-010	4.29223e-010	2.23796e-010	1.26843e-009	1.04979e-010	6.02248e-011	3.53029e-011	2.0624e-011	1.90623e-011	9.49561e-011	4.77495e-012	3.0654e-012	2.65209e-012	6.84666e-012	4.17568e-011	2.31098e-012	1.85657e-012	2.48294e-012	7.30151e-012	4.79509e-011	4.69851e-012	4.12375e-012	5.70823e-012	1.37226e-011	
59	0.056	8	task-0:0.195	|	0.221694	0.199592	0.199488	0.19219	0.159119	0.214715	0.166362	0.144104	0.146702	0.134304	0.116326	0.0974801	0.0702239	0.0484494	0.0337935	0.0252624	0.0135963	0.00703239	0.00254972	0.00119785	0.00034453	0.0275539	0.00030306	0.000109102	0.000266015	0.000489267	8.78231e-005	8.07061e-005	7.73284e-005	0.000147211	0.000448049	0.00196186	9.34551e-005	5.98423e-005	6.79659e-005	0.00021196	0.00140124	0.000102797	8.57036e-005	0.000108075	0.000261081	0.00168739	0.000264218	0.000357523	0.000841557	0.00325341	0.00093371	0.00108729	0.0017241	0.00367479	0.00121151	0.000996778	0.000967032	0.00112679	0.00160092	0.00278479	0.000589571	0.000288703	0.00016833	
66	0.064	8	task-0:0.11	|	0.157836	0.592594	0.161095	0.180952	0.180481	0.139642	0.137626	0.130252	0.0945984	0.107411	0.0834642	0.053363	0.0476134	0.0370795	0.0273123	0.020637	0.0160768	0.0100698	0.0070037	0.00466124	0.00293127	0.00191156	0.00145124	0.000620257	5.00262e-005	2.59769e-005	1.41728e-005	6.03857e-006	2.162e-006	8.17629e-007	7.69994e-007	1.83436e-007	1.88478e-007	1.65813e-007	2.24552e-007	1.9204e-006	7.5305e-008	7.58294e-008	2.55347e-007	4.49109e-006	2.33761e-007	2.66618e-007	5.90354e-007	2.51209e-006	2.08256e-005	1.67515e-006	1.29293e-006	1.42768e-006	2.33635e-006	5.49163e-006	1.81949e-005	7.86344e-005	0.000420602	0.00227254	0.00886898	0.0025446	0.00389659	0.0188413	0.0503093	0.0375386	0.0119449	0.00214236	0.00182214	0.00175985	0.00287865	0.00487948	
70	0.053	8	task-0:0.195	|	0.31209	0.199499	0.199426	0.180673	0.332942	0.328584	0.161763	0.182027	0.181909	0.161704	0.161231	0.15819	0.150203	0.14895	0.14439	0.14068	0.136952	0.132954	0.128199	0.122142	0.114863	0.106529	0.0975997	0.0886038	0.0797976	0.0712745	0.0637794	0.0553349	0.052552	0.0461717	0.0409603	0.0358205	0.0298445	0.0237184	0.0175902	0.0124225	0.00885288	0.00457308	0.00129256	0.00537048	0.00450992	0.000500232	0.000425268	0.000536732	0.000401632	0.000119819	7.21146e-005	2.84377e-005	9.34222e-006	2.3942e-006	4.38858e-007	6.80252e-007	8.25176e-008	2.07514e-008	1.39331e-008	7.09495e-009	1.06209e-009	2.01507e-010	1.53045e-010	2.49163e-011	5.25631e-012	2.53281e-012	4.74296e-013	2.99413e-014	1.94412e-014	0	0	0	0	0	
67	0.057	8	task-0:0.155	|	0.150667	0.198027	0.185863	0.746564	0.746564	0.15324	0.192382	0.192382	0.155095	0.212605	0.212605	0.117502	0.129364	0.112897	0.0879903	0.0787126	0.0680481	0.0631253	0.0557305	0.0454888	0.038533	0.0323677	0.0270832	0.0219997	0.0169084	0.0118579	0.007286	0.00429159	0.00271934	0.00232921	0.00288705	0.0019558	0.00183722	0.00162774	0.00148044	0.00129643	0.00111067	0.00108276	0.000879983	0.000759193	0.000658859	0.000587392	0.000470572	0.000381525	0.000300011	0.000227461	0.00016591	0.000117816	8.55428e-005	5.24253e-005	3.41945e-005	2.1926e-005	1.39096e-005	9.04756e-006	6.49937e-006	5.46963e-006	3.42965e-006	2.36003e-006	2.3315e-006	2.12256e-006	1.60635e-006	1.85805e-006	1.27932e-006	1.01849e-006	7.74247e-007	5.72453e-007	4.34517e-007	
65	0.041	8	task-0:0.19	|	0.361645	0.193705	0.191019	0.167166	0.198849	0.19381	0.155891	0.16717	0.166064	0.153386	0.144288	0.141363	0.132826	0.12781	0.121501	0.110926	0.100133	0.0909093	0.0855926	0.0736389	0.0614772	0.0484739	0.0464285	0.0293096	0.0185609	0.00980558	0.000437305	1.31523e-006	1.08071e-010	0	0	0	0	0	0	0	0	0	0	0	0	0	0	0	0	0	0	0	0	0	0	0	0	0	0	0	0	0	0	0	0	0	0	0	0	
64	0.05	8	task-0:0.19	|	0.170682	0.198562	0.19738	0.185975	0.158548	0.20907	0.175992	0.150724	0.152304	0.145279	0.14006	0.135902	0.129374	0.121632	0.111555	0.100642	0.0904991	0.0818134	0.0747019	0.0686099	0.0541228	0.0313419	0.0194354	0.00618559	0.00320691	0.00155783	0.000641681	0.000277408	9.45419e-005	2.96076e-005	1.20122e-005	3.2279e-005	5.34594e-006	6.03615e-006	3.47135e-006	2.28585e-006	1.2102e-006	5.10712e-007	2.08298e-007	7.73071e-008	5.008e-008	2.71072e-008	9.88309e-009	5.97992e-009	3.05445e-009	1.76713e-009	9.57396e-010	3.66707e-010	1.1275e-010	2.65137e-011	4.48984e-012	5.20266e-013	4.20286e-014	0	0	0	0	0	0	0	0	0	0	0	
64	0.048	8	task-0:0.19	|	0.234242	0.199215	0.198987	0.187084	0.172958	0.172998	0.16775	0.166165	0.155447	0.155137	0.149285	0.143248	0.143165	0.140423	0.137266	0.135235	0.133292	0.131008	0.128618	0.126301	0.124516	0.123003	0.121892	0.121093	0.120412	0.119695	0.12669	0.122064	0.112098	0.0756225	0.0522828	0.11665	0.107432	0.132369	0.149724	0.158637	0.159541	0.160277	0.160117	0.160098	0.160021	0.160034	0.160002	0.160014	0.16	0.160044	0.160044	0.160011	0.160001	0.160001	0.160001	0.160001	0.16	0.160001	0.160001	0.16	0.16	0.16	0.16	0.16	0.16	0.16	0.16	0.16	
62	0.051	8	task-0:0.19	|	0.272161	0.197279	0.195879	0.17343	0.171673	0.169228	0.153379	0.152131	0.147973	0.145148	0.138985	0.133126	0.127283	0.121146	0.112515	0.103036	0.0914294	0.0735173	0.0358284	0.058995	0.0159275	0.025828	0.00611205	0.00562363	0.00340373	0.000255349	0.000186284	3.79539e-005	7.79605e-006	1.68252e-006	1.70473e-007	2.08142e-008	1.18983e-009	4.33227e-011	1.34587e-012	0	0	0	0	0	0	0	0	0	0	0	0	0	0	0	0	0	0	0	0	0	0	0	0	0	0	0	
65	0.061	8	task-0:0.19	|	0.477732	0.194415	0.190222	0.163673	0.2306	0.224105	0.157604	0.165231	0.165139	0.152864	0.147855	0.144506	0.139134	0.134604	0.126105	0.115753	0.103829	0.0929316	0.0862324	0.0771385	0.0693964	0.0629799	0.0531094	0.0490774	0.0382493	0.0313215	0.0304371	0.0211199	0.0161098	0.0115091	0.00711635	0.00435499	0.000626228	2.3275e-005	7.01302e-008	3.0809e-006	3.8571e-011	3.6072e-013	0	0	0	0	0	0	0	0	0	0	0	0	0	0	0	0	0	0	0	0	0	0	0	0	0	0	0	
67	0.063	8	task-0:0.195	|	0.462137	0.1933	0.189613	0.171521	0.157974	0.156556	0.158777	0.158227	0.152714	0.14991	0.147845	0.145335	0.142002	0.137197	0.13132	0.124425	0.116931	0.109551	0.103064	0.098477	0.0885115	0.0733326	0.06405	0.0585821	0.0509138	0.0340148	0.0220395	0.0131411	0.0112381	0.00167925	0.000713753	5.93522e-005	1.20112e-005	2.60844e-007	3.74669e-008	1.959e-010	4.61964e-012	0	0	0	0	0	0	0	0	0	0	0	0	0	0	0	0	0	0	0	0	0	0	0	0	0	0	0	0	0	0	
62	0.042	8	task-0:0.195	|	0.223186	0.199552	0.199461	0.187247	0.216563	0.216647	0.159579	0.156445	0.143702	0.136059	0.128391	0.118771	0.107445	0.0969729	0.087375	0.0804482	0.0774855	0.0741606	0.0678877	0.0644923	0.0596822	0.0547201	0.0493297	0.0428847	0.0357853	0.0271827	0.00758637	0.000307809	0.00103553	1.19376e-005	4.14492e-006	0.0146459	0.00630506	8.61926e-006	1.66108e-006	1.21516e-006	2.20645e-006	8.82974e-005	3.22647e-005	1.28186e-006	8.15548e-007	8.52695e-007	1.14645e-006	2.43508e-006	3.24388e-006	2.74091e-006	2.45496e-006	2.46632e-006	2.79936e-006	3.51541e-006	4.49416e-006	6.23576e-006	1.00143e-005	1.85765e-005	4.57822e-006	7.73398e-006	1.65888e-005	3.90544e-005	1.2147e-005	8.72036e-006	6.71503e-006	5.11066e-006	
92	0.09	8	task-0:0.13	|	0.236789	0.199765	0.199714	0.189138	0.213351	0.211961	0.160115	0.157304	0.142631	0.129901	0.121801	0.113328	0.104322	0.0947874	0.0853682	0.0745711	0.0610214	0.0402875	0.00937866	0.00280028	0.00160096	0.000220927	0.00127674	0.000951989	4.86709e-005	5.25171e-005	2.48963e-005	9.9703e-006	1.85042e-005	7.31261e-006	2.24073e-006	1.26955e-006	6.03368e-007	2.54709e-007	9.6851e-008	3.84982e-008	9.82218e-009	2.54138e-009	4.26679e-010	7.29565e-011	8.57086e-012	7.47542e-013	0	0	0	0	0	0	0	0	0	0	0	0	0	0	0	0	0	0	0	0	0	0	0	0	0	0	0	0	0	0	0	0	0	0	0	0	0	0	0	0	0	0	0	0	0	0	0	0	0	0	
65	0.063	8	task-0:0.19	|	0.496111	0.193168	0.189644	0.161106	0.224157	0.216982	0.152962	0.160741	0.159697	0.145302	0.136546	0.131651	0.126348	0.120312	0.111778	0.101314	0.0915125	0.0839929	0.0752536	0.0657786	0.0551765	0.0443887	0.0380128	0.0252973	0.0161117	0.00583948	0.00140347	8.70514e-006	3.08274e-008	0.000237692	2.3981e-005	1.00255e-009	9.68978e-010	1.80916e-010	5.40596e-011	5.32707e-012	6.82208e-013	3.67492e-014	9.62475e-012	5.33425e-013	0	0	0	0	0	0	0	0	0	0	0	0	0	0	0	0	0	0	0	0	0	0	0	0	0	
62	0.06	8	task-0:0.2	|	0.609796	0.186907	0.183989	0.149309	0.148403	0.156255	0.15348	0.13903	0.129945	0.124113	0.116735	0.107958	0.0974836	0.0860503	0.0747392	0.0634175	0.0523314	0.0424671	0.0344774	0.0230442	0.0142141	0.0205724	0.0103395	0.0097459	0.00594244	0.00816343	0.00786477	0.004762	0.00382503	0.00310326	0.0029197	0.00269165	0.00200328	0.00130361	0.000746018	0.000348226	0.000177805	9.47854e-005	2.982e-005	7.4663e-006	4.78392e-006	1.22085e-006	1.41609e-007	8.02549e-009	3.71091e-010	4.06757e-010	2.58417e-011	1.59121e-012	3.86053e-013	2.68762e-014	0	0	0	0	0	0	0	0	0	0	0	0	
65	0.053	8	task-0:0.19	|	0.491881	0.194194	0.190521	0.15833	0.283865	0.274449	0.159942	0.1619	0.161897	0.145514	0.147782	0.143872	0.132648	0.128662	0.120982	0.111489	0.101187	0.090969	0.0833705	0.0793769	0.0745227	0.0663042	0.0533519	0.0419907	0.0334041	0.0241128	0.0177658	0.0125121	0.00829132	0.00506381	0.00276783	0.00171666	0.000694571	4.55013e-005	1.06039e-007	4.04625e-011	2.76629e-011	1.5354e-011	2.07747e-013	2.07747e-013	0	0	0	0	0	0	0	0	0	0	0	0	0	0	0	0	0	0	0	0	0	0	0	0	0	
60	0.045	8	task-0:0.2	|	0.508655	0.181237	0.174747	0.145662	0.137764	0.137561	0.131153	0.118257	0.10832	0.09967	0.0924987	0.085738	0.078378	0.0713234	0.0647377	0.0590259	0.0525558	0.0471528	0.0402246	0.0297981	0.0185396	0.00739353	0.00626325	0.00210683	0.000668355	0.00028535	0.000305452	0.000106456	1.31315e-005	2.96893e-006	6.83861e-007	1.26439e-007	1.24202e-008	6.50723e-010	2.13779e-011	5.19095e-013	0	0	0	0	0	0	0	0	0	0	0	0	0	0	0	0	0	0	0	0	0	0	0	0	
62	0.056	8	task-0:0.195	|	0.167755	0.199343	0.196913	0.160035	0.159739	0.175937	0.175916	0.151769	0.163267	0.15717	0.132877	0.121389	0.108332	0.0963858	0.0891234	0.0859645	0.0769617	0.0660183	0.0594052	0.0513897	0.043126	0.0364452	0.0313219	0.0271119	0.0246799	0.0244398	0.0274777	0.0352732	0.0489182	0.0655727	0.0799523	0.0889101	0.0906854	0.0868632	0.081032	0.0738276	0.0701952	0.0664738	0.0605154	0.0532651	0.0487227	0.0452252	0.0419286	0.0379448	0.0340184	0.0311059	0.0290942	0.027499	0.0248177	0.0225395	0.0204789	0.0189608	0.0173838	0.0157176	0.0139047	0.0120018	0.0100269	0.0080663	0.0061846	0.00446026	0.00297348	0.0017882	
66	0.062	8	task-0:0.2	|	0.162218	0.199921	0.199903	0.197088	0.161235	0.379404	0.349682	0.199255	0.151745	0.149962	0.147121	0.143309	0.13546	0.128709	0.119304	0.106087	0.0859611	0.0687152	0.0544852	0.0389036	0.0291792	0.0243898	0.0170924	0.0121363	0.00731915	0.00364256	0.00134188	0.000409131	0.000280302	0.000368199	7.08575e-005	0.000108544	3.09044e-005	3.83119e-005	1.83888e-005	1.86761e-005	1.83281e-005	1.1507e-005	1.16516e-005	9.56839e-006	7.88169e-006	6.42967e-006	5.20831e-006	4.0114e-006	2.90997e-006	1.98782e-006	1.26228e-006	7.33483e-007	3.82639e-007	1.70381e-007	6.69873e-008	2.16366e-008	5.49339e-009	1.04486e-009	1.41479e-010	1.8045e-011	8.86833e-013	0	0	0	0	0	0	0	0	0	
59	0.051	8	task-0:0.19	|	0.151755	0.197649	0.186758	0.249442	0.249426	0.130402	0.130289	0.109976	0.100796	0.0929325	0.0797036	0.0639154	0.0633105	0.0539613	0.0554015	0.0515736	0.0468989	0.0457017	0.042198	0.0385424	0.0345513	0.0299941	0.025372	0.0211386	0.0184717	0.0162693	0.0154432	0.0155279	0.0138056	0.0130786	0.0128609	0.0129134	0.0131544	0.0125397	0.0123028	0.0121339	0.0115823	0.0104925	0.00922113	0.00817416	0.007198	0.0060492	0.00484166	0.00369069	0.00265199	0.00177466	0.00109211	0.000632973	0.000344559	0.000171821	8.02445e-005	4.27079e-005	1.85541e-005	1.42303e-005	6.07946e-006	3.73928e-006	2.3275e-006	1.34862e-006	1.4845e-006	
62	0.047	8	task-0:0.195	|	0.518588	0.197269	0.196713	0.175323	0.175494	0.170032	0.150941	0.149295	0.140257	0.133984	0.128146	0.122706	0.115874	0.108035	0.100175	0.0918113	0.0825304	0.0720936	0.0570482	0.0264878	0.0727087	0.0166153	0.00424393	0.00217428	0.0899684	0.0821789	0.00710235	0.00206985	0.00207446	0.00195405	0.0122205	0.0210186	0.00647869	0.00329359	0.00440869	0.00544235	0.00769594	0.0105847	0.0140201	0.0177823	0.0207806	0.0220082	0.0215799	0.0207524	0.0213637	0.0212461	0.0215893	0.0217315	0.0211095	0.0203779	0.0195489	0.017843	0.0163265	0.0147598	0.0131716	0.0116514	0.010303	0.00891881	0.00761575	0.00597022	0.00455664	0.0033009	
62	0.049	8	task-0:0.195	|	0.32266	0.199057	0.198923	0.183982	0.22455	0.210549	0.154953	0.152413	0.137997	0.128979	0.121439	0.112066	0.101439	0.0911249	0.080911	0.0716162	0.0647744	0.0581219	0.0489289	0.039709	0.0316471	0.0254728	0.018224	0.0119418	0.00973669	0.00564083	0.00360515	0.0022504	0.00145494	0.000719737	0.000241205	0.000121302	2.75002e-006	1.23058e-007	3.42177e-010	1.08753e-011	0	0	0	0	0	0	0	0	0	0	0	0	0	0	0	0	0	0	0	0	0	0	0	0	0	0	
70	0.067	8	task-0:0.195	|	0.272206	0.199202	0.199101	0.181196	0.260247	0.25967	0.155061	0.179261	0.179157	0.160466	0.149704	0.147438	0.146874	0.144896	0.139083	0.134437	0.129681	0.124535	0.119006	0.112737	0.105851	0.0988543	0.0919789	0.0840644	0.0751793	0.0653104	0.0546543	0.0425731	0.0370854	0.0266852	0.0198717	0.0175391	0.0102694	0.00314136	0.00751304	0.000909504	0.000215613	0.000129367	7.70521e-005	1.90952e-005	2.75432e-006	0.0013202	1.69611e-005	8.98189e-007	8.98189e-007	5.36101e-007	1.43931e-006	2.00917e-005	1.47361e-006	1.94276e-007	1.57094e-007	1.13916e-007	1.23049e-007	1.03545e-006	4.91988e-007	8.13515e-008	6.63014e-008	6.28845e-008	6.55337e-008	8.77255e-008	9.62738e-008	9.76506e-008	1.08756e-007	4.32587e-008	2.63944e-008	1.61434e-008	9.73287e-009	5.79246e-009	3.44979e-009	2.03935e-009	
91	0.087	8	task-0:0.135	|	0.371868	0.196926	0.196027	0.170158	0.184059	0.177405	0.143876	0.145255	0.133737	0.126037	0.11919	0.111821	0.103637	0.0936258	0.0838965	0.0756534	0.065125	0.053307	0.0405852	0.0344571	0.0290597	0.0234475	0.0182426	0.00954195	0.00161333	0.000124985	0.00224641	0.000952734	1.59478e-005	1.58351e-005	5.552e-006	7.88041e-006	1.64489e-006	2.12055e-007	4.55297e-008	7.00814e-009	1.06107e-009	1.83491e-010	4.24026e-012	1.38266e-013	9.34695e-013	0	0	0	0	0	0	0	0	0	0	0	0	0	0	0	0	0	0	0	0	0	0	0	0	0	0	0	0	0	0	0	0	0	0	0	0	0	0	0	0	0	0	0	0	0	0	0	0	0	0	
62	0.061	8	task-0:0.19	|	0.301539	0.199586	0.199428	0.18532	0.227429	0.224232	0.147896	0.144869	0.136845	0.130302	0.124342	0.118789	0.109893	0.100344	0.0908378	0.0823057	0.0765445	0.0696703	0.0635954	0.0567329	0.0517104	0.042921	0.0358275	0.0298082	0.0163613	0.00285335	0.000186763	6.04135e-006	0.000936992	0.000131775	7.55534e-007	7.84316e-007	2.79045e-007	4.00052e-007	1.32276e-007	1.6055e-008	4.29499e-009	1.08902e-009	4.58858e-010	6.67433e-011	3.44736e-012	1.3228e-013	0	0	0	0	0	0	0	0	0	0	0	0	0	0	0	0	0	0	0	0	
74	0.068	8	task-0:0.105	|	0.175381	0.199894	0.199874	0.194396	0.180998	0.178521	0.168745	0.166716	0.148837	0.138504	0.131701	0.126227	0.121084	0.113981	0.108019	0.101934	0.0931936	0.0727974	0.0225926	0.0105192	0.00292874	0.00142673	0.000257302	0.000178695	4.42711e-005	2.73389e-005	2.95954e-005	0.000101588	2.36866e-006	1.36811e-006	2.0875e-006	5.70737e-005	4.30215e-007	2.97203e-007	6.59467e-007	3.46485e-006	4.32799e-005	3.80347e-007	2.98475e-007	3.51578e-007	1.4552e-006	3.89703e-005	1.24125e-006	1.85667e-006	7.2833e-006	7.27688e-005	6.11065e-006	6.42489e-006	1.1254e-005	3.32565e-005	0.000160079	1.59012e-005	1.03039e-005	1.36696e-005	2.187e-005	4.47773e-005	0.000121951	0.000436161	0.00184754	0.000110742	0.000419844	0.000800948	0.00177909	0.00434953	0.000664548	0.000471845	0.00171565	0.00394087	0.00904331	0.00256099	0.00158115	0.00101688	0.000771853	0.00333641	
59	0.057	8	task-0:0.195	|	0.522666	0.186496	0.179793	0.154192	0.151404	0.151476	0.146609	0.135171	0.12475	0.110675	0.0955269	0.073975	0.0325948	0.0563288	0.0109427	0.0178532	0.00553184	0.00881075	0.0061744	0.00327531	0.00200449	0.00117953	0.000579658	0.000233004	7.63024e-005	0.085845	0.00223581	2.89722e-005	2.89722e-005	1.80234e-005	0.00295556	0.00193971	2.26171e-005	1.68705e-005	3.01868e-005	0.000129542	0.000178528	0.000143317	0.000124568	0.000120248	0.000137463	0.000222256	0.000474797	0.00120773	0.000104336	0.00020356	0.000300458	0.000518337	0.000985083	0.00203242	0.00132448	0.00153455	0.00218781	0.00113565	0.000332233	0.000234191	0.000300637	0.000390265	0.000245934	
68	0.059	8	task-0:0.155	|	0.162427	0.19935	0.197489	0.127416	0.127424	0.17327	0.173269	0.133902	0.132548	0.128279	0.112212	0.112808	0.104846	0.0987986	0.0932708	0.0870287	0.0794332	0.0702197	0.0604225	0.0500884	0.0410371	0.0303805	0.0182809	0.00793878	0.00387237	0.00541026	0.00257116	0.0025176	0.0022529	0.00177295	0.00132275	0.000836903	0.000481418	0.000240032	0.000104155	4.05911e-005	1.89991e-005	9.55406e-006	2.76893e-006	1.01143e-006	2.4582e-007	5.19872e-008	7.8783e-009	7.87576e-010	5.01596e-011	1.74006e-012	3.71267e-014	8.22198e-014	0	0	0	0	0	0	0	0	0	0	0	0	0	0	0	0	0	0	0	0	
61	0.045	8	task-0:0.185	|	0.244561	0.198768	0.19835	0.186784	0.16005	0.1613	0.152635	0.144554	0.129659	0.11593	0.0994603	0.083395	0.0671316	0.0512767	0.0354897	0.0212038	0.0108424	0.0224956	0.00684317	0.0167597	0.0167597	0.00562472	0.00839674	0.00839674	0.00512975	0.00511705	0.00478162	0.00424733	0.00378721	0.00331519	0.00281947	0.0023143	0.00181845	0.00135403	0.000943759	0.000606797	0.000353881	0.000183789	7.8027e-005	2.805e-005	8.08124e-006	1.799e-006	3.15798e-007	4.18848e-008	2.90118e-009	1.12475e-010	2.76821e-012	0.000458733	3.82815e-011	8.06709e-013	8.06709e-013	7.65583e-014	1.61074e-009	1.61074e-009	2.68192e-014	2.68192e-014	5.54483e-012	5.54483e-012	3.04397e-013	2.8157e-014	2.8157e-014	
61	0.052	8	task-0:0.195	|	0.196428	0.19958	0.199409	0.191185	0.157924	0.158254	0.163553	0.161108	0.145465	0.135137	0.123608	0.1089	0.0918814	0.0712151	0.0526933	0.0586326	0.0367121	0.0266516	0.0211544	0.0183794	0.013917	0.0113382	0.00849486	0.00599139	0.00385566	0.00221113	0.00109864	0.000456832	0.000151829	3.77911e-005	6.44378e-006	6.82281e-007	4.26934e-008	2.69267e-006	6.39359e-010	9.05512e-011	1.16096e-011	8.60454e-013	3.22413e-010	5.0274e-013	3.37337e-013	3.37337e-013	9.54064e-014	1.89352e-012	1.89352e-012	7.588e-014	7.09024e-014	5.89675e-014	3.82722e-014	1.14992e-013	1.14992e-013	4.95688e-014	3.43528e-014	3.21482e-014	2.75897e-014	5.31938e-014	5.32762e-014	2.51768e-014	2.51689e-014	4.72775e-014	4.7401e-014	
65	0.052	8	task-0:0.19	|	0.347922	0.197959	0.196775	0.17493	0.180121	0.175825	0.150582	0.149561	0.144474	0.141187	0.137136	0.133644	0.128009	0.119927	0.111522	0.103322	0.0959699	0.090599	0.0820791	0.0747064	0.074987	0.0629178	0.0574261	0.0543022	0.0450448	0.0438039	0.0353767	0.0291585	0.0278252	0.0232965	0.0208716	0.0188832	0.0154081	0.0118378	0.00901675	0.00650427	0.0043233	0.00268187	0.00154336	0.00063429	0.000232728	6.68459e-005	9.44156e-006	4.7425e-005	4.93569e-006	7.94538e-007	8.88707e-008	1.13315e-009	5.32762e-005	5.28321e-005	2.43289e-006	1.91305e-009	1.91305e-009	1.55099e-009	7.66781e-008	2.07377e-009	1.0014e-010	4.95064e-011	2.95618e-011	3.52585e-009	2.48503e-009	9.9167e-011	1.13025e-011	8.65935e-012	8.1375e-012	
65	0.042	8	task-0:0.195	|	0.16187	0.199708	0.199687	0.195293	0.161331	0.281506	0.255377	0.181019	0.154134	0.157567	0.149392	0.140667	0.135977	0.131528	0.124995	0.116237	0.107455	0.0995347	0.0930007	0.0816253	0.0688817	0.0543775	0.0382846	0.0267914	0.00888089	0.000647273	0.000731861	7.56397e-005	0.000240224	0.00154578	0.000197229	0.00974808	0.00689047	0.000225782	0.000235924	0.000219188	7.08642e-005	0.000233319	0.000197234	6.43865e-005	3.25091e-005	2.28267e-005	1.78005e-005	1.46647e-005	7.84604e-006	3.02002e-006	9.49176e-007	2.33603e-007	5.55652e-008	1.17168e-008	2.34933e-009	4.67978e-010	7.42481e-011	2.88448e-011	4.02203e-012	4.2631e-013	4.81733e-014	0	0	0	0	0	0	0	0	
61	0.046	8	task-0:0.175	|	0.41267	0.198636	0.198435	0.187806	0.160065	0.157546	0.158147	0.145999	0.113515	0.0965855	0.078068	0.0621018	0.0471523	0.0401068	0.0313809	0.0279899	0.0238012	0.0190628	0.014811	0.01092	0.00763312	0.00464363	0.00269525	0.00326981	0.00131328	0.000921851	0.00073344	0.000756051	0.000874967	0.00120458	0.00243526	0.00029572	0.0002625	0.000299922	0.000664241	0.00194429	0.00733225	0.000833888	0.000518937	0.000500522	0.000775963	0.0024889	0.0128632	0.00252461	0.00262938	0.00377776	0.00729352	0.000948312	0.000406115	0.000905269	0.00150246	0.00324276	0.0085515	0.00150329	0.000762676	0.000470375	0.00184919	0.0048872	0.0140981	0.00339001	0.00204193	
63	0.05	8	task-0:0.2	|	0.178881	0.19992	0.199905	0.193608	0.214957	0.212398	0.159435	0.15456	0.141693	0.132914	0.123496	0.114961	0.102992	0.0902956	0.0794374	0.0707272	0.0632816	0.0550376	0.0392425	0.017407	0.00265635	0.00268966	0.0002215	6.18998e-005	0.000170297	2.27844e-005	8.71983e-006	4.44207e-006	1.7415e-006	3.06577e-006	3.03835e-006	1.04297e-006	5.28784e-007	3.50389e-007	3.71395e-007	6.75683e-007	4.84052e-008	2.8039e-007	8.9159e-007	1.17616e-007	4.51841e-008	4.72622e-008	8.37831e-008	7.10706e-008	5.18604e-008	6.24579e-008	2.18913e-007	3.39555e-006	4.50789e-008	3.10208e-008	1.46381e-007	1.24329e-006	6.61781e-008	5.10728e-008	1.33354e-007	4.79279e-007	3.16673e-006	3.87706e-007	3.9725e-007	5.22411e-007	1.05813e-006	3.14567e-006	3.53765e-007	
62	0.057	8	task-0:0.19	|	0.268217	0.196666	0.194192	0.17233	0.166398	0.162853	0.153331	0.152193	0.145757	0.141348	0.135583	0.128607	0.120444	0.111055	0.100647	0.0896964	0.080146	0.0722792	0.068272	0.0562306	0.0488715	0.0400789	0.0297111	0.00726031	0.00447776	0.00064658	8.90838e-005	0.00147309	0.000519298	2.06945e-005	1.93899e-005	9.85372e-006	1.09577e-005	1.12644e-005	5.11571e-006	2.07078e-006	8.23187e-007	3.2897e-007	3.51236e-008	7.4587e-008	7.93114e-009	6.61154e-009	4.34561e-009	7.24141e-010	6.59656e-011	1.86964e-011	5.21787e-012	8.54214e-013	9.36651e-014	0	0	0	0	0	0	0	0	0	0	0	0	0	
62	0.059	8	task-0:0.19	|	0.259588	0.199551	0.199402	0.190713	0.17132	0.171486	0.172836	0.171543	0.158308	0.147645	0.139679	0.131965	0.127236	0.119492	0.110946	0.104084	0.097396	0.0939567	0.0881498	0.0811718	0.0728742	0.0632399	0.0526247	0.0414541	0.0304968	0.0207554	0.0131271	0.0092298	0.00213877	0.00140423	0.000510573	0.000326732	0.000182169	0.000124831	0.000130552	3.78699e-005	1.85946e-005	1.29403e-005	1.98519e-006	3.81125e-010	0	0	0	0	0	0	0	0	0	0	0	0	0	0	0	0	0	0	0	0	0	0	
62	0.06	8	task-0:0.195	|	0.445736	0.197891	0.196454	0.170569	0.225166	0.212063	0.144312	0.151864	0.139431	0.123357	0.116241	0.107249	0.0995869	0.0897888	0.0784733	0.0676244	0.0581003	0.0557252	0.0448828	0.0383702	0.0296157	0.0225219	0.0184098	0.0157337	0.0115503	0.0111901	0.00705235	0.00261746	0.00144925	0.00728292	0.00613922	0.00148013	0.000574871	0.000444583	0.000324781	0.000553391	0.000416796	0.000132236	4.59851e-005	2.81331e-005	1.28266e-005	5.4913e-006	1.15584e-006	1.38498e-007	7.56268e-008	1.27947e-008	1.11883e-009	5.72992e-011	1.80018e-012	9.9179e-013	4.82893e-014	0	0	0	0	0	0	0	0	0	0	0	
