64	0.037	8	task-0:0.235	|	0.268362	0.572163	0.478438	0.262019	0.221818	0.261183	0.254773	0.196524	0.171136	0.156036	0.144004	0.141333	0.113268	0.0714442	0.042466	0.0261187	0.0107352	0.00225496	0.000163922	2.89261e-006	9.65508e-009	2.72625e-011	1.61169e-012	3.38578e-013	0	0	0	0	0	0	0	0	0	0	0	0	0	0	0	0	0	0	0	0	0	0	0	0	0	0	0	0	0	0	0	0	0	0	0	0	0	0	0	0	
84	0.048	8	task-0:0.13	|	0.506356	0.386953	0.384324	0.309413	0.262966	0.263937	0.254696	0.250748	0.232035	0.236842	0.232963	0.222793	0.227898	0.224019	0.216553	0.213011	0.2082	0.201979	0.193924	0.184128	0.16714	0.143517	0.123825	0.109884	0.0953487	0.0814204	0.0683537	0.0566921	0.047712	0.0409196	0.0354211	0.0288718	0.0243816	0.0209321	0.0183416	0.6	0.6	0.0342797	0.0342797	1.13515e-005	1.13515e-005	0.0179561	0.0179561	0.00317219	0.000123151	0.000123151	8.20759e-005	8.35316e-005	4.63597e-006	3.63824e-006	1.26565e-005	1.05829e-005	3.21402e-006	7.50155e-007	3.21789e-007	2.16841e-007	7.77088e-008	1.90954e-008	5.53344e-009	9.30064e-010	1.0319e-010	8.96196e-012	3.6608e-013	0	0	0	0	0	0	0	0	0	0	0	0	0	0	0	0	0	0	0	0	0	
68	0.042	8	task-0:0.135	|	0.263025	0.553708	0.504795	0.371655	0.281346	0.220853	0.217723	0.184182	0.161956	0.127017	0.100971	0.0849836	0.0597926	0.037901	0.0194561	0.00593064	0.00476982	0.000196577	0.000833625	1.09157e-005	0.000181905	0.000181905	1.75812e-005	2.40603e-005	2.40603e-005	5.77593e-006	8.08134e-006	5.73077e-006	3.13268e-006	1.68016e-006	9.33572e-007	4.78494e-007	2.1964e-007	8.28053e-008	2.48703e-008	6.58351e-009	1.32484e-009	2.59067e-010	4.7953e-011	7.36906e-012	1.31536e-011	1.26813e-012	3.91038e-012	3.91038e-012	1.41044e-012	7.26491e-013	4.83832e-013	3.5259e-013	2.42877e-013	1.46793e-013	1.12906e-013	7.72735e-014	4.89643e-014	0	0	0	0	0	0	0	0	0	0	0	0	0	0	0	
73	0.041	8	task-0:0.325	|	0.409497	0.362195	0.340362	0.243951	0.296693	0.293564	0.231724	0.252856	0.252854	0.228601	0.232811	0.231681	0.224048	0.223044	0.220297	0.215685	0.21083	0.20587	0.200279	0.193884	0.187116	0.173547	0.157105	0.13115	0.122017	0.0953018	0.0687657	0.0510021	0.0335643	0.0228106	0.0151534	0.0095571	0.00521475	0.00214184	0.00146972	4.13792e-005	2.22705e-006	9.78149e-005	6.52714e-005	2.18498e-007	2.11583e-007	4.99732e-007	4.8913e-007	3.60746e-008	1.10436e-008	1.8352e-008	5.7314e-009	6.24193e-010	5.34278e-011	3.89482e-012	1.88851e-012	2.37294e-013	0	0	0	0	0	0	0	0	0	0	0	0	0	0	0	0	0	0	0	0	0	
71	0.04	8	task-0:0.24	|	0.284585	0.395256	0.392899	0.346161	0.246319	0.345623	0.313329	0.261832	0.241499	0.246239	0.244362	0.234951	0.233629	0.22926	0.220926	0.211075	0.197598	0.177886	0.151498	0.118102	0.0829536	0.0561379	0.0388394	0.0263486	0.0208511	0.00954731	0.0066001	0.00800376	0.00522204	0.00176227	0.00100461	0.00155858	0.000422231	0.000271326	0.00018668	0.000182216	0.000278617	3.92093e-005	2.43902e-005	1.54544e-005	9.4122e-006	1.01217e-005	0.00019869	1.79569e-005	3.26896e-006	3.24391e-006	2.67884e-006	2.1317e-006	1.66281e-006	1.80966e-006	1.58466e-005	4.35449e-006	6.15218e-006	1.24522e-005	5.81574e-006	6.71076e-006	9.78775e-006	1.84668e-005	4.75504e-005	0.0001725	6.48361e-005	9.78493e-005	0.000261822	0.000134017	0.000129442	0.000140382	0.00017106	0.000234215	0.000360045	0.000618114	0.00116654	
72	0.041	8	task-0:0.18	|	0.304029	0.394144	0.390729	0.326423	0.246778	0.246959	0.256037	0.257134	0.230721	0.221454	0.216015	0.209992	0.20456	0.194819	0.181988	0.165417	0.145484	0.121906	0.0974789	0.0845617	0.0606663	0.0420065	0.0283376	0.0161544	0.00863614	0.00395429	0.00150799	0.000473172	9.3267e-005	5.41099e-006	2.71398e-008	7.57101e-012	1.63842e-006	8.32617e-007	2.62605e-012	2.8403e-013	3.72745e-014	0	0	0	0	0	0	0	0	0	0	0	0	0	0	0	0	0	0	0	0	0	0	0	0	0	0	0	0	0	0	0	0	0	0	0	
59	0.034	8	task-0:0.285	|	0.275139	0.583822	0.527206	0.275303	0.228181	0.258158	0.244763	0.194851	0.172775	0.142167	0.0999313	0.0708259	0.0330642	0.008395	0.00301416	0.0020284	0.000227059	5.99481e-006	7.54703e-008	3.25804e-009	6.07934e-011	1.35561e-012	1.16156e-013	5.8804e-014	0	0	0	0	0	0	0	0	0	0	0	0	0	0	0	0	0	0	0	0	0	0	0	0	0	0	0	0	0	0	0	0	0	0	0	
57	0.032	8	task-0:0.435	|	0.297866	0.394357	0.390163	0.347061	0.256293	0.271734	0.269888	0.246092	0.239945	0.239533	0.240639	0.240942	0.239874	0.240306	0.240289	0.239742	0.239515	0.239327	0.239244	0.239437	0.239393	0.239205	0.239089	0.239209	0.239418	0.239635	0.239765	0.239853	0.239927	0.239973	0.239992	0.239998	0.24	0.24	0.24	0.24	0.24	0.24	0.24	0.24	0.24	0.24	0.24	0.24	0.24	0.24	0.24	0.24	0.24	0.24	0.24	0.24	0.24	0.24	0.24	0.24	0.24	
57	0.031	8	task-0:0.5	|	0.337376	0.38972	0.38322	0.325672	0.241616	0.302794	0.282892	0.247606	0.238452	0.238715	0.241375	0.24174	0.24012	0.239844	0.239919	0.239946	0.239984	0.239953	0.240048	0.240044	0.23997	0.239938	0.239941	0.239956	0.239966	0.239971	0.239982	0.23999	0.239995	0.239999	0.24	0.24	0.24	0.24	0.24	0.24	0.24	0.24	0.24	0.24	0.24	0.24	0.24	0.24	0.24	0.24	0.24	0.24	0.24	0.24	0.24	0.24	0.24	0.24	0.24	0.24	0.24	
70	0.04	8	task-0:0.215	|	0.247459	0.399215	0.398901	0.37574	0.241112	0.438615	0.392714	0.312996	0.264817	0.242579	0.239133	0.238431	0.232349	0.222203	0.215302	0.210041	0.205514	0.194505	0.18298	0.163867	0.121869	0.111468	0.0758881	0.0525087	0.028805	0.0119741	0.0216846	0.00546681	0.00434474	0.0242019	0.0112559	0.00299255	0.00297382	0.00266073	0.00232738	0.00199697	0.00176981	0.00254547	0.0125351	0.00418806	0.00123785	0.00117113	0.00110345	0.00105962	0.0011812	0.00248604	0.00594252	0.00634034	0.00553269	0.00538099	0.00609872	0.0104295	0.00229118	0.00489652	0.0133061	0.00684739	0.00230598	0.00214738	0.00276438	0.00467507	0.00751334	0.00674049	0.0080245	0.00530657	0.00456067	0.0040361	0.00367014	0.00456233	0.00546948	0.00707064	
79	0.046	8	task-0:0.14	|	0.350603	0.398096	0.397105	0.356847	0.25727	0.257685	0.276365	0.27612	0.246505	0.252056	0.247583	0.234589	0.238391	0.235141	0.225054	0.217705	0.211852	0.206663	0.201559	0.196115	0.190298	0.183551	0.176634	0.167266	0.148805	0.132713	0.113226	0.0895219	0.0672935	0.0501295	0.0411105	0.0303745	0.0254172	0.0204212	0.0169919	0.0136394	0.011658	0.00989606	0.00730134	0.005707	0.00491623	0.00316122	0.00115221	4.84511e-005	9.96596e-007	8.88964e-005	6.84575e-005	9.49695e-008	7.16051e-008	1.49847e-006	1.01133e-006	5.97168e-008	1.03704e-009	3.50948e-010	3.74368e-010	7.31763e-011	3.33015e-012	4.85765e-014	0	0	0	0	0	0	0	0	0	0	0	0	0	0	0	0	0	0	0	0	0	
64	0.037	8	task-0:0.215	|	0.399662	0.392804	0.388915	0.313792	0.234569	0.235084	0.232378	0.232302	0.210693	0.202467	0.19211	0.175428	0.149764	0.0818307	0.0434841	0.0291833	0.0469279	0.0334013	0.0160417	0.0125789	0.0099968	0.00969162	0.00857735	0.00684965	0.003402	0.00200512	0.00124488	0.000492951	0.000295768	7.83405e-005	4.74951e-005	3.69225e-005	0.00424893	0.000305107	1.84422e-005	1.87014e-005	1.54652e-005	1.24967e-005	1.12849e-005	5.17502e-005	1.42683e-005	1.85227e-005	2.24157e-005	2.9139e-005	5.6693e-005	1.43549e-005	1.7532e-005	3.90827e-005	0.000110713	6.11413e-005	1.8655e-005	1.68968e-005	2.71707e-005	5.77104e-005	9.65461e-005	3.49147e-005	3.21273e-005	3.9632e-005	6.75704e-005	3.26258e-005	3.18433e-005	3.82233e-005	6.12555e-005	2.95118e-005	
59	0.033	8	task-0:0.26	|	0.245584	0.586726	0.478747	0.181304	0.22038	0.21626	0.176535	0.146416	0.110107	0.0675125	0.0276156	0.0279958	0.00767194	0.00325675	0.00188663	0.000982623	0.000506675	8.69041e-005	4.65531e-005	2.31197e-005	4.60224e-006	2.09967e-006	1.65879e-006	4.3415e-006	2.66157e-007	1.50454e-007	7.68135e-008	3.41956e-008	1.29475e-008	4.279e-009	4.86737e-009	6.70325e-009	1.96168e-009	1.96487e-009	1.4366e-009	1.85634e-008	1.48161e-009	1.74315e-009	2.94388e-009	5.83784e-010	5.00677e-010	4.30411e-010	3.59014e-010	2.895e-010	2.48154e-010	1.63397e-009	2.63451e-010	4.25448e-010	1.93012e-009	3.57891e-010	4.10559e-010	7.49272e-010	2.61712e-009	8.93455e-010	1.33696e-009	7.47783e-010	9.83499e-010	1.96829e-009	2.65055e-009	
88	0.049	8	task-0:0.025	|	0.241528	0.398939	0.398481	0.377934	0.264847	0.315677	0.28668	0.24197	0.252027	0.251706	0.234059	0.232771	0.23198	0.228899	0.227062	0.217641	0.202552	0.191916	0.184791	0.171521	0.167249	0.161507	0.149856	0.139459	0.129717	0.119443	0.110034	0.0966784	0.0846935	0.0718235	0.0584448	0.0437771	0.0207464	0.00600371	0.00184015	0.000113933	3.90305e-005	0.000227263	7.186e-006	1.62882e-005	1.62565e-005	3.19775e-006	4.04381e-006	2.16556e-006	1.41482e-006	1.73703e-006	1.23508e-006	6.59315e-007	3.51835e-007	1.90514e-007	1.23447e-007	8.2335e-008	4.52838e-008	1.96432e-008	6.97824e-009	1.96038e-009	4.18993e-010	6.20766e-011	5.72314e-012	2.9068e-013	0	0	0	0	0	0	0	0	0	0	0	0	0	0	0	0	0	0	0	0	0	0	0	0	0	0	0	0	
61	0.035	8	task-0:0.36	|	0.314695	0.396541	0.395419	0.376069	0.294408	0.232763	0.22471	0.214886	0.220302	0.211639	0.196459	0.189278	0.199258	0.213619	0.222473	0.228407	0.233259	0.236991	0.238907	0.239715	0.239934	0.240002	0.240011	0.24	0.240008	0.240008	0.240001	0.240001	0.240001	0.24	0.24	0.24	0.24	0.24	0.24	0.24	0.24	0.24	0.24	0.24	0.24	0.24	0.24	0.24	0.24	0.24	0.24	0.24	0.24	0.24	0.24	0.24	0.24	0.24	0.24	0.24	0.24	0.24	0.24	0.24	0.24	
71	0.043	8	task-0:0.235	|	0.27523	0.397224	0.396458	0.356536	0.241474	0.238808	0.261585	0.256498	0.223521	0.24498	0.239025	0.214953	0.217473	0.214656	0.204033	0.195128	0.182909	0.165367	0.142688	0.11363	0.0798107	0.0472619	0.0241851	0.0269774	0.0113394	0.00861678	0.0159909	0.00817416	0.00403624	0.00317215	0.0023379	0.00161992	0.00108875	0.000907821	0.00215858	0.000503981	0.000370302	0.000323183	0.000439753	0.000178584	0.000165152	0.000321993	0.000429107	0.00069883	0.00012312	0.000145968	0.000427427	0.000183793	0.000217981	0.00035079	0.000820207	0.000333634	0.00033558	0.000399626	0.000573401	0.00101651	0.000494537	0.000464294	0.000514421	0.000621004	0.000852408	0.00135509	0.000672818	0.00125758	0.00209066	0.00189468	0.00149058	0.00218844	0.000959921	0.00152323	0.00217343	
92	0.052	8	task-0:0.075	|	0.346681	0.393634	0.388265	0.338616	0.245907	0.359058	0.358246	0.258828	0.243117	0.244331	0.225504	0.226979	0.218787	0.21773	0.215297	0.208445	0.202853	0.195402	0.186118	0.174211	0.159324	0.141358	0.120921	0.0989837	0.0774757	0.0583464	0.0477625	0.0343638	0.0266855	0.0205715	0.0148646	0.0128848	0.0085879	0.0056773	0.00362157	0.00224871	0.000965482	0.000498148	0.00015189	4.64706e-005	0.200007	0.200005	1.34146e-005	1.34146e-005	8.13108e-006	0.200005	0.200005	0.200006	8.58574e-006	8.58574e-006	0.200007	0.200007	8.86352e-006	8.01136e-006	7.73546e-006	7.39801e-006	0.000934158	3.31629e-005	7.20284e-006	7.20284e-006	7.10726e-006	7.23979e-006	9.88417e-006	6.73045e-006	6.564e-006	6.36694e-006	6.13641e-006	5.87057e-006	5.56674e-006	5.22285e-006	4.83844e-006	4.41444e-006	3.95443e-006	3.46532e-006	2.95766e-006	2.44581e-006	1.94743e-006	1.48246e-006	1.07412e-006	7.51127e-007	5.63431e-007	3.90583e-007	2.28623e-007	1.23981e-007	7.61256e-008	4.53716e-008	2.68007e-008	1.51012e-008	7.70956e-009	3.47225e-009	1.35877e-009	4.09342e-010	
58	0.034	8	task-0:0.265	|	0.254869	0.586473	0.502321	0.193687	0.218082	0.209642	0.168254	0.134911	0.0835984	0.0275037	0.00288297	0.00211114	5.41001e-005	0.000321759	3.09977e-005	2.51311e-005	2.51311e-005	3.31871e-006	9.76093e-006	4.7046e-006	1.47518e-006	1.29323e-006	8.24973e-007	4.76214e-007	2.67704e-007	1.44065e-007	6.12329e-008	2.38113e-008	8.23507e-009	2.40342e-009	6.33129e-010	1.38391e-010	2.4664e-011	3.49127e-012	3.54633e-013	0	0	0	0	0	0	0	0	0	0	0	0	0	0	0	0	0	0	0	0	0	0	0	
71	0.041	8	task-0:0.12	|	0.267608	0.580296	0.566151	0.448421	0.278728	0.231309	0.226026	0.200978	0.196511	0.164853	0.143497	0.123483	0.0997315	0.079018	0.0537306	0.0322734	0.0189794	0.00954074	0.00472857	0.00961046	0.00382321	0.00503159	0.00499535	0.0022174	0.00336909	0.00300784	0.00171157	0.00141924	0.00117232	0.00095906	0.00090644	0.000705995	0.000456832	0.000327259	0.000224847	0.000158663	0.000112702	8.59436e-005	5.36147e-005	2.7919e-005	1.34488e-005	5.94887e-006	8.37872e-007	1.9107e-007	4.01309e-008	5.84729e-009	1.44206e-010	9.99047e-011	9.23646e-012	1.3897e-012	5.73557e-013	1.06383e-013	0	0	0	0	0	0	0	0	0	0	0	0	0	0	0	0	0	0	0	
92	0.052	8	task-0:0.105	|	0.433556	0.382287	0.377453	0.278101	0.306311	0.305732	0.250473	0.261577	0.260884	0.236647	0.235197	0.231735	0.22646	0.225552	0.221797	0.218061	0.213918	0.209071	0.203057	0.195943	0.187633	0.178518	0.169213	0.155242	0.146705	0.116503	0.0765769	0.0540658	0.0426416	0.0307275	0.0210126	0.0159275	0.0104462	0.00682971	0.00407549	0.00235628	0.00122007	0.000539572	0.000220094	5.92985e-005	1.5684e-005	4.98495e-007	8.98646e-010	2.56232e-008	8.87787e-009	5.34361e-012	5.34361e-012	3.76736e-013	2.67445e-008	9.89468e-009	1.33774e-013	7.45238e-014	3.28732e-014	0	0	0	0	0	0	0	0	0	0	0	0	0	0	0	0	0	0	0	0	0	0	0	0	0	0	0	0	0	0	0	0	0	0	0	0	0	0	0	
100	0.058	8	task-0:0.035	|	0.347497	0.382493	0.376265	0.271645	0.29247	0.290577	0.236462	0.255634	0.254779	0.231248	0.23232	0.229899	0.223655	0.222504	0.218287	0.213646	0.209113	0.203604	0.197515	0.191011	0.184391	0.178098	0.17553	0.159054	0.133997	0.113346	0.0927986	0.0748283	0.060021	0.049932	0.0383868	0.0297984	0.0234178	0.019719	0.0152995	0.0115606	0.0117519	0.00784366	0.00544444	0.00397228	0.00218739	0.00149378	0.00103656	0.000770579	0.00059363	0.000411168	0.000229571	4.53643e-005	0.199837	0.196541	3.66846e-007	3.66846e-007	1.4117e-009	1.40988e-009	2.08855e-009	1.21964e-009	3.81852e-011	2.992e-012	2.63673e-013	5.86535e-013	1.4518e-013	6.10152e-014	6.10152e-014	2.92192e-014	3.29554e-014	0	0	0	0	0	0	0	0	0	0	0	0	0	0	0	0	0	0	0	0	0	0	0	0	0	0	0	0	0	0	0	0	0	0	0	
80	0.048	8	task-0:0.115	|	0.26864	0.39269	0.386388	0.327553	0.237828	0.324662	0.323352	0.280854	0.249372	0.245424	0.243802	0.239465	0.237117	0.232749	0.224353	0.21132	0.201768	0.191472	0.178201	0.162789	0.145478	0.125701	0.103819	0.078711	0.0580719	0.0402831	0.0245937	0.0128951	0.0147108	0.00804659	0.00537436	0.00414982	0.00324038	0.00233878	0.00144481	0.000799666	0.000405011	0.000175257	6.29654e-005	2.2799e-005	5.80891e-006	5.48522e-007	9.35576e-009	7.75533e-010	1.16033e-013	5.16876e-014	0	0	0	0	0	0	0	0	0	0	0	0	0	0	0	0	0	0	0	0	0	0	0	0	0	0	0	0	0	0	0	0	0	0	
67	0.039	8	task-0:0.24	|	0.283145	0.562179	0.54909	0.389807	0.234989	0.262334	0.248739	0.208278	0.234969	0.183681	0.185254	0.189351	0.169066	0.147308	0.127973	0.108012	0.0920995	0.0760515	0.0662628	0.054705	0.0419379	0.0354307	0.0199278	0.010855	0.0055074	0.00269704	0.000580921	0.00219583	0.000171396	0.000109588	0.00189266	0.000171578	7.41743e-005	7.41485e-005	5.79353e-005	4.77634e-005	5.84087e-005	0.000252872	7.11382e-005	3.04253e-005	2.25404e-005	1.84073e-005	1.49145e-005	1.18762e-005	8.92018e-006	6.18427e-006	3.97245e-006	2.44509e-006	1.63794e-006	3.17628e-007	9.39075e-008	2.78348e-008	1.03179e-008	1.54753e-009	5.33438e-010	2.07139e-010	6.23616e-011	1.72689e-011	6.70158e-011	3.51382e-012	1.41753e-012	5.22093e-013	1.81745e-013	6.99487e-014	0	0	0	
60	0.037	8	task-0:0.235	|	0.254023	0.397894	0.391897	0.223186	0.210603	0.285071	0.270768	0.14538	0.235908	0.227722	0.131628	0.141305	0.13433	0.108238	0.0965567	0.08041	0.0636185	0.050865	0.0374728	0.0251638	0.0148228	0.00776506	0.00449725	0.0019043	0.000711962	0.000265809	0.000109978	4.0703e-005	1.53208e-005	9.31539e-006	1.77042e-006	5.52343e-007	2.32995e-007	1.11801e-007	4.57787e-008	1.624e-008	5.23417e-009	1.74151e-009	2.48649e-010	5.19749e-011	4.1553e-012	3.67349e-013	1.37082e-012	0	0	0	0	0	0	0	0	0	0	0	0	0	0	0	0	0	
59	0.034	8	task-0:0.23	|	0.247334	0.577272	0.499902	0.270591	0.218059	0.250856	0.245075	0.193035	0.166029	0.142688	0.119416	0.107777	0.0735632	0.0364367	0.0183904	0.00673441	0.0051804	0.00189311	0.000342762	5.66118e-005	4.89978e-006	1.8192e-007	3.25278e-009	8.48317e-012	0	0	0	0	0	0	0	0	0	0	0	0	0	0	0	0	0	0	0	0	0	0	0	0	0	0	0	0	0	0	0	0	0	0	0	
67	0.037	8	task-0:0.31	|	0.289791	0.392568	0.389512	0.350275	0.252672	0.301407	0.287381	0.250987	0.241044	0.239954	0.240904	0.239502	0.236566	0.234188	0.228612	0.216648	0.198286	0.182622	0.177319	0.167854	0.152082	0.135672	0.118406	0.0982619	0.0488637	0.0158154	0.0034667	0.000581555	7.49959e-005	1.81322e-005	2.9849e-006	6.79981e-007	2.01258e-007	2.42412e-008	1.21187e-008	1.18369e-009	1.39169e-010	2.70342e-011	1.40156e-012	4.43155e-014	2.0114e-013	0	0	0	0	0	0	0	0	0	0	0	0	0	0	0	0	0	0	0	0	0	0	0	0	0	0	
83	0.049	8	task-0:0.105	|	0.432656	0.376851	0.364945	0.24514	0.301975	0.300006	0.222901	0.264338	0.264337	0.223813	0.22139	0.218855	0.212256	0.215196	0.210397	0.202771	0.197442	0.191852	0.184844	0.177033	0.168543	0.156965	0.13945	0.121303	0.104186	0.0810364	0.0570442	0.0382727	0.0303632	0.0195787	0.013779	0.00846282	0.00515438	0.00211638	0.000151607	7.88523e-007	5.39412e-010	1.59461e-007	4.00454e-008	3.15208e-012	3.15208e-012	3.80306e-012	6.91903e-013	2.8774e-014	0	0	0	0	0	0	0	0	0	0	0	0	0	0	0	0	0	0	0	0	0	0	0	0	0	0	0	0	0	0	0	0	0	0	0	0	0	0	0	
70	0.04	8	task-0:0.16	|	0.365802	0.394472	0.391475	0.311728	0.266577	0.264828	0.237288	0.23302	0.225437	0.220578	0.21624	0.213496	0.2025	0.189783	0.176051	0.159294	0.141622	0.123069	0.104644	0.0741275	0.0388103	0.0241949	0.00797478	0.00395258	0.00211551	0.00136793	0.000818733	0.000600544	0.000406899	0.000229223	0.000113902	4.86161e-005	1.69259e-005	5.43414e-006	1.22801e-006	2.1819e-007	3.15068e-008	2.39023e-009	1.58705e-010	8.01719e-012	3.16084e-011	3.71793e-013	2.49234e-012	2.49234e-012	4.79047e-013	7.27872e-013	7.27872e-013	2.28818e-013	2.65726e-013	1.91499e-013	1.29163e-013	1.01899e-013	7.20535e-014	4.71583e-014	0	0	0	0	0	0	0	0	0	0	0	0	0	0	0	0	
68	0.038	8	task-0:0.23	|	0.396283	0.38984	0.38743	0.342505	0.252782	0.261353	0.250334	0.231329	0.248958	0.247484	0.221193	0.207861	0.199737	0.178196	0.169069	0.157388	0.130788	0.112512	0.0958786	0.0772889	0.0623901	0.0478224	0.0311064	0.0180771	0.00916487	0.00378003	0.00154642	0.00123535	0.000406479	0.000206466	9.22159e-005	4.27709e-005	2.07742e-005	4.26812e-006	1.2625e-006	2.4123e-007	4.49282e-008	2.45001e-008	6.6838e-009	1.09423e-008	2.17451e-009	1.34296e-009	1.01489e-009	2.22861e-010	8.06239e-011	2.38804e-011	5.29179e-012	9.4452e-013	1.57905e-012	7.96692e-014	5.98641e-013	9.4589e-014	5.17773e-014	5.00763e-014	3.1856e-014	1.85893e-013	1.85893e-013	7.36776e-014	2.6894e-014	2.45064e-014	5.12253e-014	3.47632e-014	2.4571e-014	2.06037e-014	2.06037e-014	3.89063e-014	3.89394e-014	1.90317e-014	
53	0.031	8	task-0:0.195	|	0.243977	0.449509	0.055833	0.157348	0.0133021	0.0236361	0.00200058	0.000757114	0.000783123	0.000144227	6.91301e-005	2.61722e-005	7.46415e-006	1.85646e-006	6.07603e-007	8.65577e-008	9.57068e-009	7.29214e-010	3.62685e-011	1.08518e-012	0	0	0	0	0	0	0	0	0	0	0	0	0	0	0	0	0	0	0	0	0	0	0	0	0	0	0	0	0	0	0	0	0	
60	0.034	8	task-0:0.125	|	0.237096	0.397496	0.396451	0.353169	0.229832	0.23004	0.242461	0.242261	0.192288	0.211002	0.197559	0.173479	0.178359	0.173699	0.156927	0.142644	0.131304	0.118932	0.105569	0.0909878	0.0750483	0.0584843	0.0416549	0.027386	0.0163509	0.0154668	0.00760534	0.00511987	0.00448739	0.00241677	0.00151285	0.000882776	0.000501944	0.000226396	8.40855e-005	2.94376e-005	1.20989e-005	1.7829e-006	5.33697e-007	3.27183e-007	9.31577e-009	1.08637e-009	1.56542e-010	3.09397e-011	2.04323e-013	2.65326e-013	0	0	0	0	0	0	0	0	0	0	0	0	0	0	
63	0.036	8	task-0:0.235	|	0.291797	0.396751	0.395755	0.348868	0.247832	0.258348	0.228077	0.216215	0.19667	0.17682	0.150799	0.125463	0.0960541	0.0605172	0.031578	0.0132643	0.0111881	0.00309194	0.0139019	0.00885426	0.00171219	0.00160785	0.00115089	0.000832991	0.000760877	0.000412788	0.000203348	0.00010706	5.30343e-005	2.71103e-005	1.34646e-005	3.63364e-006	1.15536e-006	2.61244e-007	3.87405e-008	5.3891e-009	1.58021e-010	7.11432e-012	1.72736e-013	2.03138e-014	0	0	0	0	0	0	0	0	0	0	0	0	0	0	0	0	0	0	0	0	0	0	0	
63	0.037	8	task-0:0.235	|	0.355297	0.393727	0.392499	0.311985	0.260242	0.260353	0.220717	0.216836	0.195664	0.181134	0.16412	0.146624	0.129558	0.103417	0.0826284	0.0575336	0.039154	0.0308155	0.0209584	0.0140464	0.00925428	0.00493054	0.00159625	0.000158017	3.31468e-006	1.32244e-006	3.66035e-008	5.34762e-009	4.14358e-010	6.50484e-011	2.72234e-012	6.50032e-014	1.26693e-013	0	0	0	0	0	0	0	0	0	0	0	0	0	0	0	0	0	0	0	0	0	0	0	0	0	0	0	0	0	0	
126	0.076	8	task-0:0.06	|	0.349871	0.382327	0.37519	0.301009	0.247949	0.248255	0.248404	0.247407	0.231896	0.23457	0.232413	0.225279	0.225094	0.217485	0.204961	0.193564	0.181705	0.170521	0.160552	0.147221	0.133241	0.118236	0.102873	0.088017	0.0745328	0.0641596	0.0557713	0.050966	0.0488334	0.0343447	0.0159288	0.6	0.6	0.6	0.0235382	0.0235382	0.20922	0.20922	0.0141583	0.0141583	0.0125191	0.208209	0.208209	0.0150924	0.0125696	0.0124924	0.0117054	0.0882201	0.0873115	0.0111065	0.0111078	0.0113308	0.0216947	0.0129604	0.0107507	0.0107173	0.0113384	0.0127688	0.0128591	0.010652	0.0102732	0.0101357	0.0100459	0.00995637	0.00984101	0.00988149	0.0111202	0.0087311	0.00843493	0.00807972	0.00760689	0.00701079	0.00627369	0.00597985	0.200097	0.199787	0.00342824	0.00342824	0.00119254	0.20002	0.19999	0.000299946	0.000300366	0.000101932	0.0415488	2.65586e-005	4.03905e-005	3.79913e-005	2.20454e-005	1.06578e-005	3.93689e-006	9.75601e-007	0.101098	6.66694e-007	3.78748e-007	3.78748e-007	2.25337e-007	2.35268e-005	2.35268e-005	1.63231e-007	1.63246e-007	1.38714e-007	1.13416e-007	8.87375e-008	6.56353e-008	4.52314e-008	2.85277e-008	1.7136e-008	7.202e-008	7.91867e-009	5.48142e-009	3.4577e-009	2.50826e-009	1.57822e-009	9.82742e-010	5.45048e-010	2.5994e-010	1.01696e-010	3.1942e-011	2.25322e-010	6.41134e-012	2.76452e-012	0.0649032	0.0649032	9.44567e-009	3.06613e-012	
64	0.038	8	task-0:0.17	|	0.243594	0.584629	0.514829	0.229424	0.215102	0.220718	0.207873	0.177051	0.142516	0.0979938	0.0577081	0.025751	0.0124165	0.0160035	0.0173197	0.00459677	0.0443925	0.0437837	0.00728451	0.00643315	0.00641365	0.0030229	0.00705244	0.00632807	0.00302829	0.00224117	0.00197918	0.00171073	0.0017277	0.00140798	0.000991774	0.000733449	0.000537678	0.000383534	0.000286865	0.000209603	0.000148198	0.000103038	7.02338e-005	4.65366e-005	3.1395e-005	2.10369e-005	2.50161e-005	1.30911e-005	4.3902e-006	1.31403e-006	5.47737e-007	1.29462e-007	1.86821e-008	2.32719e-009	5.1335e-010	5.02274e-011	2.08581e-012	2.49414e-014	4.87198e-011	1.48587e-012	0	0	0	0	0	0	0	0	
62	0.035	8	task-0:0.25	|	0.303578	0.524885	0.490377	0.299306	0.247758	0.245415	0.220024	0.20792	0.190198	0.169327	0.157296	0.104797	0.0722923	0.0669531	0.0568145	0.051887	0.0249673	0.0366729	0.0151863	0.0145064	0.0127656	0.0136712	0.00829648	0.00690024	0.00635403	0.00848808	0.00270169	0.00239793	0.00979707	0.00355182	0.00280473	0.00486023	0.0101048	0.00314044	0.00365606	0.00790246	0.00538671	0.00709808	0.0125541	0.00606276	0.0058355	0.00646492	0.00846133	0.00764489	0.0104595	0.00462036	0.0056816	0.00658953	0.00876619	0.0135039	0.00847421	0.00808285	0.0081293	0.00864019	0.00972976	0.0116345	0.0147642	0.0197417	0.00974752	0.0220824	0.0369795	0.0407558	
65	0.038	8	task-0:0.235	|	0.246403	0.39932	0.399154	0.384593	0.244	0.366249	0.36231	0.272122	0.215392	0.211399	0.194587	0.187555	0.178713	0.163982	0.138739	0.117301	0.095181	0.0728861	0.0539959	0.0429347	0.0271922	0.0167681	0.00984273	0.00588287	0.0022635	0.000785849	0.000146431	9.11398e-006	6.08657e-008	3.0494e-011	2.76811e-011	0	0	0	0	0	0	0	0	0	0	0	0	0	0	0	0	0	0	0	0	0	0	0	0	0	0	0	0	0	0	0	0	0	0	
58	0.035	8	task-0:0.245	|	0.241267	0.587751	0.503048	0.177131	0.219167	0.210166	0.158314	0.125331	0.0863678	0.0401106	0.00920527	0.000279771	1.29156e-005	0.000413519	2.21723e-006	0.000435494	9.54368e-005	2.91454e-007	2.15979e-005	9.53557e-006	1.99905e-007	9.35603e-007	9.35603e-007	1.31815e-007	1.81776e-007	1.47897e-007	7.60849e-008	6.8394e-008	4.91629e-008	3.34026e-008	2.12424e-008	1.25324e-008	6.8587e-009	3.1316e-009	1.29456e-009	4.72146e-010	1.57928e-010	5.02008e-011	3.44516e-011	5.50767e-012	1.49487e-012	3.16738e-013	4.30779e-014	5.13721e-014	0	0	0	0	0	0	0	0	0	0	0	0	0	0	
65	0.039	8	task-0:0.285	|	0.263234	0.398478	0.397542	0.367908	0.256672	0.282359	0.255124	0.237532	0.244749	0.242914	0.233758	0.227125	0.213431	0.182267	0.129964	0.076754	0.0881209	0.0606765	0.0254924	0.0119708	0.0279966	0.00492932	0.00472864	0.0017035	0.000991186	0.00205795	0.000537166	0.00029879	0.0002043	0.00025418	8.07562e-005	5.21687e-005	1.46294e-005	7.88851e-006	3.11358e-006	7.90264e-007	6.30355e-006	2.56392e-007	1.84558e-007	2.51848e-007	8.49158e-006	1.87362e-007	1.81869e-007	5.48136e-007	4.90058e-008	4.27885e-008	6.02537e-008	3.03228e-007	5.54722e-008	6.66639e-008	1.1519e-007	3.18335e-007	8.18357e-008	8.20504e-008	1.15471e-007	2.49024e-007	1.14147e-007	1.37908e-007	2.23857e-007	5.24826e-007	4.49876e-007	8.37259e-007	1.08955e-006	2.33899e-006	4.8347e-006	
105	0.063	8	task-0:0.035	|	0.470665	0.349787	0.32976	0.259076	0.251798	0.249942	0.236392	0.235318	0.234184	0.232965	0.23106	0.230645	0.228747	0.225536	0.216846	0.203638	0.192663	0.182676	0.174979	0.164755	0.152542	0.138834	0.124067	0.108965	0.0944379	0.0813236	0.084314	0.0653938	0.0574306	0.0506924	0.0441819	0.0391215	0.212538	0.214355	0.0450228	0.0450228	0.0195801	0.213773	0.213773	0.0158738	0.0161051	0.21483	0.214576	0.0331811	0.0167302	0.0167302	0.016223	0.0448399	0.0371956	0.0161589	0.0160878	0.0161862	0.0164649	0.0160226	0.015847	0.0156914	0.0155541	0.0152386	0.0148245	0.0143759	0.0138958	0.0133882	0.0128656	0.0123417	0.0118755	0.011418	0.0109406	0.0106335	0.0158417	0.0136493	0.00937774	0.00857208	0.00799577	0.00758395	0.00643609	0.00454637	0.00191303	0.000575405	8.11088e-005	8.2928e-006	9.12426e-007	2.09118e-007	9.17104e-008	0.2	0.2	7.15727e-008	7.39642e-008	0.190324	6.53283e-008	6.10849e-008	5.60328e-008	1.06664e-007	0.2	0.2	4.5441e-008	4.23729e-008	3.90007e-008	3.53479e-008	3.17857e-008	2.81227e-008	2.42951e-008	2.03959e-008	1.65519e-008	1.29395e-008	9.90695e-009	
120	0.069	8	task-0:0.055	|	0.475652	0.381327	0.374211	0.295863	0.249663	0.250164	0.243482	0.241978	0.227064	0.230603	0.227896	0.220087	0.219674	0.210408	0.193336	0.17683	0.162278	0.149105	0.135587	0.121562	0.106715	0.0920601	0.0785452	0.0685094	0.0632181	0.05149	0.0453086	0.0510178	0.0410183	0.031182	0.015374	0.212328	0.212145	0.215211	0.0237653	0.0237653	0.0177385	0.214765	0.214765	0.216162	0.0180769	0.0180769	0.017632	0.216345	0.216497	0.21706	0.0177661	0.017766	0.18501	0.1716	0.0177288	0.0177121	0.0187482	0.0180409	0.0184041	0.017677	0.0175121	0.0173638	0.0171602	0.0169182	0.0166193	0.01628	0.0165355	0.0157361	0.015328	0.212435	0.0715563	0.014935	0.0149348	0.0147956	0.0160079	0.014943	0.0144752	0.0140685	0.0137215	0.013354	0.0129304	0.0124459	0.011894	0.0112717	0.0105812	0.0098357	0.00906653	0.00831958	0.00773406	0.00737968	0.00680636	0.0493045	0.0293818	0.00576092	0.0056809	0.00644701	0.00588187	0.00493224	0.0046113	0.00445997	0.0131627	0.00419752	0.00364404	0.00342541	0.00318615	0.00291919	0.00262585	0.00231099	0.201969	0.200311	0.00228123	0.00228241	0.00214706	0.171664	0.0832648	0.00212908	0.0021569	0.00212827	0.00207956	0.00203528	0.00263336	0.00194567	0.00188442	0.00182041	
75	0.042	8	task-0:0.245	|	0.274833	0.39013	0.382756	0.321443	0.236462	0.321452	0.300244	0.255804	0.239831	0.25007	0.249367	0.241186	0.241189	0.24042	0.236989	0.230603	0.216199	0.200193	0.193342	0.180104	0.160971	0.144658	0.125395	0.102666	0.0723085	0.0429524	0.0339552	0.0156791	0.012994	0.00831848	0.0062296	0.00417471	0.00265457	0.00186165	0.00103598	0.000450635	0.000165997	5.46111e-005	1.54016e-005	3.13504e-006	3.91134e-007	3.17633e-008	2.50085e-009	8.32014e-011	1.57959e-012	0	0	0	0	0	0	0	0	0	0	0	0	0	0	0	0	0	0	0	0	0	0	0	0	0	0	0	0	0	0	
67	0.038	8	task-0:0.26	|	0.306034	0.581596	0.580475	0.466818	0.254126	0.291871	0.277096	0.246288	0.240845	0.238182	0.233099	0.23293	0.228421	0.220131	0.211404	0.197156	0.171687	0.134285	0.138064	0.129435	0.126043	0.125628	0.128496	0.134717	0.143357	0.153549	0.165042	0.178295	0.1933	0.208696	0.222085	0.231614	0.236956	0.239099	0.239595	0.240015	0.240136	0.240001	0.240001	0.240029	0.240029	0.240005	0.240002	0.240002	0.24	0.24	0.24	0.24	0.24	0.24	0.24	0.24	0.24	0.24	0.24	0.24	0.24	0.24	0.24	0.24	0.24	0.24	0.24	0.24	0.24	0.24	0.24	
58	0.035	8	task-0:0.16	|	0.24932	0.54703	0.380016	0.202169	0.232456	0.218824	0.170704	0.155359	0.14559	0.127103	0.11218	0.084337	0.0432253	0.0135554	0.00201999	0.000304034	1.64306e-005	2.29235e-006	6.51633e-008	3.06574e-009	3.69648e-011	2.48095e-013	0	0	0	0	0	0	0	0	0	0	0	0	0	0	0	0	0	0	0	0	0	0	0	0	0	0	0	0	0	0	0	0	0	0	0	0	
93	0.053	8	task-0:0.065	|	0.458731	0.367902	0.355816	0.258175	0.271111	0.271376	0.234065	0.250894	0.25064	0.234304	0.232206	0.230984	0.228937	0.228831	0.226287	0.223737	0.221576	0.219286	0.217143	0.215066	0.213225	0.21175	0.210759	0.206511	0.192417	0.170992	0.148953	0.125127	0.103101	0.088488	0.0807164	0.0704884	0.0600559	0.0554821	0.0427314	0.0344779	0.02688	0.0200708	0.0142172	0.00954607	0.0059855	0.00199136	0.000399778	7.31517e-006	7.53259e-009	0.000872402	0.000826366	1.66115e-005	1.81435e-008	1.81435e-008	9.59567e-009	1.05529e-008	2.81144e-011	6.98525e-012	1.14443e-013	0	0	0	0	0	0	0	0	0	0	0	0	0	0	0	0	0	0	0	0	0	0	0	0	0	0	0	0	0	0	0	0	0	0	0	0	0	0	
58	0.034	8	task-0:0.245	|	0.264678	0.590892	0.546432	0.234141	0.224285	0.224847	0.206187	0.179343	0.124826	0.0523562	0.0113093	0.0115488	0.00106949	0.00114324	0.0002114	0.000106332	0.000114729	3.60867e-005	1.8936e-005	7.35593e-006	2.67775e-006	7.99108e-007	2.0528e-007	4.36684e-008	7.29494e-009	1.33861e-009	2.24096e-010	1.85373e-011	4.76936e-013	1.92677e-014	0	0	0	0	0	0	0	0	0	0	0	0	0	0	0	0	0	0	0	0	0	0	0	0	0	0	0	0	
77	0.045	8	task-0:0.085	|	0.294652	0.399337	0.399248	0.381811	0.254547	0.389412	0.361928	0.275236	0.232996	0.241051	0.227234	0.224508	0.220593	0.209292	0.201761	0.187061	0.163781	0.147599	0.132238	0.115455	0.0978031	0.0792717	0.0612238	0.0453111	0.0323672	0.0118697	0.0632007	0.0086659	0.00238671	0.00238671	0.000112093	0.00011194	0.000216455	0.000215488	6.70555e-005	2.93483e-005	1.89518e-005	1.37428e-005	7.9173e-006	3.39725e-006	1.22119e-006	3.73986e-007	1.02629e-007	3.3697e-008	6.53362e-009	7.05419e-010	7.56682e-011	4.54845e-012	2.02075e-013	0	0	0	0	0	0	0	0	0	0	0	0	0	0	0	0	0	0	0	0	0	0	0	0	0	0	0	0	
80	0.046	8	task-0:0.24	|	0.345788	0.392801	0.388993	0.317267	0.271613	0.271738	0.25194	0.248683	0.226041	0.225537	0.215541	0.21014	0.210344	0.203559	0.20098	0.197855	0.196065	0.195008	0.193147	0.189667	0.184735	0.178099	0.170597	0.162774	0.155852	0.140907	0.126266	0.109773	0.0919803	0.0737601	0.0561908	0.0423302	0.0310333	0.0170835	0.00878509	0.00392257	0.00253757	0.000858868	0.0170759	0.00317467	0.000221312	0.000223457	8.98363e-005	5.22145e-005	2.63551e-005	1.53201e-005	5.7715e-006	2.20658e-006	7.38107e-007	1.80923e-007	2.46105e-008	3.96625e-009	4.72267e-010	3.76414e-011	2.33448e-012	1.89637e-014	8.57834e-013	0	0	0	0	0	0	0	0	0	0	0	0	0	0	0	0	0	0	0	0	0	0	0	
77	0.044	8	task-0:0.22	|	0.523656	0.362012	0.34901	0.261747	0.284386	0.276502	0.233787	0.27043	0.270425	0.240251	0.229278	0.226892	0.225483	0.22223	0.216727	0.211012	0.203952	0.195663	0.186188	0.177412	0.169183	0.161536	0.148133	0.133585	0.116687	0.0975076	0.077148	0.0576273	0.0547175	0.0414507	0.0287142	0.0228322	0.0153498	0.0092165	0.00458105	0.00113195	0.000483493	6.72331e-006	6.63449e-007	4.06277e-010	4.21844e-011	2.27382e-013	0	0	0	0	0	0	0	0	0	0	0	0	0	0	0	0	0	0	0	0	0	0	0	0	0	0	0	0	0	0	0	0	0	0	0	
59	0.035	8	task-0:0.215	|	0.243763	0.56902	0.472256	0.24549	0.213629	0.259679	0.252848	0.190261	0.144349	0.133583	0.123271	0.129326	0.105664	0.0678116	0.0443158	0.0244918	0.00999895	0.00258378	0.000160585	3.10409e-006	8.72363e-007	1.25543e-008	6.19322e-010	2.769e-011	5.10547e-013	0	0	0	0	0	0	0	0	0	0	0	0	0	0	0	0	0	0	0	0	0	0	0	0	0	0	0	0	0	0	0	0	0	0	
73	0.043	8	task-0:0.25	|	0.2816	0.398499	0.398302	0.363503	0.248572	0.249025	0.280537	0.280395	0.246282	0.24427	0.240707	0.232615	0.228975	0.221867	0.213949	0.205305	0.195524	0.184226	0.171913	0.15935	0.143796	0.128505	0.110936	0.0914679	0.0786704	0.0575542	0.041642	0.0340556	0.0259702	0.0192848	0.014137	0.0112453	0.00777656	0.00513412	0.00315352	0.00175033	0.000710009	7.1679e-005	8.94331e-005	3.53863e-006	2.63178e-006	1.54847e-007	3.69033e-009	3.3912e-009	1.10599e-010	8.6109e-012	8.55356e-012	7.81922e-013	0	0	0	0	0	0	0	0	0	0	0	0	0	0	0	0	0	0	0	0	0	0	0	0	0	
91	0.051	8	task-0:0.065	|	0.417363	0.38278	0.37474	0.266497	0.306837	0.304645	0.23603	0.258997	0.257989	0.231907	0.235574	0.234126	0.2262	0.226047	0.223304	0.220666	0.218742	0.216576	0.214446	0.21243	0.210497	0.20881	0.205647	0.197854	0.188477	0.177129	0.163022	0.145105	0.123544	0.0999053	0.0769649	0.0577477	0.0473105	0.0322818	0.0195277	0.00759229	0.00447556	0.00370588	0.00254913	0.00158519	0.00092489	0.000518196	0.000245327	0.000103397	3.56527e-005	1.04619e-005	1.92916e-006	6.38128e-009	9.11652e-012	7.05005e-007	6.6393e-007	2.36139e-008	2.18962e-011	2.18962e-011	2.3631e-011	1.02056e-011	0	0	0	0	0	0	0	0	0	0	0	0	0	0	0	0	0	0	0	0	0	0	0	0	0	0	0	0	0	0	0	0	0	0	0	
71	0.04	8	task-0:0.125	|	0.257912	0.397209	0.395598	0.363474	0.257262	0.281902	0.257151	0.231727	0.229343	0.217313	0.199393	0.172781	0.132305	0.0862554	0.0454755	0.0370542	0.019192	0.0116931	0.0192291	0.0102091	0.00401898	0.00292854	0.00177662	0.000965672	0.000505281	0.00046563	0.000146001	2.75189e-005	7.00551e-006	1.31788e-006	1.87899e-007	3.55085e-008	2.16345e-009	3.66739e-011	5.06807e-013	0	0	0	0	0	0	0	0	0	0	0	0	0	0	0	0	0	0	0	0	0	0	0	0	0	0	0	0	0	0	0	0	0	0	0	0	
70	0.041	8	task-0:0.255	|	0.251841	0.399558	0.399448	0.37666	0.251929	0.252121	0.291017	0.290949	0.247072	0.246796	0.241912	0.23031	0.226022	0.21672	0.206094	0.194365	0.181372	0.1662	0.149343	0.13157	0.117871	0.105095	0.0890381	0.0717879	0.0531271	0.0359697	0.0218502	0.0112782	0.0074468	0.00577741	0.00298866	0.00256457	0.00121075	0.000716527	0.00045669	0.000267565	0.000120071	4.79488e-005	1.72627e-005	4.71753e-006	9.26403e-007	1.96546e-007	1.7049e-008	1.69374e-009	6.24782e-011	1.85772e-012	0	0	0	0	0	0	0	0	0	0	0	0	0	0	0	0	0	0	0	0	0	0	0	0	
105	0.061	8	task-0:0.06	|	0.338734	0.385189	0.374705	0.265935	0.288195	0.288307	0.23626	0.254178	0.245575	0.223552	0.22306	0.216955	0.212383	0.211725	0.205745	0.19966	0.195411	0.191492	0.184187	0.174631	0.164874	0.153455	0.140373	0.127564	0.105625	0.0785114	0.0557134	0.0397887	0.0270515	0.0174931	0.0113496	0.00684602	0.00721111	0.0040911	0.0033261	0.00323211	0.00190169	0.00142969	0.00113134	0.00079497	0.000441317	0.000179385	0.200095	0.200128	0.000302188	0.000302188	0.000194786	0.200118	0.200118	0.200151	0.000205134	0.000205134	0.000175763	0.200146	0.200146	0.0551311	0.000179034	0.000179034	0.000169423	0.182174	0.0990505	0.00016393	0.00016393	0.000161257	0.0948898	0.0478013	0.000160293	0.000160794	0.000168556	0.000170752	0.000165578	0.00016424	0.0001636	0.000162114	0.000159419	0.000157691	0.000156585	0.000155033	0.000153128	0.000150725	0.000147549	0.000145542	0.000142149	0.000137965	0.00017911	0.000130796	0.000120022	0.00285962	0.000705899	0.000121101	0.000123862	0.000121291	0.000116967	0.0001138	0.000111038	0.000106745	0.000102293	9.70339e-005	9.11651e-005	8.45907e-005	7.72996e-005	6.93089e-005	6.07175e-005	5.17642e-005	4.13175e-005	
63	0.037	8	task-0:0.25	|	0.269188	0.391112	0.389085	0.325959	0.240069	0.240129	0.234643	0.225335	0.205038	0.188512	0.168579	0.149066	0.113839	0.0817431	0.0509244	0.0224097	0.0079318	0.00739644	0.00214519	0.00108407	0.00148256	0.000431328	0.000172464	8.25312e-005	7.06186e-005	1.79894e-005	2.25228e-006	4.5312e-007	1.85266e-007	4.95657e-008	1.22691e-008	5.50425e-009	6.71042e-009	5.69016e-008	4.57503e-010	2.33052e-010	1.79867e-010	1.95701e-008	6.23472e-010	6.37056e-011	6.49625e-011	5.07577e-011	3.83165e-011	2.97889e-011	7.63852e-011	1.88835e-009	1.92456e-010	1.57379e-011	1.52167e-011	1.35276e-011	1.17369e-011	9.8901e-012	8.09498e-012	6.78072e-012	1.09123e-011	1.40008e-010	3.31813e-011	3.44028e-012	2.43793e-012	1.92477e-012	1.50206e-012	1.24996e-012	1.52513e-012	
75	0.043	8	task-0:0.26	|	0.265078	0.395101	0.392152	0.359035	0.262207	0.277738	0.271239	0.233344	0.252651	0.250487	0.233947	0.235914	0.235285	0.230637	0.228661	0.225669	0.221879	0.217292	0.211671	0.204794	0.19629	0.180281	0.159998	0.132468	0.0888092	0.0429018	0.0623966	0.0239219	0.0110103	0.0116495	0.0105053	0.00266817	0.00592305	0.00107331	0.00100104	0.000734783	0.000628642	0.000212631	0.00010948	6.45487e-005	1.74073e-005	1.04986e-005	4.09016e-007	1.58916e-007	1.02295e-006	7.70669e-009	5.07669e-008	1.93653e-009	2.64321e-009	3.64688e-010	2.32079e-010	1.32408e-010	2.26896e-011	5.7561e-012	6.50969e-013	6.77427e-014	0	0	0	0	0	0	0	0	0	0	0	0	0	0	0	0	0	0	0	
65	0.038	8	task-0:0.225	|	0.261977	0.397572	0.39659	0.356246	0.240711	0.242831	0.234745	0.225043	0.197143	0.18553	0.16864	0.150068	0.137985	0.093275	0.064104	0.0438937	0.0336548	0.0537966	0.03816	0.0193116	0.0146253	0.0123509	0.0124426	0.0135743	0.00939867	0.00864809	0.00722439	0.00839274	0.0137423	0.00407419	0.00428753	0.00669781	0.0142837	0.00554202	0.00540724	0.00747495	0.01363	0.00768497	0.00850704	0.0111568	0.0172607	0.0121053	0.0131909	0.0158663	0.0122974	0.0123546	0.0132519	0.015156	0.0184209	0.0236538	0.0318838	0.045028	0.0660621	0.0959827	0.130237	0.164305	0.20396	0.223411	0.235742	0.240042	0.23988	0.240199	0.240244	0.24	0.240326	
52	0.031	8	task-0:0.205	|	0.233209	0.344406	0.136299	0.177012	0.0836896	0.0750343	0.0689868	0.0520152	0.0399722	0.0257865	0.0154095	0.00921307	0.00451671	0.00189555	0.00091919	0.000306415	8.37947e-005	1.73705e-005	4.92885e-006	5.4441e-006	6.22627e-007	1.70294e-006	5.7601e-007	1.73031e-007	2.00658e-007	8.34112e-008	4.84109e-008	3.40624e-008	1.59095e-008	6.51754e-009	2.42391e-009	7.57355e-010	1.8868e-010	3.5877e-011	4.96595e-012	4.86034e-013	0	0	0	0	0	0	0	0	0	0	0	0	0	0	0	0	
62	0.037	8	task-0:0.22	|	0.232198	0.564835	0.192411	0.350144	0.349719	0.157577	0.252647	0.252603	0.0735762	0.139681	0.120037	0.057876	0.0717901	0.0647774	0.0488944	0.0541124	0.0490857	0.0417479	0.038564	0.034602	0.0305284	0.0262145	0.0218138	0.0175235	0.0134235	0.00978398	0.00658302	0.00401901	0.00217514	0.00107708	0.000455182	0.000163732	3.46605e-005	3.19183e-005	5.32613e-006	1.75092e-006	5.09554e-007	6.75429e-007	1.07277e-007	5.4938e-008	2.47511e-008	9.38179e-009	3.04276e-009	2.01693e-009	2.53032e-010	9.67273e-011	1.41385e-011	3.08159e-012	9.53096e-013	5.44358e-013	1.13309e-009	6.92434e-014	1.35097e-013	1.32697e-013	4.31928e-014	1.7075e-012	1.7075e-012	2.96888e-014	2.96888e-014	6.9728e-014	7.55784e-014	2.661e-014	
