54	0.031	1	0	task-0:0.47	|	0.272136	0.224519	0.223731	0.227822	0.227824	0.222468	0.224511	0.224487	0.222454	0.22272	0.22272	0.222184	0.222591	0.222593	0.222256	0.222213	0.222218	0.222201	0.222207	0.22221	0.222215	0.222217	0.22222	0.222221	0.222222	0.222222	0.222222	0.222222	0.222222	0.222222	0.222222	0.222222	0.222222	0.222222	0.222222	0.222222	0.222222	0.222215	0.222083	0.216935	0.220176	0.22216	0.222201	0.222198	0.222186	0.222149	0.222014	0.221351	0.217096	0.220344	0.222087	0.22218	0.222194	0.2222	

75	0.016	1	0	task-0:0.47	|	0.272888	0.260563	0.260563	0.224484	0.286859	0.28487	0.233262	0.226399	0.226399	0.222972	0.222958	0.223046	0.222963	0.222595	0.22267	0.222705	0.222612	0.221462	0.217452	0.210027	0.202471	0.19766	0.195426	0.194067	0.192789	0.191559	0.189012	0.185477	0.182001	0.178078	0.173627	0.16877	0.163645	0.159405	0.157378	0.154075	0.150609	0.14935	0.150266	0.149973	0.14796	0.14799	0.148484	0.149271	0.149852	0.150883	0.152223	0.154156	0.156909	0.160947	0.166551	0.174243	0.184614	0.188965	0.191838	0.19335	0.196703	0.198742	0.199253	0.198707	0.197084	0.194561	0.191575	0.18898	0.187746	0.186969	0.18785	0.18785	0.187138	0.186768	0.186675	0.18672	0.18662	0.186379	0.1861	

75	0.062	1	0	task-0:0.47	|	0.272888	0.260563	0.260563	0.224484	0.286859	0.28487	0.233262	0.226399	0.226399	0.222972	0.222958	0.223046	0.222963	0.222595	0.22267	0.222705	0.222612	0.221462	0.217452	0.210027	0.202471	0.19766	0.195426	0.194067	0.192789	0.191559	0.189012	0.185477	0.182001	0.178078	0.173627	0.16877	0.163645	0.159405	0.157378	0.154075	0.150609	0.14935	0.150266	0.149973	0.14796	0.14799	0.148484	0.149271	0.149852	0.150883	0.152223	0.154156	0.156909	0.160947	0.166551	0.174243	0.184614	0.188965	0.191838	0.19335	0.196703	0.198742	0.199253	0.198707	0.197084	0.194561	0.191575	0.18898	0.187746	0.186969	0.18785	0.18785	0.187138	0.186768	0.186675	0.18672	0.18662	0.186379	0.1861	

75	0.063	1	0	task-0:0.47	|	0.272888	0.260563	0.260563	0.224484	0.286859	0.28487	0.233262	0.226399	0.226399	0.222972	0.222958	0.223046	0.222963	0.222595	0.22267	0.222705	0.222612	0.221462	0.217452	0.210027	0.202471	0.19766	0.195426	0.194067	0.192789	0.191559	0.189012	0.185477	0.182001	0.178078	0.173627	0.16877	0.163645	0.159405	0.157378	0.154075	0.150609	0.14935	0.150266	0.149973	0.14796	0.14799	0.148484	0.149271	0.149852	0.150883	0.152223	0.154156	0.156909	0.160947	0.166551	0.174243	0.184614	0.188965	0.191838	0.19335	0.196703	0.198742	0.199253	0.198707	0.197084	0.194561	0.191575	0.18898	0.187746	0.186969	0.18785	0.18785	0.187138	0.186768	0.186675	0.18672	0.18662	0.186379	0.1861	

59	0.016	1	0	task-0:0.47	|	0.39601	0.245285	0.237197	0.234351	0.222395	0.222442	0.22421	0.224056	0.222013	0.22248	0.222407	0.221626	0.221797	0.221796	0.221576	0.221649	0.221648	0.221564	0.221605	0.221643	0.221671	0.221749	0.221839	0.221928	0.222021	0.222101	0.222159	0.222193	0.222211	0.222219	0.222222	0.222222	0.222222	0.222222	0.222222	0.222222	0.222222	0.222222	0.222222	0.222222	0.222222	0.222222	0.222222	0.222222	0.222222	0.222222	0.222222	0.222222	0.222222	0.222222	0.222222	0.222222	0.222222	0.222222	0.222222	0.222222	0.222222	0.222222	0.222116	

56	0.031	1	0	task-0:0.47	|	0.23852	0.233569	0.232606	0.222221	0.242476	0.242473	0.226899	0.222257	0.222201	0.222772	0.222738	0.221952	0.221979	0.221885	0.221659	0.221691	0.22159	0.221358	0.22109	0.220684	0.22005	0.219048	0.218277	0.218555	0.219268	0.219753	0.219863	0.219919	0.220062	0.220292	0.220772	0.221186	0.221558	0.221849	0.222042	0.222133	0.222181	0.222201	0.222211	0.222216	0.222219	0.222222	0.222222	0.222222	0.222222	0.222218	0.222211	0.222177	0.221932	0.219085	0.221209	0.220374	0.217736	0.220733	0.220896	0.220771	

75	0.015	1	0	task-0:0.47	|	0.272888	0.260563	0.260563	0.224484	0.286859	0.28487	0.233262	0.226399	0.226399	0.222972	0.222958	0.223046	0.222963	0.222595	0.22267	0.222705	0.222612	0.221462	0.217452	0.210027	0.202471	0.19766	0.195426	0.194067	0.192789	0.191559	0.189012	0.185477	0.182001	0.178078	0.173627	0.16877	0.163645	0.159405	0.157378	0.154075	0.150609	0.14935	0.150266	0.149973	0.14796	0.14799	0.148484	0.149271	0.149852	0.150883	0.152223	0.154156	0.156909	0.160947	0.166551	0.174243	0.184614	0.188965	0.191838	0.19335	0.196703	0.198742	0.199253	0.198707	0.197084	0.194561	0.191575	0.18898	0.187746	0.186969	0.18785	0.18785	0.187138	0.186768	0.186675	0.18672	0.18662	0.186379	0.1861	

75	0.032	1	0	task-0:0.47	|	0.272888	0.260563	0.260563	0.224484	0.286859	0.28487	0.233262	0.226399	0.226399	0.222972	0.222958	0.223046	0.222963	0.222595	0.22267	0.222705	0.222612	0.221462	0.217452	0.210027	0.202471	0.19766	0.195426	0.194067	0.192789	0.191559	0.189012	0.185477	0.182001	0.178078	0.173627	0.16877	0.163645	0.159405	0.157378	0.154075	0.150609	0.14935	0.150266	0.149973	0.14796	0.14799	0.148484	0.149271	0.149852	0.150883	0.152223	0.154156	0.156909	0.160947	0.166551	0.174243	0.184614	0.188965	0.191838	0.19335	0.196703	0.198742	0.199253	0.198707	0.197084	0.194561	0.191575	0.18898	0.187746	0.186969	0.18785	0.18785	0.187138	0.186768	0.186675	0.18672	0.18662	0.186379	0.1861	

75	0.031	1	0	task-0:0.47	|	0.272888	0.260563	0.260563	0.224484	0.286859	0.28487	0.233262	0.226399	0.226399	0.222972	0.222958	0.223046	0.222963	0.222595	0.22267	0.222705	0.222612	0.221462	0.217452	0.210027	0.202471	0.19766	0.195426	0.194067	0.192789	0.191559	0.189012	0.185477	0.182001	0.178078	0.173627	0.16877	0.163645	0.159405	0.157378	0.154075	0.150609	0.14935	0.150266	0.149973	0.14796	0.14799	0.148484	0.149271	0.149852	0.150883	0.152223	0.154156	0.156909	0.160947	0.166551	0.174243	0.184614	0.188965	0.191838	0.19335	0.196703	0.198742	0.199253	0.198707	0.197084	0.194561	0.191575	0.18898	0.187746	0.186969	0.18785	0.18785	0.187138	0.186768	0.186675	0.18672	0.18662	0.186379	0.1861	

75	0.031	1	0	task-0:0.47	|	0.272888	0.260563	0.260563	0.224484	0.286859	0.28487	0.233262	0.226399	0.226399	0.222972	0.222958	0.223046	0.222963	0.222595	0.22267	0.222705	0.222612	0.221462	0.217452	0.210027	0.202471	0.19766	0.195426	0.194067	0.192789	0.191559	0.189012	0.185477	0.182001	0.178078	0.173627	0.16877	0.163645	0.159405	0.157378	0.154075	0.150609	0.14935	0.150266	0.149973	0.14796	0.14799	0.148484	0.149271	0.149852	0.150883	0.152223	0.154156	0.156909	0.160947	0.166551	0.174243	0.184614	0.188965	0.191838	0.19335	0.196703	0.198742	0.199253	0.198707	0.197084	0.194561	0.191575	0.18898	0.187746	0.186969	0.18785	0.18785	0.187138	0.186768	0.186675	0.18672	0.18662	0.186379	0.1861	

75	0.016	1	0	task-0:0.47	|	0.272888	0.260563	0.260563	0.224484	0.286859	0.28487	0.233262	0.226399	0.226399	0.222972	0.222958	0.223046	0.222963	0.222595	0.22267	0.222705	0.222612	0.221462	0.217452	0.210027	0.202471	0.19766	0.195426	0.194067	0.192789	0.191559	0.189012	0.185477	0.182001	0.178078	0.173627	0.16877	0.163645	0.159405	0.157378	0.154075	0.150609	0.14935	0.150266	0.149973	0.14796	0.14799	0.148484	0.149271	0.149852	0.150883	0.152223	0.154156	0.156909	0.160947	0.166551	0.174243	0.184614	0.188965	0.191838	0.19335	0.196703	0.198742	0.199253	0.198707	0.197084	0.194561	0.191575	0.18898	0.187746	0.186969	0.18785	0.18785	0.187138	0.186768	0.186675	0.18672	0.18662	0.186379	0.1861	

75	0.016	1	0	task-0:0.47	|	0.272888	0.260563	0.260563	0.224484	0.286859	0.28487	0.233262	0.226399	0.226399	0.222972	0.222958	0.223046	0.222963	0.222595	0.22267	0.222705	0.222612	0.221462	0.217452	0.210027	0.202471	0.19766	0.195426	0.194067	0.192789	0.191559	0.189012	0.185477	0.182001	0.178078	0.173627	0.16877	0.163645	0.159405	0.157378	0.154075	0.150609	0.14935	0.150266	0.149973	0.14796	0.14799	0.148484	0.149271	0.149852	0.150883	0.152223	0.154156	0.156909	0.160947	0.166551	0.174243	0.184614	0.188965	0.191838	0.19335	0.196703	0.198742	0.199253	0.198707	0.197084	0.194561	0.191575	0.18898	0.187746	0.186969	0.18785	0.18785	0.187138	0.186768	0.186675	0.18672	0.18662	0.186379	0.1861	

53	0.031	1	0	task-0:0.47	|	0.280837	0.223701	0.223675	0.227802	0.227791	0.222348	0.224026	0.223955	0.222156	0.222582	0.222582	0.221976	0.222255	0.222268	0.222019	0.222057	0.22209	0.222088	0.222119	0.222151	0.222178	0.222196	0.22221	0.222217	0.22222	0.222221	0.222222	0.222222	0.222222	0.222222	0.222222	0.222222	0.222222	0.222222	0.222222	0.222222	0.222218	0.222179	0.221356	0.210048	0.213461	0.221853	0.222104	0.222094	0.222047	0.221904	0.22141	0.219257	0.221254	0.221173	0.220775	0.219595	0.221388	

75	0.016	1	0	task-0:0.47	|	0.272888	0.260563	0.260563	0.224484	0.286859	0.28487	0.233262	0.226399	0.226399	0.222972	0.222958	0.223046	0.222963	0.222595	0.22267	0.222705	0.222612	0.221462	0.217452	0.210027	0.202471	0.19766	0.195426	0.194067	0.192789	0.191559	0.189012	0.185477	0.182001	0.178078	0.173627	0.16877	0.163645	0.159405	0.157378	0.154075	0.150609	0.14935	0.150266	0.149973	0.14796	0.14799	0.148484	0.149271	0.149852	0.150883	0.152223	0.154156	0.156909	0.160947	0.166551	0.174243	0.184614	0.188965	0.191838	0.19335	0.196703	0.198742	0.199253	0.198707	0.197084	0.194561	0.191575	0.18898	0.187746	0.186969	0.18785	0.18785	0.187138	0.186768	0.186675	0.18672	0.18662	0.186379	0.1861	

75	0.031	1	0	task-0:0.47	|	0.272888	0.260563	0.260563	0.224484	0.286859	0.28487	0.233262	0.226399	0.226399	0.222972	0.222958	0.223046	0.222963	0.222595	0.22267	0.222705	0.222612	0.221462	0.217452	0.210027	0.202471	0.19766	0.195426	0.194067	0.192789	0.191559	0.189012	0.185477	0.182001	0.178078	0.173627	0.16877	0.163645	0.159405	0.157378	0.154075	0.150609	0.14935	0.150266	0.149973	0.14796	0.14799	0.148484	0.149271	0.149852	0.150883	0.152223	0.154156	0.156909	0.160947	0.166551	0.174243	0.184614	0.188965	0.191838	0.19335	0.196703	0.198742	0.199253	0.198707	0.197084	0.194561	0.191575	0.18898	0.187746	0.186969	0.18785	0.18785	0.187138	0.186768	0.186675	0.18672	0.18662	0.186379	0.1861	

75	0.031	1	0	task-0:0.47	|	0.272888	0.260563	0.260563	0.224484	0.286859	0.28487	0.233262	0.226399	0.226399	0.222972	0.222958	0.223046	0.222963	0.222595	0.22267	0.222705	0.222612	0.221462	0.217452	0.210027	0.202471	0.19766	0.195426	0.194067	0.192789	0.191559	0.189012	0.185477	0.182001	0.178078	0.173627	0.16877	0.163645	0.159405	0.157378	0.154075	0.150609	0.14935	0.150266	0.149973	0.14796	0.14799	0.148484	0.149271	0.149852	0.150883	0.152223	0.154156	0.156909	0.160947	0.166551	0.174243	0.184614	0.188965	0.191838	0.19335	0.196703	0.198742	0.199253	0.198707	0.197084	0.194561	0.191575	0.18898	0.187746	0.186969	0.18785	0.18785	0.187138	0.186768	0.186675	0.18672	0.18662	0.186379	0.1861	

60	0.032	1	0	task-0:0.47	|	0.31615	0.223726	0.222721	0.230907	0.230901	0.223339	0.223318	0.223318	0.222223	0.223855	0.223855	0.222606	0.222244	0.222244	0.222276	0.222276	0.222224	0.222256	0.222255	0.222204	0.221802	0.214282	0.209761	0.209513	0.214969	0.21894	0.218009	0.215728	0.21163	0.216527	0.216935	0.216511	0.214943	0.211884	0.217087	0.218009	0.218246	0.217746	0.216127	0.21981	0.220485	0.220778	0.220778	0.220421	0.219364	0.216553	0.220069	0.220361	0.220296	0.219809	0.218461	0.215123	0.219551	0.22002	0.220056	0.219581	0.218142	0.214552	0.219351	0.219844	

60	0.015	1	0	task-0:0.47	|	0.31615	0.223726	0.222721	0.230907	0.230901	0.223339	0.223318	0.223318	0.222223	0.223855	0.223855	0.222606	0.222244	0.222244	0.222276	0.222276	0.222224	0.222256	0.222255	0.222204	0.221802	0.214282	0.209761	0.209513	0.214969	0.21894	0.218009	0.215728	0.21163	0.216527	0.216935	0.216511	0.214943	0.211884	0.217087	0.218009	0.218246	0.217746	0.216127	0.21981	0.220485	0.220778	0.220778	0.220421	0.219364	0.216553	0.220069	0.220361	0.220296	0.219809	0.218461	0.215123	0.219551	0.22002	0.220056	0.219581	0.218142	0.214552	0.219351	0.219844	

60	0.016	1	0	task-0:0.47	|	0.31615	0.223726	0.222721	0.230907	0.230901	0.223339	0.223318	0.223318	0.222223	0.223855	0.223855	0.222606	0.222244	0.222244	0.222276	0.222276	0.222224	0.222256	0.222255	0.222204	0.221802	0.214282	0.209761	0.209513	0.214969	0.21894	0.218009	0.215728	0.21163	0.216527	0.216935	0.216511	0.214943	0.211884	0.217087	0.218009	0.218246	0.217746	0.216127	0.21981	0.220485	0.220778	0.220778	0.220421	0.219364	0.216553	0.220069	0.220361	0.220296	0.219809	0.218461	0.215123	0.219551	0.22002	0.220056	0.219581	0.218142	0.214552	0.219351	0.219844	

84	0.031	1	0	task-0:0.47	|	0.230167	0.243138	0.242446	0.22499	0.228999	0.228992	0.222359	0.226391	0.226391	0.222993	0.222618	0.222618	0.222241	0.222241	0.222281	0.222281	0.222225	0.222253	0.222253	0.222226	0.222228	0.222228	0.222222	0.222228	0.222228	0.22221	0.22158	0.205742	0.201463	0.196668	0.188826	0.206381	0.206584	0.199199	0.18928	0.191544	0.200112	0.20347	0.204757	0.205851	0.207545	0.208186	0.208316	0.208341	0.208343	0.208334	0.208337	0.209171	0.217101	0.219681	0.220337	0.22102	0.221432	0.221484	0.221249	0.220652	0.219315	0.216117	0.219803	0.220034	0.219886	0.219163	0.217279	0.220455	0.220925	0.221098	0.221042	0.220678	0.219644	0.216766	0.220302	0.22058	0.220517	0.219999	0.218494	0.221008	0.221336	0.221454	0.221401	0.221098	0.220179	0.217315	0.220578	0.220752	

60	0.015	1	0	task-0:0.47	|	0.31615	0.223726	0.222721	0.230907	0.230901	0.223339	0.223318	0.223318	0.222223	0.223855	0.223855	0.222606	0.222244	0.222244	0.222276	0.222276	0.222224	0.222256	0.222255	0.222204	0.221802	0.214282	0.209761	0.209513	0.214969	0.21894	0.218009	0.215728	0.21163	0.216527	0.216935	0.216511	0.214943	0.211884	0.217087	0.218009	0.218246	0.217746	0.216127	0.21981	0.220485	0.220778	0.220778	0.220421	0.219364	0.216553	0.220069	0.220361	0.220296	0.219809	0.218461	0.215123	0.219551	0.22002	0.220056	0.219581	0.218142	0.214552	0.219351	0.219844	

84	0.016	1	0	task-0:0.47	|	0.230167	0.243138	0.242446	0.22499	0.228999	0.228992	0.222359	0.226391	0.226391	0.222993	0.222618	0.222618	0.222241	0.222241	0.222281	0.222281	0.222225	0.222253	0.222253	0.222226	0.222228	0.222228	0.222222	0.222228	0.222228	0.22221	0.22158	0.205742	0.201463	0.196668	0.188826	0.206381	0.206584	0.199199	0.18928	0.191544	0.200112	0.20347	0.204757	0.205851	0.207545	0.208186	0.208316	0.208341	0.208343	0.208334	0.208337	0.209171	0.217101	0.219681	0.220337	0.22102	0.221432	0.221484	0.221249	0.220652	0.219315	0.216117	0.219803	0.220034	0.219886	0.219163	0.217279	0.220455	0.220925	0.221098	0.221042	0.220678	0.219644	0.216766	0.220302	0.22058	0.220517	0.219999	0.218494	0.221008	0.221336	0.221454	0.221401	0.221098	0.220179	0.217315	0.220578	0.220752	

63	0.031	1	0	task-0:0.47	|	0.223035	0.30394	0.298767	0.2454	0.222271	0.239647	0.239621	0.226781	0.222761	0.222752	0.222702	0.222695	0.222139	0.222984	0.222974	0.222318	0.22211	0.2221	0.222112	0.222101	0.222061	0.222068	0.222068	0.22206	0.222073	0.222091	0.222111	0.222139	0.222164	0.222177	0.222182	0.222179	0.222163	0.222117	0.221962	0.221307	0.217716	0.220604	0.220124	0.218762	0.221064	0.221376	0.221493	0.221457	0.221205	0.220448	0.218104	0.220854	0.221029	0.220944	0.220478	0.219104	0.22123	0.22148	0.221558	0.221484	0.22116	0.220172	0.216985	0.220452	0.220581	0.220334	0.219431	

57	0.016	1	0	task-0:0.47	|	0.443496	0.236282	0.247503	0.240691	0.221529	0.247144	0.243506	0.218917	0.217964	0.217251	0.212322	0.210701	0.20642	0.202508	0.198199	0.192612	0.186531	0.180154	0.172932	0.16538	0.164306	0.166776	0.171355	0.177867	0.187476	0.18639	0.193231	0.195984	0.197564	0.196857	0.195109	0.195167	0.195167	0.194817	0.195239	0.195239	0.194918	0.194496	0.194373	0.194464	0.194335	0.194206	0.194129	0.193969	0.193925	0.193957	0.193952	0.193924	0.193892	0.193854	0.193809	0.193757	0.193698	0.193647	0.193713	0.193846	0.194008	

60	0.016	1	0	task-0:0.47	|	0.31615	0.223726	0.222721	0.230907	0.230901	0.223339	0.223318	0.223318	0.222223	0.223855	0.223855	0.222606	0.222244	0.222244	0.222276	0.222276	0.222224	0.222256	0.222255	0.222204	0.221802	0.214282	0.209761	0.209513	0.214969	0.21894	0.218009	0.215728	0.21163	0.216527	0.216935	0.216511	0.214943	0.211884	0.217087	0.218009	0.218246	0.217746	0.216127	0.21981	0.220485	0.220778	0.220778	0.220421	0.219364	0.216553	0.220069	0.220361	0.220296	0.219809	0.218461	0.215123	0.219551	0.22002	0.220056	0.219581	0.218142	0.214552	0.219351	0.219844	

65	0.015	1	0	task-0:0.47	|	0.300293	0.24592	0.24592	0.225217	0.225301	0.223728	0.221366	0.21722	0.21288	0.20658	0.201167	0.196546	0.19318	0.189456	0.184892	0.180234	0.172834	0.166629	0.162524	0.158832	0.156635	0.155272	0.154648	0.154841	0.155986	0.156903	0.158397	0.160616	0.162701	0.166288	0.172903	0.180454	0.187114	0.187247	0.190243	0.190243	0.186856	0.18759	0.187551	0.186648	0.187086	0.187086	0.186638	0.186633	0.186786	0.186784	0.18669	0.186782	0.186851	0.186891	0.186885	0.186854	0.186874	0.186889	0.186921	0.186962	0.187013	0.187078	0.187166	0.187306	0.187477	0.187699	0.18785	0.187996	0.188234	

57	0.016	1	0	task-0:0.47	|	0.353033	0.221336	0.217007	0.22103	0.217684	0.216285	0.218893	0.215193	0.208976	0.207853	0.20906	0.209449	0.211185	0.211461	0.210802	0.210562	0.210513	0.210681	0.211085	0.211815	0.212951	0.21456	0.216147	0.217229	0.217499	0.216943	0.215267	0.219381	0.220176	0.220579	0.221648	0.221926	0.222058	0.222167	0.222208	0.222217	0.222222	0.222222	0.222222	0.222222	0.222222	0.222222	0.222222	0.222222	0.222222	0.222222	0.222222	0.222222	0.222222	0.222222	0.222222	0.222222	0.222222	0.222222	0.222222	0.222222	0.222212	

58	0.015	1	0	task-0:0.47	|	0.247791	0.233707	0.232052	0.222231	0.22223	0.224726	0.224711	0.22278	0.222283	0.222283	0.222264	0.222264	0.222205	0.222206	0.22222	0.222221	0.222211	0.222211	0.222214	0.222216	0.222218	0.22222	0.222221	0.222222	0.222222	0.222222	0.222222	0.222222	0.222222	0.222222	0.222222	0.222222	0.222222	0.222222	0.222222	0.222222	0.222222	0.22222	0.222169	0.219936	0.221412	0.219249	0.221145	0.220979	0.220408	0.218804	0.220964	0.221175	0.221214	0.221053	0.220519	0.219017	0.221139	0.221372	0.221431	0.221313	0.220883	0.219606	

54	0.016	1	0	task-0:0.47	|	0.222457	0.253431	0.243901	0.236181	0.225757	0.222594	0.223499	0.222701	0.221907	0.22176	0.221532	0.221114	0.220342	0.219232	0.217285	0.213978	0.209739	0.207101	0.206632	0.206738	0.206958	0.207204	0.207481	0.207756	0.207986	0.208148	0.208248	0.208302	0.208334	0.208333	0.208333	0.208333	0.208333	0.208333	0.211263	0.217689	0.21631	0.213087	0.20905	0.210826	0.209286	0.209952	0.211784	0.210655	0.209451	0.208451	0.213419	0.21436	0.213526	0.21137	0.209351	0.208408	0.211934	0.213848	

54	0.016	1	0	task-0:0.47	|	0.230609	0.255393	0.247689	0.227376	0.225702	0.225701	0.222318	0.222318	0.222791	0.222791	0.222269	0.222393	0.222393	0.222233	0.2223	0.2223	0.22223	0.222242	0.222242	0.222223	0.222235	0.222235	0.222224	0.222224	0.222224	0.222222	0.222222	0.222222	0.222221	0.222213	0.222133	0.220901	0.210473	0.213186	0.221515	0.221984	0.222003	0.221976	0.221872	0.221567	0.220544	0.216579	0.219978	0.219632	0.218515	0.220848	0.22123	0.221395	0.221401	0.221218	0.220661	0.219054	0.221068	0.221258	

60	0.015	1	0	task-0:0.47	|	0.31615	0.223726	0.222721	0.230907	0.230901	0.223339	0.223318	0.223318	0.222223	0.223855	0.223855	0.222606	0.222244	0.222244	0.222276	0.222276	0.222224	0.222256	0.222255	0.222204	0.221802	0.214282	0.209761	0.209513	0.214969	0.21894	0.218009	0.215728	0.21163	0.216527	0.216935	0.216511	0.214943	0.211884	0.217087	0.218009	0.218246	0.217746	0.216127	0.21981	0.220485	0.220778	0.220778	0.220421	0.219364	0.216553	0.220069	0.220361	0.220296	0.219809	0.218461	0.215123	0.219551	0.22002	0.220056	0.219581	0.218142	0.214552	0.219351	0.219844	

65	0.032	1	0	task-0:0.47	|	0.300293	0.24592	0.24592	0.225217	0.225301	0.223728	0.221366	0.21722	0.21288	0.20658	0.201167	0.196546	0.19318	0.189456	0.184892	0.180234	0.172834	0.166629	0.162524	0.158832	0.156635	0.155272	0.154648	0.154841	0.155986	0.156903	0.158397	0.160616	0.162701	0.166288	0.172903	0.180454	0.187114	0.187247	0.190243	0.190243	0.186856	0.18759	0.187551	0.186648	0.187086	0.187086	0.186638	0.186633	0.186786	0.186784	0.18669	0.186782	0.186851	0.186891	0.186885	0.186854	0.186874	0.186889	0.186921	0.186962	0.187013	0.187078	0.187166	0.187306	0.187477	0.187699	0.18785	0.187996	0.188234	

58	0.015	1	0	task-0:0.47	|	0.247791	0.233707	0.232052	0.222231	0.22223	0.224726	0.224711	0.22278	0.222283	0.222283	0.222264	0.222264	0.222205	0.222206	0.22222	0.222221	0.222211	0.222211	0.222214	0.222216	0.222218	0.22222	0.222221	0.222222	0.222222	0.222222	0.222222	0.222222	0.222222	0.222222	0.222222	0.222222	0.222222	0.222222	0.222222	0.222222	0.222222	0.22222	0.222169	0.219936	0.221412	0.219249	0.221145	0.220979	0.220408	0.218804	0.220964	0.221175	0.221214	0.221053	0.220519	0.219017	0.221139	0.221372	0.221431	0.221313	0.220883	0.219606	

60	0.016	1	0	task-0:0.47	|	0.31615	0.223726	0.222721	0.230907	0.230901	0.223339	0.223318	0.223318	0.222223	0.223855	0.223855	0.222606	0.222244	0.222244	0.222276	0.222276	0.222224	0.222256	0.222255	0.222204	0.221802	0.214282	0.209761	0.209513	0.214969	0.21894	0.218009	0.215728	0.21163	0.216527	0.216935	0.216511	0.214943	0.211884	0.217087	0.218009	0.218246	0.217746	0.216127	0.21981	0.220485	0.220778	0.220778	0.220421	0.219364	0.216553	0.220069	0.220361	0.220296	0.219809	0.218461	0.215123	0.219551	0.22002	0.220056	0.219581	0.218142	0.214552	0.219351	0.219844	

65	0.015	1	0	task-0:0.47	|	0.300293	0.24592	0.24592	0.225217	0.225301	0.223728	0.221366	0.21722	0.21288	0.20658	0.201167	0.196546	0.19318	0.189456	0.184892	0.180234	0.172834	0.166629	0.162524	0.158832	0.156635	0.155272	0.154648	0.154841	0.155986	0.156903	0.158397	0.160616	0.162701	0.166288	0.172903	0.180454	0.187114	0.187247	0.190243	0.190243	0.186856	0.18759	0.187551	0.186648	0.187086	0.187086	0.186638	0.186633	0.186786	0.186784	0.18669	0.186782	0.186851	0.186891	0.186885	0.186854	0.186874	0.186889	0.186921	0.186962	0.187013	0.187078	0.187166	0.187306	0.187477	0.187699	0.18785	0.187996	0.188234	

55	0.032	1	0	task-0:0.47	|	0.29922	0.2222	0.222153	0.234572	0.234255	0.222937	0.217284	0.215563	0.215679	0.21429	0.20716	0.198771	0.196227	0.196691	0.199198	0.198611	0.197238	0.197457	0.19951	0.201526	0.203578	0.205364	0.206725	0.207607	0.208073	0.208269	0.208348	0.208452	0.209137	0.211226	0.215074	0.217314	0.218834	0.220152	0.221105	0.22157	0.221937	0.222079	0.222155	0.222184	0.222202	0.222209	0.222209	0.222209	0.222204	0.222189	0.222142	0.221917	0.220399	0.21126	0.216945	0.221938	0.222143	0.222163	0.222168	

60	0.015	1	0	task-0:0.47	|	0.31615	0.223726	0.222721	0.230907	0.230901	0.223339	0.223318	0.223318	0.222223	0.223855	0.223855	0.222606	0.222244	0.222244	0.222276	0.222276	0.222224	0.222256	0.222255	0.222204	0.221802	0.214282	0.209761	0.209513	0.214969	0.21894	0.218009	0.215728	0.21163	0.216527	0.216935	0.216511	0.214943	0.211884	0.217087	0.218009	0.218246	0.217746	0.216127	0.21981	0.220485	0.220778	0.220778	0.220421	0.219364	0.216553	0.220069	0.220361	0.220296	0.219809	0.218461	0.215123	0.219551	0.22002	0.220056	0.219581	0.218142	0.214552	0.219351	0.219844	

65	0.016	1	0	task-0:0.47	|	0.300293	0.24592	0.24592	0.225217	0.225301	0.223728	0.221366	0.21722	0.21288	0.20658	0.201167	0.196546	0.19318	0.189456	0.184892	0.180234	0.172834	0.166629	0.162524	0.158832	0.156635	0.155272	0.154648	0.154841	0.155986	0.156903	0.158397	0.160616	0.162701	0.166288	0.172903	0.180454	0.187114	0.187247	0.190243	0.190243	0.186856	0.18759	0.187551	0.186648	0.187086	0.187086	0.186638	0.186633	0.186786	0.186784	0.18669	0.186782	0.186851	0.186891	0.186885	0.186854	0.186874	0.186889	0.186921	0.186962	0.187013	0.187078	0.187166	0.187306	0.187477	0.187699	0.18785	0.187996	0.188234	

58	0.016	1	0	task-0:0.47	|	0.247791	0.233707	0.232052	0.222231	0.22223	0.224726	0.224711	0.22278	0.222283	0.222283	0.222264	0.222264	0.222205	0.222206	0.22222	0.222221	0.222211	0.222211	0.222214	0.222216	0.222218	0.22222	0.222221	0.222222	0.222222	0.222222	0.222222	0.222222	0.222222	0.222222	0.222222	0.222222	0.222222	0.222222	0.222222	0.222222	0.222222	0.22222	0.222169	0.219936	0.221412	0.219249	0.221145	0.220979	0.220408	0.218804	0.220964	0.221175	0.221214	0.221053	0.220519	0.219017	0.221139	0.221372	0.221431	0.221313	0.220883	0.219606	

60	0.015	1	0	task-0:0.47	|	0.31615	0.223726	0.222721	0.230907	0.230901	0.223339	0.223318	0.223318	0.222223	0.223855	0.223855	0.222606	0.222244	0.222244	0.222276	0.222276	0.222224	0.222256	0.222255	0.222204	0.221802	0.214282	0.209761	0.209513	0.214969	0.21894	0.218009	0.215728	0.21163	0.216527	0.216935	0.216511	0.214943	0.211884	0.217087	0.218009	0.218246	0.217746	0.216127	0.21981	0.220485	0.220778	0.220778	0.220421	0.219364	0.216553	0.220069	0.220361	0.220296	0.219809	0.218461	0.215123	0.219551	0.22002	0.220056	0.219581	0.218142	0.214552	0.219351	0.219844	

65	0.031	1	0	task-0:0.47	|	0.300293	0.24592	0.24592	0.225217	0.225301	0.223728	0.221366	0.21722	0.21288	0.20658	0.201167	0.196546	0.19318	0.189456	0.184892	0.180234	0.172834	0.166629	0.162524	0.158832	0.156635	0.155272	0.154648	0.154841	0.155986	0.156903	0.158397	0.160616	0.162701	0.166288	0.172903	0.180454	0.187114	0.187247	0.190243	0.190243	0.186856	0.18759	0.187551	0.186648	0.187086	0.187086	0.186638	0.186633	0.186786	0.186784	0.18669	0.186782	0.186851	0.186891	0.186885	0.186854	0.186874	0.186889	0.186921	0.186962	0.187013	0.187078	0.187166	0.187306	0.187477	0.187699	0.18785	0.187996	0.188234	

58	0.016	1	0	task-0:0.47	|	0.247791	0.233707	0.232052	0.222231	0.22223	0.224726	0.224711	0.22278	0.222283	0.222283	0.222264	0.222264	0.222205	0.222206	0.22222	0.222221	0.222211	0.222211	0.222214	0.222216	0.222218	0.22222	0.222221	0.222222	0.222222	0.222222	0.222222	0.222222	0.222222	0.222222	0.222222	0.222222	0.222222	0.222222	0.222222	0.222222	0.222222	0.22222	0.222169	0.219936	0.221412	0.219249	0.221145	0.220979	0.220408	0.218804	0.220964	0.221175	0.221214	0.221053	0.220519	0.219017	0.221139	0.221372	0.221431	0.221313	0.220883	0.219606	

60	0.016	1	0	task-0:0.47	|	0.31615	0.223726	0.222721	0.230907	0.230901	0.223339	0.223318	0.223318	0.222223	0.223855	0.223855	0.222606	0.222244	0.222244	0.222276	0.222276	0.222224	0.222256	0.222255	0.222204	0.221802	0.214282	0.209761	0.209513	0.214969	0.21894	0.218009	0.215728	0.21163	0.216527	0.216935	0.216511	0.214943	0.211884	0.217087	0.218009	0.218246	0.217746	0.216127	0.21981	0.220485	0.220778	0.220778	0.220421	0.219364	0.216553	0.220069	0.220361	0.220296	0.219809	0.218461	0.215123	0.219551	0.22002	0.220056	0.219581	0.218142	0.214552	0.219351	0.219844	

65	0.015	1	0	task-0:0.47	|	0.300293	0.24592	0.24592	0.225217	0.225301	0.223728	0.221366	0.21722	0.21288	0.20658	0.201167	0.196546	0.19318	0.189456	0.184892	0.180234	0.172834	0.166629	0.162524	0.158832	0.156635	0.155272	0.154648	0.154841	0.155986	0.156903	0.158397	0.160616	0.162701	0.166288	0.172903	0.180454	0.187114	0.187247	0.190243	0.190243	0.186856	0.18759	0.187551	0.186648	0.187086	0.187086	0.186638	0.186633	0.186786	0.186784	0.18669	0.186782	0.186851	0.186891	0.186885	0.186854	0.186874	0.186889	0.186921	0.186962	0.187013	0.187078	0.187166	0.187306	0.187477	0.187699	0.18785	0.187996	0.188234	

58	0.032	1	0	task-0:0.47	|	0.247791	0.233707	0.232052	0.222231	0.22223	0.224726	0.224711	0.22278	0.222283	0.222283	0.222264	0.222264	0.222205	0.222206	0.22222	0.222221	0.222211	0.222211	0.222214	0.222216	0.222218	0.22222	0.222221	0.222222	0.222222	0.222222	0.222222	0.222222	0.222222	0.222222	0.222222	0.222222	0.222222	0.222222	0.222222	0.222222	0.222222	0.22222	0.222169	0.219936	0.221412	0.219249	0.221145	0.220979	0.220408	0.218804	0.220964	0.221175	0.221214	0.221053	0.220519	0.219017	0.221139	0.221372	0.221431	0.221313	0.220883	0.219606	

60	0.015	1	0	task-0:0.47	|	0.31615	0.223726	0.222721	0.230907	0.230901	0.223339	0.223318	0.223318	0.222223	0.223855	0.223855	0.222606	0.222244	0.222244	0.222276	0.222276	0.222224	0.222256	0.222255	0.222204	0.221802	0.214282	0.209761	0.209513	0.214969	0.21894	0.218009	0.215728	0.21163	0.216527	0.216935	0.216511	0.214943	0.211884	0.217087	0.218009	0.218246	0.217746	0.216127	0.21981	0.220485	0.220778	0.220778	0.220421	0.219364	0.216553	0.220069	0.220361	0.220296	0.219809	0.218461	0.215123	0.219551	0.22002	0.220056	0.219581	0.218142	0.214552	0.219351	0.219844	

55	0.016	1	0	task-0:0.47	|	0.220045	0.292228	0.278582	0.210853	0.214425	0.212416	0.208779	0.206117	0.204034	0.203025	0.20225	0.199398	0.19625	0.192892	0.189476	0.186175	0.182473	0.181303	0.179492	0.177938	0.177571	0.178435	0.180455	0.17973	0.179972	0.18093	0.182235	0.183861	0.185868	0.188038	0.190653	0.193973	0.197989	0.202034	0.201716	0.200273	0.199552	0.198268	0.196827	0.196116	0.19564	0.196011	0.196678	0.196877	0.197104	0.197288	0.197265	0.197459	0.197633	0.197807	0.198037	0.198024	0.198133	0.198267	0.198437	

58	0.015	1	0	task-0:0.47	|	0.247791	0.233707	0.232052	0.222231	0.22223	0.224726	0.224711	0.22278	0.222283	0.222283	0.222264	0.222264	0.222205	0.222206	0.22222	0.222221	0.222211	0.222211	0.222214	0.222216	0.222218	0.22222	0.222221	0.222222	0.222222	0.222222	0.222222	0.222222	0.222222	0.222222	0.222222	0.222222	0.222222	0.222222	0.222222	0.222222	0.222222	0.22222	0.222169	0.219936	0.221412	0.219249	0.221145	0.220979	0.220408	0.218804	0.220964	0.221175	0.221214	0.221053	0.220519	0.219017	0.221139	0.221372	0.221431	0.221313	0.220883	0.219606	

60	0.016	1	0	task-0:0.47	|	0.31615	0.223726	0.222721	0.230907	0.230901	0.223339	0.223318	0.223318	0.222223	0.223855	0.223855	0.222606	0.222244	0.222244	0.222276	0.222276	0.222224	0.222256	0.222255	0.222204	0.221802	0.214282	0.209761	0.209513	0.214969	0.21894	0.218009	0.215728	0.21163	0.216527	0.216935	0.216511	0.214943	0.211884	0.217087	0.218009	0.218246	0.217746	0.216127	0.21981	0.220485	0.220778	0.220778	0.220421	0.219364	0.216553	0.220069	0.220361	0.220296	0.219809	0.218461	0.215123	0.219551	0.22002	0.220056	0.219581	0.218142	0.214552	0.219351	0.219844	

65	0.031	1	0	task-0:0.47	|	0.300293	0.24592	0.24592	0.225217	0.225301	0.223728	0.221366	0.21722	0.21288	0.20658	0.201167	0.196546	0.19318	0.189456	0.184892	0.180234	0.172834	0.166629	0.162524	0.158832	0.156635	0.155272	0.154648	0.154841	0.155986	0.156903	0.158397	0.160616	0.162701	0.166288	0.172903	0.180454	0.187114	0.187247	0.190243	0.190243	0.186856	0.18759	0.187551	0.186648	0.187086	0.187086	0.186638	0.186633	0.186786	0.186784	0.18669	0.186782	0.186851	0.186891	0.186885	0.186854	0.186874	0.186889	0.186921	0.186962	0.187013	0.187078	0.187166	0.187306	0.187477	0.187699	0.18785	0.187996	0.188234	

58	0.016	1	0	task-0:0.47	|	0.247791	0.233707	0.232052	0.222231	0.22223	0.224726	0.224711	0.22278	0.222283	0.222283	0.222264	0.222264	0.222205	0.222206	0.22222	0.222221	0.222211	0.222211	0.222214	0.222216	0.222218	0.22222	0.222221	0.222222	0.222222	0.222222	0.222222	0.222222	0.222222	0.222222	0.222222	0.222222	0.222222	0.222222	0.222222	0.222222	0.222222	0.22222	0.222169	0.219936	0.221412	0.219249	0.221145	0.220979	0.220408	0.218804	0.220964	0.221175	0.221214	0.221053	0.220519	0.219017	0.221139	0.221372	0.221431	0.221313	0.220883	0.219606	

60	0.016	1	0	task-0:0.47	|	0.31615	0.223726	0.222721	0.230907	0.230901	0.223339	0.223318	0.223318	0.222223	0.223855	0.223855	0.222606	0.222244	0.222244	0.222276	0.222276	0.222224	0.222256	0.222255	0.222204	0.221802	0.214282	0.209761	0.209513	0.214969	0.21894	0.218009	0.215728	0.21163	0.216527	0.216935	0.216511	0.214943	0.211884	0.217087	0.218009	0.218246	0.217746	0.216127	0.21981	0.220485	0.220778	0.220778	0.220421	0.219364	0.216553	0.220069	0.220361	0.220296	0.219809	0.218461	0.215123	0.219551	0.22002	0.220056	0.219581	0.218142	0.214552	0.219351	0.219844	

55	0.015	1	0	task-0:0.47	|	0.220045	0.292228	0.278582	0.210853	0.214425	0.212416	0.208779	0.206117	0.204034	0.203025	0.20225	0.199398	0.19625	0.192892	0.189476	0.186175	0.182473	0.181303	0.179492	0.177938	0.177571	0.178435	0.180455	0.17973	0.179972	0.18093	0.182235	0.183861	0.185868	0.188038	0.190653	0.193973	0.197989	0.202034	0.201716	0.200273	0.199552	0.198268	0.196827	0.196116	0.19564	0.196011	0.196678	0.196877	0.197104	0.197288	0.197265	0.197459	0.197633	0.197807	0.198037	0.198024	0.198133	0.198267	0.198437	

58	0.016	1	0	task-0:0.47	|	0.247791	0.233707	0.232052	0.222231	0.22223	0.224726	0.224711	0.22278	0.222283	0.222283	0.222264	0.222264	0.222205	0.222206	0.22222	0.222221	0.222211	0.222211	0.222214	0.222216	0.222218	0.22222	0.222221	0.222222	0.222222	0.222222	0.222222	0.222222	0.222222	0.222222	0.222222	0.222222	0.222222	0.222222	0.222222	0.222222	0.222222	0.22222	0.222169	0.219936	0.221412	0.219249	0.221145	0.220979	0.220408	0.218804	0.220964	0.221175	0.221214	0.221053	0.220519	0.219017	0.221139	0.221372	0.221431	0.221313	0.220883	0.219606	

60	0.015	1	0	task-0:0.47	|	0.31615	0.223726	0.222721	0.230907	0.230901	0.223339	0.223318	0.223318	0.222223	0.223855	0.223855	0.222606	0.222244	0.222244	0.222276	0.222276	0.222224	0.222256	0.222255	0.222204	0.221802	0.214282	0.209761	0.209513	0.214969	0.21894	0.218009	0.215728	0.21163	0.216527	0.216935	0.216511	0.214943	0.211884	0.217087	0.218009	0.218246	0.217746	0.216127	0.21981	0.220485	0.220778	0.220778	0.220421	0.219364	0.216553	0.220069	0.220361	0.220296	0.219809	0.218461	0.215123	0.219551	0.22002	0.220056	0.219581	0.218142	0.214552	0.219351	0.219844	

65	0.016	1	0	task-0:0.47	|	0.300293	0.24592	0.24592	0.225217	0.225301	0.223728	0.221366	0.21722	0.21288	0.20658	0.201167	0.196546	0.19318	0.189456	0.184892	0.180234	0.172834	0.166629	0.162524	0.158832	0.156635	0.155272	0.154648	0.154841	0.155986	0.156903	0.158397	0.160616	0.162701	0.166288	0.172903	0.180454	0.187114	0.187247	0.190243	0.190243	0.186856	0.18759	0.187551	0.186648	0.187086	0.187086	0.186638	0.186633	0.186786	0.186784	0.18669	0.186782	0.186851	0.186891	0.186885	0.186854	0.186874	0.186889	0.186921	0.186962	0.187013	0.187078	0.187166	0.187306	0.187477	0.187699	0.18785	0.187996	0.188234	

55	0.015	1	0	task-0:0.47	|	0.29922	0.2222	0.222153	0.234572	0.234255	0.222937	0.217284	0.215563	0.215679	0.21429	0.20716	0.198771	0.196227	0.196691	0.199198	0.198611	0.197238	0.197457	0.19951	0.201526	0.203578	0.205364	0.206725	0.207607	0.208073	0.208269	0.208348	0.208452	0.209137	0.211226	0.215074	0.217314	0.218834	0.220152	0.221105	0.22157	0.221937	0.222079	0.222155	0.222184	0.222202	0.222209	0.222209	0.222209	0.222204	0.222189	0.222142	0.221917	0.220399	0.21126	0.216945	0.221938	0.222143	0.222163	0.222168	

56	0.016	1	0	task-0:0.47	|	0.236666	0.23977	0.235639	0.222498	0.237709	0.237708	0.224861	0.223075	0.22306	0.222285	0.222272	0.222237	0.222208	0.222097	0.222224	0.222195	0.222051	0.221978	0.221947	0.221923	0.221875	0.221795	0.221691	0.221545	0.22132	0.220979	0.220464	0.219688	0.218496	0.219415	0.219634	0.219946	0.220337	0.220775	0.22121	0.221444	0.221533	0.221493	0.221267	0.220601	0.218576	0.221001	0.221172	0.221121	0.220765	0.219712	0.221425	0.221638	0.221713	0.221675	0.221468	0.220832	0.218736	0.221098	0.221215	0.221106	

55	0.016	1	0	task-0:0.47	|	0.220045	0.292228	0.278582	0.210853	0.214425	0.212416	0.208779	0.206117	0.204034	0.203025	0.20225	0.199398	0.19625	0.192892	0.189476	0.186175	0.182473	0.181303	0.179492	0.177938	0.177571	0.178435	0.180455	0.17973	0.179972	0.18093	0.182235	0.183861	0.185868	0.188038	0.190653	0.193973	0.197989	0.202034	0.201716	0.200273	0.199552	0.198268	0.196827	0.196116	0.19564	0.196011	0.196678	0.196877	0.197104	0.197288	0.197265	0.197459	0.197633	0.197807	0.198037	0.198024	0.198133	0.198267	0.198437	

58	0.015	1	0	task-0:0.47	|	0.247791	0.233707	0.232052	0.222231	0.22223	0.224726	0.224711	0.22278	0.222283	0.222283	0.222264	0.222264	0.222205	0.222206	0.22222	0.222221	0.222211	0.222211	0.222214	0.222216	0.222218	0.22222	0.222221	0.222222	0.222222	0.222222	0.222222	0.222222	0.222222	0.222222	0.222222	0.222222	0.222222	0.222222	0.222222	0.222222	0.222222	0.22222	0.222169	0.219936	0.221412	0.219249	0.221145	0.220979	0.220408	0.218804	0.220964	0.221175	0.221214	0.221053	0.220519	0.219017	0.221139	0.221372	0.221431	0.221313	0.220883	0.219606	

