38	0.022	0	0	task-3:0.534	task-0:0.294	task-1:0.578	task-2:0.482	|	0.0517504	0.0485737	0.0431833	0.0404377	0.035089	0.026578	0.0196205	0.0177922	0.0149297	0.013929	0.0127826	0.0116634	0.0108529	0.00949593	0.00838421	0.00960826	0.00768074	0.00752095	0.0074125	0.00725764	0.00697028	0.00645504	0.00575074	0.00491582	0.00566294	0.00471343	0.00468052	0.00463241	0.00454635	0.00439825	0.00420301	0.00403068	0.00395096	0.0037927	0.00349595	0.00298922	0.00277389	0.00435188	0.00231705	

28	0.079	0	0	task-3:0.536	task-0:0.294	task-1:0.58	task-2:0.482	|	0.0721766	0.0665415	0.0554811	0.0516366	0.0469601	0.0386659	0.0307377	0.024694	0.0218242	0.0200931	0.0181866	0.0153931	0.0137063	0.0125449	0.01211	0.0112512	0.00971385	0.00729073	0.00651078	0.0193967	0.0047123	0.00448239	0.00421317	0.00410763	0.00401148	0.00382829	0.00347972	0.00287689	0.00198381	

23	0.017	0	0	task-3:0.534	task-0:0.312	task-1:0.58	task-2:0.476	|	0.074328	0.0710172	0.0633459	0.0560632	0.0462061	0.0386643	0.0308313	0.0275322	0.0227624	0.0159397	0.00938144	0.025466	0.00735422	0.00716089	0.00694466	0.00689367	0.00677028	0.00651482	0.00601967	0.00513253	0.00373828	0.0027096	0.0221229	0.0022128	

31	0.026	0	0	task-3:0.534	task-0:0.3	task-1:0.58	task-2:0.476	|	0.0629369	0.0594446	0.0525873	0.0479086	0.0403643	0.0319202	0.0259776	0.0254807	0.0242892	0.0219232	0.0182904	0.0150442	0.0132578	0.0123766	0.0110576	0.0104839	0.00996277	0.00893018	0.00724658	0.00519828	0.0208304	0.00510365	0.00488938	0.00484633	0.00476341	0.0045784	0.00422638	0.00360537	0.00276493	0.00532759	0.00251767	0.00235512	

36	0.089	0	0	task-3:0.534	task-0:0.304	task-1:0.578	task-2:0.482	|	0.0718649	0.0689697	0.0621071	0.0545342	0.0439333	0.0376879	0.0308369	0.0279647	0.0245382	0.0193134	0.0154926	0.0158367	0.0133473	0.0125781	0.0120975	0.011596	0.0110152	0.010716	0.0100818	0.00898214	0.007649	0.0108308	0.00770874	0.00668396	0.00657724	0.00635753	0.00595	0.00526602	0.00413811	0.00504195	0.00493273	0.00302205	0.00295684	0.002832	0.00260724	0.0025048	0.00236474	

26	0.014	0	0	task-3:0.534	task-0:0.288	task-1:0.582	task-2:0.482	|	0.0757355	0.0709588	0.0607425	0.0549914	0.0480283	0.0386914	0.0328131	0.0243526	0.0210384	0.0178023	0.016668	0.0146047	0.011382	0.0100986	0.0156392	0.00769136	0.00734853	0.0073173	0.00723796	0.00706057	0.00673365	0.00611282	0.00504166	0.00347133	0.00634865	0.012296	0.00212719	

43	0.06	0	0	task-3:0.534	task-0:0.292	task-1:0.578	task-2:0.482	|	0.0587484	0.0575379	0.0540041	0.0467471	0.0391956	0.0329248	0.0302838	0.0278656	0.0237002	0.0180727	0.0164767	0.0139195	0.0129567	0.0127398	0.0125571	0.0121452	0.0113417	0.0100412	0.00884677	0.0093584	0.00806314	0.00768602	0.0075664	0.00734678	0.00694077	0.00628128	0.00538487	0.00584037	0.00513203	0.00509257	0.00502496	0.00491536	0.00474678	0.00456167	0.00428218	0.00385776	0.00367795	0.00353082	0.00328314	0.00321221	0.00313819	0.00298959	0.00273219	0.00236386	

37	0.051	0	0	task-3:0.534	task-0:0.284	task-1:0.58	task-2:0.482	|	0.0502213	0.0482924	0.0435149	0.036686	0.0330409	0.0289625	0.0270377	0.0254378	0.022847	0.0198652	0.016635	0.0144558	0.0130874	0.0123191	0.0110862	0.00984698	0.00878178	0.00850171	0.0082134	0.00792622	0.00756655	0.00728393	0.00682731	0.00626802	0.00581687	0.00546074	0.00527197	0.00515835	0.00500424	0.004701	0.00415509	0.0032896	0.00509872	0.00335942	0.0026427	0.00260777	0.00253648	0.00239752	

31	0.016	0	0	task-3:0.534	task-0:0.3	task-1:0.58	task-2:0.476	|	0.0629369	0.0594446	0.0525873	0.0479086	0.0403643	0.0319202	0.0259776	0.0254807	0.0242892	0.0219232	0.0182904	0.0150442	0.0132578	0.0123766	0.0110576	0.0104839	0.00996277	0.00893018	0.00724658	0.00519828	0.0208304	0.00510365	0.00488938	0.00484633	0.00476341	0.0045784	0.00422638	0.00360537	0.00276493	0.00532759	0.00251767	0.00235512	

46	0.06	0	0	task-3:0.534	task-0:0.292	task-1:0.578	task-2:0.482	|	0.0422578	0.0413325	0.0387916	0.0341134	0.0287078	0.0239395	0.0213722	0.018394	0.0155745	0.0138446	0.0129556	0.0122893	0.0116247	0.0111761	0.0109432	0.0105216	0.0102713	0.00988937	0.00939309	0.00896417	0.00821617	0.00724385	0.00626968	0.00719602	0.00579322	0.00567668	0.00556011	0.00551807	0.00540169	0.00517698	0.00479614	0.00437452	0.00397803	0.00407388	0.00375971	0.00365931	0.00351396	0.00337859	0.0031867	0.00302212	0.00295343	0.00289548	0.00283017	0.00270529	0.00265983	0.00259676	0.00249005	

35	0.082	0	0	task-3:0.532	task-0:0.294	task-1:0.58	task-2:0.482	|	0.0384979	0.0377698	0.0356915	0.0313835	0.0245975	0.0186736	0.0171942	0.0151234	0.0122759	0.0117661	0.0109474	0.00988661	0.00900462	0.00830583	0.0076871	0.00714441	0.00626812	0.00623061	0.00557123	0.00531732	0.00521139	0.00507303	0.00486586	0.00460348	0.00416398	0.00414262	0.00381676	0.00363501	0.00358683	0.00351658	0.00337135	0.0030948	0.00262981	0.00255722	0.00325136	0.00212002	

25	0.013	0	0	task-3:0.538	task-0:0.262	task-1:0.58	task-2:0.482	|	0.0482721	0.0474071	0.0448885	0.0394677	0.0301382	0.0199033	0.0151147	0.0274362	0.013932	0.0172712	0.0114232	0.0111801	0.0107693	0.0100674	0.00909031	0.00816316	0.00765322	0.00748987	0.00721942	0.00671499	0.00596241	0.00472307	0.00298453	0.00311447	0.0211514	0.00248386	

28	0.081	0	0	task-3:0.534	task-0:0.296	task-1:0.588	task-2:0.482	|	0.0871106	0.0771418	0.05153	0.0466825	0.0407332	0.0362232	0.0320697	0.0284019	0.0247692	0.0217202	0.0193744	0.0157343	0.0107485	0.0132641	0.0155163	0.00673797	0.00645272	0.00618801	0.00567163	0.00475518	0.00356492	0.00977385	0.0033732	0.00333252	0.00329131	0.00322173	0.00309589	0.00286458	0.00247847	

43	0.089	0	0	task-3:0.534	task-0:0.292	task-1:0.578	task-2:0.482	|	0.0587484	0.0575379	0.0540041	0.0467471	0.0391956	0.0329248	0.0302838	0.0278656	0.0237002	0.0180727	0.0164767	0.0139195	0.0129567	0.0127398	0.0125571	0.0121452	0.0113417	0.0100412	0.00884677	0.0093584	0.00806314	0.00768602	0.0075664	0.00734678	0.00694077	0.00628128	0.00538487	0.00584037	0.00513203	0.00509257	0.00502496	0.00491536	0.00474678	0.00456167	0.00428218	0.00385776	0.00367795	0.00353082	0.00328314	0.00321221	0.00313819	0.00298959	0.00273219	0.00236386	

26	0.013	0	0	task-3:0.534	task-0:0.284	task-1:0.576	task-2:0.484	|	0.0416824	0.040704	0.0381711	0.033922	0.0301255	0.0254932	0.0216962	0.0175341	0.0149573	0.0134144	0.0132584	0.0127895	0.0122988	0.0120312	0.0114652	0.0103858	0.00853983	0.00584048	0.0103484	0.0137806	0.00356384	0.00346128	0.00340904	0.00330257	0.00309639	0.00272689	0.00212914	

39	0.084	0	0	task-3:0.534	task-0:0.292	task-1:0.578	task-2:0.482	|	0.0830991	0.0739707	0.0526917	0.0475662	0.0436506	0.0388565	0.0346747	0.0311331	0.0289256	0.0275166	0.0247743	0.0201733	0.0146041	0.00916726	0.0216479	0.0100611	0.0218044	0.0085656	0.00850514	0.00837187	0.00808479	0.00753858	0.00664077	0.00564679	0.0092628	0.00552861	0.00549167	0.00542876	0.00533563	0.00522354	0.00500825	0.0046208	0.00392061	0.00349024	0.00548882	0.00292665	0.00285915	0.00276049	0.00262128	0.00238869	

31	0.018	0	0	task-3:0.534	task-0:0.3	task-1:0.58	task-2:0.476	|	0.0629369	0.0594446	0.0525873	0.0479086	0.0403643	0.0319202	0.0259776	0.0254807	0.0242892	0.0219232	0.0182904	0.0150442	0.0132578	0.0123766	0.0110576	0.0104839	0.00996277	0.00893018	0.00724658	0.00519828	0.0208304	0.00510365	0.00488938	0.00484633	0.00476341	0.0045784	0.00422638	0.00360537	0.00276493	0.00532759	0.00251767	0.00235512	

39	0.024	0	0	task-3:0.534	task-0:0.292	task-1:0.578	task-2:0.482	|	0.0830991	0.0739707	0.0526917	0.0475662	0.0436506	0.0388565	0.0346747	0.0311331	0.0289256	0.0275166	0.0247743	0.0201733	0.0146041	0.00916726	0.0216479	0.0100611	0.0218044	0.0085656	0.00850514	0.00837187	0.00808479	0.00753858	0.00664077	0.00564679	0.0092628	0.00552861	0.00549167	0.00542876	0.00533563	0.00522354	0.00500825	0.0046208	0.00392061	0.00349024	0.00548882	0.00292665	0.00285915	0.00276049	0.00262128	0.00238869	

31	0.083	0	0	task-3:0.534	task-0:0.3	task-1:0.58	task-2:0.476	|	0.0629369	0.0594446	0.0525873	0.0479086	0.0403643	0.0319202	0.0259776	0.0254807	0.0242892	0.0219232	0.0182904	0.0150442	0.0132578	0.0123766	0.0110576	0.0104839	0.00996277	0.00893018	0.00724658	0.00519828	0.0208304	0.00510365	0.00488938	0.00484633	0.00476341	0.0045784	0.00422638	0.00360537	0.00276493	0.00532759	0.00251767	0.00235512	

23	0.077	0	0	task-3:0.534	task-0:0.312	task-1:0.58	task-2:0.476	|	0.074328	0.0710172	0.0633459	0.0560632	0.0462061	0.0386643	0.0308313	0.0275322	0.0227624	0.0159397	0.00938144	0.025466	0.00735422	0.00716089	0.00694466	0.00689367	0.00677028	0.00651482	0.00601967	0.00513253	0.00373828	0.0027096	0.0221229	0.0022128	

31	0.015	0	0	task-3:0.534	task-0:0.292	task-1:0.584	task-2:0.482	|	0.0485836	0.0474595	0.0444836	0.0390739	0.0303707	0.0225583	0.0134468	0.00847117	0.0286515	0.00909288	0.0209407	0.00686275	0.00667524	0.00647042	0.00615785	0.00582484	0.00521197	0.00500041	0.00467818	0.00434279	0.00425494	0.00414092	0.00391665	0.00353514	0.00323138	0.00343308	0.00298502	0.00292702	0.00284473	0.00273952	0.00253965	0.00218594	

32	0.081	0	0	task-3:0.534	task-0:0.288	task-1:0.586	task-2:0.482	|	0.0564548	0.0516811	0.0438758	0.0422514	0.0394208	0.0336447	0.0246277	0.0180938	0.0201054	0.0155731	0.0145754	0.0139131	0.0134762	0.0125849	0.0110241	0.00890239	0.0108081	0.010047	0.00750459	0.00740069	0.00721127	0.00681754	0.00608529	0.00484308	0.00382636	0.0104522	0.00316504	0.0030646	0.0030216	0.00297694	0.00288535	0.00270815	0.00238567	

32	0.016	0	0	task-3:0.534	task-0:0.288	task-1:0.586	task-2:0.482	|	0.0564548	0.0516811	0.0438758	0.0422514	0.0394208	0.0336447	0.0246277	0.0180938	0.0201054	0.0155731	0.0145754	0.0139131	0.0134762	0.0125849	0.0110241	0.00890239	0.0108081	0.010047	0.00750459	0.00740069	0.00721127	0.00681754	0.00608529	0.00484308	0.00382636	0.0104522	0.00316504	0.0030646	0.0030216	0.00297694	0.00288535	0.00270815	0.00238567	

32	0.081	0	0	task-3:0.534	task-0:0.288	task-1:0.586	task-2:0.482	|	0.0564548	0.0516811	0.0438758	0.0422514	0.0394208	0.0336447	0.0246277	0.0180938	0.0201054	0.0155731	0.0145754	0.0139131	0.0134762	0.0125849	0.0110241	0.00890239	0.0108081	0.010047	0.00750459	0.00740069	0.00721127	0.00681754	0.00608529	0.00484308	0.00382636	0.0104522	0.00316504	0.0030646	0.0030216	0.00297694	0.00288535	0.00270815	0.00238567	

29	0.015	0	0	task-3:0.534	task-0:0.286	task-1:0.578	task-2:0.482	|	0.0629937	0.061607	0.0574381	0.0489304	0.0414902	0.0364159	0.032247	0.0295092	0.0251576	0.020746	0.0147635	0.0157319	0.0127489	0.0101512	0.00982255	0.0092217	0.00808371	0.00642406	0.00773124	0.00708484	0.0049736	0.00487817	0.0046828	0.00430897	0.00365397	0.00269895	0.00959757	0.00257036	0.0025175	0.00245588	

28	0.079	0	0	task-3:0.534	task-0:0.29	task-1:0.584	task-2:0.482	|	0.0639708	0.0604311	0.0532825	0.0481458	0.0402859	0.0331267	0.0272683	0.0257102	0.0229806	0.0183963	0.0124355	0.0134899	0.0202744	0.00730859	0.00698048	0.00693014	0.00678584	0.00650859	0.00605807	0.00560156	0.00506874	0.00493259	0.00460114	0.00449662	0.00432119	0.00404842	0.00366888	0.00303283	0.00210549	

28	0.014	0	0	task-3:0.544	task-0:0.302	task-1:0.592	task-2:0.484	|	0.057759	0.052007	0.0428802	0.0414212	0.038718	0.0337551	0.028428	0.023729	0.0218157	0.018553	0.0136082	0.00794481	0.00540932	0.0344852	0.00619557	0.027125	0.00478197	0.00783718	0.00326766	0.00318591	0.00315171	0.00309721	0.00301452	0.00295191	0.00289674	0.00282546	0.00275476	0.00261916	0.00242071	

32	0.02	0	0	task-3:0.534	task-0:0.288	task-1:0.586	task-2:0.482	|	0.0564548	0.0516811	0.0438758	0.0422514	0.0394208	0.0336447	0.0246277	0.0180938	0.0201054	0.0155731	0.0145754	0.0139131	0.0134762	0.0125849	0.0110241	0.00890239	0.0108081	0.010047	0.00750459	0.00740069	0.00721127	0.00681754	0.00608529	0.00484308	0.00382636	0.0104522	0.00316504	0.0030646	0.0030216	0.00297694	0.00288535	0.00270815	0.00238567	

28	0.079	0	0	task-3:0.534	task-0:0.29	task-1:0.582	task-2:0.482	|	0.0577501	0.0561593	0.0517012	0.0436762	0.0395242	0.0348888	0.030021	0.0269394	0.0215764	0.014374	0.0128655	0.0297856	0.00967772	0.0140699	0.00729652	0.00705117	0.00669265	0.00627888	0.00595712	0.00536676	0.00438923	0.00485096	0.00469451	0.00336762	0.00330099	0.00317796	0.00296339	0.00271742	0.00228648	

37	0.018	0	0	task-3:0.534	task-0:0.292	task-1:0.578	task-2:0.482	|	0.0664906	0.0643382	0.0590516	0.0516847	0.0405353	0.0337049	0.0271966	0.0262842	0.0245413	0.021454	0.0175298	0.0152118	0.0135743	0.0129055	0.0122723	0.011926	0.0112138	0.00995213	0.00831943	0.0100349	0.0077742	0.00752458	0.0075002	0.00741143	0.00722323	0.00684931	0.00615188	0.00496693	0.00358867	0.0114302	0.00329361	0.0032174	0.00314924	0.0030675	0.00292353	0.00283074	0.00269412	0.00246185	

25	0.014	0	0	task-3:0.534	task-0:0.286	task-1:0.596	task-2:0.49	|	0.0581977	0.0569254	0.0531844	0.0452001	0.0334373	0.0266559	0.0230606	0.0214633	0.0199744	0.0195322	0.0185146	0.0167153	0.0142973	0.0128352	0.0109342	0.00803344	0.00455853	0.0198151	0.00366717	0.00376032	0.003503	0.00343614	0.00329988	0.00304751	0.00269354	0.00218213	

30	0.08	0	0	task-3:0.534	task-0:0.286	task-1:0.58	task-2:0.482	|	0.047154	0.0440508	0.039117	0.0368942	0.0324753	0.0254159	0.0192028	0.016599	0.0149851	0.0131865	0.0124826	0.011753	0.0103618	0.0084019	0.00914331	0.00818767	0.00660763	0.00646771	0.00619226	0.00577028	0.00524923	0.00438468	0.00338514	0.00954791	0.00307663	0.00301425	0.00296024	0.00290925	0.00280441	0.00260473	0.00225343	

30	0.015	0	0	task-3:0.534	task-0:0.284	task-1:0.576	task-2:0.482	|	0.0639287	0.0625297	0.0582836	0.0501841	0.0414065	0.0356309	0.033766	0.032063	0.0286866	0.02288	0.0153636	0.0152584	0.0200214	0.00908146	0.00870149	0.0080882	0.00719722	0.00668731	0.00624042	0.00598815	0.00553811	0.00488094	0.00432944	0.0207657	0.00416342	0.00409648	0.00402851	0.00389135	0.0036235	0.00314095	0.00237307	

25	0.077	0	0	task-3:0.534	task-0:0.286	task-1:0.596	task-2:0.49	|	0.0581977	0.0569254	0.0531844	0.0452001	0.0334373	0.0266559	0.0230606	0.0214633	0.0199744	0.0195322	0.0185146	0.0167153	0.0142973	0.0128352	0.0109342	0.00803344	0.00455853	0.0198151	0.00366717	0.00376032	0.003503	0.00343614	0.00329988	0.00304751	0.00269354	0.00218213	

32	0.016	0	0	task-3:0.534	task-0:0.288	task-1:0.586	task-2:0.482	|	0.0564548	0.0516811	0.0438758	0.0422514	0.0394208	0.0336447	0.0246277	0.0180938	0.0201054	0.0155731	0.0145754	0.0139131	0.0134762	0.0125849	0.0110241	0.00890239	0.0108081	0.010047	0.00750459	0.00740069	0.00721127	0.00681754	0.00608529	0.00484308	0.00382636	0.0104522	0.00316504	0.0030646	0.0030216	0.00297694	0.00288535	0.00270815	0.00238567	

28	0.078	0	0	task-3:0.534	task-0:0.324	task-1:0.576	task-2:0.478	|	0.0690107	0.0635265	0.0532057	0.0496762	0.0447711	0.0371015	0.0313799	0.0239231	0.0190299	0.0171386	0.0153945	0.0145494	0.0130606	0.0113942	0.0105284	0.00982803	0.00949673	0.00887367	0.00782655	0.0075571	0.0068963	0.00651433	0.00639477	0.00624671	0.00594708	0.00537855	0.00439262	0.00293729	0.00200113	

25	0.012	0	0	task-3:0.534	task-0:0.286	task-1:0.596	task-2:0.49	|	0.0581977	0.0569254	0.0531844	0.0452001	0.0334373	0.0266559	0.0230606	0.0214633	0.0199744	0.0195322	0.0185146	0.0167153	0.0142973	0.0128352	0.0109342	0.00803344	0.00455853	0.0198151	0.00366717	0.00376032	0.003503	0.00343614	0.00329988	0.00304751	0.00269354	0.00218213	

32	0.083	0	0	task-3:0.534	task-0:0.284	task-1:0.58	task-2:0.482	|	0.0563517	0.0550097	0.05115	0.0438241	0.0380229	0.0319578	0.0292908	0.0266089	0.0224469	0.0184758	0.0138028	0.0106426	0.0220449	0.00856793	0.00809389	0.00776678	0.00749735	0.00735531	0.0071477	0.00702629	0.00677949	0.00642905	0.00613031	0.00580003	0.00518737	0.00415261	0.00354802	0.0131049	0.00281004	0.00270448	0.00265719	0.00256355	0.0023829	

32	0.083	0	0	task-3:0.536	task-0:0.286	task-1:0.578	task-2:0.478	|	0.073108	0.0685264	0.0589228	0.0534061	0.0462403	0.0377973	0.0325267	0.0268668	0.0227711	0.0216388	0.0190695	0.014805	0.011158	0.0210627	0.0101599	0.00952534	0.00927323	0.00878604	0.00795606	0.00675825	0.00895841	0.00635546	0.00619519	0.00596857	0.00564082	0.00533649	0.00517345	0.00485395	0.00427198	0.00332685	0.00337721	0.00789674	0.00224695	

33	0.016	0	0	task-3:0.534	task-0:0.28	task-1:0.586	task-2:0.482	|	0.0703115	0.0606655	0.0424967	0.0401042	0.0378432	0.0337065	0.0286028	0.0244189	0.0216952	0.0179607	0.0143039	0.0134275	0.0120095	0.0104688	0.0101007	0.00960884	0.00865172	0.00701624	0.00468563	0.0032262	0.0337071	0.00637551	0.0474771	0.00667005	0.0357304	0.0141387	0.0339344	0.00467152	0.0289119	0.00451279	0.0321817	0.00340321	0.0186444	0.00117928	

33	0.082	0	0	task-3:0.534	task-0:0.28	task-1:0.586	task-2:0.482	|	0.0703115	0.0606655	0.0424967	0.0401042	0.0378432	0.0337065	0.0286028	0.0244189	0.0216952	0.0179607	0.0143039	0.0134275	0.0120095	0.0104688	0.0101007	0.00960884	0.00865172	0.00701624	0.00468563	0.0032262	0.0337071	0.00637551	0.0474771	0.00667005	0.0357304	0.0141387	0.0339344	0.00467152	0.0289119	0.00451279	0.0321817	0.00340321	0.0186444	0.00117928	

37	0.018	0	0	task-3:0.534	task-0:0.288	task-1:0.578	task-2:0.482	|	0.0772441	0.0704743	0.0566289	0.0528112	0.0494248	0.0426855	0.0346669	0.0287806	0.0262471	0.0227767	0.0188582	0.0158251	0.0142695	0.0138892	0.0131699	0.012627	0.0120725	0.0114607	0.0110861	0.0103009	0.00901674	0.00800808	0.00964519	0.00715654	0.00692787	0.00659214	0.00624707	0.00590909	0.00533393	0.00438663	0.00466821	0.00520983	0.00335334	0.00328486	0.00316103	0.00294859	0.00270174	0.00227206	

38	0.019	0	0	task-3:0.534	task-0:0.294	task-1:0.578	task-2:0.482	|	0.0708518	0.0615854	0.0440943	0.041798	0.0396444	0.035514	0.0298906	0.025286	0.0202303	0.0158583	0.0168382	0.0138979	0.0132218	0.0124257	0.011776	0.0106769	0.00940008	0.00859117	0.00820815	0.00773319	0.0074873	0.00724978	0.00685808	0.00639564	0.00594679	0.00555716	0.00524454	0.00474314	0.00463479	0.00428816	0.00416696	0.00400224	0.00381536	0.00362957	0.00329377	0.00283886	0.00327765	0.00282389	0.00235383	

36	0.082	0	0	task-3:0.534	task-0:0.284	task-1:0.578	task-2:0.482	|	0.0418895	0.0408496	0.0383334	0.0343004	0.0273991	0.0192599	0.0171318	0.0196178	0.0118665	0.0111614	0.0109203	0.0104565	0.00957015	0.00809536	0.00680453	0.0107564	0.00604983	0.00585931	0.00575148	0.00559856	0.00538469	0.0052279	0.00500348	0.00470213	0.00455471	0.00435715	0.00426092	0.00407344	0.0037281	0.00343212	0.00371523	0.0031627	0.0031128	0.00304396	0.00292951	0.00272853	0.00249569	

38	0.019	0	0	task-3:0.534	task-0:0.294	task-1:0.578	task-2:0.482	|	0.0708518	0.0615854	0.0440943	0.041798	0.0396444	0.035514	0.0298906	0.025286	0.0202303	0.0158583	0.0168382	0.0138979	0.0132218	0.0124257	0.011776	0.0106769	0.00940008	0.00859117	0.00820815	0.00773319	0.0074873	0.00724978	0.00685808	0.00639564	0.00594679	0.00555716	0.00524454	0.00474314	0.00463479	0.00428816	0.00416696	0.00400224	0.00381536	0.00362957	0.00329377	0.00283886	0.00327765	0.00282389	0.00235383	

34	0.017	0	0	task-3:0.534	task-0:0.316	task-1:0.578	task-2:0.482	|	0.0479081	0.0468594	0.0439915	0.0387713	0.0336854	0.0282639	0.0256956	0.0228356	0.0189318	0.0158718	0.0138784	0.0127465	0.0123336	0.0116171	0.0104745	0.00935674	0.00827574	0.0082094	0.00782079	0.00764494	0.00736935	0.00714376	0.00689215	0.00663624	0.00630783	0.00615569	0.0059943	0.00575857	0.00549805	0.00500319	0.00413512	0.00281665	0.00331234	0.0212695	0.00176957	

33	0.08	0	0	task-3:0.534	task-0:0.28	task-1:0.586	task-2:0.482	|	0.0703115	0.0606655	0.0424967	0.0401042	0.0378432	0.0337065	0.0286028	0.0244189	0.0216952	0.0179607	0.0143039	0.0134275	0.0120095	0.0104688	0.0101007	0.00960884	0.00865172	0.00701624	0.00468563	0.0032262	0.0337071	0.00637551	0.0474771	0.00667005	0.0357304	0.0141387	0.0339344	0.00467152	0.0289119	0.00451279	0.0321817	0.00340321	0.0186444	0.00117928	

38	0.019	0	0	task-3:0.534	task-0:0.294	task-1:0.578	task-2:0.482	|	0.0708518	0.0615854	0.0440943	0.041798	0.0396444	0.035514	0.0298906	0.025286	0.0202303	0.0158583	0.0168382	0.0138979	0.0132218	0.0124257	0.011776	0.0106769	0.00940008	0.00859117	0.00820815	0.00773319	0.0074873	0.00724978	0.00685808	0.00639564	0.00594679	0.00555716	0.00524454	0.00474314	0.00463479	0.00428816	0.00416696	0.00400224	0.00381536	0.00362957	0.00329377	0.00283886	0.00327765	0.00282389	0.00235383	

38	0.083	0	0	task-3:0.534	task-0:0.294	task-1:0.578	task-2:0.482	|	0.0708518	0.0615854	0.0440943	0.041798	0.0396444	0.035514	0.0298906	0.025286	0.0202303	0.0158583	0.0168382	0.0138979	0.0132218	0.0124257	0.011776	0.0106769	0.00940008	0.00859117	0.00820815	0.00773319	0.0074873	0.00724978	0.00685808	0.00639564	0.00594679	0.00555716	0.00524454	0.00474314	0.00463479	0.00428816	0.00416696	0.00400224	0.00381536	0.00362957	0.00329377	0.00283886	0.00327765	0.00282389	0.00235383	

33	0.08	0	0	task-3:0.534	task-0:0.28	task-1:0.586	task-2:0.482	|	0.0703115	0.0606655	0.0424967	0.0401042	0.0378432	0.0337065	0.0286028	0.0244189	0.0216952	0.0179607	0.0143039	0.0134275	0.0120095	0.0104688	0.0101007	0.00960884	0.00865172	0.00701624	0.00468563	0.0032262	0.0337071	0.00637551	0.0474771	0.00667005	0.0357304	0.0141387	0.0339344	0.00467152	0.0289119	0.00451279	0.0321817	0.00340321	0.0186444	0.00117928	

49	0.091	0	0	task-3:0.534	task-0:0.3	task-1:0.578	task-2:0.482	|	0.0571621	0.0559012	0.052237	0.0450082	0.0382718	0.0317736	0.0291952	0.0260001	0.0210553	0.0167439	0.0149185	0.0132841	0.0124967	0.0117783	0.0111407	0.0106825	0.0101346	0.00973206	0.00933818	0.00894698	0.00848794	0.00815323	0.0077787	0.0073084	0.00682043	0.00666481	0.00637441	0.00599802	0.00560398	0.00545461	0.00538346	0.00535215	0.00528271	0.00515481	0.004981	0.00483781	0.00455341	0.00404877	0.00334211	0.00585371	0.00321477	0.00317242	0.00310827	0.00301755	0.0029416	0.00279536	0.00267517	0.00256513	0.00252791	0.0024951	

36	0.017	0	0	task-3:0.534	task-0:0.284	task-1:0.578	task-2:0.482	|	0.0418895	0.0408496	0.0383334	0.0343004	0.0273991	0.0192599	0.0171318	0.0196178	0.0118665	0.0111614	0.0109203	0.0104565	0.00957015	0.00809536	0.00680453	0.0107564	0.00604983	0.00585931	0.00575148	0.00559856	0.00538469	0.0052279	0.00500348	0.00470213	0.00455471	0.00435715	0.00426092	0.00407344	0.0037281	0.00343212	0.00371523	0.0031627	0.0031128	0.00304396	0.00292951	0.00272853	0.00249569	

38	0.085	0	0	task-3:0.534	task-0:0.294	task-1:0.578	task-2:0.482	|	0.0708518	0.0615854	0.0440943	0.041798	0.0396444	0.035514	0.0298906	0.025286	0.0202303	0.0158583	0.0168382	0.0138979	0.0132218	0.0124257	0.011776	0.0106769	0.00940008	0.00859117	0.00820815	0.00773319	0.0074873	0.00724978	0.00685808	0.00639564	0.00594679	0.00555716	0.00524454	0.00474314	0.00463479	0.00428816	0.00416696	0.00400224	0.00381536	0.00362957	0.00329377	0.00283886	0.00327765	0.00282389	0.00235383	

33	0.016	0	0	task-3:0.534	task-0:0.28	task-1:0.586	task-2:0.482	|	0.0703115	0.0606655	0.0424967	0.0401042	0.0378432	0.0337065	0.0286028	0.0244189	0.0216952	0.0179607	0.0143039	0.0134275	0.0120095	0.0104688	0.0101007	0.00960884	0.00865172	0.00701624	0.00468563	0.0032262	0.0337071	0.00637551	0.0474771	0.00667005	0.0357304	0.0141387	0.0339344	0.00467152	0.0289119	0.00451279	0.0321817	0.00340321	0.0186444	0.00117928	

41	0.021	0	0	task-3:0.534	task-0:0.308	task-1:0.584	task-2:0.482	|	0.0612196	0.0596308	0.0549632	0.0464472	0.0399867	0.0342502	0.030723	0.0272692	0.0217336	0.0169499	0.016776	0.0137919	0.013007	0.0118169	0.0106066	0.00985684	0.009505	0.00890534	0.00794357	0.00723075	0.00692031	0.00664142	0.00643667	0.00626333	0.0060053	0.00582604	0.0057122	0.00553486	0.00535721	0.00503044	0.00456315	0.004197	0.00500811	0.00386654	0.00381305	0.00375	0.00363405	0.00343929	0.00320864	0.00296481	0.00267451	0.00241088	

33	0.081	0	0	task-3:0.534	task-0:0.292	task-1:0.582	task-2:0.482	|	0.0603372	0.0590919	0.0553965	0.047477	0.0367869	0.0297719	0.0262317	0.021102	0.0179556	0.0158598	0.015331	0.0143082	0.0129974	0.0110971	0.010009	0.00957982	0.0087549	0.00843931	0.00810337	0.00756109	0.00684123	0.00619562	0.00591422	0.00574995	0.00561093	0.0054648	0.00533126	0.00506955	0.00459787	0.00391511	0.00284734	0.00457963	0.00868935	0.00180285	

26	0.013	0	0	task-3:0.532	task-0:0.294	task-1:0.592	task-2:0.484	|	0.0477811	0.046738	0.0437306	0.0373981	0.0269095	0.015758	0.0331356	0.0177533	0.011676	0.011312	0.010632	0.00956088	0.00860537	0.00808182	0.00792712	0.00771018	0.00728047	0.00662994	0.00556319	0.00394748	0.00722276	0.00527339	0.0027398	0.00269495	0.00261815	0.00252005	0.00237085	

26	0.078	0	0	task-3:0.532	task-0:0.294	task-1:0.592	task-2:0.484	|	0.0477811	0.046738	0.0437306	0.0373981	0.0269095	0.015758	0.0331356	0.0177533	0.011676	0.011312	0.010632	0.00956088	0.00860537	0.00808182	0.00792712	0.00771018	0.00728047	0.00662994	0.00556319	0.00394748	0.00722276	0.00527339	0.0027398	0.00269495	0.00261815	0.00252005	0.00237085	

34	0.017	0	0	task-3:0.534	task-0:0.286	task-1:0.578	task-2:0.482	|	0.0520439	0.0471645	0.0398866	0.038751	0.0362912	0.0315977	0.0256068	0.0214546	0.0197381	0.0176638	0.015994	0.0142384	0.0126192	0.0117122	0.0112484	0.0103994	0.00891362	0.00674442	0.00588793	0.0197031	0.00449064	0.00433052	0.00392512	0.00384492	0.00373919	0.00357719	0.00333576	0.00308166	0.00299338	0.00291043	0.00281416	0.00274982	0.00267968	0.00259134	0.00248911	

34	0.018	0	0	task-3:0.534	task-0:0.286	task-1:0.578	task-2:0.482	|	0.0520439	0.0471645	0.0398866	0.038751	0.0362912	0.0315977	0.0256068	0.0214546	0.0197381	0.0176638	0.015994	0.0142384	0.0126192	0.0117122	0.0112484	0.0103994	0.00891362	0.00674442	0.00588793	0.0197031	0.00449064	0.00433052	0.00392512	0.00384492	0.00373919	0.00357719	0.00333576	0.00308166	0.00299338	0.00291043	0.00281416	0.00274982	0.00267968	0.00259134	0.00248911	

