90	0.025	0	0	task-0:0.042	|	0.217262	0.193667	0.138927	0.0703824	0.0567865	0.114751	0.0389299	0.037384	0.0350339	0.0339434	0.0327282	0.0299755	0.0252995	0.0299401	0.030101	0.0201824	0.0197117	0.019147	0.0179899	0.0159528	0.0126611	0.0245533	0.0200895	0.0104232	0.00999722	0.00979042	0.0096634	0.00947728	0.00918072	0.00881744	0.00882895	0.00861794	0.00845752	0.00835945	0.00819153	0.00788648	0.00739626	0.00819781	0.00734886	0.00729352	0.00720945	0.00711978	0.00705845	0.00693279	0.00670978	0.00643231	0.00706383	0.00622462	0.00613732	0.00600644	0.00595645	0.00591369	0.005817	0.00561654	0.00522861	0.00457154	0.00636971	0.0092255	0.00383005	0.00375568	0.00371284	0.00369029	0.00367045	0.00359734	0.00349468	0.00348226	0.00337445	0.00335711	0.00332458	0.00327976	0.00321225	0.00308879	0.0031543	0.00305755	0.0030113	0.00297825	0.00293974	0.00287413	0.00273678	0.00291473	0.00274901	0.00273898	0.00271808	0.00269133	0.00265779	0.00265006	0.00263881	0.00262295	0.00255536	0.00251143	0.00242776	

77	0.059	0	0	task-0:0.04	|	0.285058	0.21503	0.195301	0.156976	0.124313	0.10556	0.0997775	0.091228	0.0834155	0.0759721	0.0612087	0.0422578	0.0741433	0.0389869	0.0308638	0.0300447	0.0291501	0.0284914	0.0269158	0.0242958	0.0217759	0.0286627	0.0201014	0.0195428	0.0191539	0.0186188	0.0179314	0.0167651	0.0158323	0.0161526	0.0150358	0.0148132	0.0145689	0.0141283	0.0138644	0.0133064	0.0122386	0.0104076	0.00764919	0.0472664	0.00764938	0.00744918	0.0073996	0.00729895	0.00706682	0.00670241	0.00680142	0.00643561	0.00627833	0.00624726	0.00617849	0.00601366	0.00569893	0.00514183	0.00549208	0.00922934	0.00445549	0.00439086	0.00431738	0.00429338	0.0043047	0.00426475	0.00419785	0.00412673	0.00408777	0.00403462	0.00390212	0.00376432	0.00351353	0.00389525	0.00363089	0.00322364	0.00319459	0.00316471	0.00310492	0.00298857	0.00277232	0.00237605	

76	0.057	0	0	task-0:0.032	|	0.344852	0.277135	0.225062	0.163642	0.154208	0.135722	0.123284	0.110112	0.0951939	0.083277	0.0767711	0.064807	0.052195	0.0593011	0.0480749	0.0455242	0.0445436	0.0420114	0.0370411	0.0291105	0.0256728	0.0840328	0.019649	0.0191329	0.018924	0.0184209	0.0176651	0.0171232	0.0165851	0.0163507	0.015985	0.0156305	0.0150886	0.0147778	0.0142435	0.0135868	0.013407	0.013358	0.0132683	0.0131036	0.0128497	0.0126044	0.0121119	0.0112493	0.00971744	0.00732568	0.00455121	0.104163	0.00467476	0.00429535	0.00413681	0.00412224	0.0040895	0.00399147	0.0038408	0.00385313	0.00369495	0.00367815	0.00370027	0.00368656	0.0036553	0.00361056	0.00357059	0.00355452	0.00353988	0.00349143	0.00339555	0.00321416	0.00296045	0.00345335	0.00354819	0.00266672	0.00263701	0.00260275	0.00257041	0.00252228	0.00242187	

53	0.05	0	0	task-0:0.034	|	0.295523	0.218944	0.194927	0.156086	0.121716	0.103621	0.0897457	0.0820318	0.0740963	0.0682768	0.0578143	0.0432598	0.0368982	0.0768621	0.0287065	0.0273229	0.0261768	0.0257877	0.0252002	0.0243366	0.0233606	0.0219837	0.0194838	0.0153994	0.00989307	0.0135923	0.186951	0.00661277	0.00727636	0.00467277	0.00460669	0.00454963	0.00449681	0.00443479	0.00428573	0.00426737	0.00426632	0.00424121	0.00418425	0.00406582	0.00383468	0.00343966	0.00339478	0.00952918	0.0028467	0.00282109	0.00277214	0.00268507	0.00272553	0.00260621	0.00259549	0.00258909	0.00252998	0.00248629	

100	0.065	0	0	task-0:0.042	|	0.262984	0.230781	0.172093	0.137358	0.120514	0.0915881	0.0840991	0.0762777	0.0738765	0.0666347	0.0608813	0.0551947	0.05118	0.0480173	0.0422283	0.0402645	0.0371831	0.0347341	0.0336741	0.032258	0.0303477	0.0286749	0.0274137	0.0270035	0.026155	0.025132	0.0238655	0.0227959	0.021955	0.020857	0.0195973	0.0192074	0.0189044	0.0184861	0.0180469	0.0176071	0.0173295	0.0167815	0.0160832	0.0153144	0.0148294	0.0144871	0.014279	0.0138879	0.0132529	0.0129583	0.0126714	0.0122806	0.0120623	0.0119187	0.0116267	0.0111269	0.0108939	0.0105097	0.0103907	0.0103054	0.0102066	0.00998534	0.00953769	0.00870003	0.00727494	0.0123222	0.0136699	0.00613466	0.00592603	0.00580982	0.00575016	0.00565236	0.0054672	0.00512441	0.0044795	0.00598706	0.00977788	0.00385801	0.0037567	0.00369237	0.00367343	0.00363403	0.00355676	0.00341704	0.00318323	0.00463095	0.00313742	0.00310645	0.0030514	0.00297152	0.00294842	0.0028473	0.00284642	0.00284121	0.00284217	0.00283661	0.00281291	0.00276334	0.0026435	0.00265681	0.0026068	0.00256687	0.00254521	0.00252011	0.00247541	

77	0.057	0	0	task-0:0.04	|	0.285058	0.21503	0.195301	0.156976	0.124313	0.10556	0.0997775	0.091228	0.0834155	0.0759721	0.0612087	0.0422578	0.0741433	0.0389869	0.0308638	0.0300447	0.0291501	0.0284914	0.0269158	0.0242958	0.0217759	0.0286627	0.0201014	0.0195428	0.0191539	0.0186188	0.0179314	0.0167651	0.0158323	0.0161526	0.0150358	0.0148132	0.0145689	0.0141283	0.0138644	0.0133064	0.0122386	0.0104076	0.00764919	0.0472664	0.00764938	0.00744918	0.0073996	0.00729895	0.00706682	0.00670241	0.00680142	0.00643561	0.00627833	0.00624726	0.00617849	0.00601366	0.00569893	0.00514183	0.00549208	0.00922934	0.00445549	0.00439086	0.00431738	0.00429338	0.0043047	0.00426475	0.00419785	0.00412673	0.00408777	0.00403462	0.00390212	0.00376432	0.00351353	0.00389525	0.00363089	0.00322364	0.00319459	0.00316471	0.00310492	0.00298857	0.00277232	0.00237605	

63	0.021	0	0	task-0:0.052	|	0.310269	0.262662	0.202183	0.118737	0.105061	0.089791	0.0621244	0.058426	0.053839	0.0495364	0.0408322	0.0291892	0.0221785	0.15729	0.0183712	0.0203709	0.0157337	0.0154855	0.0150729	0.0142182	0.0126954	0.0107569	0.0382767	0.0102515	0.00999674	0.00991146	0.0098113	0.00959868	0.00921287	0.00876681	0.0105618	0.00835812	0.00822457	0.00804864	0.00792837	0.00779017	0.00751131	0.00699517	0.00608391	0.00918676	0.00810752	0.00531517	0.00521647	0.00511942	0.00509469	0.00504176	0.00493919	0.00474589	0.00437254	0.00538722	0.00420874	0.00418543	0.00419297	0.00417332	0.00412926	0.00406713	0.00400413	0.00390519	0.00371422	0.00336294	0.00274616	0.00759525	0.00889268	0.00242643	

25	0.041	0	0	task-0:0.042	|	0.283551	0.250423	0.169561	0.0739226	0.0520353	0.129077	0.0452314	0.0510128	0.0378423	0.0369236	0.0349867	0.0310892	0.0248618	0.0165596	0.0396392	0.0884528	0.0127828	0.0105725	0.00925722	0.00916465	0.00896933	0.00858011	0.0078473	0.00657557	0.00465354	0.00238375	

105	0.067	0	0	task-0:0.042	|	0.318107	0.261954	0.20631	0.14775	0.132847	0.10144	0.0903726	0.0785539	0.0684978	0.0536856	0.0414158	0.0712027	0.0358756	0.0342701	0.0332011	0.032188	0.030844	0.0296247	0.0276041	0.0248358	0.0221206	0.0294817	0.0204886	0.0200852	0.0195806	0.0188329	0.0181945	0.0170578	0.0161391	0.0166638	0.0152204	0.0149026	0.0145392	0.0140818	0.0135358	0.012746	0.0113345	0.0108074	0.0212163	0.00934447	0.00911239	0.00902273	0.00895172	0.00887928	0.00871728	0.00847495	0.00830715	0.00805646	0.00795017	0.00779177	0.00751317	0.00740676	0.007269	0.00701738	0.0067515	0.00644554	0.00672533	0.00629538	0.00620121	0.00607614	0.00602102	0.00597992	0.00589367	0.00569259	0.00564089	0.00559961	0.0054491	0.00539566	0.00532743	0.00520883	0.00497911	0.00494885	0.00482755	0.00467905	0.00465132	0.00461056	0.00448453	0.00439603	0.00422484	0.00390614	0.00352855	0.00826925	0.0033668	0.00333268	0.00327024	0.00318442	0.00311256	0.00299922	0.00302083	0.00296554	0.00291873	0.00291139	0.0029097	0.00291288	0.00288619	0.00283613	0.00274955	0.00269045	0.00259019	0.00260967	0.00256175	0.00252184	0.00251427	0.00251512	0.00250584	0.00248215	

92	0.062	0	0	task-0:0.04	|	0.265418	0.179867	0.16317	0.124298	0.127142	0.0847722	0.0707536	0.0674481	0.060996	0.0533067	0.0420439	0.0351277	0.0625073	0.0293993	0.0280811	0.027559	0.0266167	0.02551	0.0240889	0.0216553	0.0220961	0.0209475	0.0186794	0.0183424	0.0178607	0.016932	0.0156234	0.0169465	0.0149946	0.0148197	0.0144256	0.0136595	0.0122417	0.00988274	0.0120343	0.0519562	0.00720706	0.00702621	0.00694719	0.0069211	0.0068945	0.00688545	0.00681314	0.00667617	0.00642047	0.00612345	0.00592194	0.00623053	0.00565984	0.00558499	0.00548333	0.00540215	0.00526862	0.00503662	0.00524738	0.0048767	0.00485514	0.00482497	0.00472643	0.00456096	0.00450392	0.00434964	0.00434121	0.00432108	0.0043228	0.00425956	0.00417417	0.00413263	0.00407231	0.00393091	0.00391592	0.00387747	0.00380412	0.0036849	0.00369786	0.00359778	0.00355991	0.00349545	0.00348289	0.00344907	0.00338348	0.00326262	0.00315515	0.00310548	0.00305451	0.00298902	0.00296273	0.00294738	0.00293023	0.00288576	0.00279747	0.00262792	0.00231893	

99	0.064	0	0	task-0:0.042	|	0.355153	0.264757	0.245711	0.180679	0.157226	0.12294	0.114573	0.0998518	0.08782	0.0772018	0.0744143	0.0682689	0.0619135	0.050682	0.039328	0.0599345	0.0358246	0.0343521	0.0333673	0.0316541	0.0299008	0.0285074	0.0279298	0.0265662	0.023933	0.0195372	0.0143116	0.0867745	0.0133799	0.0131619	0.0130645	0.012849	0.0124166	0.0116455	0.0116963	0.011334	0.0106414	0.0105453	0.0103664	0.00997655	0.00956971	0.00882748	0.00878048	0.0108785	0.00776563	0.00764404	0.00748476	0.00736913	0.00720463	0.00692969	0.00698592	0.00669149	0.00663904	0.00655584	0.00635629	0.00621658	0.00598039	0.00588675	0.00574699	0.005629	0.00556853	0.00551925	0.00547799	0.00534101	0.00526312	0.00512034	0.00494379	0.00477542	0.0049085	0.00465869	0.00459863	0.0045346	0.00445212	0.00431692	0.00416897	0.00425955	0.00406066	0.00400902	0.00396261	0.00387154	0.00382764	0.00370177	0.0037034	0.00369706	0.00370217	0.00368141	0.00363868	0.0035549	0.00339819	0.00333148	0.00404717	0.00315408	0.00313925	0.00310952	0.0030518	0.0029243	0.00268769	0.00282844	0.00601071	0.00238165	

75	0.077	0	0	task-0:0.044	|	0.25621	0.213064	0.175966	0.111624	0.146966	0.0698324	0.0620751	0.0614692	0.0573876	0.0543844	0.0480843	0.0377377	0.0252485	0.0834185	0.0232267	0.0207391	0.0205122	0.020062	0.0197993	0.0192895	0.0187517	0.0180934	0.0172928	0.0158347	0.0161138	0.0165121	0.0139045	0.0137377	0.0133968	0.0126951	0.0114294	0.0106468	0.0205394	0.00956147	0.00945643	0.00923718	0.00880671	0.00802056	0.00676702	0.0210194	0.00662892	0.00651486	0.00641627	0.00637884	0.00629642	0.00613568	0.00583135	0.00525612	0.00810934	0.00512436	0.00495558	0.00493524	0.00488428	0.00478082	0.00462558	0.00432863	0.00379387	0.00490087	0.008718	0.0031441	0.00309297	0.00304986	0.00303073	0.00302254	0.00294625	0.00291449	0.00288921	0.00284941	0.00275256	0.00268248	0.00259858	0.00259499	0.00254971	0.00251786	0.00250255	0.00249322	

81	0.059	0	0	task-0:0.04	|	0.326605	0.229889	0.217596	0.160229	0.14354	0.112641	0.0982979	0.0802125	0.0735855	0.0703541	0.0649546	0.062439	0.0584204	0.0553186	0.0511476	0.0474602	0.0432188	0.0398777	0.0364751	0.0308772	0.0346739	0.0284719	0.0253188	0.0249536	0.0240963	0.0225573	0.0213098	0.0201542	0.0196052	0.0194028	0.0190078	0.0187125	0.0183372	0.0180542	0.0175638	0.0171565	0.0164149	0.0150811	0.0149572	0.0165204	0.0131653	0.012917	0.0126037	0.0120936	0.0112505	0.00974946	0.00736009	0.0196156	0.0327508	0.00604712	0.00536993	0.0052024	0.00516377	0.0051328	0.00507494	0.00496839	0.00473204	0.00476726	0.00454608	0.00446745	0.00444876	0.00440991	0.00429951	0.00412063	0.00419233	0.00398033	0.00396046	0.00395317	0.00388213	0.0037978	0.00377747	0.00377966	0.00373673	0.00366277	0.00358374	0.00349145	0.00331675	0.00299541	0.00269399	0.0120531	0.00251001	0.00247781	

25	0.008	0	0	task-0:0.042	|	0.283551	0.250423	0.169561	0.0739226	0.0520353	0.129077	0.0452314	0.0510128	0.0378423	0.0369236	0.0349867	0.0310892	0.0248618	0.0165596	0.0396392	0.0884528	0.0127828	0.0105725	0.00925722	0.00916465	0.00896933	0.00858011	0.0078473	0.00657557	0.00465354	0.00238375	

98	0.064	0	0	task-0:0.04	|	0.241506	0.213806	0.150929	0.10591	0.122944	0.0771087	0.0729872	0.0666629	0.0637067	0.059419	0.0522528	0.0479773	0.0441111	0.0418108	0.0401698	0.0386175	0.0360761	0.0339651	0.0322596	0.0313816	0.0297014	0.0270725	0.0270495	0.0246685	0.0240232	0.0233214	0.0222916	0.0215671	0.0201903	0.0186279	0.0201307	0.0179586	0.0176203	0.0171872	0.0167741	0.0162144	0.0155617	0.0152191	0.0151404	0.0148969	0.0143713	0.0133926	0.011705	0.0158543	0.0119191	0.0103507	0.0102394	0.0100358	0.00978693	0.0095864	0.00932315	0.00906209	0.00855144	0.00762423	0.00609183	0.0167407	0.00963222	0.00529848	0.00506465	0.00496593	0.00490061	0.00486877	0.00484268	0.00475083	0.0046275	0.00458221	0.00446237	0.00440982	0.00431097	0.00424596	0.00410914	0.00409436	0.00409324	0.00407197	0.00402432	0.0039249	0.00372233	0.00383901	0.00372474	0.00370281	0.00366318	0.00360648	0.00356323	0.00347971	0.00347521	0.00335211	0.00334523	0.00334976	0.0033454	0.00332918	0.00326786	0.00317108	0.00313139	0.00303194	0.003008	0.00296174	0.00286979	0.00269313	0.0023715	

25	0.008	0	0	task-0:0.042	|	0.283551	0.250423	0.169561	0.0739226	0.0520353	0.129077	0.0452314	0.0510128	0.0378423	0.0369236	0.0349867	0.0310892	0.0248618	0.0165596	0.0396392	0.0884528	0.0127828	0.0105725	0.00925722	0.00916465	0.00896933	0.00858011	0.0078473	0.00657557	0.00465354	0.00238375	

50	0.049	0	0	task-0:0.042	|	0.251935	0.180052	0.167047	0.133366	0.117112	0.098988	0.0780167	0.0726708	0.0666096	0.0626954	0.0533691	0.0415376	0.051165	0.0496186	0.0301147	0.0294271	0.0279219	0.0250344	0.0202318	0.0135937	0.0181988	0.158827	0.00807595	0.0079227	0.0070232	0.00692961	0.00681028	0.00666702	0.00643025	0.00598288	0.00519228	0.00681978	0.0164066	0.00437762	0.00423295	0.00416371	0.00414201	0.00409696	0.00400906	0.00384015	0.00353141	0.00303264	0.0127082	0.00296429	0.00294099	0.00289443	0.0028139	0.00272227	0.00254675	0.00298046	0.00249153	

64	0.053	0	0	task-0:0.042	|	0.256347	0.222507	0.166608	0.0877144	0.0869227	0.11608	0.0410686	0.0388531	0.0376286	0.0364709	0.0351857	0.0331046	0.0317779	0.0301001	0.0295439	0.0282217	0.0256973	0.0215303	0.0206778	0.0473287	0.0160777	0.0158161	0.0153001	0.0144223	0.0139731	0.013644	0.0132333	0.0130596	0.0128532	0.0124105	0.0116842	0.012044	0.011135	0.0110133	0.0108436	0.0104741	0.0101013	0.0093839	0.00810095	0.00607649	0.00420087	0.0998122	0.00401966	0.00356266	0.00349145	0.00348447	0.00345811	0.00339915	0.00325562	0.00316097	0.00305074	0.00308052	0.00298268	0.00294873	0.00293538	0.00290991	0.00287176	0.00277331	0.00277386	0.0026922	0.00267571	0.0026568	0.00261902	0.00254765	0.00241488	

49	0.016	0	0	task-0:0.036	|	0.318103	0.256299	0.239963	0.196226	0.163916	0.122815	0.112216	0.0939629	0.0790261	0.0688356	0.061518	0.0544144	0.0423531	0.0315304	0.0921242	0.0282524	0.0271828	0.025889	0.0256917	0.0251665	0.0244915	0.0237926	0.0225129	0.0215817	0.0210044	0.0206047	0.0201729	0.0198309	0.0191187	0.0181991	0.0175863	0.0172656	0.016806	0.0165788	0.0163165	0.0157386	0.0146125	0.0126121	0.00947821	0.00550818	0.00407697	0.188446	0.0026427	0.00260131	0.00253589	0.00250937	0.0025062	0.00250134	0.00250716	0.00249686	

99	0.065	0	0	task-0:0.04	|	0.252928	0.19353	0.178656	0.133805	0.109088	0.117635	0.0699661	0.0643959	0.0598601	0.057952	0.0539029	0.049716	0.04194	0.0316002	0.069741	0.0284086	0.0259185	0.0257105	0.025069	0.0245323	0.023594	0.0220117	0.0212232	0.0203538	0.019656	0.0193497	0.0189551	0.0181597	0.0167464	0.0165477	0.0164347	0.0148041	0.0146108	0.0142543	0.0136319	0.0132314	0.0126843	0.0117038	0.012271	0.0115213	0.0105534	0.0104586	0.0102575	0.00982668	0.00911032	0.0101258	0.0087116	0.00864451	0.00857108	0.00840809	0.00805158	0.0078197	0.00748458	0.00749287	0.00739068	0.00726668	0.0071406	0.00707433	0.007053	0.00693148	0.00678631	0.00671552	0.00665666	0.00648971	0.00633727	0.00605362	0.00612653	0.00582931	0.00566722	0.00563766	0.00557954	0.00542085	0.00523981	0.00496328	0.00447332	0.00555564	0.00609756	0.00391651	0.0038625	0.00381089	0.00375192	0.00366153	0.00353391	0.00355317	0.00347324	0.00343038	0.00342517	0.00341793	0.00342642	0.00339978	0.00335296	0.00326576	0.00315024	0.00293566	0.00257453	0.0070099	0.00254905	0.00253354	0.00250159	0.00243997	

76	0.057	0	0	task-0:0.042	|	0.277481	0.233166	0.186523	0.109236	0.0880591	0.143346	0.0510624	0.0492416	0.0449419	0.0429248	0.040471	0.0358941	0.0324936	0.0389798	0.0296384	0.0287948	0.0278238	0.0264297	0.025145	0.0234736	0.0207555	0.0163385	0.0110259	0.108795	0.0104571	0.0103559	0.0102158	0.00999188	0.00984117	0.00966589	0.00936763	0.00909303	0.00873807	0.00866363	0.00864344	0.00857178	0.00845389	0.00833871	0.00825336	0.00815648	0.00793988	0.0077873	0.00750833	0.00706784	0.00760831	0.00698305	0.00689921	0.00677045	0.00666622	0.00650005	0.00619723	0.00575121	0.0074958	0.00566105	0.0055926	0.00548341	0.00538474	0.00519022	0.00482347	0.0041714	0.00314616	0.0293447	0.00312901	0.00309087	0.00304144	0.00301634	0.00300515	0.00299201	0.00296593	0.00289055	0.00275436	0.00265316	0.00298402	0.00253727	0.00252629	0.00250534	0.00246949	

49	0.049	0	0	task-0:0.036	|	0.318103	0.256299	0.239963	0.196226	0.163916	0.122815	0.112216	0.0939629	0.0790261	0.0688356	0.061518	0.0544144	0.0423531	0.0315304	0.0921242	0.0282524	0.0271828	0.025889	0.0256917	0.0251665	0.0244915	0.0237926	0.0225129	0.0215817	0.0210044	0.0206047	0.0201729	0.0198309	0.0191187	0.0181991	0.0175863	0.0172656	0.016806	0.0165788	0.0163165	0.0157386	0.0146125	0.0126121	0.00947821	0.00550818	0.00407697	0.188446	0.0026427	0.00260131	0.00253589	0.00250937	0.0025062	0.00250134	0.00250716	0.00249686	

47	0.015	0	0	task-0:0.038	|	0.267139	0.213123	0.202378	0.163271	0.123457	0.124216	0.0930762	0.0836778	0.0769285	0.0730789	0.0657562	0.0587625	0.0521138	0.0512503	0.0478561	0.045458	0.0439846	0.0409052	0.0359266	0.0285785	0.0188132	0.0242715	0.143811	0.0176376	0.020668	0.00977245	0.0095142	0.00933813	0.00924275	0.00903383	0.00864447	0.0080118	0.0101279	0.00792546	0.00784227	0.00772068	0.00757636	0.00745646	0.00729283	0.00696948	0.00636227	0.00530904	0.00370031	0.0200101	0.0319141	0.00372927	0.0027535	0.00247092	

49	0.016	0	0	task-0:0.036	|	0.318103	0.256299	0.239963	0.196226	0.163916	0.122815	0.112216	0.0939629	0.0790261	0.0688356	0.061518	0.0544144	0.0423531	0.0315304	0.0921242	0.0282524	0.0271828	0.025889	0.0256917	0.0251665	0.0244915	0.0237926	0.0225129	0.0215817	0.0210044	0.0206047	0.0201729	0.0198309	0.0191187	0.0181991	0.0175863	0.0172656	0.016806	0.0165788	0.0163165	0.0157386	0.0146125	0.0126121	0.00947821	0.00550818	0.00407697	0.188446	0.0026427	0.00260131	0.00253589	0.00250937	0.0025062	0.00250134	0.00250716	0.00249686	

74	0.057	0	0	task-0:0.046	|	0.300417	0.242087	0.196588	0.136281	0.120136	0.0884828	0.0797415	0.0740444	0.0665856	0.0655414	0.0608338	0.057248	0.0503388	0.0430699	0.0459583	0.0392767	0.0375139	0.0364468	0.0340839	0.0296579	0.0228002	0.0142419	0.100896	0.014199	0.0120158	0.0118385	0.011691	0.0116173	0.0113816	0.0112044	0.0110761	0.0108602	0.0105372	0.0101503	0.00944671	0.00824046	0.00646556	0.00875846	0.0758643	0.00460892	0.00455674	0.00449571	0.00444319	0.00437627	0.00422842	0.00416739	0.00404244	0.00401118	0.0039883	0.00390176	0.00382572	0.00376863	0.00366688	0.00347818	0.0035714	0.00345262	0.00325084	0.00323083	0.00318881	0.00310519	0.00295514	0.00307843	0.00293018	0.00289054	0.00283793	0.00282476	0.00281427	0.00276775	0.00268417	0.00264626	0.00255529	0.00255349	0.00254089	0.00252361	0.0024653	

61	0.055	0	0	task-0:0.042	|	0.276019	0.243367	0.165521	0.0731793	0.0471353	0.155828	0.0467104	0.067736	0.0383249	0.0375508	0.0354034	0.0313029	0.0288502	0.0391681	0.0245824	0.0237663	0.0232003	0.0219574	0.019585	0.0157665	0.0105452	0.0294225	0.113974	0.00604817	0.00599659	0.0059816	0.00592119	0.0057848	0.00552506	0.00538573	0.0058057	0.00510981	0.00507464	0.00500246	0.00486413	0.00458801	0.00409933	0.00525709	0.00583458	0.00362576	0.00356611	0.00350749	0.00350519	0.00349942	0.00349652	0.00349527	0.00346805	0.00340848	0.00329283	0.00312815	0.00283726	0.00459218	0.00282898	0.00280513	0.00276183	0.00271737	0.00268515	0.002636	0.00253382	0.00255039	0.00251666	0.00246808	

61	0.019	0	0	task-0:0.042	|	0.276019	0.243367	0.165521	0.0731793	0.0471353	0.155828	0.0467104	0.067736	0.0383249	0.0375508	0.0354034	0.0313029	0.0288502	0.0391681	0.0245824	0.0237663	0.0232003	0.0219574	0.019585	0.0157665	0.0105452	0.0294225	0.113974	0.00604817	0.00599659	0.0059816	0.00592119	0.0057848	0.00552506	0.00538573	0.0058057	0.00510981	0.00507464	0.00500246	0.00486413	0.00458801	0.00409933	0.00525709	0.00583458	0.00362576	0.00356611	0.00350749	0.00350519	0.00349942	0.00349652	0.00349527	0.00346805	0.00340848	0.00329283	0.00312815	0.00283726	0.00459218	0.00282898	0.00280513	0.00276183	0.00271737	0.00268515	0.002636	0.00253382	0.00255039	0.00251666	0.00246808	

47	0.048	0	0	task-0:0.038	|	0.267139	0.213123	0.202378	0.163271	0.123457	0.124216	0.0930762	0.0836778	0.0769285	0.0730789	0.0657562	0.0587625	0.0521138	0.0512503	0.0478561	0.045458	0.0439846	0.0409052	0.0359266	0.0285785	0.0188132	0.0242715	0.143811	0.0176376	0.020668	0.00977245	0.0095142	0.00933813	0.00924275	0.00903383	0.00864447	0.0080118	0.0101279	0.00792546	0.00784227	0.00772068	0.00757636	0.00745646	0.00729283	0.00696948	0.00636227	0.00530904	0.00370031	0.0200101	0.0319141	0.00372927	0.0027535	0.00247092	

71	0.055	0	0	task-0:0.04	|	0.321107	0.244387	0.214332	0.180168	0.151818	0.127094	0.0866281	0.0959639	0.0688892	0.0518324	0.049624	0.045179	0.0388898	0.0291585	0.0231982	0.112752	0.0203961	0.020417	0.0172252	0.0170319	0.0165843	0.0156673	0.0139669	0.0111635	0.0115576	0.0737347	0.00771684	0.00761803	0.00743628	0.00725563	0.00698959	0.00696813	0.00685272	0.0067397	0.0066607	0.00654624	0.00635801	0.00613495	0.00624895	0.00599166	0.00590606	0.00582516	0.00570037	0.00547782	0.005176	0.00611648	0.0050662	0.00500373	0.00490033	0.00481993	0.00468739	0.00447657	0.00460092	0.00441719	0.00435109	0.00427582	0.00424191	0.00420994	0.00411653	0.00395086	0.00387746	0.00382059	0.00371306	0.00369378	0.00366878	0.00359847	0.00346579	0.00327923	0.00293988	0.00308552	0.00776086	0.0024488	

71	0.024	0	0	task-0:0.04	|	0.321107	0.244387	0.214332	0.180168	0.151818	0.127094	0.0866281	0.0959639	0.0688892	0.0518324	0.049624	0.045179	0.0388898	0.0291585	0.0231982	0.112752	0.0203961	0.020417	0.0172252	0.0170319	0.0165843	0.0156673	0.0139669	0.0111635	0.0115576	0.0737347	0.00771684	0.00761803	0.00743628	0.00725563	0.00698959	0.00696813	0.00685272	0.0067397	0.0066607	0.00654624	0.00635801	0.00613495	0.00624895	0.00599166	0.00590606	0.00582516	0.00570037	0.00547782	0.005176	0.00611648	0.0050662	0.00500373	0.00490033	0.00481993	0.00468739	0.00447657	0.00460092	0.00441719	0.00435109	0.00427582	0.00424191	0.00420994	0.00411653	0.00395086	0.00387746	0.00382059	0.00371306	0.00369378	0.00366878	0.00359847	0.00346579	0.00327923	0.00293988	0.00308552	0.00776086	0.0024488	

49	0.049	0	0	task-0:0.028	|	0.35072	0.280346	0.253564	0.20609	0.184064	0.132589	0.119842	0.0956743	0.0839721	0.0706038	0.0639004	0.0607178	0.0564039	0.0529775	0.0484562	0.043525	0.0353547	0.0243274	0.056628	0.0433815	0.0167576	0.0164116	0.0160275	0.0152802	0.0140792	0.0141967	0.0141838	0.0125523	0.0124109	0.0121255	0.0115537	0.0106435	0.0102543	0.0132362	0.00929368	0.00919661	0.0089987	0.00860955	0.00784419	0.00652401	0.00463271	0.0235549	0.0361739	0.00395928	0.00300321	0.00298343	0.00294399	0.00286771	0.002723	0.00248371	

74	0.056	0	0	task-0:0.04	|	0.262416	0.182579	0.166056	0.127971	0.131433	0.0853272	0.0735592	0.0707787	0.0648887	0.0585019	0.0471907	0.0318702	0.0204194	0.131272	0.0193209	0.0198544	0.0177178	0.0175061	0.0171131	0.0163794	0.0154923	0.0157276	0.0149907	0.0146802	0.014352	0.01404	0.0137041	0.0130348	0.0117746	0.0097257	0.020347	0.00919769	0.00909053	0.00906985	0.00901331	0.00890507	0.00876906	0.0086663	0.00846098	0.0080777	0.00734048	0.00833164	0.0087166	0.0065443	0.00647559	0.00634906	0.00617442	0.00583916	0.00553638	0.00696805	0.00525683	0.00522545	0.00516327	0.0050459	0.0047879	0.00453325	0.00529696	0.00436176	0.00434441	0.00431146	0.00425735	0.00412225	0.00399827	0.00382332	0.00399404	0.00376552	0.0037142	0.00364565	0.00362447	0.00360275	0.00354562	0.0034291	0.00320331	0.00279402	0.00215132	

88	0.06	0	0	task-0:0.042	|	0.265902	0.211126	0.200138	0.159901	0.120471	0.126605	0.0891666	0.08037	0.0741253	0.0703296	0.0633936	0.0563273	0.0493373	0.0516971	0.0452742	0.0430522	0.0417557	0.0388365	0.0334972	0.0267229	0.053543	0.0253804	0.0247095	0.0243969	0.0237554	0.0224311	0.0200046	0.0167587	0.0316801	0.0160806	0.0158874	0.0157902	0.0156435	0.0153567	0.0148212	0.0139936	0.0125137	0.012497	0.0191039	0.0104704	0.0102336	0.0100833	0.00991028	0.00969032	0.00933312	0.00920751	0.0091744	0.00904764	0.00880625	0.00841213	0.00851645	0.00809777	0.00802363	0.00790072	0.0076331	0.00749347	0.00727779	0.00699044	0.00696992	0.00685124	0.0067318	0.00670089	0.00669225	0.00668736	0.00665549	0.00655974	0.00636734	0.00602168	0.00557195	0.00616518	0.00590627	0.00505568	0.00500158	0.00493844	0.00481079	0.00456312	0.00411251	0.00334452	0.00981187	0.00931735	0.00292785	0.0027412	0.00266955	0.00264615	0.00263952	0.00262637	0.00260383	0.0025433	0.00242682	

61	0.04	0	0	task-0:0.042	|	0.276019	0.243367	0.165521	0.0731793	0.0471353	0.155828	0.0467104	0.067736	0.0383249	0.0375508	0.0354034	0.0313029	0.0288502	0.0391681	0.0245824	0.0237663	0.0232003	0.0219574	0.019585	0.0157665	0.0105452	0.0294225	0.113974	0.00604817	0.00599659	0.0059816	0.00592119	0.0057848	0.00552506	0.00538573	0.0058057	0.00510981	0.00507464	0.00500246	0.00486413	0.00458801	0.00409933	0.00525709	0.00583458	0.00362576	0.00356611	0.00350749	0.00350519	0.00349942	0.00349652	0.00349527	0.00346805	0.00340848	0.00329283	0.00312815	0.00283726	0.00459218	0.00282898	0.00280513	0.00276183	0.00271737	0.00268515	0.002636	0.00253382	0.00255039	0.00251666	0.00246808	

63	0.053	0	0	task-0:0.042	|	0.301267	0.253191	0.193962	0.11647	0.128108	0.0737857	0.0649611	0.0640457	0.0605594	0.0566487	0.0505839	0.0446696	0.0449212	0.0397901	0.0384568	0.0355433	0.0302153	0.0222502	0.0246576	0.108464	0.0168729	0.0159427	0.0130923	0.0129482	0.0126361	0.0120186	0.0108833	0.00998986	0.0210906	0.00911487	0.00902789	0.00884566	0.00848864	0.00780692	0.00662435	0.00492951	0.0410541	0.0113623	0.00398779	0.00380273	0.00378829	0.0037714	0.00373834	0.00367507	0.00351899	0.00323073	0.00354148	0.00459577	0.00288033	0.00284477	0.00279318	0.00277783	0.00277745	0.00272738	0.00267466	0.00266399	0.00267667	0.00265345	0.002613	0.00257961	0.00256836	0.00255525	0.00252377	0.00246331	

53	0.05	0	0	task-0:0.036	|	0.27504	0.196501	0.182358	0.139416	0.096921	0.141759	0.0741319	0.0697262	0.063753	0.0598745	0.0550888	0.0454806	0.0385767	0.0744165	0.0330459	0.0318351	0.0311365	0.0293348	0.026242	0.0263793	0.0280555	0.0217241	0.0211773	0.0204766	0.0190323	0.0164738	0.0142769	0.0469017	0.0128294	0.0123528	0.0122338	0.0119986	0.0115492	0.0106693	0.00911433	0.00670665	0.00826787	0.0801205	0.0050991	0.00397869	0.00389121	0.00388028	0.00384739	0.00376117	0.00359625	0.00330321	0.00396353	0.00341671	0.00304763	0.00302808	0.00298763	0.00290693	0.00275139	0.00246617	

79	0.057	0	0	task-0:0.042	|	0.335992	0.260681	0.229472	0.189082	0.174882	0.143898	0.11879	0.100137	0.0885494	0.0820025	0.0742304	0.0721399	0.0662165	0.0606893	0.0532236	0.0428401	0.034884	0.0682905	0.0302737	0.0289759	0.0282257	0.0274315	0.0264013	0.025885	0.0246124	0.0223582	0.0232483	0.0217761	0.0194992	0.0191549	0.0186414	0.017695	0.0167272	0.0169212	0.0160455	0.015685	0.0153147	0.014894	0.0144287	0.013538	0.0120698	0.00966012	0.00765349	0.0722356	0.00689442	0.00634719	0.00627017	0.00627127	0.00622424	0.00612364	0.00593994	0.00562978	0.00592862	0.00540077	0.0053469	0.00535448	0.00532067	0.00524738	0.00511708	0.00492322	0.00483483	0.00474938	0.00461824	0.00459081	0.00455874	0.00445315	0.00434431	0.00415702	0.00380624	0.00324907	0.00633007	0.00750851	0.00273421	0.00267418	0.00264892	0.00264019	0.00262988	0.00261505	0.00255069	0.00249132	

61	0.02	0	0	task-0:0.038	|	0.284897	0.245204	0.182658	0.109594	0.155339	0.097895	0.134289	0.0794479	0.0768742	0.0683602	0.0547448	0.0478232	0.0661098	0.0375981	0.0357668	0.0347919	0.0325242	0.0286681	0.0226173	0.0292637	0.046998	0.0168197	0.0160385	0.0158541	0.0156328	0.0153197	0.0147978	0.0142414	0.0136418	0.0133735	0.0132522	0.0129903	0.0126206	0.0123485	0.0120688	0.0115792	0.0112035	0.0108693	0.0108009	0.0107089	0.010648	0.0104949	0.0102411	0.00988051	0.0091871	0.00795034	0.00600844	0.00657227	0.0883988	0.00453678	0.00361324	0.00353387	0.00352201	0.00350177	0.00340934	0.00337663	0.00334596	0.0032925	0.00317656	0.00295608	0.00255496	0.00191179	

73	0.055	0	0	task-0:0.046	|	0.225273	0.200647	0.14304	0.0713327	0.0605305	0.158395	0.0441957	0.0577964	0.0346376	0.0336728	0.0320701	0.0287606	0.0233348	0.0300312	0.0438518	0.0172943	0.0166636	0.0165868	0.0163174	0.0158148	0.0151683	0.0151099	0.0147672	0.0144812	0.0142113	0.0138867	0.0133207	0.0125541	0.0128534	0.0123062	0.012138	0.011933	0.0117995	0.0115074	0.0109223	0.00986953	0.00847227	0.0300337	0.00800159	0.00779593	0.00772287	0.00765331	0.00750722	0.0072251	0.00666334	0.00578694	0.00942629	0.0090936	0.00495328	0.00484494	0.00481228	0.00477276	0.00470221	0.00455896	0.00428975	0.00457551	0.00413748	0.00411881	0.0041232	0.0040876	0.00402032	0.00394366	0.0038808	0.00377767	0.00359102	0.00376931	0.00357041	0.00352719	0.00346096	0.00341988	0.0033441	0.0031918	0.0029073	0.00241509	

63	0.053	0	0	task-0:0.036	|	0.301014	0.239393	0.219978	0.182093	0.143409	0.113697	0.0960283	0.0917243	0.0826588	0.0719465	0.0638166	0.0631005	0.0590336	0.053805	0.0444303	0.0351562	0.0608894	0.0320295	0.0307734	0.0300057	0.0288118	0.0271996	0.0254558	0.0231112	0.0214693	0.0232889	0.0197399	0.0193505	0.0187779	0.0179136	0.0172405	0.0163742	0.0150276	0.012681	0.00916257	0.0206209	0.0675846	0.0075266	0.00575252	0.00560503	0.00557895	0.00552165	0.00536848	0.00512462	0.00530254	0.0050035	0.00497422	0.00492011	0.00476561	0.00469473	0.00456121	0.00430735	0.00384086	0.00459016	0.00706683	0.00325125	0.00320857	0.00315224	0.00313464	0.00311249	0.00305297	0.00293515	0.00271208	0.00231765	

70	0.054	0	0	task-0:0.042	|	0.252837	0.20015	0.182676	0.131868	0.126823	0.0909541	0.0699715	0.0658772	0.0585535	0.0511249	0.0453084	0.0425512	0.0408001	0.0388471	0.037432	0.0350301	0.032178	0.0290704	0.0276418	0.027002	0.0248506	0.024289	0.0235326	0.0220267	0.019389	0.0209524	0.0209159	0.0163229	0.0160902	0.0155865	0.0145907	0.0127864	0.00989882	0.00610981	0.0660161	0.00825231	0.00625023	0.00513386	0.00501258	0.00495885	0.00487397	0.00480807	0.00470224	0.00448787	0.00453324	0.00433376	0.00430794	0.00429397	0.00419567	0.00414472	0.00412512	0.00410923	0.00406633	0.00397767	0.0038022	0.00347199	0.00291439	0.0108448	0.00289941	0.00288301	0.00284944	0.0027947	0.00271852	0.00269197	0.00259588	0.0025983	0.00259326	0.00259215	0.00258649	0.00255301	0.00248964	

67	0.022	0	0	task-0:0.04	|	0.335259	0.284668	0.218756	0.160951	0.125907	0.117446	0.100127	0.0835093	0.0688522	0.0687705	0.0619229	0.059375	0.056949	0.0516357	0.0434068	0.0339188	0.0824737	0.0313293	0.0303546	0.0298795	0.0287606	0.0272	0.0259848	0.0249417	0.0246865	0.0240919	0.023379	0.0219284	0.0192798	0.0150415	0.00947498	0.0145172	0.141292	0.0128468	0.0185002	0.00483686	0.0044529	0.00432995	0.00429703	0.00428028	0.0042478	0.00419038	0.00403964	0.00389023	0.00384368	0.00377309	0.00367514	0.00364889	0.00364274	0.00363605	0.00363822	0.00361464	0.00356268	0.00345666	0.00325346	0.00298034	0.00650572	0.00285277	0.00283394	0.00279959	0.00278077	0.0027469	0.00267837	0.00254152	0.00266348	0.00253187	0.00250013	0.00245113	

41	0.045	0	0	task-0:0.036	|	0.232496	0.201905	0.160248	0.0957801	0.131815	0.0655843	0.0531476	0.0513303	0.0475118	0.0441029	0.0403514	0.0352152	0.0271018	0.0184603	0.120915	0.0171742	0.0169266	0.0162553	0.0160699	0.0158163	0.0154807	0.0150287	0.0147418	0.0144396	0.0139525	0.0137176	0.0132569	0.0124821	0.0110673	0.00874749	0.0100418	0.0766834	0.00595009	0.00587237	0.00577341	0.00571236	0.0056363	0.00548138	0.00517341	0.00459353	0.00363274	0.0022964	

73	0.056	0	0	task-0:0.036	|	0.357071	0.255921	0.248931	0.168844	0.145394	0.118389	0.11302	0.104847	0.093198	0.0849465	0.0698432	0.0603385	0.0596832	0.0491695	0.0464777	0.0439397	0.0393517	0.0365393	0.035252	0.0325833	0.0314277	0.0302712	0.0277478	0.0235289	0.0265212	0.0297474	0.0187532	0.018279	0.0178707	0.0169898	0.0153271	0.0129022	0.0269245	0.0127177	0.0124886	0.0123272	0.0120322	0.0116457	0.0109695	0.00993869	0.0129706	0.00974711	0.00960507	0.0094389	0.00938266	0.00927708	0.00913423	0.00888215	0.00865031	0.00823124	0.00782514	0.00854215	0.0075187	0.00740484	0.00723514	0.00717131	0.00711429	0.00699104	0.00676404	0.00635155	0.00650516	0.00643971	0.00583421	0.00579028	0.00570351	0.00551005	0.00514016	0.00447569	0.00340932	0.0117169	0.0200888	0.00308924	0.00262132	0.00245898	

38	0.013	0	0	task-0:0.026	|	0.33962	0.300544	0.200672	0.119895	0.170984	0.0832493	0.105618	0.0645874	0.0615402	0.0569502	0.0524364	0.0434048	0.0307052	0.0620113	0.0530546	0.0212566	0.0208143	0.020151	0.0188394	0.0169464	0.0207734	0.0161916	0.0160256	0.0156396	0.0148336	0.0132906	0.0107682	0.00718725	0.00511684	0.196098	0.00365567	0.00362669	0.00334808	0.00331454	0.00327525	0.00319642	0.00304361	0.00278535	0.00246571	

40	0.046	0	0	task-0:0.054	|	0.28501	0.248624	0.177088	0.143049	0.122211	0.08896	0.0817651	0.0739095	0.0720905	0.0664101	0.0605986	0.0526339	0.0436178	0.0394326	0.0477787	0.0323041	0.0312013	0.0298266	0.0271315	0.0225539	0.0202271	0.0580281	0.0164412	0.0161544	0.0157699	0.015175	0.0148216	0.0144013	0.0137732	0.0134432	0.0131393	0.0125543	0.0115944	0.00989467	0.00726321	0.00403046	0.0361671	0.119465	0.0148932	0.0238949	0.0022719	

68	0.023	0	0	task-0:0.042	|	0.291427	0.255285	0.182078	0.0941528	0.130906	0.0605019	0.0552423	0.0551844	0.0534975	0.050714	0.0471309	0.0408965	0.0443601	0.0367463	0.0352844	0.0323754	0.0306226	0.0301525	0.0278625	0.0270895	0.0260222	0.0237617	0.0199869	0.0243193	0.0403696	0.015632	0.0151661	0.0150419	0.0147186	0.0140514	0.0128939	0.0109962	0.00949778	0.0655659	0.00822229	0.007673	0.00758078	0.00756213	0.00750322	0.00736129	0.00708093	0.00665632	0.00594189	0.00929366	0.0059185	0.00586053	0.00578688	0.00570543	0.00564427	0.0055266	0.00531225	0.00501954	0.00561947	0.00492089	0.00485594	0.00475618	0.00469422	0.00460491	0.0044133	0.00427442	0.00423761	0.0041261	0.00411101	0.00407958	0.00402054	0.00389523	0.00363731	0.00317268	0.00241949	

59	0.051	0	0	task-0:0.052	|	0.231148	0.194932	0.164354	0.117218	0.0787128	0.131861	0.0637375	0.0628835	0.054504	0.0521235	0.048329	0.0416101	0.0459815	0.0370814	0.0341014	0.0334956	0.032151	0.0307567	0.028858	0.0271935	0.0257626	0.0246153	0.0229791	0.0214839	0.0214414	0.0202717	0.0197341	0.0192261	0.0185409	0.0178749	0.0166792	0.0164099	0.0160216	0.0149818	0.0147941	0.0144744	0.0138012	0.012519	0.0103206	0.00710706	0.00745385	0.166152	0.00380651	0.00371059	0.003627	0.00358133	0.00357413	0.00356389	0.00358483	0.00356236	0.00352546	0.00346883	0.00343448	0.00336615	0.00323655	0.00300971	0.00266586	0.00270198	0.0389876	0.00214015	

54	0.05	0	0	task-0:0.036	|	0.248175	0.215502	0.166635	0.0927593	0.0935511	0.126952	0.0406497	0.0387198	0.0375238	0.0363343	0.0351677	0.0329003	0.0290618	0.0230103	0.0257838	0.0482996	0.0168402	0.0160617	0.0158802	0.0156428	0.0153407	0.0147669	0.0137933	0.0123565	0.0151437	0.0121602	0.011126	0.0110292	0.0108913	0.0106691	0.0103083	0.00997954	0.00950941	0.00935468	0.00901041	0.00892581	0.00889773	0.00883576	0.00869896	0.00848205	0.00823985	0.00779666	0.00734069	0.00890676	0.00703636	0.0069312	0.00677466	0.00669865	0.00661978	0.00645522	0.00612976	0.00552301	0.00449609	0.00300046	0.00135941	

57	0.019	0	0	task-0:0.036	|	0.189483	0.168205	0.137598	0.089286	0.0867146	0.0868534	0.0480504	0.045345	0.0428525	0.0387767	0.0371524	0.0343421	0.0333294	0.0313556	0.0284876	0.0251649	0.0298429	0.0241648	0.023684	0.023173	0.0225446	0.0211606	0.0187723	0.0208718	0.0272897	0.0155453	0.0152139	0.0149381	0.0143505	0.0131994	0.0112027	0.008389	0.0632564	0.00823127	0.00792089	0.00785911	0.00778663	0.00760119	0.00743346	0.00729325	0.00708748	0.00671725	0.00682237	0.00648027	0.00626305	0.00622486	0.00615834	0.00597669	0.0058973	0.0057407	0.00544167	0.00487851	0.00392832	0.00256697	0.0155936	0.0610305	0.00256726	0.00140841	

90	0.062	0	0	task-0:0.046	|	0.253284	0.219382	0.172477	0.107055	0.149535	0.0738012	0.0665402	0.0603043	0.0547439	0.0486627	0.0386173	0.0270355	0.0780021	0.0263068	0.0256969	0.0245765	0.0245656	0.0242133	0.0236244	0.0230733	0.0221267	0.0211036	0.0192148	0.0166212	0.0314582	0.0165326	0.0146403	0.0145305	0.0142965	0.0139045	0.0133701	0.0131426	0.0129548	0.0127114	0.0125712	0.0123329	0.0119279	0.01134	0.0114757	0.0111612	0.011035	0.0108659	0.0107493	0.010558	0.0101884	0.00946971	0.00867546	0.0138516	0.00825896	0.00820423	0.0080943	0.00787318	0.00742328	0.00660359	0.00631467	0.0167598	0.00541975	0.00530605	0.0052464	0.0052267	0.00519801	0.00515212	0.00502837	0.00481688	0.00480172	0.00463433	0.0045381	0.0045132	0.00447929	0.00435884	0.00429836	0.00420427	0.00402201	0.0036868	0.0030971	0.00925381	0.00299179	0.00299057	0.00299133	0.00298198	0.00295916	0.00292311	0.00287811	0.00284496	0.00278588	0.00265017	0.0027275	0.00256316	0.0025118	0.00250305	0.00249054	

54	0.049	0	0	task-0:0.036	|	0.248175	0.215502	0.166635	0.0927593	0.0935511	0.126952	0.0406497	0.0387198	0.0375238	0.0363343	0.0351677	0.0329003	0.0290618	0.0230103	0.0257838	0.0482996	0.0168402	0.0160617	0.0158802	0.0156428	0.0153407	0.0147669	0.0137933	0.0123565	0.0151437	0.0121602	0.011126	0.0110292	0.0108913	0.0106691	0.0103083	0.00997954	0.00950941	0.00935468	0.00901041	0.00892581	0.00889773	0.00883576	0.00869896	0.00848205	0.00823985	0.00779666	0.00734069	0.00890676	0.00703636	0.0069312	0.00677466	0.00669865	0.00661978	0.00645522	0.00612976	0.00552301	0.00449609	0.00300046	0.00135941	

38	0.012	0	0	task-0:0.026	|	0.33962	0.300544	0.200672	0.119895	0.170984	0.0832493	0.105618	0.0645874	0.0615402	0.0569502	0.0524364	0.0434048	0.0307052	0.0620113	0.0530546	0.0212566	0.0208143	0.020151	0.0188394	0.0169464	0.0207734	0.0161916	0.0160256	0.0156396	0.0148336	0.0132906	0.0107682	0.00718725	0.00511684	0.196098	0.00365567	0.00362669	0.00334808	0.00331454	0.00327525	0.00319642	0.00304361	0.00278535	0.00246571	

54	0.053	0	0	task-0:0.036	|	0.276312	0.243948	0.172556	0.134061	0.117856	0.0864461	0.0791965	0.0721615	0.0700939	0.0639602	0.0590223	0.0527284	0.0464999	0.0446385	0.0403034	0.0388268	0.0363231	0.0342316	0.0325163	0.0321761	0.0312674	0.0298664	0.0283186	0.0261774	0.0223533	0.0165715	0.0229146	0.0846228	0.0129407	0.0111835	0.0100498	0.00995831	0.00976558	0.00934901	0.00855635	0.00717651	0.00509447	0.0166017	0.0584968	0.00398484	0.00335392	0.00319233	0.00316556	0.00312832	0.00305393	0.00296135	0.00283871	0.00305984	0.00280207	0.00277069	0.00271839	0.00269747	0.00265053	0.00255916	0.00238802	

38	0.013	0	0	task-0:0.026	|	0.33962	0.300544	0.200672	0.119895	0.170984	0.0832493	0.105618	0.0645874	0.0615402	0.0569502	0.0524364	0.0434048	0.0307052	0.0620113	0.0530546	0.0212566	0.0208143	0.020151	0.0188394	0.0169464	0.0207734	0.0161916	0.0160256	0.0156396	0.0148336	0.0132906	0.0107682	0.00718725	0.00511684	0.196098	0.00365567	0.00362669	0.00334808	0.00331454	0.00327525	0.00319642	0.00304361	0.00278535	0.00246571	

61	0.052	0	0	task-0:0.042	|	0.35245	0.30458	0.2315	0.177076	0.135825	0.122538	0.102085	0.0871634	0.0649521	0.0807402	0.0526191	0.0494516	0.0431121	0.0374143	0.049533	0.033387	0.0321947	0.031251	0.0294072	0.0267675	0.0222442	0.0164431	0.070807	0.0159999	0.0154131	0.0151072	0.0150658	0.0148836	0.0145251	0.0139882	0.0136216	0.0131778	0.0131247	0.0129837	0.0128291	0.0125506	0.012279	0.011729	0.0107026	0.00893536	0.0115546	0.032685	0.0070128	0.00681359	0.00672153	0.00668732	0.00662221	0.00651312	0.00627852	0.00612239	0.00594109	0.00589541	0.00585373	0.00578147	0.00562598	0.00532266	0.00476289	0.00383089	0.00269648	0.0529441	0.00254636	0.00249804	

91	0.096	0	0	task-0:0.042	|	0.294566	0.209931	0.188762	0.151909	0.119137	0.0981832	0.0829926	0.0799049	0.0709502	0.0596232	0.0447332	0.0552314	0.0432195	0.0328375	0.032082	0.030457	0.0276106	0.0273033	0.0256814	0.0237889	0.0233925	0.0227483	0.0215731	0.020173	0.0194769	0.0188021	0.0182786	0.0179998	0.0176741	0.0176189	0.0174347	0.0171549	0.016878	0.0165484	0.0163085	0.015863	0.0153989	0.0144733	0.013657	0.0150297	0.0128399	0.0126865	0.0124608	0.0120602	0.0117682	0.0113161	0.0104975	0.0102702	0.010983	0.00943541	0.00933721	0.00915778	0.00879864	0.00852026	0.00816093	0.00815106	0.00803139	0.00787983	0.00777799	0.00769043	0.00761991	0.00741753	0.00732492	0.00715251	0.00681035	0.00617869	0.00512374	0.0037341	0.063718	0.00355889	0.00345457	0.00342138	0.00336579	0.00335029	0.00332778	0.00328137	0.0031605	0.00314111	0.00306377	0.00301992	0.00293565	0.00285911	0.00278397	0.00276748	0.00272373	0.00269089	0.00267009	0.0026498	0.00256854	0.0025492	0.0025253	0.00244686	

54	0.05	0	0	task-0:0.036	|	0.248175	0.215502	0.166635	0.0927593	0.0935511	0.126952	0.0406497	0.0387198	0.0375238	0.0363343	0.0351677	0.0329003	0.0290618	0.0230103	0.0257838	0.0482996	0.0168402	0.0160617	0.0158802	0.0156428	0.0153407	0.0147669	0.0137933	0.0123565	0.0151437	0.0121602	0.011126	0.0110292	0.0108913	0.0106691	0.0103083	0.00997954	0.00950941	0.00935468	0.00901041	0.00892581	0.00889773	0.00883576	0.00869896	0.00848205	0.00823985	0.00779666	0.00734069	0.00890676	0.00703636	0.0069312	0.00677466	0.00669865	0.00661978	0.00645522	0.00612976	0.00552301	0.00449609	0.00300046	0.00135941	

59	0.019	0	0	task-0:0.052	|	0.231148	0.194932	0.164354	0.117218	0.0787128	0.131861	0.0637375	0.0628835	0.054504	0.0521235	0.048329	0.0416101	0.0459815	0.0370814	0.0341014	0.0334956	0.032151	0.0307567	0.028858	0.0271935	0.0257626	0.0246153	0.0229791	0.0214839	0.0214414	0.0202717	0.0197341	0.0192261	0.0185409	0.0178749	0.0166792	0.0164099	0.0160216	0.0149818	0.0147941	0.0144744	0.0138012	0.012519	0.0103206	0.00710706	0.00745385	0.166152	0.00380651	0.00371059	0.003627	0.00358133	0.00357413	0.00356389	0.00358483	0.00356236	0.00352546	0.00346883	0.00343448	0.00336615	0.00323655	0.00300971	0.00266586	0.00270198	0.0389876	0.00214015	

56	0.051	0	0	task-0:0.044	|	0.340665	0.281171	0.229583	0.169907	0.160092	0.145968	0.123524	0.119053	0.100999	0.0896677	0.0764159	0.06908	0.0651742	0.0601514	0.0569398	0.0523552	0.04746	0.0417943	0.040213	0.0371443	0.0358368	0.0334045	0.0290365	0.0222814	0.013887	0.0886301	0.0215798	0.0103405	0.0101798	0.0100615	0.00996372	0.00970792	0.00950292	0.00928457	0.00897109	0.00836903	0.00729132	0.00557678	0.00419338	0.124173	0.00340038	0.00338968	0.00339945	0.00338689	0.00335577	0.00328957	0.00316551	0.00299361	0.0035078	0.00289229	0.00288663	0.00287551	0.00285946	0.00281484	0.00271564	0.00252681	0.00218823	

