13	0.022	16	0	task-3:0.122	task-0:0.15	task-1:0.24	task-2:0.122	|	0.0843144	0.0992141	0.0958107	0.0634672	0.0653753	0.0627506	0.0555114	0.0568458	0.057367	0.0534132	0.048229	0.0425672	0.0360899	

8	0.013	16	0	task-3:0.182	task-0:0.192	task-1:0.276	task-2:0.5	|	0.0802491	0.0999565	0.0998086	0.0847069	0.0721911	0.0624225	0.0483768	0.0395347	

7	0.012	16	0	task-3:0.5	task-0:0.058	task-1:0.146	task-2:0.268	|	0.0548407	0.0938332	0.0714555	0.073476	0.0587993	0.0424982	0.0371823	

10	0.017	16	0	task-3:0.242	task-0:0.108	task-1:0.098	task-2:0.348	|	0.06758	0.119671	0.1178	0.0847946	0.0545248	0.0538288	0.0495952	0.0458083	0.0425353	0.0341493	

6	0.01	16	0	task-3:0.33	task-0:0.146	task-1:0.504	task-2:0.5	|	0.0480291	0.0994526	0.0958311	0.0579816	0.0409	0.0266086	

32	0.058	16	0	task-3:0.3	task-0:0.296	task-1:0.424	task-2:0.05	|	0.0782265	0.0997681	0.0987904	0.0795258	0.0680896	0.0696963	0.0617875	0.0551593	0.0584874	0.0559903	0.0513086	0.050553	0.0481205	0.0409946	0.0427845	0.0429744	0.0425006	0.0435473	0.0439959	0.0515988	0.049253	0.052754	0.0484913	0.0475841	0.0475546	0.047177	0.0464879	0.0455731	0.0437284	0.0434863	0.0401297	0.0375235	

15	0.024	16	0	task-3:0.13	task-0:0.202	task-1:0.156	task-2:0.238	|	0.0600723	0.119916	0.119104	0.0829944	0.0563547	0.0574134	0.0493248	0.0535507	0.0585469	0.0565181	0.0552695	0.0527309	0.0498597	0.0447896	0.0229857	

8	0.017	16	0	task-3:0.182	task-0:0.192	task-1:0.276	task-2:0.5	|	0.0802491	0.0999565	0.0998086	0.0847069	0.0721911	0.0624225	0.0483768	0.0395347	

9	0.015	16	0	task-3:0.36	task-0:0.35	task-1:0.272	task-2:0.272	|	0.0760383	0.0999281	0.0997749	0.0897006	0.0578609	0.0612821	0.040714	0.0414466	0.0395261	

7	0.011	16	0	task-3:0.5	task-0:0.244	task-1:0.328	task-2:0.5	|	0.0544405	0.0999807	0.0999462	0.0955569	0.0418485	0.0423973	0.0228192	

14	0.023	16	0	task-3:0.258	task-0:0.286	task-1:0.33	task-2:0.122	|	0.0645012	0.1179	0.110093	0.0725759	0.0575602	0.0564083	0.05613	0.0555512	0.0537005	0.0518968	0.0494149	0.0452848	0.0401343	0.0339647	

16	0.033	16	0	task-3:0.176	task-0:0.158	task-1:0.248	task-2:0.204	|	0.0850642	0.0998141	0.099378	0.0835027	0.0667098	0.0653872	0.0560627	0.054743	0.0547426	0.0547543	0.0545019	0.0534213	0.0518325	0.0492608	0.0430367	0.0349074	

6	0.014	16	0	task-3:0.33	task-0:0.146	task-1:0.504	task-2:0.5	|	0.0480291	0.0994526	0.0958311	0.0579816	0.0409	0.0266086	

8	0.014	16	0	task-3:0.182	task-0:0.192	task-1:0.276	task-2:0.5	|	0.0802491	0.0999565	0.0998086	0.0847069	0.0721911	0.0624225	0.0483768	0.0395347	

16	0.029	16	0	task-3:0.176	task-0:0.158	task-1:0.248	task-2:0.204	|	0.0850642	0.0998141	0.099378	0.0835027	0.0667098	0.0653872	0.0560627	0.054743	0.0547426	0.0547543	0.0545019	0.0534213	0.0518325	0.0492608	0.0430367	0.0349074	

9	0.016	16	0	task-3:0.106	task-0:0.156	task-1:0.33	task-2:0.268	|	0.0822811	0.0997053	0.0968716	0.0716583	0.0545502	0.0531865	0.0492176	0.0446022	0.0374497	

9	0.015	16	0	task-3:0.138	task-0:0.12	task-1:0.142	task-2:0.34	|	0.08471	0.0998968	0.0995993	0.0817149	0.0657676	0.0606993	0.0495432	0.042199	0.0303922	

11	0.018	16	0	task-3:0.122	task-0:0.084	task-1:0.202	task-2:0.122	|	0.0669096	0.119569	0.119083	0.106973	0.0617064	0.0777073	0.0725739	0.0459131	0.056434	0.0506544	0.0307861	

10	0.016	16	0	task-3:0.086	task-0:0.09	task-1:0.12	task-2:0.146	|	0.0585007	0.0997543	0.0982387	0.0789	0.0492828	0.0474636	0.0423152	0.047949	0.0434073	0.0310553	

17	0.03	16	0	task-3:0.266	task-0:0.274	task-1:0.308	task-2:0.276	|	0.106295	0.0977152	0.0903194	0.053713	0.0610452	0.0578316	0.05259	0.0536204	0.055341	0.0546217	0.0520945	0.0498727	0.0474133	0.0444626	0.0414032	0.0403606	0.0369968	

7	0.016	16	0	task-3:0.26	task-0:0.26	task-1:0.504	task-2:0.086	|	0.0732941	0.0995765	0.0987687	0.0771068	0.0594357	0.0541038	0.0393299	

12	0.02	16	0	task-3:0.184	task-0:0.18	task-1:0.326	task-2:0.116	|	0.0706817	0.119661	0.11645	0.0587457	0.0649716	0.0653273	0.0572271	0.0559803	0.0512042	0.0475986	0.0406103	0.0325071	

3	0.005	16	0	task-3:0.5	task-0:0.5	task-1:0.504	task-2:0.5	|	0.054114	0.0924176	0.0380624	

9	0.015	16	0	task-3:0.292	task-0:0.382	task-1:0.504	task-2:0.278	|	0.0707172	0.0995129	0.0939572	0.0471333	0.044161	0.0419717	0.0416696	0.0418363	0.0397852	

13	0.022	16	0	task-3:0.342	task-0:0.168	task-1:0.21	task-2:0.228	|	0.0657236	0.119371	0.118878	0.0984469	0.0546135	0.0653688	0.0576365	0.0515979	0.0481104	0.0462596	0.0452137	0.0425824	0.0371367	

11	0.018	16	0	task-3:0.468	task-0:0.266	task-1:0.306	task-2:0.194	|	0.0680794	0.118908	0.114327	0.0592539	0.0586254	0.0591838	0.0541998	0.0536207	0.0510627	0.0452144	0.0395188	

8	0.013	16	0	task-3:0.298	task-0:0.496	task-1:0.504	task-2:0.49	|	0.0716378	0.119874	0.118679	0.0528428	0.0829826	0.0702776	0.0411345	0.0358877	

10	0.016	16	0	task-3:0.248	task-0:0.156	task-1:0.362	task-2:0.096	|	0.0541357	0.119869	0.119495	0.103903	0.056832	0.0696692	0.0614629	0.0486243	0.0405696	0.0345372	

3	0.005	16	0	task-3:0.5	task-0:0.5	task-1:0.504	task-2:0.5	|	0.054114	0.0924176	0.0380624	

9	0.014	16	0	task-3:0.292	task-0:0.382	task-1:0.504	task-2:0.278	|	0.0707172	0.0995129	0.0939572	0.0471333	0.044161	0.0419717	0.0416696	0.0418363	0.0397852	

13	0.025	16	0	task-3:0.342	task-0:0.168	task-1:0.21	task-2:0.228	|	0.0657236	0.119371	0.118878	0.0984469	0.0546135	0.0653688	0.0576365	0.0515979	0.0481104	0.0462596	0.0452137	0.0425824	0.0371367	

11	0.019	16	0	task-3:0.468	task-0:0.266	task-1:0.306	task-2:0.194	|	0.0680794	0.118908	0.114327	0.0592539	0.0586254	0.0591838	0.0541998	0.0536207	0.0510627	0.0452144	0.0395188	

8	0.013	16	0	task-3:0.298	task-0:0.496	task-1:0.504	task-2:0.49	|	0.0716378	0.119874	0.118679	0.0528428	0.0829826	0.0702776	0.0411345	0.0358877	

10	0.023	16	0	task-3:0.248	task-0:0.156	task-1:0.362	task-2:0.096	|	0.0541357	0.119869	0.119495	0.103903	0.056832	0.0696692	0.0614629	0.0486243	0.0405696	0.0345372	

3	0.005	16	0	task-3:0.5	task-0:0.5	task-1:0.504	task-2:0.5	|	0.054114	0.0924176	0.0380624	

9	0.014	16	0	task-3:0.292	task-0:0.382	task-1:0.504	task-2:0.278	|	0.0707172	0.0995129	0.0939572	0.0471333	0.044161	0.0419717	0.0416696	0.0418363	0.0397852	

13	0.021	16	0	task-3:0.342	task-0:0.168	task-1:0.21	task-2:0.228	|	0.0657236	0.119371	0.118878	0.0984469	0.0546135	0.0653688	0.0576365	0.0515979	0.0481104	0.0462596	0.0452137	0.0425824	0.0371367	

11	0.019	16	0	task-3:0.468	task-0:0.266	task-1:0.306	task-2:0.194	|	0.0680794	0.118908	0.114327	0.0592539	0.0586254	0.0591838	0.0541998	0.0536207	0.0510627	0.0452144	0.0395188	

3	0.005	16	0	task-3:0.5	task-0:0.5	task-1:0.504	task-2:0.5	|	0.054114	0.0924176	0.0380624	

7	0.012	16	0	task-3:0.12	task-0:0.138	task-1:0.448	task-2:0.114	|	0.0843537	0.119546	0.118228	0.0688065	0.056119	0.0452056	0.0332043	

8	0.013	16	0	task-3:0.436	task-0:0.276	task-1:0.238	task-2:0.294	|	0.077017	0.098946	0.0914733	0.0486406	0.0598668	0.0556492	0.0443811	0.0360834	

9	0.015	16	0	task-3:0.072	task-0:0.098	task-1:0.3	task-2:0.5	|	0.0762053	0.119855	0.118939	0.0830357	0.0674143	0.0647954	0.0442475	0.0473587	0.0399838	

10	0.017	16	0	task-3:0.182	task-0:0.164	task-1:0.366	task-2:0.198	|	0.0829644	0.119756	0.119526	0.0991784	0.0511723	0.0528477	0.0532814	0.0478917	0.04367	0.0370566	

11	0.018	16	0	task-3:0.2	task-0:0.266	task-1:0.288	task-2:0.168	|	0.0618014	0.11978	0.118443	0.100746	0.0674363	0.0619309	0.0589679	0.0555438	0.0529517	0.0451949	0.0327424	

3	0.005	16	0	task-3:0.06	task-0:0.5	task-1:0.504	task-2:0.262	|	0.0525261	0.0884634	0.0286689	

5	0.009	16	0	task-3:0.5	task-0:0.132	task-1:0.496	task-2:0.5	|	0.0689066	0.0982171	0.0860832	0.0516332	0.0393277	

8	0.013	16	0	task-3:0.278	task-0:0.264	task-1:0.158	task-2:0.188	|	0.0828422	0.0999807	0.0999487	0.0959988	0.0618166	0.0510862	0.0444809	0.0324275	

9	0.015	16	0	task-3:0.056	task-0:0.062	task-1:0.392	task-2:0.5	|	0.0487543	0.0999363	0.0997804	0.0910349	0.056344	0.0549983	0.052861	0.0480294	0.0383913	

9	0.015	16	0	task-3:0.084	task-0:0.172	task-1:0.164	task-2:0.09	|	0.0880779	0.119797	0.118822	0.087457	0.0635722	0.058356	0.0476465	0.0404948	0.0335303	

8	0.013	16	0	task-3:0.274	task-0:0.236	task-1:0.192	task-2:0.278	|	0.0649553	0.118792	0.111901	0.050255	0.0448009	0.0502329	0.0427719	0.0384637	

11	0.018	16	0	task-3:0.104	task-0:0.182	task-1:0.17	task-2:0.088	|	0.0637051	0.099792	0.0990565	0.0841332	0.0553122	0.0530872	0.0549057	0.0525989	0.0473935	0.0420975	0.0335951	

9	0.016	16	0	task-3:0.23	task-0:0.1	task-1:0.504	task-2:0.17	|	0.0578634	0.119894	0.11928	0.0898431	0.0486866	0.0541797	0.0490944	0.0439153	0.0371501	

7	0.012	16	0	task-3:0.138	task-0:0.058	task-1:0.504	task-2:0.082	|	0.0654083	0.0999125	0.0992512	0.0796564	0.050644	0.0491343	0.0353647	

12	0.019	16	0	task-3:0.422	task-0:0.174	task-1:0.154	task-2:0.292	|	0.0733298	0.0996928	0.0990634	0.0855232	0.0526462	0.0776966	0.0714379	0.0550395	0.0495137	0.0481377	0.0430975	0.0381127	

22	0.036	16	0	task-3:0.42	task-0:0.422	task-1:0.362	task-2:0.352	|	0.0558633	0.0998845	0.0993294	0.086846	0.0568664	0.0568376	0.0569576	0.0562845	0.0558672	0.0532168	0.0527554	0.0524552	0.052562	0.0523402	0.0509099	0.0491723	0.0476158	0.0456788	0.0431432	0.0406846	0.0400481	0.0399246	

11	0.018	16	0	task-3:0.214	task-0:0.248	task-1:0.252	task-2:0.172	|	0.0824884	0.114373	0.102092	0.0574911	0.0611106	0.0575991	0.0524854	0.0502123	0.0454453	0.0407862	0.0360784	

13	0.021	16	0	task-3:0.194	task-0:0.18	task-1:0.2	task-2:0.158	|	0.054377	0.117446	0.112225	0.0921214	0.0835734	0.0629002	0.0564416	0.0583369	0.0577497	0.0556654	0.0505305	0.0439803	0.0370459	

10	0.016	16	0	task-3:0.23	task-0:0.124	task-1:0.274	task-2:0.172	|	0.0503908	0.119742	0.118195	0.0739636	0.0590427	0.0573092	0.0499691	0.0469725	0.0408851	0.0313069	

9	0.015	16	0	task-3:0.152	task-0:0.268	task-1:0.256	task-2:0.322	|	0.0600781	0.119894	0.119623	0.10894	0.0559005	0.0584229	0.046609	0.0410498	0.0348536	

11	0.019	16	0	task-3:0.114	task-0:0.188	task-1:0.176	task-2:0.054	|	0.0624825	0.118395	0.115235	0.0890034	0.0507206	0.0641015	0.0580758	0.0471285	0.0450686	0.0411772	0.0348396	

