5	0	10	0	task-0:0.225	|	0.319926	0.298481	0.143543	0.0665279	0.0323932	

8	0.031	10	0	task-0:0.0475	|	0.589676	0.599267	0.393299	0.170805	0.0898163	0.0858541	0.0527252	0.00684718	

11	0.047	10	0	task-0:0.0183333	|	1.5942	0.747942	0.519878	0.327784	0.326667	0.268064	0.23653	0.198448	0.164695	0.0833796	0.0295101	

7	0.031	10	0	task-0:0.025	|	1.00713	1.1772	0.782881	0.197678	0.0959475	0.0592449	0.00880218	

10	0.063	10	0	task-0:0.01	|	1.96135	1.48321	1.42647	0.416711	0.251385	0.296255	0.1156	0.0667663	0.0447139	0.0332517	

8	0.063	10	0	task-0:0.000833333	|	1.03373	1.78194	0.553106	0.436389	0.288689	0.0578578	0.0439555	0.0188267	

16	0.11	10	0	task-0:0.0235714	|	2.75899	2.09583	1.9209	1.0389	0.710517	0.757687	0.444342	0.309928	0.243948	0.212433	0.185435	0.177089	0.10265	0.10232	0.0950537	0.01244	

6	0.047	10	0	task-0:0	|	2.22173	2.29266	0.313807	0.235032	0.122364	0.0193669	

12	0.109	10	0	task-0:0.00722222	|	2.95809	2.63985	1.98982	1.52957	1.16173	1.09805	1.17738	0.649804	0.326521	0.170929	0.086458	0.0298639	

12	0.125	10	0	task-0:0.005	|	4.73498	2.98291	2.27396	0.681864	0.581037	0.491721	0.350307	0.254118	0.160884	0.113053	0.0802116	0.0188169	

7	0.078	10	0	task-0:0.00363636	|	2.34372	7.58358	4.7553	0.0882888	0.531478	0.349203	0.0044627	

14	0.172	10	0	task-0:0.0183333	|	6.0139	3.57137	3.44176	1.54853	0.984811	1.31976	0.602199	0.304293	0.195672	0.13542	0.109371	0.102706	0.077981	0.0065284	

9	0.078	10	0	task-0:0.00346154	|	3.13055	5.35868	1.90203	0.436726	1.71368	0.187764	1.53404	1.18454	0.0197273	

13	0.156	10	0	task-0:0.0110714	|	3.01386	4.14693	1.7279	0.708051	0.828556	0.648383	0.410811	0.299175	0.226913	0.140566	0.0701954	0.0533394	1.93261e-008	

13	0.187	10	0	task-0:0.0133333	|	4.03232	4.48664	2.72371	1.50161	1.17747	1.39386	0.823846	0.511959	0.402839	0.228874	0.0801534	0.0599203	8.17823e-005	

8	0.109	10	0	task-0:0.015625	|	3.33108	10.8041	3.97038	1.964	1.9308	0.383253	0.068656	0.0137952	

12	0.202	10	0	task-0:0.00617647	|	6.85576	5.09825	4.04913	1.15933	0.703925	0.640558	0.235131	0.173836	0.147833	0.132487	0.0985133	0.0220941	

13	0.219	10	0	task-0:0.0138889	|	6.10745	5.3761	2.82024	1.10553	1.02663	1.26106	0.569572	0.384999	0.36252	0.338584	0.167464	0.0918363	0.0358659	

13	0.218	10	0	task-0:0.00552632	|	7.15804	5.6601	4.3803	2.97503	2.09781	1.91677	1.78816	0.983271	0.545345	0.258683	0.139073	0.0629491	0.000707375	

8	0.156	10	0	task-0:0	|	4.32868	13.2197	7.25252	0.57915	0.340653	0.0720678	0.0513626	0.0100577	

19	0.358	10	0	task-0:0.0283333	|	8.05818	6.22109	4.03805	1.18256	0.893222	0.706771	0.597238	0.572155	0.458491	0.410793	0.333999	0.246876	0.199437	0.194813	0.0990707	0.0984961	0.0984722	0.0952543	0.00356345	

17	0.359	10	0	task-0:0.0231818	|	9.5827	6.54631	6.50383	2.64555	1.99728	1.99698	1.41042	1.29462	1.09569	0.792809	0.318202	0.199248	0.307655	0.137446	0.0672457	0.0639392	0.035895	

16	0.312	10	0	task-0:0.0102174	|	9.86166	6.75405	6.61984	3.25793	1.86442	1.44962	0.948589	0.661957	0.434569	0.211486	0.132969	0.100449	0.099754	0.0902165	0.086158	0.000225305	

17	0.328	10	0	task-0:0.00854167	|	12.0846	6.55233	5.69348	2.53554	2.53596	1.68636	1.49184	1.40461	1.20026	0.97879	0.466015	0.271133	0.233565	0.0610192	0.0484831	0.0429345	0.0363659	

7	0.156	10	0	task-0:0	|	5.96704	10.6828	2.84422	1.86102	0.276948	0.194653	0.0219621	

9	0.171	10	0	task-0:0.00557692	|	5.34727	13.9233	4.74034	3.41813	3.33035	0.320006	0.203699	0.0955923	0.014224	

13	0.328	10	0	task-0:0.005	|	7.49803	8.03806	3.97058	1.39262	1.35031	1.37648	0.6375	0.512173	0.49138	0.296494	0.17329	0.092089	0.0148012	

17	0.312	10	0	task-0:0.00517857	|	17.0269	7.66451	7.25635	2.56389	2.64494	1.57006	1.1285	0.985107	0.788474	0.65066	0.479883	0.221139	0.200211	0.150036	0.0695403	0.0433301	0.000142899	

18	0.468	10	0	task-0:0.00568966	|	12.3093	8.6362	5.60279	2.01601	1.29118	1.54562	0.800106	0.563489	0.416148	0.349621	0.236537	0.120685	0.107592	0.101401	0.0992861	0.098998	0.0941406	0.00107018	

14	0.265	10	0	task-0:0.00233333	|	8.80624	8.69708	5.07651	3.02486	2.7468	2.98074	1.41265	0.934772	0.667008	0.560048	0.330989	0.0992419	0.0573245	0.0104278	

18	0.468	10	0	task-0:0	|	8.2332	20.4962	18.5527	13.8304	10.1545	6.97889	5.06717	3.76332	3.12168	2.45666	1.31909	0.575554	0.335627	0.264685	0.115789	0.0933725	0.0867563	0.00390384	

18	0.453	10	0	task-0:0.0104688	|	8.13827	9.54859	6.28054	3.26487	2.30484	3.63657	2.23155	1.60552	1.13138	0.668894	0.519601	0.270414	0.149724	0.12133	0.067797	0.0516076	0.0401767	0.0390477	

13	0.374	10	0	task-0:0.00257576	|	7.55333	9.79448	6.77452	4.57388	3.15525	3.24992	2.57347	1.62966	0.821774	0.375344	0.181668	0.0814328	0.0146634	

9	0.281	10	0	task-0:0	|	8.12374	9.40171	7.77714	0.643696	1.2425	0.0910883	1.44053	0.257251	3.46763e-005	

16	0.452	10	0	task-0:0.00642857	|	8.54725	10.4039	8.06779	5.42547	3.98219	3.83055	3.06499	2.23948	1.5092	0.982424	0.644236	0.507116	0.24881	0.0623199	0.0508282	0.00144166	

20	0.624	10	0	task-0:0.00583333	|	20.5496	9.96038	8.8346	3.3463	3.38942	2.20585	1.92435	1.81932	1.56986	1.30994	0.762144	0.441707	0.430489	0.33998	0.119307	0.0650313	0.0532774	0.0451398	0.0790511	0.0205047	

12	0.359	10	0	task-0:0.00283784	|	7.96536	10.8983	8.35865	6.64385	5.22839	5.20224	4.71783	2.09372	0.920483	0.261899	0.234508	0.0337023	

36	1.014	10	0	task-0:0.0311842	|	15.0358	11.3698	9.27347	4.71339	3.03156	4.16045	2.3381	1.4055	1.15841	1.09565	1.04251	0.766443	0.698647	0.611171	0.503289	0.412708	0.397093	0.385583	0.37123	0.197485	0.196555	0.196548	0.197784	0.356264	0.0950593	0.139204	0.202067	0.0991475	0.100744	0.1005	0.292364	0.193629	0.762946	0.0878175	0.860563	0.00426409	

15	0.422	10	0	task-0:0.00641026	|	10.898	11.509	7.11254	3.80608	3.45482	4.12166	2.14893	1.2859	1.10436	0.81104	0.516164	0.109949	0.0867148	0.0581234	0.000219341	

15	0.453	10	0	task-0:0.0025	|	10.8566	26.2779	21.6617	12.7212	8.24341	6.10891	5.55268	4.09876	2.64441	1.87934	1.20484	0.699988	0.388771	0.25345	0.0277716	

15	0.546	10	0	task-0:0.0112195	|	8.76798	11.4176	4.36504	2.33318	3.69117	2.53038	1.61272	1.29468	1.05499	0.603586	0.221487	0.127742	0.0971071	0.0897688	0.00271458	

20	0.671	10	0	task-0:0.00892857	|	13.5457	12.5319	8.0288	4.16649	2.81938	4.17242	2.7089	2.21181	2.16873	1.87927	1.50659	1.51832	1.0133	0.708194	0.358479	0.235666	0.122072	0.0736283	0.0465468	2.02712e-005	

20	0.764	10	0	task-0:0.0119767	|	16.4471	12.8429	8.01941	2.45865	2.16608	1.96548	1.19173	1.00257	0.877007	0.602996	0.168432	0.142707	0.149589	0.121983	0.101462	0.099415	0.0993064	0.0992929	0.0992276	0.00159897	

22	0.749	10	0	task-0:0.00284091	|	9.47872	12.8158	8.86362	6.61596	5.51416	6.82079	5.47766	4.35371	2.7859	1.78513	1.125	0.670702	0.449871	0.289194	0.220629	0.135188	0.784929	0.0499969	0.0499745	0.049586	0.0423089	0.0253482	

18	0.687	10	0	task-0:0.00577778	|	25.3343	13.2476	13.0928	5.5499	4.29578	3.29347	1.91227	1.66599	1.35091	1.07945	0.760882	0.3333	0.300138	0.218053	0.191124	0.126963	0.0495618	0.0105659	

3000	115.518	10	11940	task-0:0.305	|	20.0718	13.7087	11.9122	3.00162	2.74249	1.9966	1.72507	1.71573	1.51414	1.33394	1.25133	1.23126	1.20837	1.22155	1.19525	1.19261	1.18596	1.18874	1.64067	1.81338	1.75731	1.68392	1.74632	1.78332	1.7824	1.9168	2.18023	2.18946	2.39987	2.53244	2.59778	2.58559	2.79909	2.93294	3.01759	3.4853	3.43404	10.7116	10.0188	8.66499	7.45537	7.31958	5.97975	4.69015	4.54627	4.68613	4.98707	5.28424	5.35402	5.42035	5.41113	5.5967	5.73557	5.89744	7.66096	7.69468	7.59052	7.38726	7.68696	7.51398	9.15277	8.99079	8.78559	8.54147	8.28843	8.15871	8.14601	8.14601	8.14888	8.08934	8.08934	8.09942	7.96787	7.91838	8.47286	8.52365	9.53587	9.43213	9.3405	9.26512	9.28128	9.11898	9.03905	9.13888	9.55652	9.49655	9.37378	9.36398	9.34009	9.311	9.2795	9.38383	9.36086	9.35055	9.31906	9.54594	9.52436	9.67055	9.66538	9.61864	9.64418	9.65879	9.63502	9.61451	9.61451	9.61485	9.61485	9.61458	9.61451	9.61451	9.61452	9.63297	9.6053	9.63291	9.63288	9.64203	9.64199	9.64196	9.66014	9.66007	9.66002	9.66	9.66	9.66	9.66	9.66	9.66	9.66	9.66	9.66	9.66	9.66	9.66	9.66	9.66	9.66	9.66	9.66	9.66	9.66	9.66	9.66	9.66	9.66	9.66	9.66	9.66	9.66	9.66	9.66	9.66	9.66	9.66	9.66	9.66	9.66	9.66	9.66	9.66	9.66	9.66	9.66	9.66	9.66	9.66	9.66	9.66	9.66	9.66	9.66	9.66	9.66	9.66	9.66	9.66	9.66	9.66	9.66	9.66	9.66	9.66	9.66	9.66	9.66	9.66	9.66	9.66	9.66	9.66	9.66	9.66	9.66	9.66	9.66	9.66	9.66	9.66	9.66	9.66	9.66	9.66	9.66	9.66	9.66	9.66	9.66	9.66	9.66	9.66	9.66	9.66	9.66	9.66	9.66	9.66	9.66	9.66	9.66	9.66	9.66	9.66	9.66	9.66	9.66	9.66	9.66	9.66	9.66	9.66	9.66	9.66	9.66	9.66	9.66	9.66	9.66	9.66	9.66	9.66	9.66	9.66	9.66	9.66	9.66	9.66	9.66	9.66	9.66	9.66	9.66	9.66	9.66	9.66	9.66	9.66	9.66	9.66	9.66	9.66	9.66	9.66	9.66	9.66	9.66	9.66	9.66	9.66	9.66	9.66	9.66	9.66	9.66	9.66	9.66	9.66	9.66	9.66	9.66	9.66	9.66	9.66	9.66	9.66	9.66	9.66	9.66	9.66	9.66	9.66	9.66	9.66	9.66	9.66	9.66	9.66	9.66	9.66	9.66	9.66	9.66	9.66	9.66	9.66	9.66	9.66	9.66	9.66	9.66	9.66	9.66	9.66	9.66	9.66	9.66	9.66	9.66	9.66	9.66	9.66	9.66	9.66	9.66	9.66	9.66	9.66	9.66	9.66	9.66	9.66	9.66	9.66	9.66	9.66	9.66	9.66	9.66	9.66	9.66	9.66	9.66	9.66	9.66	9.66	9.66	9.66	9.66	9.66	9.66	9.66	9.66	9.66	9.66	9.66	9.66	9.66	9.66	9.66	9.66	9.66	9.66	9.66	9.66	9.66	9.66	9.66	9.66	9.66	9.66	9.66	9.66	9.66	9.66	9.66	9.66	9.66	9.66	9.66	9.66	9.66	9.66	9.66	9.66	9.66	9.66	9.66	9.66	9.66	9.66	9.66	9.66	9.66	9.66	9.66	9.66	9.66	9.66	9.66	9.66	9.66	9.66	9.66	9.66	9.66	9.66	9.66	9.66	9.66	9.66	9.66	9.66	9.66	9.66	9.66	9.66	9.66	9.66	9.66	9.66	9.66	9.66	9.66	9.66	9.66	9.66	9.66	9.66	9.66	9.66	9.66	9.66	9.66	9.66	9.66	9.66	9.66	9.66	9.66	9.66	9.66	9.66	9.66	9.66	9.66	9.66	9.66	9.66	9.66	9.66	9.66	9.66	9.66	9.66	9.66	9.66	9.66	9.66	9.66	9.66	9.66	9.66	9.66	9.66	9.66	9.66	9.66	9.66	9.66	9.66	9.66	9.66	9.66	9.66	9.66	9.66	9.66	9.66	9.66	9.66	9.66	9.66	9.66	9.66	9.66	9.66	9.66	9.66	9.66	9.66	9.66	9.66	9.66	9.66	9.66	9.66	9.66	9.66	9.66	9.66	9.66	9.66	9.66	9.66	9.66	9.66	9.66	9.66	9.66	9.66	9.66	9.66	9.66	9.66	9.66	9.66	9.66	9.66	9.66	9.66	9.66	9.66	9.66	9.66	9.66	9.66	9.66	9.66	9.66	9.66	9.66	9.66	9.66	9.66	9.66	9.66	9.66	9.66	9.66	9.66	9.66	9.66	9.66	9.66	9.66	9.66	9.66	9.66	9.66	9.66	9.66	9.66	9.66	9.66	9.66	9.66	9.66	9.66	9.66	9.66	9.66	9.66	9.66	9.66	9.66	9.66	9.66	9.66	9.66	9.66	9.66	9.66	9.66	9.66	9.66	9.66	9.66	9.66	9.66	9.66	9.66	9.66	9.66	9.66	9.66	9.66	9.66	9.66	9.66	9.66	9.66	9.66	9.66	9.66	9.66	9.66	9.66	9.66	9.66	9.66	9.66	9.66	9.66	9.66	9.66	9.66	9.66	9.66	9.66	9.66	9.66	9.66	9.66	9.66	9.66	9.66	9.66	9.66	9.66	9.66	9.66	9.66	9.66	9.66	9.66	9.66	9.66	9.66	9.66	9.66	9.66	9.66	9.66	9.66	9.66	9.66	9.66	9.66	9.66	9.66	9.66	9.66	9.66	9.66	9.66	9.66	9.66	9.66	9.66	9.66	9.66	9.66	9.66	9.66	9.66	9.66	9.66	9.66	9.66	9.66	9.66	9.66	9.66	9.66	9.66	9.66	9.66	9.66	9.66	9.66	9.66	9.66	9.66	9.66	9.66	9.66	9.66	9.66	9.66	9.66	9.66	9.66	9.66	9.66	9.66	9.66	9.66	9.66	9.66	9.66	9.66	9.66	9.66	9.66	9.66	9.66	9.66	9.66	9.66	9.66	9.66	9.66	9.66	9.66	9.66	9.66	9.66	9.66	9.66	9.66	9.66	9.66	9.66	9.66	9.66	9.66	9.66	9.66	9.66	9.66	9.66	9.66	9.66	9.66	9.66	9.66	9.66	9.66	9.66	9.66	9.66	9.66	9.66	9.66	9.66	9.66	9.66	9.66	9.66	9.66	9.66	9.66	9.66	9.66	9.66	9.66	9.66	9.66	9.66	9.66	9.66	9.66	9.66	9.66	9.66	9.66	9.66	9.66	9.66	9.66	9.66	9.66	9.66	9.66	9.66	9.66	9.66	9.66	9.66	9.66	9.66	9.66	9.66	9.66	9.66	9.66	9.66	9.66	9.66	9.66	9.66	9.66	9.66	9.66	9.66	9.66	9.66	9.66	9.66	9.66	9.66	9.66	9.66	9.66	9.66	9.66	9.66	9.66	9.66	9.66	9.66	9.66	9.66	9.66	9.66	9.66	9.66	9.66	9.66	9.66	9.66	9.66	9.66	9.66	9.66	9.66	9.66	9.66	9.66	9.66	9.66	9.66	9.66	9.66	9.66	9.66	9.66	9.66	9.66	9.66	9.66	9.66	9.66	9.66	9.66	9.66	9.66	9.66	9.66	9.66	9.66	9.66	9.66	9.66	9.66	9.66	9.66	9.66	9.66	9.66	9.66	9.66	9.66	9.66	9.66	9.66	9.66	9.66	9.66	9.66	9.66	9.66	9.66	9.66	9.66	9.66	9.66	9.66	9.66	9.66	9.66	9.66	9.66	9.66	9.66	9.66	9.66	9.66	9.66	9.66	9.66	9.66	9.66	9.66	9.66	9.66	9.66	9.66	9.66	9.66	9.66	9.66	9.66	9.66	9.66	9.66	9.66	9.66	9.66	9.66	9.66	9.66	9.66	9.66	9.66	9.66	9.66	9.66	9.66	9.66	9.66	9.66	9.66	9.66	9.66	9.66	9.66	9.66	9.66	9.66	9.66	9.66	9.66	9.66	9.66	9.66	9.66	9.66	9.66	9.66	9.66	9.66	9.66	9.66	9.66	9.66	9.66	9.66	9.66	9.66	9.66	9.66	9.66	9.66	9.66	9.66	9.66	9.66	9.66	9.66	9.66	9.66	9.66	9.66	9.66	9.66	9.66	9.66	9.66	9.66	9.66	9.66	9.66	9.66	9.66	9.66	9.66	9.66	9.66	9.66	9.66	9.66	9.66	9.66	9.66	9.66	9.66	9.66	9.66	9.66	9.66	9.66	9.66	9.66	9.66	9.66	9.66	9.66	9.66	9.66	9.66	9.66	9.66	9.66	9.66	9.66	9.66	9.66	9.66	9.66	9.66	9.66	9.66	9.66	9.66	9.66	9.66	9.66	9.66	9.66	9.66	9.66	9.66	9.66	9.66	9.66	9.66	9.66	9.66	9.66	9.66	9.66	9.66	9.66	9.66	9.66	9.66	9.66	9.66	9.66	9.66	9.66	9.66	9.66	9.66	9.66	9.66	9.66	9.66	9.66	9.66	9.66	9.66	9.66	9.66	9.66	9.66	9.66	9.66	9.66	9.66	9.66	9.66	9.66	9.66	9.66	9.66	9.66	9.66	9.66	9.66	9.66	9.66	9.66	9.66	9.66	9.66	9.66	9.66	9.66	9.66	9.66	9.66	9.66	9.66	9.66	9.66	9.66	9.66	9.66	9.66	9.66	9.66	9.66	9.66	9.66	9.66	9.66	9.66	9.66	9.66	9.66	9.66	9.66	9.66	9.66	9.66	9.66	9.66	9.66	9.66	9.66	9.66	9.66	9.66	9.66	9.66	9.66	9.66	9.66	9.66	9.66	9.66	9.66	9.66	9.66	9.66	9.66	9.66	9.66	9.66	9.66	9.66	9.66	9.66	9.66	9.66	9.66	9.66	9.66	9.66	9.66	9.66	9.66	9.66	9.66	9.66	9.66	9.66	9.66	9.66	9.66	9.66	9.66	9.66	9.66	9.66	9.66	9.66	9.66	9.66	9.66	9.66	9.66	9.66	9.66	9.66	9.66	9.66	9.66	9.66	9.66	9.66	9.66	9.66	9.66	9.66	9.66	9.66	9.66	9.66	9.66	9.66	9.66	9.66	9.66	9.66	9.66	9.66	9.66	9.66	9.66	9.66	9.66	9.66	9.66	9.66	9.66	9.66	9.66	9.66	9.66	9.66	9.66	9.66	9.66	9.66	9.66	9.66	9.66	9.66	9.66	9.66	9.66	9.66	9.66	9.66	9.66	9.66	9.66	9.66	9.66	9.66	9.66	9.66	9.66	9.66	9.66	9.66	9.66	9.66	9.66	9.66	9.66	9.66	9.66	9.66	9.66	9.66	9.66	9.66	9.66	9.66	9.66	9.66	9.66	9.66	9.66	9.66	9.66	9.66	9.66	9.66	9.66	9.66	9.66	9.66	9.66	9.66	9.66	9.66	9.66	9.66	9.66	9.66	9.66	9.66	9.66	9.66	9.66	9.66	9.66	9.66	9.66	9.66	9.66	9.66	9.66	9.66	9.66	9.66	9.66	9.66	9.66	9.66	9.66	9.66	9.66	9.66	9.66	9.66	9.66	9.66	9.66	9.66	9.66	9.66	9.66	9.66	9.66	9.66	9.66	9.66	9.66	9.66	9.66	9.66	9.66	9.66	9.66	9.66	9.66	9.66	9.66	9.66	9.66	9.66	9.66	9.66	9.66	9.66	9.66	9.66	9.66	9.66	9.66	9.66	9.66	9.66	9.66	9.66	9.66	9.66	9.66	9.66	9.66	9.66	9.66	9.66	9.66	9.66	9.66	9.66	9.66	9.66	9.66	9.66	9.66	9.66	9.66	9.66	9.66	9.66	9.66	9.66	9.66	9.66	9.66	9.66	9.66	9.66	9.66	9.66	9.66	9.66	9.66	9.66	9.66	9.66	9.66	9.66	9.66	9.66	9.66	9.66	9.66	9.66	9.66	9.66	9.66	9.66	9.66	9.66	9.66	9.66	9.66	9.66	9.66	9.66	9.66	9.66	9.66	9.66	9.66	9.66	9.66	9.66	9.66	9.66	9.66	9.66	9.66	9.66	9.66	9.66	9.66	9.66	9.66	9.66	9.66	9.66	9.66	9.66	9.66	9.66	9.66	9.66	9.66	9.66	9.66	9.66	9.66	9.66	9.66	9.66	9.66	9.66	9.66	9.66	9.66	9.66	9.66	9.66	9.66	9.66	9.66	9.66	9.66	9.66	9.66	9.66	9.66	9.66	9.66	9.66	9.66	9.66	9.66	9.66	9.66	9.66	9.66	9.66	9.66	9.66	9.66	9.66	9.66	9.66	9.66	9.66	9.66	9.66	9.66	9.66	9.66	9.66	9.66	9.66	9.66	9.66	9.66	9.66	9.66	9.66	9.66	9.66	9.66	9.66	9.66	9.66	9.66	9.66	9.66	9.66	9.66	9.66	9.66	9.66	9.66	9.66	9.66	9.66	9.66	9.66	9.66	9.66	9.66	9.66	9.66	9.66	9.66	9.66	9.66	9.66	9.66	9.66	9.66	9.66	9.66	9.66	9.66	9.66	9.66	9.66	9.66	9.66	9.66	9.66	9.66	9.66	9.66	9.66	9.66	9.66	9.66	9.66	9.66	9.66	9.66	9.66	9.66	9.66	9.66	9.66	9.66	9.66	9.66	9.66	9.66	9.66	9.66	9.66	9.66	9.66	9.66	9.66	9.66	9.66	9.66	9.66	9.66	9.66	9.66	9.66	9.66	9.66	9.66	9.66	9.66	9.66	9.66	9.66	9.66	9.66	9.66	9.66	9.66	9.66	9.66	9.66	9.66	9.66	9.66	9.66	9.66	9.66	9.66	9.66	9.66	9.66	9.66	9.66	9.66	9.66	9.66	9.66	9.66	9.66	9.66	9.66	9.66	9.66	9.66	9.66	9.66	9.66	9.66	9.66	9.66	9.66	9.66	9.66	9.66	9.66	9.66	9.66	9.66	9.66	9.66	9.66	9.66	9.66	9.66	9.66	9.66	9.66	9.66	9.66	9.66	9.66	9.66	9.66	9.66	9.66	9.66	9.66	9.66	9.66	9.66	9.66	9.66	9.66	9.66	9.66	9.66	9.66	9.66	9.66	9.66	9.66	9.66	9.66	9.66	9.66	9.66	9.66	9.66	9.66	9.66	9.66	9.66	9.66	9.66	9.66	9.66	9.66	9.66	9.66	9.66	9.66	9.66	9.66	9.66	9.66	9.66	9.66	9.66	9.66	9.66	9.66	9.66	9.66	9.66	9.66	9.66	9.66	9.66	9.66	9.66	9.66	9.66	9.66	9.66	9.66	9.66	9.66	9.66	9.66	9.66	9.66	9.66	9.66	9.66	9.66	9.66	9.66	9.66	9.66	9.66	9.66	9.66	9.66	9.66	9.66	9.66	9.66	9.66	9.66	9.66	9.66	9.66	9.66	9.66	9.66	9.66	9.66	9.66	9.66	9.66	9.66	9.66	9.66	9.66	9.66	9.66	9.66	9.66	9.66	9.66	9.66	9.66	9.66	9.66	9.66	9.66	9.66	9.66	9.66	9.66	9.66	9.66	9.66	9.66	9.66	9.66	9.66	9.66	9.66	9.66	9.66	9.66	9.66	9.66	9.66	9.66	9.66	9.66	9.66	9.66	9.66	9.66	9.66	9.66	9.66	9.66	9.66	9.66	9.66	9.66	9.66	9.66	9.66	9.66	9.66	9.66	9.66	9.66	9.66	9.66	9.66	9.66	9.66	9.66	9.66	9.66	9.66	9.66	9.66	9.66	9.66	9.66	9.66	9.66	9.66	9.66	9.66	9.66	9.66	9.66	9.66	9.66	9.66	9.66	9.66	9.66	9.66	9.66	9.66	9.66	9.66	9.66	9.66	9.66	9.66	9.66	9.66	9.66	9.66	9.66	9.66	9.66	9.66	9.66	9.66	9.66	9.66	9.66	9.66	9.66	9.66	9.66	9.66	9.66	9.66	9.66	9.66	9.66	9.66	9.66	9.66	9.66	9.66	9.66	9.66	9.66	9.66	9.66	9.66	9.66	9.66	9.66	9.66	9.66	9.66	9.66	9.66	9.66	9.66	9.66	9.66	9.66	9.66	9.66	9.66	9.66	9.66	9.66	9.66	9.66	9.66	9.66	9.66	9.66	9.66	9.66	9.66	9.66	9.66	9.66	9.66	9.66	9.66	9.66	9.66	9.66	9.66	9.66	9.66	9.66	9.66	9.66	9.66	9.66	9.66	9.66	9.66	9.66	9.66	9.66	9.66	9.66	9.66	9.66	9.66	9.66	9.66	9.66	9.66	9.66	9.66	9.66	9.66	9.66	9.66	9.66	9.66	9.66	9.66	9.66	9.66	9.66	9.66	9.66	9.66	9.66	9.66	9.66	9.66	9.66	9.66	9.66	9.66	9.66	9.66	9.66	9.66	9.66	9.66	9.66	9.66	9.66	9.66	9.66	9.66	9.66	9.66	9.66	9.66	9.66	9.66	9.66	9.66	9.66	9.66	9.66	9.66	9.66	9.66	9.66	9.66	9.66	9.66	9.66	9.66	9.66	9.66	9.66	9.66	9.66	9.66	9.66	9.66	9.66	9.66	9.66	9.66	9.66	9.66	9.66	9.66	9.66	9.66	9.66	9.66	9.66	9.66	9.66	9.66	9.66	9.66	9.66	9.66	9.66	9.66	9.66	9.66	9.66	9.66	9.66	9.66	9.66	9.66	9.66	9.66	9.66	9.66	9.66	9.66	9.66	9.66	9.66	9.66	9.66	9.66	9.66	9.66	9.66	9.66	9.66	9.66	9.66	9.66	9.66	9.66	9.66	9.66	9.66	9.66	9.66	9.66	9.66	9.66	9.66	9.66	9.66	9.66	9.66	9.66	9.66	9.66	9.66	9.66	9.66	9.66	9.66	9.66	9.66	9.66	9.66	9.66	9.66	9.66	9.66	9.66	9.66	9.66	9.66	9.66	9.66	9.66	9.66	9.66	9.66	9.66	9.66	9.66	9.66	9.66	9.66	9.66	9.66	9.66	9.66	9.66	9.66	9.66	9.66	9.66	9.66	9.66	9.66	9.66	9.66	9.66	9.66	9.66	9.66	9.66	9.66	9.66	9.66	9.66	9.66	9.66	9.66	9.66	9.66	9.66	9.66	9.66	9.66	9.66	9.66	9.66	9.66	9.66	9.66	9.66	9.66	9.66	9.66	9.66	9.66	9.66	9.66	9.66	9.66	9.66	9.66	9.66	9.66	9.66	9.66	9.66	9.66	9.66	9.66	9.66	9.66	9.66	9.66	9.66	9.66	9.66	9.66	9.66	9.66	9.66	9.66	9.66	9.66	9.66	9.66	9.66	9.66	9.66	9.66	9.66	9.66	9.66	9.66	9.66	9.66	9.66	9.66	9.66	9.66	9.66	9.66	9.66	9.66	9.66	9.66	9.66	9.66	9.66	9.66	9.66	9.66	9.66	9.66	9.66	9.66	9.66	9.66	9.66	9.66	9.66	9.66	9.66	9.66	9.66	9.66	9.66	9.66	9.66	9.66	9.66	9.66	9.66	9.66	9.66	9.66	9.66	9.66	9.66	9.66	9.66	9.66	9.66	9.66	9.66	9.66	9.66	9.66	9.66	9.66	9.66	9.66	9.66	9.66	9.66	9.66	9.66	9.66	9.66	9.66	9.66	9.66	9.66	9.66	9.66	9.66	9.66	9.66	9.66	9.66	9.66	9.66	9.66	9.66	9.66	9.66	9.66	9.66	9.66	9.66	9.66	9.66	9.66	9.66	9.66	9.66	9.66	9.66	9.66	9.66	9.66	9.66	9.66	9.66	9.66	9.66	9.66	9.66	9.66	9.66	9.66	9.66	9.66	9.66	9.66	9.66	9.66	9.66	9.66	9.66	9.66	9.66	9.66	9.66	9.66	9.66	9.66	9.66	9.66	9.66	9.66	9.66	9.66	9.66	9.66	9.66	9.66	9.66	9.66	9.66	9.66	9.66	9.66	9.66	9.66	9.66	9.66	9.66	9.66	9.66	9.66	9.66	9.66	9.66	9.66	9.66	9.66	9.66	9.66	9.66	9.66	9.66	9.66	9.66	9.66	9.66	9.66	9.66	9.66	9.66	9.66	9.66	9.66	9.66	9.66	9.66	9.66	9.66	9.66	9.66	9.66	9.66	9.66	9.66	9.66	9.66	9.66	9.66	9.66	9.66	9.66	9.66	9.66	9.66	9.66	9.66	9.66	9.66	9.66	9.66	9.66	9.66	9.66	9.66	9.66	9.66	9.66	9.66	9.66	9.66	9.66	9.66	9.66	9.66	9.66	9.66	9.66	9.66	9.66	9.66	9.66	9.66	9.66	9.66	9.66	9.66	9.66	9.66	9.66	9.66	9.66	9.66	9.66	9.66	9.66	9.66	9.66	9.66	9.66	9.66	9.66	9.66	9.66	9.66	9.66	9.66	9.66	9.66	9.66	9.66	9.66	9.66	9.66	9.66	9.66	9.66	9.66	9.66	9.66	9.66	9.66	9.66	9.66	9.66	9.66	9.66	9.66	9.66	9.66	9.66	9.66	9.66	9.66	9.66	9.66	9.66	9.66	9.66	9.66	9.66	9.66	9.66	9.66	9.66	9.66	9.66	9.66	9.66	9.66	9.66	9.66	9.66	9.66	9.66	9.66	9.66	9.66	9.66	9.66	9.66	9.66	9.66	9.66	9.66	9.66	9.66	9.66	9.66	9.66	9.66	9.66	9.66	9.66	9.66	9.66	9.66	9.66	9.66	9.66	9.66	9.66	9.66	9.66	9.66	9.66	9.66	9.66	9.66	9.66	9.66	9.66	9.66	9.66	9.66	9.66	9.66	9.66	9.66	9.66	9.66	9.66	9.66	9.66	9.66	9.66	9.66	9.66	9.66	9.66	9.66	9.66	9.66	9.66	9.66	9.66	9.66	9.66	9.66	9.66	9.66	9.66	9.66	9.66	9.66	9.66	9.66	9.66	9.66	9.66	9.66	9.66	9.66	9.66	9.66	9.66	9.66	9.66	9.66	9.66	9.66	9.66	9.66	9.66	9.66	9.66	9.66	9.66	9.66	9.66	9.66	9.66	9.66	9.66	9.66	9.66	9.66	9.66	9.66	9.66	9.66	9.66	9.66	9.66	9.66	9.66	9.66	9.66	9.66	9.66	9.66	9.66	9.66	9.66	9.66	9.66	9.66	9.66	9.66	9.66	9.66	9.66	9.66	9.66	9.66	9.66	9.66	9.66	9.66	9.66	9.66	9.66	9.66	9.66	9.66	9.66	9.66	9.66	9.66	9.66	9.66	9.66	9.66	9.66	9.66	9.66	9.66	9.66	9.66	9.66	9.66	9.66	9.66	9.66	9.66	9.66	9.66	9.66	9.66	9.66	9.66	9.66	9.66	9.66	9.66	9.66	9.66	9.66	9.66	9.66	9.66	9.66	9.66	9.66	9.66	9.66	9.66	9.66	9.66	9.66	9.66	9.66	9.66	9.66	9.66	9.66	9.66	9.66	9.66	9.66	9.66	9.66	9.66	9.66	9.66	9.66	9.66	9.66	9.66	9.66	9.66	9.66	9.66	9.66	9.66	9.66	9.66	9.66	9.66	9.66	9.66	9.66	9.66	9.66	9.66	9.66	9.66	9.66	9.66	9.66	9.66	9.66	9.66	9.66	9.66	9.66	9.66	9.66	9.66	9.66	9.66	9.66	9.66	9.66	9.66	9.66	9.66	9.66	9.66	9.66	9.66	9.66	9.66	9.66	9.66	9.66	9.66	9.66	9.66	9.66	9.66	9.66	9.66	9.66	9.66	9.66	9.66	9.66	9.66	9.66	9.66	9.66	9.66	9.66	9.66	9.66	9.66	9.66	9.66	9.66	9.66	9.66	9.66	9.66	9.66	9.66	9.66	9.66	9.66	9.66	9.66	9.66	9.66	9.66	9.66	9.66	9.66	9.66	9.66	9.66	9.66	9.66	9.66	9.66	9.66	9.66	9.66	9.66	9.66	9.66	9.66	9.66	9.66	9.66	9.66	9.66	9.66	9.66	9.66	9.66	9.66	9.66	9.66	9.66	9.66	9.66	9.66	9.66	9.66	9.66	9.66	9.66	9.66	9.66	9.66	9.66	9.66	9.66	9.66	9.66	9.66	9.66	9.66	9.66	9.66	9.66	9.66	9.66	9.66	9.66	9.66	9.66	9.66	9.66	9.66	9.66	9.66	9.66	9.66	9.66	9.66	9.66	9.66	9.66	9.66	9.66	9.66	9.66	9.66	9.66	9.66	9.66	9.66	9.66	9.66	9.66	9.66	9.66	9.66	9.66	9.66	9.66	9.66	9.66	9.66	9.66	9.66	9.66	9.66	9.66	9.66	9.66	9.66	9.66	9.66	9.66	9.66	9.66	9.66	9.66	9.66	9.66	9.66	9.66	9.66	9.66	9.66	9.66	9.66	9.66	9.66	9.66	9.66	9.66	9.66	9.66	9.66	9.66	9.66	9.66	9.66	9.66	9.66	9.66	9.66	9.66	9.66	9.66	9.66	9.66	9.66	9.66	9.66	9.66	9.66	9.66	9.66	9.66	9.66	9.66	9.66	9.66	9.66	9.66	9.66	9.66	9.66	9.66	9.66	9.66	9.66	9.66	9.66	9.66	9.66	9.66	9.66	9.66	9.66	9.66	9.66	9.66	9.66	9.66	9.66	9.66	9.66	9.66	9.66	9.66	9.66	9.66	9.66	9.66	9.66	9.66	9.66	9.66	9.66	9.66	9.66	9.66	9.66	9.66	9.66	9.66	9.66	9.66	9.66	9.66	9.66	9.66	9.66	9.66	9.66	9.66	9.66	9.66	9.66	9.66	9.66	9.66	9.66	9.66	9.66	9.66	9.66	9.66	9.66	9.66	9.66	9.66	9.66	9.66	9.66	9.66	9.66	9.66	9.66	9.66	9.66	9.66	9.66	9.66	9.66	9.66	9.66	9.66	9.66	9.66	9.66	9.66	9.66	9.66	9.66	9.66	9.66	9.66	9.66	9.66	9.66	9.66	9.66	9.66	9.66	9.66	9.66	9.66	9.66	9.66	9.66	9.66	9.66	9.66	9.66	9.66	9.66	9.66	9.66	9.66	9.66	9.66	9.66	9.66	9.66	9.66	9.66	9.66	9.66	9.66	9.66	9.66	9.66	9.66	9.66	

7	0.25	10	0	task-0:0	|	11.325	12.6509	3.39287	0.329111	0.548045	0.0551739	0.00322343	

14	0.561	10	0	task-0:0	|	11.3194	32.5179	24.6468	4.45917	4.01306	4.38781	4.15732	2.31562	1.2839	1.12104	0.525013	0.204607	0.087391	0.00226906	

5	0.203	10	0	task-0:0.00846939	|	13.2389	3.5491	1.76808	0.678107	0.0242676	

17	0.765	10	0	task-0:0.0058	|	11.8479	14.901	11.8889	9.00186	6.69133	5.77896	7.21538	4.36959	2.21033	1.49688	0.856061	0.399628	0.156026	0.0695413	0.72017	0.177691	6.98179e-005	

19	0.811	10	0	task-0:0.015098	|	17.6653	15.2696	12.8122	6.48376	4.16623	5.60151	3.32989	2.114	1.58374	1.21169	0.809768	0.66965	0.517254	0.313021	0.297667	0.294733	0.294342	0.294327	0.00721774	

22	1.014	10	0	task-0:0.0200962	|	16.2705	15.5341	13.6432	9.28318	6.88109	6.18864	4.5168	3.79232	3.24229	2.34324	2.16453	2.05292	1.7943	1.54909	1.52733	1.51447	1.36317	0.820271	0.527025	0.104849	0.225984	0.00714899	

14	0.593	10	0	task-0:0.00264151	|	21.1613	15.8482	11.8385	4.51082	2.97116	3.42701	1.92628	1.3907	1.04558	0.663929	0.323554	0.294931	0.293409	0.0097747	

19	0.873	10	0	task-0:0	|	29.3847	16.1255	15.7004	4.92968	3.70555	2.82885	1.93982	1.60512	1.22771	0.867672	0.389888	0.219326	0.154668	0.122239	0.107758	0.104369	0.0999341	0.0994114	0.000230903	

17	0.718	10	0	task-0:0	|	13.9296	16.4847	15.8395	11.415	8.62149	6.9351	4.59861	2.758	2.03183	1.78746	1.74445	1.59012	0.996418	0.352871	0.0420978	0.0459472	0.00107062	

15	0.734	10	0	task-0:0.00267857	|	27.0586	16.6572	11.6197	3.82462	2.31183	2.63228	1.55153	0.884367	0.647633	0.317293	0.297519	0.295583	0.295138	0.294795	0.00675084	

21	0.951	10	0	task-0:0.00298246	|	33.3529	16.2271	16.0421	10.0498	7.31655	6.09623	4.22993	2.77472	1.90532	1.45215	1.09921	0.784441	0.431078	0.401095	0.396297	0.104415	0.109643	0.099666	0.0994459	0.225432	0.000386054	

14	0.593	10	0	task-0:0.00275862	|	13.6587	17.3299	11.8184	5.62423	4.44992	5.20728	3.09651	2.2186	1.43256	0.641293	0.286642	0.253137	0.080335	0.0125618	

24	1.232	10	0	task-0:0.00889831	|	10.7563	17.5401	15.0167	7.39485	6.27578	7.03461	4.76779	4.0437	3.85602	3.45779	3.09621	2.54033	2.18872	1.66753	1.20141	0.717173	0.608372	0.559197	0.44605	0.242876	0.206705	0.107887	0.125347	0.0253331	

14	0.718	10	0	task-0:0.00233333	|	12.6775	41.3443	33.5811	15.1098	10.6346	10.5125	5.55857	2.8204	1.48168	0.691569	0.302241	0.211163	0.123974	0.00110397	

