73	0.093	4	0	task-3:0.488	task-0:0.414	task-1:0.572	task-2:0.496	|	0.0559389	0.0825138	0.0781975	0.061077	0.0549024	0.0549107	0.0557671	0.0559134	0.0549312	0.0545965	0.0546722	0.0546296	0.0545424	0.054508	0.0545494	0.054896	0.0567299	0.0658047	0.0605066	0.0545809	0.0536857	0.0523221	0.0496543	0.0476364	0.0472783	0.046385	0.0462471	0.0465581	0.0468118	0.0450193	0.0422128	0.0403502	0.0396145	0.0379546	0.0365672	0.0355571	0.0349698	0.0344316	0.0337139	0.0330471	0.032388	0.0316883	0.031175	0.0308854	0.0308297	0.0307315	0.0306329	0.0304087	0.0303665	0.0305041	0.0309823	0.0315409	0.0323049	0.0335025	0.0346139	0.0357232	0.036907	0.0381978	0.0395204	0.0403048	0.040656	0.0407846	0.040746	0.0408587	0.040457	0.0402832	0.0400319	0.0397923	0.0396043	0.0395458	0.0395329	0.0396027	0.0398808	

110	0.188	4	0	task-3:0.488	task-0:0.444	task-1:0.436	task-2:0.546	|	0.0546994	0.0782301	0.0694967	0.059767	0.054575	0.0604168	0.0605147	0.0561171	0.0546441	0.0546754	0.0545422	0.0543406	0.0534881	0.0532601	0.0535613	0.0538167	0.054131	0.0545315	0.0550567	0.0551508	0.0549429	0.0547323	0.0545667	0.054409	0.0542942	0.0542166	0.0541788	0.0541901	0.0542319	0.0543027	0.054414	0.0545235	0.0545622	0.0596635	0.0594267	0.0549698	0.0549357	0.0553888	0.0566337	0.0552798	0.0542216	0.0534826	0.0523421	0.0524979	0.0534119	0.0545833	0.0534259	0.0532485	0.0532859	0.0544048	0.0548252	0.0552247	0.0556862	0.054634	0.0545494	0.0538306	0.0531619	0.0524337	0.051844	0.0512531	0.0520201	0.0511828	0.0524528	0.0528893	0.0527488	0.0524761	0.0523132	0.0521895	0.0521784	0.0523137	0.0525183	0.0519528	0.052361	0.0544868	0.0545737	0.0576718	0.0576707	0.0560995	0.0543582	0.0545269	0.0550637	0.0551247	0.0548514	0.0544279	0.054296	0.0541711	0.0536065	0.0539601	0.0554243	0.0545843	0.0545386	0.0546	0.0547454	0.0556174	0.0560755	0.055451	0.0547701	0.0544339	0.0543205	0.0544954	0.054765	0.0542233	0.0540966	0.054294	0.0543103	0.0543223	0.0543101	0.0543042	0.0542984	0.0543349	

69	0.094	4	0	task-3:0.488	task-0:0.478	task-1:0.462	task-2:0.482	|	0.0789281	0.0638148	0.0608516	0.0554682	0.0548847	0.0554299	0.0555934	0.0548047	0.0545155	0.054488	0.0545064	0.0544426	0.0543937	0.0544085	0.0543476	0.054329	0.0543262	0.0534173	0.0473476	0.0463666	0.0466811	0.0513593	0.0458338	0.0454741	0.0464713	0.0516706	0.0541859	0.0543242	0.0542846	0.0542436	0.0542152	0.0541935	0.0541642	0.0541194	0.0540592	0.0539813	0.0538798	0.0537461	0.0535681	0.0533623	0.0530841	0.0527268	0.0522762	0.0517247	0.0510794	0.0503734	0.0496488	0.0489797	0.0481354	0.0475365	0.0474814	0.0474215	0.0472853	0.0469549	0.046787	0.0465746	0.0463289	0.0460875	0.0459226	0.0375355	0.0370584	0.0365081	0.0359913	0.0354115	0.034838	0.0342551	0.0336832	0.0329284	0.0323308	

85	0.109	4	0	task-3:0.374	task-0:0.312	task-1:0.316	task-2:0.372	|	0.0890894	0.0585274	0.0556798	0.0555024	0.0554985	0.0545475	0.0556067	0.0556066	0.0547904	0.0545874	0.054675	0.0551449	0.0569072	0.0664732	0.0577221	0.0585491	0.0517059	0.0522058	0.0497304	0.0536148	0.0531971	0.04828	0.0489084	0.0485949	0.0474626	0.046797	0.0460069	0.0449027	0.043968	0.0427275	0.0412643	0.0393499	0.0364046	0.0310401	0.0292729	0.0298821	0.0305217	0.0276308	0.0297439	0.0274973	0.0258305	0.0228996	0.0200072	0.0188081	0.0181013	0.0152125	0.0135119	0.012356	0.0106884	0.00906783	0.00795105	0.0084396	0.011258	0.012307	0.0201334	0.0158835	0.0143982	0.0135879	0.0165251	0.0140374	0.0139826	0.0149648	0.0165935	0.0188424	0.0167125	0.0165189	0.0165487	0.0160867	0.0160569	0.0162095	0.0168314	0.0177817	0.022324	0.0273183	0.0242816	0.0343915	0.0343085	0.0257813	0.0257299	0.0253682	0.0225128	0.0264674	0.0262728	0.0227611	0.021829	

110	0.141	4	0	task-3:0.488	task-0:0.444	task-1:0.436	task-2:0.546	|	0.0546994	0.0782301	0.0694967	0.059767	0.054575	0.0604168	0.0605147	0.0561171	0.0546441	0.0546754	0.0545422	0.0543406	0.0534881	0.0532601	0.0535613	0.0538167	0.054131	0.0545315	0.0550567	0.0551508	0.0549429	0.0547323	0.0545667	0.054409	0.0542942	0.0542166	0.0541788	0.0541901	0.0542319	0.0543027	0.054414	0.0545235	0.0545622	0.0596635	0.0594267	0.0549698	0.0549357	0.0553888	0.0566337	0.0552798	0.0542216	0.0534826	0.0523421	0.0524979	0.0534119	0.0545833	0.0534259	0.0532485	0.0532859	0.0544048	0.0548252	0.0552247	0.0556862	0.054634	0.0545494	0.0538306	0.0531619	0.0524337	0.051844	0.0512531	0.0520201	0.0511828	0.0524528	0.0528893	0.0527488	0.0524761	0.0523132	0.0521895	0.0521784	0.0523137	0.0525183	0.0519528	0.052361	0.0544868	0.0545737	0.0576718	0.0576707	0.0560995	0.0543582	0.0545269	0.0550637	0.0551247	0.0548514	0.0544279	0.054296	0.0541711	0.0536065	0.0539601	0.0554243	0.0545843	0.0545386	0.0546	0.0547454	0.0556174	0.0560755	0.055451	0.0547701	0.0544339	0.0543205	0.0544954	0.054765	0.0542233	0.0540966	0.054294	0.0543103	0.0543223	0.0543101	0.0543042	0.0542984	0.0543349	

104	0.14	4	0	task-3:0.27	task-0:0.244	task-1:0.218	task-2:0.316	|	0.0612135	0.0832636	0.0811899	0.0568687	0.0638331	0.0638331	0.0557734	0.0571939	0.0566552	0.0544113	0.0559704	0.0555977	0.0543551	0.0546504	0.0545248	0.0542321	0.0542575	0.0541835	0.0542791	0.0552229	0.0537482	0.053091	0.0531084	0.0524642	0.0503118	0.0489506	0.0488705	0.0488302	0.0482421	0.0464882	0.0451786	0.0440972	0.0432323	0.0415734	0.0418104	0.0408783	0.0402396	0.0399793	0.0388798	0.037946	0.0370765	0.0362189	0.0354957	0.0341419	0.0333352	0.032796	0.0326004	0.032888	0.0307215	0.0287113	0.0260862	0.0248849	0.0243023	0.0233281	0.0206419	0.023358	0.0242877	0.0248541	0.0252071	0.0253601	0.0253758	0.0254137	0.0250288	0.0248225	0.0247314	0.0247569	0.0251196	0.0255946	0.0258705	0.0261461	0.026574	0.0268069	0.0291156	0.0275542	0.0265345	0.0249874	0.0261858	0.0278324	0.0275761	0.0266373	0.0257402	0.0255953	0.0257832	0.0257793	0.0254675	0.0250444	0.0246056	0.0243286	0.0241724	0.0239743	0.0236818	0.0233123	0.0230575	0.022694	0.0223395	0.0218576	0.0213842	0.0208911	0.0202642	0.0196707	0.0192243	0.0191103	0.0189909	0.00352508	

68	0.078	4	0	task-3:0.572	task-0:0.462	task-1:0.474	task-2:0.612	|	0.0611177	0.0727275	0.0636125	0.0554318	0.0567425	0.054548	0.0567773	0.0561318	0.0542231	0.0549783	0.0549783	0.054266	0.0541566	0.0541197	0.0540558	0.0539779	0.0528492	0.0461121	0.0442794	0.0444702	0.0461239	0.049239	0.0512343	0.0516341	0.0512329	0.050646	0.0496635	0.0497226	0.0492059	0.0485551	0.0484207	0.0480305	0.0478451	0.0474988	0.0402684	0.0418101	0.04654	0.0463336	0.0459101	0.0454526	0.0449642	0.0444492	0.043912	0.0433488	0.0427799	0.0421165	0.0392135	0.0323869	0.0391789	0.0400972	0.0406321	0.0405323	0.0383782	0.0306537	0.030444	0.0304343	0.0297326	0.029739	0.02963	0.0295367	0.0297165	0.0290071	0.0286747	0.0283853	0.0371855	0.0277587	0.0277335	0.0276922	

59	0.078	4	0	task-3:0.488	task-0:0.478	task-1:0.538	task-2:0.482	|	0.0558271	0.0721714	0.0644456	0.05461	0.0546589	0.0555006	0.0557714	0.0547773	0.0547437	0.0547396	0.0545903	0.0546717	0.0546171	0.0545345	0.0545078	0.054468	0.0544549	0.0545659	0.0553541	0.0568233	0.0571855	0.0555687	0.0542889	0.0553991	0.0533472	0.0496421	0.0489607	0.0472425	0.0457047	0.0450662	0.0444116	0.0452056	0.0444669	0.0434416	0.0440686	0.0436974	0.042925	0.042904	0.0427524	0.0424414	0.0422136	0.042031	0.0416065	0.0412055	0.0408287	0.0402391	0.0404318	0.0397922	0.0394103	0.0389432	0.0386488	0.0378489	0.0371722	0.0367414	0.036389	0.0359921	0.0355638	0.0350306	0.034518	

59	0.078	4	0	task-3:0.488	task-0:0.478	task-1:0.538	task-2:0.482	|	0.0558271	0.0721714	0.0644456	0.05461	0.0546589	0.0555006	0.0557714	0.0547773	0.0547437	0.0547396	0.0545903	0.0546717	0.0546171	0.0545345	0.0545078	0.054468	0.0544549	0.0545659	0.0553541	0.0568233	0.0571855	0.0555687	0.0542889	0.0553991	0.0533472	0.0496421	0.0489607	0.0472425	0.0457047	0.0450662	0.0444116	0.0452056	0.0444669	0.0434416	0.0440686	0.0436974	0.042925	0.042904	0.0427524	0.0424414	0.0422136	0.042031	0.0416065	0.0412055	0.0408287	0.0402391	0.0404318	0.0397922	0.0394103	0.0389432	0.0386488	0.0378489	0.0371722	0.0367414	0.036389	0.0359921	0.0355638	0.0350306	0.034518	

75	0.11	4	0	task-3:0.42	task-0:0.42	task-1:0.542	task-2:0.454	|	0.0546601	0.107425	0.105463	0.0836384	0.0568542	0.0592518	0.0590077	0.054481	0.0544809	0.055624	0.0558535	0.0549043	0.0544308	0.0544566	0.0544788	0.0544922	0.0544347	0.0544483	0.0544506	0.0544232	0.0544194	0.054413	0.054399	0.0543981	0.0544045	0.0525798	0.0531218	0.0543965	0.0543901	0.0540881	0.0540469	0.0542471	0.054325	0.0542903	0.0541617	0.0540458	0.0540518	0.0540076	0.0539515	0.0538621	0.0537561	0.0536798	0.0536463	0.0537933	0.0536624	0.0536631	0.0537656	0.0536574	0.0533583	0.0531769	0.0531482	0.0530645	0.0529147	0.0526518	0.0523138	0.0521906	0.0520741	0.0521319	0.0519708	0.0519649	0.0517375	0.0505204	0.0504202	0.0489283	0.0489506	0.0497909	0.0499175	0.0504267	0.050985	0.0511699	0.0510537	0.0509125	0.0507578	0.0506951	0.050573	

59	0.078	4	0	task-3:0.488	task-0:0.478	task-1:0.538	task-2:0.482	|	0.0558271	0.0721714	0.0644456	0.05461	0.0546589	0.0555006	0.0557714	0.0547773	0.0547437	0.0547396	0.0545903	0.0546717	0.0546171	0.0545345	0.0545078	0.054468	0.0544549	0.0545659	0.0553541	0.0568233	0.0571855	0.0555687	0.0542889	0.0553991	0.0533472	0.0496421	0.0489607	0.0472425	0.0457047	0.0450662	0.0444116	0.0452056	0.0444669	0.0434416	0.0440686	0.0436974	0.042925	0.042904	0.0427524	0.0424414	0.0422136	0.042031	0.0416065	0.0412055	0.0408287	0.0402391	0.0404318	0.0397922	0.0394103	0.0389432	0.0386488	0.0378489	0.0371722	0.0367414	0.036389	0.0359921	0.0355638	0.0350306	0.034518	

104	0.125	4	0	task-3:0.27	task-0:0.244	task-1:0.218	task-2:0.316	|	0.0612135	0.0832636	0.0811899	0.0568687	0.0638331	0.0638331	0.0557734	0.0571939	0.0566552	0.0544113	0.0559704	0.0555977	0.0543551	0.0546504	0.0545248	0.0542321	0.0542575	0.0541835	0.0542791	0.0552229	0.0537482	0.053091	0.0531084	0.0524642	0.0503118	0.0489506	0.0488705	0.0488302	0.0482421	0.0464882	0.0451786	0.0440972	0.0432323	0.0415734	0.0418104	0.0408783	0.0402396	0.0399793	0.0388798	0.037946	0.0370765	0.0362189	0.0354957	0.0341419	0.0333352	0.032796	0.0326004	0.032888	0.0307215	0.0287113	0.0260862	0.0248849	0.0243023	0.0233281	0.0206419	0.023358	0.0242877	0.0248541	0.0252071	0.0253601	0.0253758	0.0254137	0.0250288	0.0248225	0.0247314	0.0247569	0.0251196	0.0255946	0.0258705	0.0261461	0.026574	0.0268069	0.0291156	0.0275542	0.0265345	0.0249874	0.0261858	0.0278324	0.0275761	0.0266373	0.0257402	0.0255953	0.0257832	0.0257793	0.0254675	0.0250444	0.0246056	0.0243286	0.0241724	0.0239743	0.0236818	0.0233123	0.0230575	0.022694	0.0223395	0.0218576	0.0213842	0.0208911	0.0202642	0.0196707	0.0192243	0.0191103	0.0189909	0.00352508	

68	0.063	4	0	task-3:0.572	task-0:0.462	task-1:0.474	task-2:0.612	|	0.0611177	0.0727275	0.0636125	0.0554318	0.0567425	0.054548	0.0567773	0.0561318	0.0542231	0.0549783	0.0549783	0.054266	0.0541566	0.0541197	0.0540558	0.0539779	0.0528492	0.0461121	0.0442794	0.0444702	0.0461239	0.049239	0.0512343	0.0516341	0.0512329	0.050646	0.0496635	0.0497226	0.0492059	0.0485551	0.0484207	0.0480305	0.0478451	0.0474988	0.0402684	0.0418101	0.04654	0.0463336	0.0459101	0.0454526	0.0449642	0.0444492	0.043912	0.0433488	0.0427799	0.0421165	0.0392135	0.0323869	0.0391789	0.0400972	0.0406321	0.0405323	0.0383782	0.0306537	0.030444	0.0304343	0.0297326	0.029739	0.02963	0.0295367	0.0297165	0.0290071	0.0286747	0.0283853	0.0371855	0.0277587	0.0277335	0.0276922	

110	0.109	4	0	task-3:0.414	task-0:0.394	task-1:0.366	task-2:0.424	|	0.0585881	0.072143	0.0646123	0.056158	0.0554058	0.0554048	0.0545678	0.0545663	0.0546859	0.0546762	0.0545274	0.0545578	0.0545473	0.05448	0.054489	0.0557443	0.0558452	0.0564378	0.0556784	0.054659	0.0542258	0.0521993	0.0516172	0.0529063	0.0528999	0.0516843	0.0495946	0.0485624	0.0465645	0.0452978	0.0456984	0.0463547	0.046468	0.0472461	0.046772	0.0469644	0.0467908	0.0459825	0.0461726	0.045887	0.0454151	0.0452295	0.0449571	0.0446311	0.0443865	0.0440201	0.0435906	0.0432154	0.0428662	0.0425142	0.0421521	0.0416719	0.0413682	0.0408324	0.0401392	0.0393042	0.0384044	0.0380659	0.0375836	0.037673	0.0394403	0.0387314	0.0394525	0.0385488	0.0384263	0.0386305	0.0382367	0.0384708	0.0383817	0.0383151	0.038293	0.0381685	0.0381235	0.0380328	0.0377425	0.0374839	0.0371863	0.0372007	0.037228	0.0366412	0.0364662	0.0363984	0.0364829	0.0366296	0.0363991	0.0363998	0.036665	0.0369431	0.0372298	0.0378541	0.0387412	0.0387033	0.0388424	0.0390472	0.0402439	0.0421586	0.0455823	0.0510299	0.0571648	0.0617528	0.0678491	0.0656406	0.0667368	0.0682428	0.0703706	0.0684756	0.069901	0.0716381	0.0738032	0.0770143	

59	0.078	4	0	task-3:0.488	task-0:0.478	task-1:0.538	task-2:0.482	|	0.0558271	0.0721714	0.0644456	0.05461	0.0546589	0.0555006	0.0557714	0.0547773	0.0547437	0.0547396	0.0545903	0.0546717	0.0546171	0.0545345	0.0545078	0.054468	0.0544549	0.0545659	0.0553541	0.0568233	0.0571855	0.0555687	0.0542889	0.0553991	0.0533472	0.0496421	0.0489607	0.0472425	0.0457047	0.0450662	0.0444116	0.0452056	0.0444669	0.0434416	0.0440686	0.0436974	0.042925	0.042904	0.0427524	0.0424414	0.0422136	0.042031	0.0416065	0.0412055	0.0408287	0.0402391	0.0404318	0.0397922	0.0394103	0.0389432	0.0386488	0.0378489	0.0371722	0.0367414	0.036389	0.0359921	0.0355638	0.0350306	0.034518	

105	0.109	4	0	task-3:0.346	task-0:0.296	task-1:0.184	task-2:0.448	|	0.0592816	0.0768594	0.0655393	0.0549167	0.0550882	0.0547089	0.0547812	0.0544823	0.0544823	0.0545537	0.0545444	0.0545097	0.0544964	0.0544868	0.0544884	0.0544905	0.0544975	0.0545116	0.0545263	0.0545468	0.0545707	0.0545916	0.0546099	0.054636	0.0546739	0.0547284	0.054767	0.0526591	0.0520605	0.0542304	0.0528353	0.0524263	0.0541574	0.055117	0.0554907	0.0552386	0.0548687	0.0545666	0.0541828	0.0537522	0.0533366	0.0528473	0.0521882	0.0513621	0.0503778	0.0493144	0.048173	0.0469906	0.0460864	0.0454795	0.0452637	0.04475	0.0307259	0.0435992	0.0435516	0.0295081	0.038954	0.0422993	0.0418907	0.0416816	0.0413649	0.0408225	0.0316127	0.0311579	0.0307329	0.0302293	0.0296257	0.0288645	0.0274544	0.0176179	0.0270383	0.0263067	0.0257226	0.0254048	0.0257305	0.0253358	0.0251557	0.0249461	0.0247856	0.0246573	0.0243763	0.0242664	0.0242732	0.0241965	0.024165	0.0241087	0.0240618	0.0239456	0.0238758	0.0238761	0.0239079	0.0239647	0.023951	0.0239241	0.0239367	0.0239467	0.0241792	0.0239697	0.0160841	0.0241023	0.0239512	0.0239446	0.0239525	0.00898388	0.0239264	

137	0.141	4	0	task-3:0.162	task-0:0.172	task-1:0.236	task-2:0.078	|	0.0539904	0.058286	0.0579956	0.0600453	0.0702033	0.0597834	0.0604204	0.0604225	0.054511	0.0558692	0.054324	0.0526502	0.052241	0.0508043	0.0498489	0.0485392	0.0483675	0.0476349	0.0468732	0.0465141	0.0455999	0.044385	0.0439788	0.0440654	0.0437086	0.0432698	0.0428039	0.0422963	0.0415462	0.0408082	0.040036	0.0392247	0.0383267	0.0377358	0.0370431	0.0361351	0.0351443	0.0341025	0.0331129	0.032252	0.0308083	0.0294576	0.0280364	0.0269757	0.0258779	0.0247993	0.0240085	0.0236008	0.0210684	0.0168138	0.0167189	0.0156983	0.0150275	0.0181158	0.0149418	0.0148764	0.0154849	0.0161897	0.0142749	0.0117858	0.0113946	0.0115264	0.011894	0.0117992	0.011702	0.01164	0.0116177	0.0116536	0.0117596	0.0119634	0.0119038	0.011346	0.0109189	0.0105192	0.0103491	0.0101387	0.00990943	0.00973751	0.00946926	0.00958219	0.00971762	0.00989362	0.0100924	0.0102576	0.00975138	0.0093481	0.0084982	0.00852207	0.0082017	0.00794782	0.00762988	0.00722291	0.00703525	0.00680404	0.00656767	0.00642194	0.00579742	0.00544805	0.00507385	0.00461073	0.00399189	0.00356243	0.00328457	0.00296028	0.00257905	0.00229097	0.00217584	0.00184208	0.00209084	0.0028122	0.00197189	0.0014574	0.00126356	0.00120256	0.0012298	0.00122893	0.00112733	0.0010515	0.000981031	0.000934468	0.000897667	0.000799216	0.000757674	0.000722987	0.000688775	0.000678695	0.000689168	0.000681904	0.000685276	0.000627801	0.000610185	0.000595785	0.000584533	0.000577917	0.000565083	0.000520534	0.000488976	

137	0.156	4	0	task-3:0.162	task-0:0.172	task-1:0.236	task-2:0.078	|	0.0539904	0.058286	0.0579956	0.0600453	0.0702033	0.0597834	0.0604204	0.0604225	0.054511	0.0558692	0.054324	0.0526502	0.052241	0.0508043	0.0498489	0.0485392	0.0483675	0.0476349	0.0468732	0.0465141	0.0455999	0.044385	0.0439788	0.0440654	0.0437086	0.0432698	0.0428039	0.0422963	0.0415462	0.0408082	0.040036	0.0392247	0.0383267	0.0377358	0.0370431	0.0361351	0.0351443	0.0341025	0.0331129	0.032252	0.0308083	0.0294576	0.0280364	0.0269757	0.0258779	0.0247993	0.0240085	0.0236008	0.0210684	0.0168138	0.0167189	0.0156983	0.0150275	0.0181158	0.0149418	0.0148764	0.0154849	0.0161897	0.0142749	0.0117858	0.0113946	0.0115264	0.011894	0.0117992	0.011702	0.01164	0.0116177	0.0116536	0.0117596	0.0119634	0.0119038	0.011346	0.0109189	0.0105192	0.0103491	0.0101387	0.00990943	0.00973751	0.00946926	0.00958219	0.00971762	0.00989362	0.0100924	0.0102576	0.00975138	0.0093481	0.0084982	0.00852207	0.0082017	0.00794782	0.00762988	0.00722291	0.00703525	0.00680404	0.00656767	0.00642194	0.00579742	0.00544805	0.00507385	0.00461073	0.00399189	0.00356243	0.00328457	0.00296028	0.00257905	0.00229097	0.00217584	0.00184208	0.00209084	0.0028122	0.00197189	0.0014574	0.00126356	0.00120256	0.0012298	0.00122893	0.00112733	0.0010515	0.000981031	0.000934468	0.000897667	0.000799216	0.000757674	0.000722987	0.000688775	0.000678695	0.000689168	0.000681904	0.000685276	0.000627801	0.000610185	0.000595785	0.000584533	0.000577917	0.000565083	0.000520534	0.000488976	

137	0.141	4	0	task-3:0.162	task-0:0.172	task-1:0.236	task-2:0.078	|	0.0539904	0.058286	0.0579956	0.0600453	0.0702033	0.0597834	0.0604204	0.0604225	0.054511	0.0558692	0.054324	0.0526502	0.052241	0.0508043	0.0498489	0.0485392	0.0483675	0.0476349	0.0468732	0.0465141	0.0455999	0.044385	0.0439788	0.0440654	0.0437086	0.0432698	0.0428039	0.0422963	0.0415462	0.0408082	0.040036	0.0392247	0.0383267	0.0377358	0.0370431	0.0361351	0.0351443	0.0341025	0.0331129	0.032252	0.0308083	0.0294576	0.0280364	0.0269757	0.0258779	0.0247993	0.0240085	0.0236008	0.0210684	0.0168138	0.0167189	0.0156983	0.0150275	0.0181158	0.0149418	0.0148764	0.0154849	0.0161897	0.0142749	0.0117858	0.0113946	0.0115264	0.011894	0.0117992	0.011702	0.01164	0.0116177	0.0116536	0.0117596	0.0119634	0.0119038	0.011346	0.0109189	0.0105192	0.0103491	0.0101387	0.00990943	0.00973751	0.00946926	0.00958219	0.00971762	0.00989362	0.0100924	0.0102576	0.00975138	0.0093481	0.0084982	0.00852207	0.0082017	0.00794782	0.00762988	0.00722291	0.00703525	0.00680404	0.00656767	0.00642194	0.00579742	0.00544805	0.00507385	0.00461073	0.00399189	0.00356243	0.00328457	0.00296028	0.00257905	0.00229097	0.00217584	0.00184208	0.00209084	0.0028122	0.00197189	0.0014574	0.00126356	0.00120256	0.0012298	0.00122893	0.00112733	0.0010515	0.000981031	0.000934468	0.000897667	0.000799216	0.000757674	0.000722987	0.000688775	0.000678695	0.000689168	0.000681904	0.000685276	0.000627801	0.000610185	0.000595785	0.000584533	0.000577917	0.000565083	0.000520534	0.000488976	

114	0.125	4	0	task-3:0.568	task-0:0.452	task-1:0.446	task-2:0.53	|	0.0555856	0.0952202	0.0931307	0.0706283	0.0580229	0.0609875	0.0557023	0.0571681	0.0570335	0.0547605	0.0567409	0.0566853	0.0550793	0.054837	0.0547987	0.0546384	0.0544352	0.0540179	0.0540654	0.054202	0.0542916	0.0545804	0.055115	0.0543496	0.0540538	0.0538135	0.0538108	0.053936	0.0541595	0.0543938	0.05463	0.0548184	0.054985	0.0550978	0.0550818	0.0548977	0.0544302	0.0544125	0.0546257	0.0547795	0.0549051	0.0494251	0.0487875	0.0543954	0.0544273	0.0522102	0.0524548	0.053961	0.0545974	0.0549311	0.0550972	0.0551482	0.0551345	0.0551035	0.0550792	0.0552856	0.0551964	0.0488817	0.063583	0.0523335	0.0494546	0.0494087	0.0469014	0.0468468	0.046604	0.0470636	0.0470328	0.0471207	0.0476873	0.0498119	0.0559519	0.0623049	0.0714781	0.0730121	0.0708219	0.0687588	0.0647123	0.059364	0.0548114	0.0528186	0.0726096	0.072569	0.0567946	0.053164	0.0551623	0.056047	0.0561859	0.0560279	0.0559989	0.0561302	0.0575272	0.0574141	0.055942	0.0558651	0.0560885	0.0571832	0.0757787	0.0900187	0.0805252	0.0667706	0.0596814	0.0561653	0.0552967	0.0562341	0.0560885	0.0561534	0.0561518	0.056133	0.0560759	0.0561344	0.0562418	0.0561723	0.0560191	0.056143	

114	0.125	4	0	task-3:0.568	task-0:0.452	task-1:0.446	task-2:0.53	|	0.0555856	0.0952202	0.0931307	0.0706283	0.0580229	0.0609875	0.0557023	0.0571681	0.0570335	0.0547605	0.0567409	0.0566853	0.0550793	0.054837	0.0547987	0.0546384	0.0544352	0.0540179	0.0540654	0.054202	0.0542916	0.0545804	0.055115	0.0543496	0.0540538	0.0538135	0.0538108	0.053936	0.0541595	0.0543938	0.05463	0.0548184	0.054985	0.0550978	0.0550818	0.0548977	0.0544302	0.0544125	0.0546257	0.0547795	0.0549051	0.0494251	0.0487875	0.0543954	0.0544273	0.0522102	0.0524548	0.053961	0.0545974	0.0549311	0.0550972	0.0551482	0.0551345	0.0551035	0.0550792	0.0552856	0.0551964	0.0488817	0.063583	0.0523335	0.0494546	0.0494087	0.0469014	0.0468468	0.046604	0.0470636	0.0470328	0.0471207	0.0476873	0.0498119	0.0559519	0.0623049	0.0714781	0.0730121	0.0708219	0.0687588	0.0647123	0.059364	0.0548114	0.0528186	0.0726096	0.072569	0.0567946	0.053164	0.0551623	0.056047	0.0561859	0.0560279	0.0559989	0.0561302	0.0575272	0.0574141	0.055942	0.0558651	0.0560885	0.0571832	0.0757787	0.0900187	0.0805252	0.0667706	0.0596814	0.0561653	0.0552967	0.0562341	0.0560885	0.0561534	0.0561518	0.056133	0.0560759	0.0561344	0.0562418	0.0561723	0.0560191	0.056143	

137	0.156	4	0	task-3:0.162	task-0:0.172	task-1:0.236	task-2:0.078	|	0.0539904	0.058286	0.0579956	0.0600453	0.0702033	0.0597834	0.0604204	0.0604225	0.054511	0.0558692	0.054324	0.0526502	0.052241	0.0508043	0.0498489	0.0485392	0.0483675	0.0476349	0.0468732	0.0465141	0.0455999	0.044385	0.0439788	0.0440654	0.0437086	0.0432698	0.0428039	0.0422963	0.0415462	0.0408082	0.040036	0.0392247	0.0383267	0.0377358	0.0370431	0.0361351	0.0351443	0.0341025	0.0331129	0.032252	0.0308083	0.0294576	0.0280364	0.0269757	0.0258779	0.0247993	0.0240085	0.0236008	0.0210684	0.0168138	0.0167189	0.0156983	0.0150275	0.0181158	0.0149418	0.0148764	0.0154849	0.0161897	0.0142749	0.0117858	0.0113946	0.0115264	0.011894	0.0117992	0.011702	0.01164	0.0116177	0.0116536	0.0117596	0.0119634	0.0119038	0.011346	0.0109189	0.0105192	0.0103491	0.0101387	0.00990943	0.00973751	0.00946926	0.00958219	0.00971762	0.00989362	0.0100924	0.0102576	0.00975138	0.0093481	0.0084982	0.00852207	0.0082017	0.00794782	0.00762988	0.00722291	0.00703525	0.00680404	0.00656767	0.00642194	0.00579742	0.00544805	0.00507385	0.00461073	0.00399189	0.00356243	0.00328457	0.00296028	0.00257905	0.00229097	0.00217584	0.00184208	0.00209084	0.0028122	0.00197189	0.0014574	0.00126356	0.00120256	0.0012298	0.00122893	0.00112733	0.0010515	0.000981031	0.000934468	0.000897667	0.000799216	0.000757674	0.000722987	0.000688775	0.000678695	0.000689168	0.000681904	0.000685276	0.000627801	0.000610185	0.000595785	0.000584533	0.000577917	0.000565083	0.000520534	0.000488976	

137	0.141	4	0	task-3:0.162	task-0:0.172	task-1:0.236	task-2:0.078	|	0.0539904	0.058286	0.0579956	0.0600453	0.0702033	0.0597834	0.0604204	0.0604225	0.054511	0.0558692	0.054324	0.0526502	0.052241	0.0508043	0.0498489	0.0485392	0.0483675	0.0476349	0.0468732	0.0465141	0.0455999	0.044385	0.0439788	0.0440654	0.0437086	0.0432698	0.0428039	0.0422963	0.0415462	0.0408082	0.040036	0.0392247	0.0383267	0.0377358	0.0370431	0.0361351	0.0351443	0.0341025	0.0331129	0.032252	0.0308083	0.0294576	0.0280364	0.0269757	0.0258779	0.0247993	0.0240085	0.0236008	0.0210684	0.0168138	0.0167189	0.0156983	0.0150275	0.0181158	0.0149418	0.0148764	0.0154849	0.0161897	0.0142749	0.0117858	0.0113946	0.0115264	0.011894	0.0117992	0.011702	0.01164	0.0116177	0.0116536	0.0117596	0.0119634	0.0119038	0.011346	0.0109189	0.0105192	0.0103491	0.0101387	0.00990943	0.00973751	0.00946926	0.00958219	0.00971762	0.00989362	0.0100924	0.0102576	0.00975138	0.0093481	0.0084982	0.00852207	0.0082017	0.00794782	0.00762988	0.00722291	0.00703525	0.00680404	0.00656767	0.00642194	0.00579742	0.00544805	0.00507385	0.00461073	0.00399189	0.00356243	0.00328457	0.00296028	0.00257905	0.00229097	0.00217584	0.00184208	0.00209084	0.0028122	0.00197189	0.0014574	0.00126356	0.00120256	0.0012298	0.00122893	0.00112733	0.0010515	0.000981031	0.000934468	0.000897667	0.000799216	0.000757674	0.000722987	0.000688775	0.000678695	0.000689168	0.000681904	0.000685276	0.000627801	0.000610185	0.000595785	0.000584533	0.000577917	0.000565083	0.000520534	0.000488976	

58	0.062	4	0	task-3:0.486	task-0:0.434	task-1:0.538	task-2:0.482	|	0.0582545	0.0709324	0.0657111	0.0574453	0.0547252	0.0547181	0.0547945	0.0547092	0.0547027	0.0549385	0.0568504	0.0558339	0.0547206	0.0548375	0.054542	0.0546605	0.0546246	0.0545537	0.0543375	0.0539643	0.0536578	0.0530918	0.0524278	0.0522408	0.0523481	0.052167	0.051789	0.051393	0.0509342	0.0503553	0.0498216	0.0493379	0.0489647	0.0487827	0.0485156	0.048391	0.0484499	0.0483815	0.0484713	0.0485118	0.0486779	0.0488793	0.0490904	0.0493099	0.0497564	0.0494133	0.0493602	0.0493155	0.0494252	0.0491827	0.0492335	0.0490984	0.0490272	0.0488749	0.0488127	0.0487478	0.0486799	0.0485259	

71	0.062	4	0	task-3:0.488	task-0:0.424	task-1:0.416	task-2:0.482	|	0.0561532	0.112114	0.111033	0.0826482	0.054955	0.055231	0.0567453	0.0563824	0.0549181	0.0557555	0.0557338	0.0550151	0.0551	0.0552555	0.0571568	0.0563787	0.0552389	0.0550637	0.0548919	0.0546195	0.0544831	0.0544845	0.0545993	0.0548276	0.0551965	0.0559452	0.0558137	0.0553209	0.0551639	0.0550928	0.0548894	0.0546791	0.0544906	0.0543443	0.054253	0.0541909	0.0541637	0.0541181	0.0540729	0.0540315	0.0539076	0.0537607	0.0517164	0.0464148	0.0524829	0.0531642	0.0527787	0.0521995	0.0463002	0.0449302	0.0491679	0.0519609	0.0524968	0.0520585	0.0515523	0.0511182	0.0523316	0.052226	0.0507327	0.0504282	0.0507157	0.0518148	0.0511123	0.0503109	0.0503066	0.0501688	0.0468944	0.0466234	0.0495975	0.0497616	0.0488001	

71	0.079	4	0	task-3:0.488	task-0:0.424	task-1:0.416	task-2:0.482	|	0.0561532	0.112114	0.111033	0.0826482	0.054955	0.055231	0.0567453	0.0563824	0.0549181	0.0557555	0.0557338	0.0550151	0.0551	0.0552555	0.0571568	0.0563787	0.0552389	0.0550637	0.0548919	0.0546195	0.0544831	0.0544845	0.0545993	0.0548276	0.0551965	0.0559452	0.0558137	0.0553209	0.0551639	0.0550928	0.0548894	0.0546791	0.0544906	0.0543443	0.054253	0.0541909	0.0541637	0.0541181	0.0540729	0.0540315	0.0539076	0.0537607	0.0517164	0.0464148	0.0524829	0.0531642	0.0527787	0.0521995	0.0463002	0.0449302	0.0491679	0.0519609	0.0524968	0.0520585	0.0515523	0.0511182	0.0523316	0.052226	0.0507327	0.0504282	0.0507157	0.0518148	0.0511123	0.0503109	0.0503066	0.0501688	0.0468944	0.0466234	0.0495975	0.0497616	0.0488001	

71	0.078	4	0	task-3:0.488	task-0:0.424	task-1:0.416	task-2:0.482	|	0.0561532	0.112114	0.111033	0.0826482	0.054955	0.055231	0.0567453	0.0563824	0.0549181	0.0557555	0.0557338	0.0550151	0.0551	0.0552555	0.0571568	0.0563787	0.0552389	0.0550637	0.0548919	0.0546195	0.0544831	0.0544845	0.0545993	0.0548276	0.0551965	0.0559452	0.0558137	0.0553209	0.0551639	0.0550928	0.0548894	0.0546791	0.0544906	0.0543443	0.054253	0.0541909	0.0541637	0.0541181	0.0540729	0.0540315	0.0539076	0.0537607	0.0517164	0.0464148	0.0524829	0.0531642	0.0527787	0.0521995	0.0463002	0.0449302	0.0491679	0.0519609	0.0524968	0.0520585	0.0515523	0.0511182	0.0523316	0.052226	0.0507327	0.0504282	0.0507157	0.0518148	0.0511123	0.0503109	0.0503066	0.0501688	0.0468944	0.0466234	0.0495975	0.0497616	0.0488001	

71	0.078	4	0	task-3:0.488	task-0:0.424	task-1:0.416	task-2:0.482	|	0.0561532	0.112114	0.111033	0.0826482	0.054955	0.055231	0.0567453	0.0563824	0.0549181	0.0557555	0.0557338	0.0550151	0.0551	0.0552555	0.0571568	0.0563787	0.0552389	0.0550637	0.0548919	0.0546195	0.0544831	0.0544845	0.0545993	0.0548276	0.0551965	0.0559452	0.0558137	0.0553209	0.0551639	0.0550928	0.0548894	0.0546791	0.0544906	0.0543443	0.054253	0.0541909	0.0541637	0.0541181	0.0540729	0.0540315	0.0539076	0.0537607	0.0517164	0.0464148	0.0524829	0.0531642	0.0527787	0.0521995	0.0463002	0.0449302	0.0491679	0.0519609	0.0524968	0.0520585	0.0515523	0.0511182	0.0523316	0.052226	0.0507327	0.0504282	0.0507157	0.0518148	0.0511123	0.0503109	0.0503066	0.0501688	0.0468944	0.0466234	0.0495975	0.0497616	0.0488001	

71	0.078	4	0	task-3:0.488	task-0:0.424	task-1:0.416	task-2:0.482	|	0.0561532	0.112114	0.111033	0.0826482	0.054955	0.055231	0.0567453	0.0563824	0.0549181	0.0557555	0.0557338	0.0550151	0.0551	0.0552555	0.0571568	0.0563787	0.0552389	0.0550637	0.0548919	0.0546195	0.0544831	0.0544845	0.0545993	0.0548276	0.0551965	0.0559452	0.0558137	0.0553209	0.0551639	0.0550928	0.0548894	0.0546791	0.0544906	0.0543443	0.054253	0.0541909	0.0541637	0.0541181	0.0540729	0.0540315	0.0539076	0.0537607	0.0517164	0.0464148	0.0524829	0.0531642	0.0527787	0.0521995	0.0463002	0.0449302	0.0491679	0.0519609	0.0524968	0.0520585	0.0515523	0.0511182	0.0523316	0.052226	0.0507327	0.0504282	0.0507157	0.0518148	0.0511123	0.0503109	0.0503066	0.0501688	0.0468944	0.0466234	0.0495975	0.0497616	0.0488001	

58	0.062	4	0	task-3:0.486	task-0:0.434	task-1:0.538	task-2:0.482	|	0.0582545	0.0709324	0.0657111	0.0574453	0.0547252	0.0547181	0.0547945	0.0547092	0.0547027	0.0549385	0.0568504	0.0558339	0.0547206	0.0548375	0.054542	0.0546605	0.0546246	0.0545537	0.0543375	0.0539643	0.0536578	0.0530918	0.0524278	0.0522408	0.0523481	0.052167	0.051789	0.051393	0.0509342	0.0503553	0.0498216	0.0493379	0.0489647	0.0487827	0.0485156	0.048391	0.0484499	0.0483815	0.0484713	0.0485118	0.0486779	0.0488793	0.0490904	0.0493099	0.0497564	0.0494133	0.0493602	0.0493155	0.0494252	0.0491827	0.0492335	0.0490984	0.0490272	0.0488749	0.0488127	0.0487478	0.0486799	0.0485259	

71	0.079	4	0	task-3:0.488	task-0:0.424	task-1:0.416	task-2:0.482	|	0.0561532	0.112114	0.111033	0.0826482	0.054955	0.055231	0.0567453	0.0563824	0.0549181	0.0557555	0.0557338	0.0550151	0.0551	0.0552555	0.0571568	0.0563787	0.0552389	0.0550637	0.0548919	0.0546195	0.0544831	0.0544845	0.0545993	0.0548276	0.0551965	0.0559452	0.0558137	0.0553209	0.0551639	0.0550928	0.0548894	0.0546791	0.0544906	0.0543443	0.054253	0.0541909	0.0541637	0.0541181	0.0540729	0.0540315	0.0539076	0.0537607	0.0517164	0.0464148	0.0524829	0.0531642	0.0527787	0.0521995	0.0463002	0.0449302	0.0491679	0.0519609	0.0524968	0.0520585	0.0515523	0.0511182	0.0523316	0.052226	0.0507327	0.0504282	0.0507157	0.0518148	0.0511123	0.0503109	0.0503066	0.0501688	0.0468944	0.0466234	0.0495975	0.0497616	0.0488001	

71	0.078	4	0	task-3:0.488	task-0:0.424	task-1:0.416	task-2:0.482	|	0.0561532	0.112114	0.111033	0.0826482	0.054955	0.055231	0.0567453	0.0563824	0.0549181	0.0557555	0.0557338	0.0550151	0.0551	0.0552555	0.0571568	0.0563787	0.0552389	0.0550637	0.0548919	0.0546195	0.0544831	0.0544845	0.0545993	0.0548276	0.0551965	0.0559452	0.0558137	0.0553209	0.0551639	0.0550928	0.0548894	0.0546791	0.0544906	0.0543443	0.054253	0.0541909	0.0541637	0.0541181	0.0540729	0.0540315	0.0539076	0.0537607	0.0517164	0.0464148	0.0524829	0.0531642	0.0527787	0.0521995	0.0463002	0.0449302	0.0491679	0.0519609	0.0524968	0.0520585	0.0515523	0.0511182	0.0523316	0.052226	0.0507327	0.0504282	0.0507157	0.0518148	0.0511123	0.0503109	0.0503066	0.0501688	0.0468944	0.0466234	0.0495975	0.0497616	0.0488001	

71	0.078	4	0	task-3:0.488	task-0:0.424	task-1:0.416	task-2:0.482	|	0.0561532	0.112114	0.111033	0.0826482	0.054955	0.055231	0.0567453	0.0563824	0.0549181	0.0557555	0.0557338	0.0550151	0.0551	0.0552555	0.0571568	0.0563787	0.0552389	0.0550637	0.0548919	0.0546195	0.0544831	0.0544845	0.0545993	0.0548276	0.0551965	0.0559452	0.0558137	0.0553209	0.0551639	0.0550928	0.0548894	0.0546791	0.0544906	0.0543443	0.054253	0.0541909	0.0541637	0.0541181	0.0540729	0.0540315	0.0539076	0.0537607	0.0517164	0.0464148	0.0524829	0.0531642	0.0527787	0.0521995	0.0463002	0.0449302	0.0491679	0.0519609	0.0524968	0.0520585	0.0515523	0.0511182	0.0523316	0.052226	0.0507327	0.0504282	0.0507157	0.0518148	0.0511123	0.0503109	0.0503066	0.0501688	0.0468944	0.0466234	0.0495975	0.0497616	0.0488001	

58	0.047	4	0	task-3:0.486	task-0:0.434	task-1:0.538	task-2:0.482	|	0.0582545	0.0709324	0.0657111	0.0574453	0.0547252	0.0547181	0.0547945	0.0547092	0.0547027	0.0549385	0.0568504	0.0558339	0.0547206	0.0548375	0.054542	0.0546605	0.0546246	0.0545537	0.0543375	0.0539643	0.0536578	0.0530918	0.0524278	0.0522408	0.0523481	0.052167	0.051789	0.051393	0.0509342	0.0503553	0.0498216	0.0493379	0.0489647	0.0487827	0.0485156	0.048391	0.0484499	0.0483815	0.0484713	0.0485118	0.0486779	0.0488793	0.0490904	0.0493099	0.0497564	0.0494133	0.0493602	0.0493155	0.0494252	0.0491827	0.0492335	0.0490984	0.0490272	0.0488749	0.0488127	0.0487478	0.0486799	0.0485259	

71	0.062	4	0	task-3:0.488	task-0:0.424	task-1:0.416	task-2:0.482	|	0.0561532	0.112114	0.111033	0.0826482	0.054955	0.055231	0.0567453	0.0563824	0.0549181	0.0557555	0.0557338	0.0550151	0.0551	0.0552555	0.0571568	0.0563787	0.0552389	0.0550637	0.0548919	0.0546195	0.0544831	0.0544845	0.0545993	0.0548276	0.0551965	0.0559452	0.0558137	0.0553209	0.0551639	0.0550928	0.0548894	0.0546791	0.0544906	0.0543443	0.054253	0.0541909	0.0541637	0.0541181	0.0540729	0.0540315	0.0539076	0.0537607	0.0517164	0.0464148	0.0524829	0.0531642	0.0527787	0.0521995	0.0463002	0.0449302	0.0491679	0.0519609	0.0524968	0.0520585	0.0515523	0.0511182	0.0523316	0.052226	0.0507327	0.0504282	0.0507157	0.0518148	0.0511123	0.0503109	0.0503066	0.0501688	0.0468944	0.0466234	0.0495975	0.0497616	0.0488001	

147	0.157	4	0	task-3:0.24	task-0:0.108	task-1:0.222	task-2:0.284	|	0.0637134	0.0816685	0.074895	0.0570537	0.0633879	0.0633827	0.0558732	0.058279	0.0582545	0.0546127	0.0525563	0.0491875	0.0478373	0.0499236	0.0488718	0.0463401	0.046797	0.0464547	0.045723	0.0456077	0.0452463	0.0443318	0.0405231	0.0410836	0.0389595	0.0354928	0.0340217	0.034769	0.035287	0.0351604	0.0348869	0.0345581	0.0342692	0.0342251	0.0349395	0.0353401	0.0352102	0.0360516	0.038111	0.0405953	0.0420458	0.0420313	0.0408358	0.0366503	0.0314184	0.0311489	0.0309371	0.0303589	0.0302061	0.0300452	0.0294137	0.0288447	0.0279838	0.0271128	0.0262539	0.0251108	0.0237804	0.011647	0.0102162	0.00843403	0.0179171	0.0166915	0.0044177	0.00594616	0.0049077	0.00445563	0.00595217	0.00502762	0.00466716	0.0240663	0.0241479	0.0246894	0.0244926	0.0245094	0.0244983	0.024569	0.0246736	0.0248318	0.0250683	0.0252219	0.025194	0.0252934	0.025335	0.0254726	0.0453415	0.0450976	0.0286994	0.0213168	0.0449932	0.0450016	0.0395719	0.0237396	0.0236853	0.010388	0.0421923	0.0421569	0.0271571	0.0100891	0.00966733	0.0128189	0.0127652	0.00944478	0.00991975	0.00967926	0.00866323	0.00909827	0.00894785	0.00819945	0.00779085	0.00746966	0.00742589	0.00725636	0.00703008	0.00679971	0.0065731	0.00628702	0.00596137	0.00561076	0.00570132	0.00534871	0.00552521	0.00553545	0.00530314	0.00537452	0.00537953	0.00531502	0.00527753	0.00523566	0.00519078	0.00514227	0.00509204	0.00504736	0.00500249	0.00496532	0.00494425	0.00489071	0.00483488	0.00476684	0.00469008	0.0046009	0.00449677	0.00437591	0.00423666	0.00407762	0.00389798	0.00369784	0.00347868	

62	0.062	4	0	task-3:0.484	task-0:0.432	task-1:0.538	task-2:0.482	|	0.0705165	0.0769263	0.0756239	0.0601436	0.0549578	0.0549591	0.0545867	0.0544001	0.054467	0.0544006	0.0543484	0.0543106	0.0542934	0.0544558	0.0548533	0.055463	0.0564711	0.0559193	0.0559224	0.0564066	0.0636079	0.0566485	0.0542029	0.0540675	0.0515577	0.0466278	0.0462513	0.0451924	0.0427599	0.042773	0.0432505	0.043784	0.0442977	0.045516	0.0475564	0.050939	0.0519149	0.052953	0.0529233	0.0519749	0.0511109	0.0497234	0.0493615	0.0493644	0.0490583	0.0487047	0.0483889	0.0479707	0.0480155	0.0480119	0.0477695	0.0474668	0.0471267	0.0463602	0.0455294	0.0443126	0.0427916	0.0424377	0.0416614	0.0414278	0.0409981	0.0406688	

62	0.063	4	0	task-3:0.484	task-0:0.432	task-1:0.538	task-2:0.482	|	0.0705165	0.0769263	0.0756239	0.0601436	0.0549578	0.0549591	0.0545867	0.0544001	0.054467	0.0544006	0.0543484	0.0543106	0.0542934	0.0544558	0.0548533	0.055463	0.0564711	0.0559193	0.0559224	0.0564066	0.0636079	0.0566485	0.0542029	0.0540675	0.0515577	0.0466278	0.0462513	0.0451924	0.0427599	0.042773	0.0432505	0.043784	0.0442977	0.045516	0.0475564	0.050939	0.0519149	0.052953	0.0529233	0.0519749	0.0511109	0.0497234	0.0493615	0.0493644	0.0490583	0.0487047	0.0483889	0.0479707	0.0480155	0.0480119	0.0477695	0.0474668	0.0471267	0.0463602	0.0455294	0.0443126	0.0427916	0.0424377	0.0416614	0.0414278	0.0409981	0.0406688	

62	0.062	4	0	task-3:0.484	task-0:0.432	task-1:0.538	task-2:0.482	|	0.0705165	0.0769263	0.0756239	0.0601436	0.0549578	0.0549591	0.0545867	0.0544001	0.054467	0.0544006	0.0543484	0.0543106	0.0542934	0.0544558	0.0548533	0.055463	0.0564711	0.0559193	0.0559224	0.0564066	0.0636079	0.0566485	0.0542029	0.0540675	0.0515577	0.0466278	0.0462513	0.0451924	0.0427599	0.042773	0.0432505	0.043784	0.0442977	0.045516	0.0475564	0.050939	0.0519149	0.052953	0.0529233	0.0519749	0.0511109	0.0497234	0.0493615	0.0493644	0.0490583	0.0487047	0.0483889	0.0479707	0.0480155	0.0480119	0.0477695	0.0474668	0.0471267	0.0463602	0.0455294	0.0443126	0.0427916	0.0424377	0.0416614	0.0414278	0.0409981	0.0406688	

90	0.078	4	0	task-3:0.466	task-0:0.406	task-1:0.44	task-2:0.466	|	0.0604036	0.0752616	0.069656	0.0602373	0.0546526	0.0598156	0.0598126	0.0555183	0.0549081	0.0549083	0.0545799	0.0545802	0.0545959	0.0543588	0.0563085	0.0563547	0.0543689	0.0542594	0.0545048	0.0546329	0.0543272	0.0537919	0.0534542	0.0534097	0.0535079	0.0536977	0.0539175	0.0541464	0.054379	0.0546439	0.0552067	0.0575984	0.0558805	0.0547064	0.0546013	0.0531732	0.0507839	0.0505706	0.0499911	0.0493993	0.0490093	0.0491252	0.0499907	0.0468911	0.0477185	0.0482238	0.0494249	0.0517153	0.0521197	0.0536362	0.0541021	0.0545717	0.0548671	0.0554207	0.0550534	0.0540731	0.0534991	0.0527896	0.0520835	0.0515239	0.0514881	0.0513161	0.0512448	0.0515615	0.0518692	0.0517383	0.0461749	0.0417853	0.0410911	0.0408423	0.0479848	0.0535298	0.0538427	0.0536125	0.0533894	0.0531232	0.0529804	0.0523896	0.0522552	0.0524976	0.0524062	0.0523453	0.0522173	0.0520389	0.0518192	0.0515677	0.0512803	0.0509492	0.0509356	0.0510973	

72	0.062	4	0	task-3:0.488	task-0:0.284	task-1:0.182	task-2:0.482	|	0.0761491	0.0817438	0.077752	0.0594548	0.0586854	0.058817	0.0546428	0.0582922	0.0568573	0.0541792	0.0553482	0.0550808	0.054052	0.0553086	0.072681	0.0670046	0.0539518	0.0512502	0.0503636	0.0488151	0.04408	0.0395037	0.0389217	0.0490482	0.0477822	0.0391865	0.0389511	0.0391597	0.0418097	0.0414099	0.0378272	0.0377472	0.0385068	0.0396449	0.041171	0.0397378	0.0368159	0.0359533	0.035819	0.0361993	0.0371773	0.0387843	0.0390483	0.0391193	0.0392856	0.0394122	0.03955	0.0396429	0.0396856	0.0393943	0.0393759	0.0391374	0.0387059	0.0368247	0.0327258	0.0330454	0.0314037	0.032719	0.0330692	0.0335532	0.0341288	0.0347782	0.0353979	0.035328	0.0359298	0.0364176	0.0368837	0.0373064	0.0377036	0.0337442	0.0286849	0.0339864	

90	0.093	4	0	task-3:0.466	task-0:0.406	task-1:0.44	task-2:0.466	|	0.0604036	0.0752616	0.069656	0.0602373	0.0546526	0.0598156	0.0598126	0.0555183	0.0549081	0.0549083	0.0545799	0.0545802	0.0545959	0.0543588	0.0563085	0.0563547	0.0543689	0.0542594	0.0545048	0.0546329	0.0543272	0.0537919	0.0534542	0.0534097	0.0535079	0.0536977	0.0539175	0.0541464	0.054379	0.0546439	0.0552067	0.0575984	0.0558805	0.0547064	0.0546013	0.0531732	0.0507839	0.0505706	0.0499911	0.0493993	0.0490093	0.0491252	0.0499907	0.0468911	0.0477185	0.0482238	0.0494249	0.0517153	0.0521197	0.0536362	0.0541021	0.0545717	0.0548671	0.0554207	0.0550534	0.0540731	0.0534991	0.0527896	0.0520835	0.0515239	0.0514881	0.0513161	0.0512448	0.0515615	0.0518692	0.0517383	0.0461749	0.0417853	0.0410911	0.0408423	0.0479848	0.0535298	0.0538427	0.0536125	0.0533894	0.0531232	0.0529804	0.0523896	0.0522552	0.0524976	0.0524062	0.0523453	0.0522173	0.0520389	0.0518192	0.0515677	0.0512803	0.0509492	0.0509356	0.0510973	

90	0.094	4	0	task-3:0.466	task-0:0.406	task-1:0.44	task-2:0.466	|	0.0604036	0.0752616	0.069656	0.0602373	0.0546526	0.0598156	0.0598126	0.0555183	0.0549081	0.0549083	0.0545799	0.0545802	0.0545959	0.0543588	0.0563085	0.0563547	0.0543689	0.0542594	0.0545048	0.0546329	0.0543272	0.0537919	0.0534542	0.0534097	0.0535079	0.0536977	0.0539175	0.0541464	0.054379	0.0546439	0.0552067	0.0575984	0.0558805	0.0547064	0.0546013	0.0531732	0.0507839	0.0505706	0.0499911	0.0493993	0.0490093	0.0491252	0.0499907	0.0468911	0.0477185	0.0482238	0.0494249	0.0517153	0.0521197	0.0536362	0.0541021	0.0545717	0.0548671	0.0554207	0.0550534	0.0540731	0.0534991	0.0527896	0.0520835	0.0515239	0.0514881	0.0513161	0.0512448	0.0515615	0.0518692	0.0517383	0.0461749	0.0417853	0.0410911	0.0408423	0.0479848	0.0535298	0.0538427	0.0536125	0.0533894	0.0531232	0.0529804	0.0523896	0.0522552	0.0524976	0.0524062	0.0523453	0.0522173	0.0520389	0.0518192	0.0515677	0.0512803	0.0509492	0.0509356	0.0510973	

90	0.094	4	0	task-3:0.466	task-0:0.406	task-1:0.44	task-2:0.466	|	0.0604036	0.0752616	0.069656	0.0602373	0.0546526	0.0598156	0.0598126	0.0555183	0.0549081	0.0549083	0.0545799	0.0545802	0.0545959	0.0543588	0.0563085	0.0563547	0.0543689	0.0542594	0.0545048	0.0546329	0.0543272	0.0537919	0.0534542	0.0534097	0.0535079	0.0536977	0.0539175	0.0541464	0.054379	0.0546439	0.0552067	0.0575984	0.0558805	0.0547064	0.0546013	0.0531732	0.0507839	0.0505706	0.0499911	0.0493993	0.0490093	0.0491252	0.0499907	0.0468911	0.0477185	0.0482238	0.0494249	0.0517153	0.0521197	0.0536362	0.0541021	0.0545717	0.0548671	0.0554207	0.0550534	0.0540731	0.0534991	0.0527896	0.0520835	0.0515239	0.0514881	0.0513161	0.0512448	0.0515615	0.0518692	0.0517383	0.0461749	0.0417853	0.0410911	0.0408423	0.0479848	0.0535298	0.0538427	0.0536125	0.0533894	0.0531232	0.0529804	0.0523896	0.0522552	0.0524976	0.0524062	0.0523453	0.0522173	0.0520389	0.0518192	0.0515677	0.0512803	0.0509492	0.0509356	0.0510973	

90	0.094	4	0	task-3:0.466	task-0:0.406	task-1:0.44	task-2:0.466	|	0.0604036	0.0752616	0.069656	0.0602373	0.0546526	0.0598156	0.0598126	0.0555183	0.0549081	0.0549083	0.0545799	0.0545802	0.0545959	0.0543588	0.0563085	0.0563547	0.0543689	0.0542594	0.0545048	0.0546329	0.0543272	0.0537919	0.0534542	0.0534097	0.0535079	0.0536977	0.0539175	0.0541464	0.054379	0.0546439	0.0552067	0.0575984	0.0558805	0.0547064	0.0546013	0.0531732	0.0507839	0.0505706	0.0499911	0.0493993	0.0490093	0.0491252	0.0499907	0.0468911	0.0477185	0.0482238	0.0494249	0.0517153	0.0521197	0.0536362	0.0541021	0.0545717	0.0548671	0.0554207	0.0550534	0.0540731	0.0534991	0.0527896	0.0520835	0.0515239	0.0514881	0.0513161	0.0512448	0.0515615	0.0518692	0.0517383	0.0461749	0.0417853	0.0410911	0.0408423	0.0479848	0.0535298	0.0538427	0.0536125	0.0533894	0.0531232	0.0529804	0.0523896	0.0522552	0.0524976	0.0524062	0.0523453	0.0522173	0.0520389	0.0518192	0.0515677	0.0512803	0.0509492	0.0509356	0.0510973	

90	0.093	4	0	task-3:0.466	task-0:0.406	task-1:0.44	task-2:0.466	|	0.0604036	0.0752616	0.069656	0.0602373	0.0546526	0.0598156	0.0598126	0.0555183	0.0549081	0.0549083	0.0545799	0.0545802	0.0545959	0.0543588	0.0563085	0.0563547	0.0543689	0.0542594	0.0545048	0.0546329	0.0543272	0.0537919	0.0534542	0.0534097	0.0535079	0.0536977	0.0539175	0.0541464	0.054379	0.0546439	0.0552067	0.0575984	0.0558805	0.0547064	0.0546013	0.0531732	0.0507839	0.0505706	0.0499911	0.0493993	0.0490093	0.0491252	0.0499907	0.0468911	0.0477185	0.0482238	0.0494249	0.0517153	0.0521197	0.0536362	0.0541021	0.0545717	0.0548671	0.0554207	0.0550534	0.0540731	0.0534991	0.0527896	0.0520835	0.0515239	0.0514881	0.0513161	0.0512448	0.0515615	0.0518692	0.0517383	0.0461749	0.0417853	0.0410911	0.0408423	0.0479848	0.0535298	0.0538427	0.0536125	0.0533894	0.0531232	0.0529804	0.0523896	0.0522552	0.0524976	0.0524062	0.0523453	0.0522173	0.0520389	0.0518192	0.0515677	0.0512803	0.0509492	0.0509356	0.0510973	

62	0.063	4	0	task-3:0.484	task-0:0.432	task-1:0.538	task-2:0.482	|	0.0705165	0.0769263	0.0756239	0.0601436	0.0549578	0.0549591	0.0545867	0.0544001	0.054467	0.0544006	0.0543484	0.0543106	0.0542934	0.0544558	0.0548533	0.055463	0.0564711	0.0559193	0.0559224	0.0564066	0.0636079	0.0566485	0.0542029	0.0540675	0.0515577	0.0466278	0.0462513	0.0451924	0.0427599	0.042773	0.0432505	0.043784	0.0442977	0.045516	0.0475564	0.050939	0.0519149	0.052953	0.0529233	0.0519749	0.0511109	0.0497234	0.0493615	0.0493644	0.0490583	0.0487047	0.0483889	0.0479707	0.0480155	0.0480119	0.0477695	0.0474668	0.0471267	0.0463602	0.0455294	0.0443126	0.0427916	0.0424377	0.0416614	0.0414278	0.0409981	0.0406688	

100	0.109	4	0	task-3:0.324	task-0:0.216	task-1:0.098	task-2:0.298	|	0.0551891	0.103367	0.100305	0.0786002	0.0578348	0.0599509	0.0585372	0.0546277	0.0550983	0.0546355	0.0550053	0.055945	0.055773	0.0559186	0.0562286	0.0565665	0.0558251	0.05498	0.052934	0.0491245	0.0451698	0.0436006	0.103726	0.0957697	0.0613443	0.0595165	0.0463818	0.0431178	0.0416243	0.0426565	0.0422935	0.040596	0.0393607	0.0396959	0.0392728	0.0384972	0.0388114	0.0390178	0.0385922	0.0384264	0.038218	0.0373254	0.0359589	0.0346988	0.0332265	0.0311092	0.0272414	0.0244321	0.0218304	0.0193637	0.0183936	0.0887954	0.0821536	0.017493	0.0177105	0.0241047	0.0184686	0.0169099	0.0166035	0.0155966	0.0155698	0.0155532	0.0155681	0.0156222	0.0161379	0.0158685	0.0153533	0.015093	0.0148207	0.0146949	0.0146494	0.0146455	0.0145672	0.0145194	0.0144654	0.0144304	0.0144105	0.0144145	0.0142736	0.0142279	0.0141591	0.0141447	0.0141973	0.0143764	0.0142866	0.013986	0.0138091	0.0136272	0.0134633	0.0133425	0.0133069	0.0133962	0.0129849	0.0124351	0.0120922	0.0118367	0.0116443	0.0114355	0.0112407	0.0110684	

100	0.094	4	0	task-3:0.324	task-0:0.216	task-1:0.098	task-2:0.298	|	0.0551891	0.103367	0.100305	0.0786002	0.0578348	0.0599509	0.0585372	0.0546277	0.0550983	0.0546355	0.0550053	0.055945	0.055773	0.0559186	0.0562286	0.0565665	0.0558251	0.05498	0.052934	0.0491245	0.0451698	0.0436006	0.103726	0.0957697	0.0613443	0.0595165	0.0463818	0.0431178	0.0416243	0.0426565	0.0422935	0.040596	0.0393607	0.0396959	0.0392728	0.0384972	0.0388114	0.0390178	0.0385922	0.0384264	0.038218	0.0373254	0.0359589	0.0346988	0.0332265	0.0311092	0.0272414	0.0244321	0.0218304	0.0193637	0.0183936	0.0887954	0.0821536	0.017493	0.0177105	0.0241047	0.0184686	0.0169099	0.0166035	0.0155966	0.0155698	0.0155532	0.0155681	0.0156222	0.0161379	0.0158685	0.0153533	0.015093	0.0148207	0.0146949	0.0146494	0.0146455	0.0145672	0.0145194	0.0144654	0.0144304	0.0144105	0.0144145	0.0142736	0.0142279	0.0141591	0.0141447	0.0141973	0.0143764	0.0142866	0.013986	0.0138091	0.0136272	0.0134633	0.0133425	0.0133069	0.0133962	0.0129849	0.0124351	0.0120922	0.0118367	0.0116443	0.0114355	0.0112407	0.0110684	

177	0.188	4	0	task-3:0.488	task-0:0.276	task-1:0.316	task-2:0.562	|	0.0714705	0.0766315	0.0742758	0.0545594	0.0647027	0.0646963	0.0575438	0.055144	0.0552033	0.0555303	0.05552	0.0550525	0.0550112	0.0549316	0.0549274	0.0549091	0.0548154	0.0546628	0.05443	0.0540959	0.0536524	0.0531955	0.0526738	0.0521515	0.0515145	0.0510199	0.0502191	0.0493086	0.0482159	0.046949	0.0459925	0.0448066	0.0437415	0.0436345	0.047226	0.0461114	0.0482265	0.0513801	0.0503535	0.056432	0.0602421	0.0523269	0.0525501	0.054437	0.0512144	0.051337	0.0521801	0.0512894	0.0490281	0.0472179	0.0451152	0.042006	0.0395743	0.0418418	0.0416486	0.0457167	0.0439378	0.0459034	0.0457935	0.0455217	0.0460774	0.0472501	0.0483992	0.047707	0.047845	0.0479022	0.0482537	0.0484334	0.0483484	0.0479469	0.0479134	0.047911	0.0478009	0.0480245	0.0479675	0.0478528	0.0476226	0.0472932	0.0470247	0.0467072	0.046364	0.0460143	0.0456574	0.0451818	0.0447299	0.0442331	0.0437426	0.0432896	0.0427293	0.0422594	0.041932	0.041635	0.0413667	0.0411376	0.0407114	0.0402437	0.0399478	0.0411638	0.0410016	0.042302	0.0427622	0.0448149	0.0420608	0.0416176	0.0420113	0.0421486	0.0438002	0.0489095	0.0586699	0.0480396	0.0466026	0.0464769	0.0483533	0.048115	0.0469463	0.0484772	0.0814706	0.0638399	0.0302725	0.0317567	0.0397077	0.049744	0.0428448	0.022691	0.036976	0.0269465	0.0235764	0.0271614	0.025244	0.0252598	0.0263475	0.0258534	0.0260347	0.0265286	0.0276146	0.0297836	0.033496	0.037996	0.0343434	0.0373911	0.0430112	0.0435854	0.0473296	0.0517432	0.0456284	0.0425278	0.0433498	0.0404401	0.0371533	0.0341444	0.0318519	0.0321996	0.0339658	0.034777	0.0355849	0.0361749	0.0367572	0.0374213	0.0374309	0.0376066	0.0380085	0.039204	0.0388824	0.038899	0.0396316	0.0411909	0.0415721	0.0422442	0.0433194	0.0445849	0.0442119	0.0447466	0.0454887	0.0462851	0.0470172	0.0475717	0.0478071	

177	0.156	4	0	task-3:0.488	task-0:0.276	task-1:0.316	task-2:0.562	|	0.0714705	0.0766315	0.0742758	0.0545594	0.0647027	0.0646963	0.0575438	0.055144	0.0552033	0.0555303	0.05552	0.0550525	0.0550112	0.0549316	0.0549274	0.0549091	0.0548154	0.0546628	0.05443	0.0540959	0.0536524	0.0531955	0.0526738	0.0521515	0.0515145	0.0510199	0.0502191	0.0493086	0.0482159	0.046949	0.0459925	0.0448066	0.0437415	0.0436345	0.047226	0.0461114	0.0482265	0.0513801	0.0503535	0.056432	0.0602421	0.0523269	0.0525501	0.054437	0.0512144	0.051337	0.0521801	0.0512894	0.0490281	0.0472179	0.0451152	0.042006	0.0395743	0.0418418	0.0416486	0.0457167	0.0439378	0.0459034	0.0457935	0.0455217	0.0460774	0.0472501	0.0483992	0.047707	0.047845	0.0479022	0.0482537	0.0484334	0.0483484	0.0479469	0.0479134	0.047911	0.0478009	0.0480245	0.0479675	0.0478528	0.0476226	0.0472932	0.0470247	0.0467072	0.046364	0.0460143	0.0456574	0.0451818	0.0447299	0.0442331	0.0437426	0.0432896	0.0427293	0.0422594	0.041932	0.041635	0.0413667	0.0411376	0.0407114	0.0402437	0.0399478	0.0411638	0.0410016	0.042302	0.0427622	0.0448149	0.0420608	0.0416176	0.0420113	0.0421486	0.0438002	0.0489095	0.0586699	0.0480396	0.0466026	0.0464769	0.0483533	0.048115	0.0469463	0.0484772	0.0814706	0.0638399	0.0302725	0.0317567	0.0397077	0.049744	0.0428448	0.022691	0.036976	0.0269465	0.0235764	0.0271614	0.025244	0.0252598	0.0263475	0.0258534	0.0260347	0.0265286	0.0276146	0.0297836	0.033496	0.037996	0.0343434	0.0373911	0.0430112	0.0435854	0.0473296	0.0517432	0.0456284	0.0425278	0.0433498	0.0404401	0.0371533	0.0341444	0.0318519	0.0321996	0.0339658	0.034777	0.0355849	0.0361749	0.0367572	0.0374213	0.0374309	0.0376066	0.0380085	0.039204	0.0388824	0.038899	0.0396316	0.0411909	0.0415721	0.0422442	0.0433194	0.0445849	0.0442119	0.0447466	0.0454887	0.0462851	0.0470172	0.0475717	0.0478071	

229	0.187	4	0	task-3:0.042	task-0:0.072	task-1:0.194	task-2:0.092	|	0.0550706	0.0925257	0.0867466	0.0581607	0.0613305	0.0597504	0.0545812	0.0584253	0.0592843	0.0541411	0.0535698	0.0535197	0.0528224	0.0521603	0.0517658	0.0516816	0.0513219	0.0505894	0.0498701	0.0493875	0.048924	0.0483684	0.0475371	0.0466108	0.0456499	0.0446961	0.0437544	0.0427941	0.0420359	0.0406666	0.0389716	0.036973	0.034953	0.0340801	0.0319164	0.0302456	0.0295176	0.0274649	0.0279916	0.026294	0.0254426	0.0242079	0.0236538	0.0236488	0.0226666	0.0219967	0.0214823	0.0218178	0.0212102	0.0215198	0.0208826	0.0207379	0.0210566	0.0210625	0.0209397	0.0207236	0.0202774	0.0202014	0.0187935	0.0193026	0.018609	0.0188898	0.0198218	0.019697	0.0190598	0.0183831	0.0182967	0.0186268	0.0189236	0.0188122	0.0185625	0.0183004	0.0182407	0.0182047	0.0181574	0.018045	0.0178742	0.017676	0.0174513	0.0172159	0.0169383	0.0166105	0.0162314	0.016032	0.0159819	0.0159519	0.015769	0.0155208	0.0153971	0.0153234	0.0151433	0.0148778	0.0145631	0.014552	0.0142888	0.0143145	0.0142082	0.0139697	0.013842	0.0137168	0.0135144	0.0133934	0.0132419	0.0130806	0.0128964	0.0127482	0.0126047	0.0124374	0.0123286	0.012163	0.0119681	0.0116683	0.0112883	0.0108434	0.0103751	0.0102276	0.00989571	0.00982891	0.00953467	0.00909911	0.00866371	0.00848432	0.00845959	0.00871219	0.00833632	0.00828309	0.00811412	0.00787121	0.00782235	0.00770277	0.00757001	0.00741252	0.00736765	0.00724932	0.00711009	0.00695241	0.00677626	0.00658232	0.00637273	0.00631418	0.00618958	0.00599671	0.00589996	0.00576604	0.00561998	0.00547297	0.00529623	0.00508823	0.00494123	0.00475917	0.00470886	0.00456595	0.00442947	0.00430703	0.00421606	0.00410892	0.0040677	0.00397977	0.00394375	0.00387951	0.0038305	0.00377525	0.00373977	0.00368856	0.00365176	0.00360273	0.0035313	0.00344339	0.00335558	0.00330938	0.00327992	0.00324284	0.00315848	0.00304805	0.0029206	0.00277485	0.0026151	0.00244352	0.00225298	0.00308145	0.00230098	0.0025086	0.00251045	0.00208163	0.00237998	0.00235085	0.00210033	0.00211334	0.00211779	0.00207718	0.00208505	0.00207164	0.00206969	0.00207656	0.00206647	0.00205496	0.00204894	0.0020435	0.002037	0.0020274	0.00202166	0.00201394	0.00200772	0.00199857	0.00198864	0.00197746	0.00196363	0.00194701	0.00192776	0.00190486	0.00187796	0.00184659	0.00180726	0.00175919	0.00170432	0.00164066	0.00156572	0.00148117	0.00138533	0.00127738	0.00115816	0.00102948	0.000892571	0.000751007	0.000609027	0.000472097	0.00034788	0.00023908	0.000151763	

119	0.094	4	0	task-3:0.188	task-0:0.14	task-1:0.094	task-2:0.31	|	0.055208	0.0942717	0.0911704	0.065982	0.0611561	0.0622646	0.0546445	0.0578521	0.0562433	0.0547049	0.0547246	0.0545078	0.0549284	0.0743326	0.074002	0.0584254	0.0550889	0.0552992	0.0556158	0.056543	0.0586933	0.0558194	0.0545547	0.0537599	0.0552735	0.0544049	0.0522448	0.0527791	0.0524451	0.0524027	0.052357	0.0525686	0.0525019	0.0522513	0.0522837	0.0526609	0.0530005	0.0529538	0.0527224	0.0522028	0.0518986	0.0512638	0.0504761	0.0494337	0.048469	0.04873	0.0479483	0.0464713	0.0456289	0.0444068	0.042977	0.0411887	0.0387713	0.0361444	0.0338185	0.0306891	0.0272766	0.027365	0.0246841	0.0219454	0.0203734	0.0188504	0.0173125	0.015614	0.0136229	0.012119	0.0113008	0.0115773	0.0112782	0.0115477	0.0111352	0.010891	0.0109314	0.0107065	0.0105765	0.0105132	0.0103966	0.0102733	0.0100039	0.00975531	0.00951845	0.00931713	0.00917229	0.00888617	0.00854415	0.00822791	0.00784954	0.0074539	0.00735588	0.00715701	0.00680603	0.00645995	0.00626468	0.00597853	0.00562503	0.00521438	0.00464534	0.00411366	0.00356315	0.00303383	0.0025273	0.00212035	0.00169491	0.00128268	0.000963708	0.00155505	0.000601132	0.0020673	0.00206588	0.000841902	0.000652364	0.000652364	0.000603223	0.000700882	0.000634802	0.000563247	0.000526323	0.000495473	0.000464677	

86	0.063	4	0	task-3:0.534	task-0:0.334	task-1:0.324	task-2:0.434	|	0.0554076	0.0902565	0.0863921	0.0623151	0.058924	0.0601321	0.0557528	0.0553257	0.055161	0.0545877	0.0545496	0.0545277	0.054463	0.0542916	0.0540665	0.0540584	0.0540276	0.0553996	0.0539083	0.0528501	0.0492599	0.0456935	0.044473	0.0451662	0.044901	0.0444293	0.0436599	0.0431691	0.0422266	0.0405636	0.0390951	0.0376479	0.0349325	0.0306651	0.0351734	0.0297831	0.0315039	0.0321246	0.0313012	0.0334908	0.0321542	0.0293472	0.0281691	0.0279562	0.0277548	0.0276479	0.0270512	0.0261673	0.0255218	0.024819	0.0241375	0.0236155	0.0232105	0.0231221	0.0228397	0.0228834	0.0232517	0.0241533	0.0245849	0.02552	0.0269573	0.0284948	0.0291169	0.0282288	0.0254105	0.0254769	0.0255592	0.0259653	0.0257951	0.0258754	0.026285	0.0262883	0.0261261	0.0261203	0.0261645	0.0261291	0.0260226	0.0259118	0.0258004	0.0257613	0.0257142	0.0256431	0.0255949	0.0255384	0.0255511	0.00935157	

63	0.062	4	0	task-3:0.488	task-0:0.454	task-1:0.584	task-2:0.52	|	0.058788	0.109271	0.106997	0.0735793	0.0566812	0.0590247	0.0545282	0.0616404	0.0610469	0.0553685	0.0551284	0.0555686	0.0535766	0.0531702	0.0547988	0.0576801	0.0666996	0.0653162	0.0601455	0.056311	0.0560303	0.0556467	0.0541531	0.0525177	0.0516459	0.0507364	0.0499878	0.0487148	0.0480084	0.0474118	0.0476076	0.0469951	0.047128	0.0472159	0.0469198	0.0466768	0.0465268	0.0463984	0.0462964	0.0461569	0.0460439	0.0460051	0.0458836	0.0457465	0.0455656	0.045611	0.0455493	0.0453369	0.0451179	0.0451344	0.0449437	0.0446842	0.044416	0.0443165	0.0441178	0.0438787	0.0435008	0.0431126	0.0426827	0.0425117	0.0421335	0.041672	0.041457	

107	0.078	4	0	task-3:0.584	task-0:0.386	task-1:0.48	task-2:0.506	|	0.0548602	0.0854681	0.0699195	0.0583194	0.0546209	0.0546177	0.0552429	0.0552433	0.0546223	0.0546833	0.0546621	0.0545311	0.0548677	0.0566237	0.0565629	0.060164	0.0564418	0.0551334	0.0548573	0.0537207	0.0515791	0.0509536	0.0515482	0.0525061	0.053236	0.0535923	0.0539119	0.0541689	0.0543552	0.0544815	0.0545557	0.0545966	0.0545863	0.0545546	0.0545205	0.0545278	0.0545207	0.0545163	0.0545413	0.0547478	0.0530297	0.0528561	0.0547488	0.0546481	0.0546368	0.0546904	0.0546214	0.0545956	0.0546018	0.0545525	0.0544198	0.0509134	0.057343	0.0493903	0.0512452	0.0512337	0.045124	0.0445762	0.0476068	0.0480894	0.0453318	0.0426023	0.0425933	0.0436137	0.0452046	0.0472289	0.0492853	0.0516878	0.053092	0.0528388	0.0521588	0.0526977	0.0531177	0.0534371	0.0536735	0.0523815	0.0601322	0.0601995	0.0502553	0.0512399	0.0525066	0.0554701	0.0657583	0.0606164	0.0553538	0.0553188	0.0566796	0.0590396	0.0582217	0.0583444	0.0572389	0.0563608	0.0553045	0.0541187	0.0531727	0.0517314	0.0518819	0.051599	0.0514471	0.0520888	0.0527716	0.0535144	0.0540869	0.054524	0.0545746	0.0543489	0.0541189	

75	0.063	4	0	task-3:0.488	task-0:0.334	task-1:0.376	task-2:0.492	|	0.0645643	0.0633627	0.0556472	0.0610764	0.0598027	0.055603	0.0536345	0.0530926	0.0520616	0.0517805	0.0509324	0.0502159	0.0495883	0.048526	0.0470069	0.0453577	0.0454616	0.0433659	0.0414749	0.041446	0.0404291	0.0404283	0.0403251	0.0400437	0.0395656	0.0390511	0.0385287	0.0379997	0.0374692	0.0369755	0.0369311	0.0375547	0.0376825	0.0376765	0.0372502	0.0372321	0.0372129	0.0373056	0.0375258	0.0376652	0.0379533	0.0383144	0.03884	0.0390492	0.0394566	0.0401554	0.0409542	0.0418505	0.0427612	0.043991	0.043595	0.0441891	0.0450992	0.0463366	0.0475252	0.047403	0.0438199	0.0376861	0.0376875	0.0387813	0.0405375	0.0395657	0.0405623	0.0424255	0.0412557	0.0392035	0.0381537	0.0374468	0.036199	0.0334559	0.0316972	0.0309098	0.028956	0.0282114	0.0279394	

134	0.109	4	0	task-3:0.172	task-0:0.096	task-1:0.136	task-2:0.27	|	0.064053	0.0785414	0.0726735	0.0561117	0.061461	0.0614551	0.0552477	0.0566654	0.0566465	0.0545669	0.0556774	0.0556446	0.0546377	0.0548099	0.054769	0.0545242	0.0546818	0.0547234	0.0550331	0.0594097	0.0590059	0.0560445	0.0548633	0.0539965	0.053033	0.0526815	0.0528175	0.0531287	0.0535273	0.0539436	0.0541965	0.0543458	0.0544522	0.0544995	0.0545184	0.0545315	0.054538	0.0545563	0.0545861	0.0546174	0.0546577	0.0547048	0.0547571	0.0548107	0.0548579	0.0548861	0.0548779	0.0547758	0.0545695	0.0542061	0.0466383	0.0448761	0.0450644	0.0424365	0.04813	0.0504147	0.0512424	0.0507746	0.0495465	0.0492454	0.0491881	0.0488798	0.0483083	0.0474528	0.0465144	0.0454237	0.0442446	0.0432377	0.0422788	0.0409501	0.0395817	0.0382115	0.0366845	0.0351679	0.0332214	0.0310515	0.0286156	0.0258535	0.0234267	0.0208656	0.0181712	0.0167022	0.0145992	0.0130165	0.0120671	0.0104309	0.00914823	0.00788797	0.00664474	0.0054219	0.00440969	0.00366938	0.00430454	0.00337145	0.00415128	0.0036643	0.00291701	0.00309597	0.0029564	0.00277706	0.00242234	0.00233738	0.00234008	0.00225978	0.00214515	0.00205271	0.00206917	0.00211741	0.00203872	0.00190467	0.00190466	0.00189503	0.00189374	0.00194528	0.00197443	0.0019848	0.002003	0.00201825	0.00198272	0.00196917	0.00192771	0.00182578	0.0017544	0.00169662	0.00172856	0.00173719	0.00175834	0.00179961	0.001873	0.00186364	0.00175195	0.00170604	0.00164033	0.00154757	

152	0.125	4	0	task-3:0.174	task-0:0.066	task-1:0.162	task-2:0.248	|	0.0587348	0.0845452	0.0789295	0.0572108	0.0587173	0.0587174	0.0547527	0.0591356	0.0591987	0.0555757	0.054886	0.0550183	0.0545493	0.0545632	0.0545989	0.0545959	0.05455	0.0545644	0.0545462	0.0545275	0.0545723	0.054749	0.0555885	0.0609595	0.058941	0.061796	0.057511	0.0543445	0.0502732	0.0481574	0.0476596	0.0476282	0.0479143	0.0488274	0.0505338	0.0520189	0.0531833	0.0540025	0.0544417	0.0545822	0.0544873	0.0544273	0.0544096	0.0543566	0.0543062	0.054234	0.0541731	0.0541221	0.054069	0.0539827	0.0538457	0.0536551	0.053491	0.0531977	0.0529791	0.0527941	0.0525477	0.0523224	0.04199	0.0404494	0.040497	0.0383232	0.0416274	0.0448098	0.0370788	0.0340206	0.0344105	0.0470104	0.0459592	0.0383127	0.0328229	0.0343573	0.0388937	0.0375975	0.0328713	0.0285176	0.0263021	0.0247614	0.0235766	0.0226941	0.0219287	0.0214832	0.020492	0.0202846	0.0208289	0.0168975	0.0182149	0.0148296	0.0128868	0.0128735	0.0143747	0.0133943	0.0108979	0.0090162	0.00879484	0.00864093	0.00848943	0.0232973	0.0280766	0.0080297	0.00829271	0.00933838	0.0112181	0.00925796	0.0114536	0.0114804	0.012952	0.0115242	0.0105544	0.0119424	0.011462	0.0102313	0.00949434	0.00871039	0.00868413	0.00913984	0.00934836	0.00901863	0.0085855	0.00813592	0.0077791	0.00729731	0.00690023	0.00651876	0.00609011	0.00557944	0.00506229	0.00454277	0.00405144	0.00356414	0.00303636	0.00260557	0.00224704	0.00190043	0.00157494	0.00124906	0.000955439	0.000714439	0.000528114	0.000396071	0.000321612	0.000339652	0.000235912	0.000192342	0.000165451	0.000134255	0.000109964	8.83379e-005	6.7372e-005	4.75385e-005	3.13031e-005	2.02196e-005	

136	0.109	4	0	task-3:0.392	task-0:0.346	task-1:0.22	task-2:0.406	|	0.0638622	0.058828	0.0546409	0.0567378	0.0566408	0.0548664	0.0548246	0.0548085	0.0545058	0.0550261	0.0556287	0.0583728	0.0567845	0.0549834	0.0551405	0.070218	0.064933	0.0524676	0.050362	0.0499799	0.0512783	0.0685991	0.0641815	0.0477466	0.0455097	0.0457707	0.0505846	0.0521206	0.0583304	0.0536811	0.0482209	0.0478832	0.0475141	0.0467888	0.0468628	0.0474255	0.0475597	0.0480222	0.0487348	0.0497652	0.0512704	0.0531322	0.0551305	0.0559732	0.0503745	0.0463429	0.0467187	0.0491013	0.0485649	0.0487931	0.0488049	0.0493876	0.0494826	0.0488773	0.0482145	0.0482577	0.0477778	0.0473819	0.0470176	0.0463533	0.0457808	0.0451733	0.0443496	0.0434595	0.0385735	0.0322326	0.0365444	0.0354747	0.0341561	0.0328333	0.031533	0.0317589	0.0308268	0.0315294	0.0256003	0.0269533	0.0268864	0.0264374	0.0263262	0.0263308	0.0263338	0.0263378	0.0263207	0.0166669	0.0163873	0.0213757	0.0263684	0.0264791	0.0322252	0.0254351	0.0195653	0.0313053	0.0204391	0.0263035	0.0301109	0.0251567	0.022837	0.0261223	0.0264037	0.0266363	0.0291753	0.0261886	0.0254335	0.0203331	0.0256051	0.0258748	0.0259197	0.0258126	0.0257182	0.0256161	0.0237456	0.0184811	0.0225485	0.0239232	0.0246707	0.0249973	0.0178747	0.024428	0.0200507	0.0178432	0.0244364	0.0244407	0.0236572	0.0237294	0.0241966	0.0245237	0.0247536	0.0248491	0.0249164	0.0249607	0.0249655	0.0249749	0.0292218	0.0315745	0.0286835	0.0226376	

