29	0.062	16	0	task-3:0.348	task-0:0.328	task-1:0.24	task-2:0.392	|	0.0586732	0.118938	0.117608	0.0839802	0.0611277	0.0629474	0.0565992	0.0540836	0.0542499	0.0543362	0.0544142	0.0538436	0.0535963	0.0537886	0.0608306	0.0579639	0.0522271	0.0508634	0.0504354	0.049549	0.0498265	0.0483773	0.0473639	0.0460436	0.045126	0.0433194	0.042189	0.0420571	0.0397806	

41	0.203	16	0	task-3:0.378	task-0:0.374	task-1:0.33	task-2:0.452	|	0.0760937	0.116212	0.110024	0.0619995	0.0730976	0.0695833	0.0548273	0.0607162	0.0619429	0.0573175	0.0542623	0.0554946	0.0548117	0.0534864	0.0529874	0.0520631	0.05181	0.0516828	0.0515453	0.0509014	0.050134	0.0493553	0.0481033	0.04712	0.0439538	0.0434016	0.0454325	0.0442079	0.0430296	0.042596	0.0419699	0.0413452	0.0407684	0.0404543	0.0404791	0.0412503	0.0409896	0.0409428	0.0407027	0.0401149	0.0399366	

41	0.188	16	0	task-3:0.378	task-0:0.374	task-1:0.33	task-2:0.452	|	0.0760937	0.116212	0.110024	0.0619995	0.0730976	0.0695833	0.0548273	0.0607162	0.0619429	0.0573175	0.0542623	0.0554946	0.0548117	0.0534864	0.0529874	0.0520631	0.05181	0.0516828	0.0515453	0.0509014	0.050134	0.0493553	0.0481033	0.04712	0.0439538	0.0434016	0.0454325	0.0442079	0.0430296	0.042596	0.0419699	0.0413452	0.0407684	0.0404543	0.0404791	0.0412503	0.0409896	0.0409428	0.0407027	0.0401149	0.0399366	

40	0.14	16	0	task-3:0.278	task-0:0.264	task-1:0.152	task-2:0.362	|	0.0765907	0.119123	0.116826	0.0784112	0.062167	0.0550779	0.061828	0.062905	0.0597431	0.0567604	0.0549518	0.0547681	0.0547228	0.0547131	0.0547168	0.0545825	0.0545258	0.0512296	0.0519903	0.0650179	0.0612315	0.056122	0.0536293	0.0491827	0.0455226	0.0443345	0.0434515	0.0414715	0.040906	0.0451376	0.0451392	0.0785613	0.0855728	0.0566581	0.0525947	0.0546886	0.0524982	0.0482049	0.0435883	0.0395666	

28	0.063	16	0	task-3:0.464	task-0:0.362	task-1:0.376	task-2:0.466	|	0.103205	0.0997572	0.0994541	0.0834538	0.0635591	0.0619732	0.0551703	0.0554159	0.0546515	0.0551062	0.0553228	0.0548765	0.0548526	0.0548872	0.0547429	0.0544544	0.0540301	0.0536056	0.0547703	0.0532645	0.0511922	0.0499172	0.048649	0.0450218	0.0420374	0.0535694	0.0405524	0.0393783	

27	0.062	16	0	task-3:0.412	task-0:0.33	task-1:0.306	task-2:0.416	|	0.0564746	0.0999483	0.0997628	0.0889033	0.0585238	0.0588128	0.0550655	0.0544909	0.0552313	0.0546914	0.0532812	0.052305	0.0513954	0.0509438	0.0509791	0.050825	0.0507101	0.044323	0.042018	0.0647545	0.064262	0.0546961	0.0402146	0.0438517	0.0514407	0.0480865	0.0391997	

28	0.079	16	0	task-3:0.464	task-0:0.362	task-1:0.376	task-2:0.466	|	0.103205	0.0997572	0.0994541	0.0834538	0.0635591	0.0619732	0.0551703	0.0554159	0.0546515	0.0551062	0.0553228	0.0548765	0.0548526	0.0548872	0.0547429	0.0544544	0.0540301	0.0536056	0.0547703	0.0532645	0.0511922	0.0499172	0.048649	0.0450218	0.0420374	0.0535694	0.0405524	0.0393783	

28	0.062	16	0	task-3:0.464	task-0:0.362	task-1:0.376	task-2:0.466	|	0.103205	0.0997572	0.0994541	0.0834538	0.0635591	0.0619732	0.0551703	0.0554159	0.0546515	0.0551062	0.0553228	0.0548765	0.0548526	0.0548872	0.0547429	0.0544544	0.0540301	0.0536056	0.0547703	0.0532645	0.0511922	0.0499172	0.048649	0.0450218	0.0420374	0.0535694	0.0405524	0.0393783	

28	0.078	16	0	task-3:0.464	task-0:0.362	task-1:0.376	task-2:0.466	|	0.103205	0.0997572	0.0994541	0.0834538	0.0635591	0.0619732	0.0551703	0.0554159	0.0546515	0.0551062	0.0553228	0.0548765	0.0548526	0.0548872	0.0547429	0.0544544	0.0540301	0.0536056	0.0547703	0.0532645	0.0511922	0.0499172	0.048649	0.0450218	0.0420374	0.0535694	0.0405524	0.0393783	

28	0.063	16	0	task-3:0.464	task-0:0.362	task-1:0.376	task-2:0.466	|	0.103205	0.0997572	0.0994541	0.0834538	0.0635591	0.0619732	0.0551703	0.0554159	0.0546515	0.0551062	0.0553228	0.0548765	0.0548526	0.0548872	0.0547429	0.0544544	0.0540301	0.0536056	0.0547703	0.0532645	0.0511922	0.0499172	0.048649	0.0450218	0.0420374	0.0535694	0.0405524	0.0393783	

26	0.062	16	0	task-3:0.254	task-0:0.31	task-1:0.248	task-2:0.448	|	0.103726	0.0994199	0.0981293	0.063847	0.0819813	0.0705256	0.055064	0.0574865	0.05541	0.0541934	0.054826	0.0539738	0.0523965	0.0513837	0.0500995	0.0486917	0.0471937	0.046208	0.0463381	0.0439642	0.0441235	0.0435115	0.0429604	0.0420611	0.0410308	0.0387337	

28	0.063	16	0	task-3:0.464	task-0:0.362	task-1:0.376	task-2:0.466	|	0.103205	0.0997572	0.0994541	0.0834538	0.0635591	0.0619732	0.0551703	0.0554159	0.0546515	0.0551062	0.0553228	0.0548765	0.0548526	0.0548872	0.0547429	0.0544544	0.0540301	0.0536056	0.0547703	0.0532645	0.0511922	0.0499172	0.048649	0.0450218	0.0420374	0.0535694	0.0405524	0.0393783	

28	0.062	16	0	task-3:0.464	task-0:0.362	task-1:0.376	task-2:0.466	|	0.103205	0.0997572	0.0994541	0.0834538	0.0635591	0.0619732	0.0551703	0.0554159	0.0546515	0.0551062	0.0553228	0.0548765	0.0548526	0.0548872	0.0547429	0.0544544	0.0540301	0.0536056	0.0547703	0.0532645	0.0511922	0.0499172	0.048649	0.0450218	0.0420374	0.0535694	0.0405524	0.0393783	

28	0.062	16	0	task-3:0.464	task-0:0.362	task-1:0.376	task-2:0.466	|	0.103205	0.0997572	0.0994541	0.0834538	0.0635591	0.0619732	0.0551703	0.0554159	0.0546515	0.0551062	0.0553228	0.0548765	0.0548526	0.0548872	0.0547429	0.0544544	0.0540301	0.0536056	0.0547703	0.0532645	0.0511922	0.0499172	0.048649	0.0450218	0.0420374	0.0535694	0.0405524	0.0393783	

28	0.078	16	0	task-3:0.464	task-0:0.362	task-1:0.376	task-2:0.466	|	0.103205	0.0997572	0.0994541	0.0834538	0.0635591	0.0619732	0.0551703	0.0554159	0.0546515	0.0551062	0.0553228	0.0548765	0.0548526	0.0548872	0.0547429	0.0544544	0.0540301	0.0536056	0.0547703	0.0532645	0.0511922	0.0499172	0.048649	0.0450218	0.0420374	0.0535694	0.0405524	0.0393783	

30	0.063	16	0	task-3:0.308	task-0:0.42	task-1:0.342	task-2:0.362	|	0.0738432	0.0999567	0.0998971	0.0929967	0.0594561	0.0587706	0.0567364	0.0549833	0.0529289	0.0516465	0.050685	0.0497534	0.0494905	0.0481624	0.0459434	0.0440787	0.0446835	0.0428313	0.0419984	0.0425361	0.0425299	0.0423216	0.0443805	0.042655	0.0438548	0.041169	0.0479719	0.0447518	0.042476	0.0362729	

28	0.062	16	0	task-3:0.488	task-0:0.23	task-1:0.216	task-2:0.492	|	0.0625289	0.119491	0.11891	0.106518	0.0607004	0.0604188	0.0553012	0.0567677	0.0559267	0.0546116	0.0544567	0.054528	0.0545144	0.0542062	0.0541359	0.0540435	0.0539206	0.0538588	0.0550025	0.0541841	0.0550534	0.0539788	0.0541426	0.0510332	0.0470749	0.0434377	0.043191	0.0393733	

27	0.047	16	0	task-3:0.384	task-0:0.388	task-1:0.412	task-2:0.398	|	0.088109	0.0999112	0.0996414	0.0915066	0.0589062	0.0657169	0.0588288	0.0544222	0.0545149	0.0543194	0.0542072	0.0540056	0.0536732	0.0534235	0.055286	0.0681369	0.0620744	0.0657045	0.0583667	0.0520365	0.0482524	0.0447049	0.0436108	0.0436686	0.0433682	0.0421099	0.0399584	

38	0.078	16	0	task-3:0.436	task-0:0.384	task-1:0.358	task-2:0.436	|	0.0646124	0.0999103	0.0994095	0.076967	0.0788807	0.0747491	0.0629432	0.0562513	0.056811	0.0565871	0.0545982	0.0546797	0.0546116	0.0547554	0.054746	0.0547134	0.0547292	0.0547398	0.0549144	0.0566407	0.0561245	0.0550235	0.0558314	0.0557819	0.0541353	0.0524532	0.0534415	0.0508564	0.0537728	0.0713008	0.0753675	0.0821649	0.0814193	0.0745055	0.0718251	0.0707264	0.069042	0.0346917	

27	0.062	16	0	task-3:0.384	task-0:0.388	task-1:0.412	task-2:0.398	|	0.088109	0.0999112	0.0996414	0.0915066	0.0589062	0.0657169	0.0588288	0.0544222	0.0545149	0.0543194	0.0542072	0.0540056	0.0536732	0.0534235	0.055286	0.0681369	0.0620744	0.0657045	0.0583667	0.0520365	0.0482524	0.0447049	0.0436108	0.0436686	0.0433682	0.0421099	0.0399584	

38	0.078	16	0	task-3:0.436	task-0:0.384	task-1:0.358	task-2:0.436	|	0.0646124	0.0999103	0.0994095	0.076967	0.0788807	0.0747491	0.0629432	0.0562513	0.056811	0.0565871	0.0545982	0.0546797	0.0546116	0.0547554	0.054746	0.0547134	0.0547292	0.0547398	0.0549144	0.0566407	0.0561245	0.0550235	0.0558314	0.0557819	0.0541353	0.0524532	0.0534415	0.0508564	0.0537728	0.0713008	0.0753675	0.0821649	0.0814193	0.0745055	0.0718251	0.0707264	0.069042	0.0346917	

36	0.094	16	0	task-3:0.446	task-0:0.29	task-1:0.406	task-2:0.446	|	0.0907804	0.0999214	0.0997777	0.0863936	0.072622	0.0709089	0.061264	0.0568573	0.0540159	0.0546118	0.0536849	0.0545207	0.0541334	0.0528418	0.0521997	0.0515618	0.0506024	0.0497215	0.0488144	0.0489447	0.049828	0.0480509	0.0478147	0.0477441	0.0475751	0.0481131	0.0476596	0.0470203	0.0462597	0.0455717	0.0450498	0.0443176	0.0435625	0.0425004	0.040494	0.0357114	

27	0.093	16	0	task-3:0.384	task-0:0.388	task-1:0.412	task-2:0.398	|	0.088109	0.0999112	0.0996414	0.0915066	0.0589062	0.0657169	0.0588288	0.0544222	0.0545149	0.0543194	0.0542072	0.0540056	0.0536732	0.0534235	0.055286	0.0681369	0.0620744	0.0657045	0.0583667	0.0520365	0.0482524	0.0447049	0.0436108	0.0436686	0.0433682	0.0421099	0.0399584	

38	0.078	16	0	task-3:0.436	task-0:0.384	task-1:0.358	task-2:0.436	|	0.0646124	0.0999103	0.0994095	0.076967	0.0788807	0.0747491	0.0629432	0.0562513	0.056811	0.0565871	0.0545982	0.0546797	0.0546116	0.0547554	0.054746	0.0547134	0.0547292	0.0547398	0.0549144	0.0566407	0.0561245	0.0550235	0.0558314	0.0557819	0.0541353	0.0524532	0.0534415	0.0508564	0.0537728	0.0713008	0.0753675	0.0821649	0.0814193	0.0745055	0.0718251	0.0707264	0.069042	0.0346917	

27	0.078	16	0	task-3:0.384	task-0:0.388	task-1:0.412	task-2:0.398	|	0.088109	0.0999112	0.0996414	0.0915066	0.0589062	0.0657169	0.0588288	0.0544222	0.0545149	0.0543194	0.0542072	0.0540056	0.0536732	0.0534235	0.055286	0.0681369	0.0620744	0.0657045	0.0583667	0.0520365	0.0482524	0.0447049	0.0436108	0.0436686	0.0433682	0.0421099	0.0399584	

27	0.078	16	0	task-3:0.384	task-0:0.388	task-1:0.412	task-2:0.398	|	0.088109	0.0999112	0.0996414	0.0915066	0.0589062	0.0657169	0.0588288	0.0544222	0.0545149	0.0543194	0.0542072	0.0540056	0.0536732	0.0534235	0.055286	0.0681369	0.0620744	0.0657045	0.0583667	0.0520365	0.0482524	0.0447049	0.0436108	0.0436686	0.0433682	0.0421099	0.0399584	

38	0.078	16	0	task-3:0.436	task-0:0.384	task-1:0.358	task-2:0.436	|	0.0646124	0.0999103	0.0994095	0.076967	0.0788807	0.0747491	0.0629432	0.0562513	0.056811	0.0565871	0.0545982	0.0546797	0.0546116	0.0547554	0.054746	0.0547134	0.0547292	0.0547398	0.0549144	0.0566407	0.0561245	0.0550235	0.0558314	0.0557819	0.0541353	0.0524532	0.0534415	0.0508564	0.0537728	0.0713008	0.0753675	0.0821649	0.0814193	0.0745055	0.0718251	0.0707264	0.069042	0.0346917	

27	0.078	16	0	task-3:0.384	task-0:0.388	task-1:0.412	task-2:0.398	|	0.088109	0.0999112	0.0996414	0.0915066	0.0589062	0.0657169	0.0588288	0.0544222	0.0545149	0.0543194	0.0542072	0.0540056	0.0536732	0.0534235	0.055286	0.0681369	0.0620744	0.0657045	0.0583667	0.0520365	0.0482524	0.0447049	0.0436108	0.0436686	0.0433682	0.0421099	0.0399584	

64	0.157	16	0	task-3:0.31	task-0:0.374	task-1:0.306	task-2:0.338	|	0.0743166	0.0997913	0.0991665	0.0797007	0.0655315	0.0703323	0.0648772	0.0594147	0.0550362	0.0564916	0.0564122	0.0547153	0.0552868	0.0552778	0.0546071	0.0546896	0.0546547	0.0544751	0.0547237	0.0552212	0.055437	0.0557477	0.0587973	0.0571846	0.0575996	0.0560968	0.0530507	0.0507372	0.0495314	0.0480821	0.0486508	0.0471496	0.0455738	0.0457615	0.045161	0.0444555	0.0439223	0.0433819	0.042829	0.0419907	0.0419052	0.0427266	0.0416833	0.0426371	0.0448239	0.0512722	0.05225	0.054253	0.0638732	0.0617272	0.0524018	0.0497665	0.0495299	0.0498479	0.0501389	0.0506196	0.047831	0.0472673	0.0470687	0.0468868	0.0466144	0.0459286	0.0445712	0.0386459	

27	0.062	16	0	task-3:0.34	task-0:0.426	task-1:0.354	task-2:0.37	|	0.055168	0.0999921	0.0999776	0.0945344	0.064276	0.0545326	0.0584253	0.0566409	0.0544252	0.053665	0.0531737	0.0525102	0.0514069	0.0504072	0.048923	0.0486534	0.0476265	0.0480678	0.0463198	0.0454771	0.0441083	0.0446026	0.0444716	0.0425222	0.0417636	0.0407558	0.0391585	

36	0.094	16	0	task-3:0.438	task-0:0.288	task-1:0.312	task-2:0.442	|	0.0887775	0.0998498	0.099721	0.0726471	0.0918595	0.079225	0.055853	0.0624169	0.0613885	0.0560339	0.0554742	0.0553472	0.0540437	0.0540213	0.0542612	0.0545606	0.0562242	0.0555588	0.054775	0.054694	0.0546255	0.054547	0.0545311	0.0546172	0.0551745	0.054697	0.053558	0.0528688	0.0524257	0.0516281	0.0504386	0.0489841	0.0469811	0.0444018	0.0412292	0.0373813	

36	0.078	16	0	task-3:0.438	task-0:0.288	task-1:0.312	task-2:0.442	|	0.0887775	0.0998498	0.099721	0.0726471	0.0918595	0.079225	0.055853	0.0624169	0.0613885	0.0560339	0.0554742	0.0553472	0.0540437	0.0540213	0.0542612	0.0545606	0.0562242	0.0555588	0.054775	0.054694	0.0546255	0.054547	0.0545311	0.0546172	0.0551745	0.054697	0.053558	0.0528688	0.0524257	0.0516281	0.0504386	0.0489841	0.0469811	0.0444018	0.0412292	0.0373813	

64	0.14	16	0	task-3:0.31	task-0:0.374	task-1:0.306	task-2:0.338	|	0.0743166	0.0997913	0.0991665	0.0797007	0.0655315	0.0703323	0.0648772	0.0594147	0.0550362	0.0564916	0.0564122	0.0547153	0.0552868	0.0552778	0.0546071	0.0546896	0.0546547	0.0544751	0.0547237	0.0552212	0.055437	0.0557477	0.0587973	0.0571846	0.0575996	0.0560968	0.0530507	0.0507372	0.0495314	0.0480821	0.0486508	0.0471496	0.0455738	0.0457615	0.045161	0.0444555	0.0439223	0.0433819	0.042829	0.0419907	0.0419052	0.0427266	0.0416833	0.0426371	0.0448239	0.0512722	0.05225	0.054253	0.0638732	0.0617272	0.0524018	0.0497665	0.0495299	0.0498479	0.0501389	0.0506196	0.047831	0.0472673	0.0470687	0.0468868	0.0466144	0.0459286	0.0445712	0.0386459	

57	0.125	16	0	task-3:0.506	task-0:0.244	task-1:0.382	task-2:0.44	|	0.059995	0.0998764	0.0997346	0.083014	0.0646203	0.0589952	0.0558663	0.0559261	0.054541	0.0543896	0.0544736	0.0546778	0.0543956	0.0543517	0.05435	0.054292	0.0542765	0.054247	0.0542642	0.0545332	0.055607	0.056321	0.0551985	0.0553443	0.0552003	0.0545541	0.0539687	0.0517304	0.049077	0.0476462	0.0467481	0.0481056	0.047166	0.0479244	0.0498441	0.0486819	0.049281	0.0504872	0.051129	0.0515224	0.0521457	0.0529967	0.0560753	0.0570906	0.0529193	0.0525053	0.0540526	0.0510439	0.049238	0.0481751	0.0465957	0.0449478	0.0433581	0.0427185	0.0406454	0.0404203	0.0375465	

57	0.125	16	0	task-3:0.506	task-0:0.244	task-1:0.382	task-2:0.44	|	0.059995	0.0998764	0.0997346	0.083014	0.0646203	0.0589952	0.0558663	0.0559261	0.054541	0.0543896	0.0544736	0.0546778	0.0543956	0.0543517	0.05435	0.054292	0.0542765	0.054247	0.0542642	0.0545332	0.055607	0.056321	0.0551985	0.0553443	0.0552003	0.0545541	0.0539687	0.0517304	0.049077	0.0476462	0.0467481	0.0481056	0.047166	0.0479244	0.0498441	0.0486819	0.049281	0.0504872	0.051129	0.0515224	0.0521457	0.0529967	0.0560753	0.0570906	0.0529193	0.0525053	0.0540526	0.0510439	0.049238	0.0481751	0.0465957	0.0449478	0.0433581	0.0427185	0.0406454	0.0404203	0.0375465	

57	0.125	16	0	task-3:0.506	task-0:0.244	task-1:0.382	task-2:0.44	|	0.059995	0.0998764	0.0997346	0.083014	0.0646203	0.0589952	0.0558663	0.0559261	0.054541	0.0543896	0.0544736	0.0546778	0.0543956	0.0543517	0.05435	0.054292	0.0542765	0.054247	0.0542642	0.0545332	0.055607	0.056321	0.0551985	0.0553443	0.0552003	0.0545541	0.0539687	0.0517304	0.049077	0.0476462	0.0467481	0.0481056	0.047166	0.0479244	0.0498441	0.0486819	0.049281	0.0504872	0.051129	0.0515224	0.0521457	0.0529967	0.0560753	0.0570906	0.0529193	0.0525053	0.0540526	0.0510439	0.049238	0.0481751	0.0465957	0.0449478	0.0433581	0.0427185	0.0406454	0.0404203	0.0375465	

36	0.187	16	0	task-3:0.438	task-0:0.288	task-1:0.312	task-2:0.442	|	0.0887775	0.0998498	0.099721	0.0726471	0.0918595	0.079225	0.055853	0.0624169	0.0613885	0.0560339	0.0554742	0.0553472	0.0540437	0.0540213	0.0542612	0.0545606	0.0562242	0.0555588	0.054775	0.054694	0.0546255	0.054547	0.0545311	0.0546172	0.0551745	0.054697	0.053558	0.0528688	0.0524257	0.0516281	0.0504386	0.0489841	0.0469811	0.0444018	0.0412292	0.0373813	

37	0.266	16	0	task-3:0.404	task-0:0.28	task-1:0.234	task-2:0.44	|	0.0563433	0.11965	0.118937	0.100732	0.0543634	0.0801544	0.070569	0.0546337	0.0586492	0.0586145	0.0544613	0.0543812	0.0540991	0.053357	0.0534148	0.0528748	0.0522816	0.051722	0.0508622	0.0475383	0.0478629	0.0516051	0.0513022	0.0492754	0.0463656	0.0463262	0.0469323	0.0487281	0.0483547	0.0470929	0.0460636	0.0458945	0.0461418	0.0463249	0.0460685	0.0455153	0.0397186	

24	0.062	16	0	task-3:0.448	task-0:0.448	task-1:0.472	task-2:0.43	|	0.0544749	0.119744	0.119103	0.0956263	0.0580426	0.0562171	0.0570548	0.0571971	0.055108	0.0547436	0.054646	0.0547129	0.0547049	0.0545138	0.0543803	0.0544004	0.0548787	0.0594839	0.0575222	0.0588046	0.0506568	0.0470285	0.0451938	0.037992	

37	0.078	16	0	task-3:0.404	task-0:0.28	task-1:0.234	task-2:0.44	|	0.0563433	0.11965	0.118937	0.100732	0.0543634	0.0801544	0.070569	0.0546337	0.0586492	0.0586145	0.0544613	0.0543812	0.0540991	0.053357	0.0534148	0.0528748	0.0522816	0.051722	0.0508622	0.0475383	0.0478629	0.0516051	0.0513022	0.0492754	0.0463656	0.0463262	0.0469323	0.0487281	0.0483547	0.0470929	0.0460636	0.0458945	0.0461418	0.0463249	0.0460685	0.0455153	0.0397186	

24	0.047	16	0	task-3:0.448	task-0:0.448	task-1:0.472	task-2:0.43	|	0.0544749	0.119744	0.119103	0.0956263	0.0580426	0.0562171	0.0570548	0.0571971	0.055108	0.0547436	0.054646	0.0547129	0.0547049	0.0545138	0.0543803	0.0544004	0.0548787	0.0594839	0.0575222	0.0588046	0.0506568	0.0470285	0.0451938	0.037992	

37	0.094	16	0	task-3:0.404	task-0:0.28	task-1:0.234	task-2:0.44	|	0.0563433	0.11965	0.118937	0.100732	0.0543634	0.0801544	0.070569	0.0546337	0.0586492	0.0586145	0.0544613	0.0543812	0.0540991	0.053357	0.0534148	0.0528748	0.0522816	0.051722	0.0508622	0.0475383	0.0478629	0.0516051	0.0513022	0.0492754	0.0463656	0.0463262	0.0469323	0.0487281	0.0483547	0.0470929	0.0460636	0.0458945	0.0461418	0.0463249	0.0460685	0.0455153	0.0397186	

37	0.078	16	0	task-3:0.404	task-0:0.28	task-1:0.234	task-2:0.44	|	0.0563433	0.11965	0.118937	0.100732	0.0543634	0.0801544	0.070569	0.0546337	0.0586492	0.0586145	0.0544613	0.0543812	0.0540991	0.053357	0.0534148	0.0528748	0.0522816	0.051722	0.0508622	0.0475383	0.0478629	0.0516051	0.0513022	0.0492754	0.0463656	0.0463262	0.0469323	0.0487281	0.0483547	0.0470929	0.0460636	0.0458945	0.0461418	0.0463249	0.0460685	0.0455153	0.0397186	

51	0.109	16	0	task-3:0.42	task-0:0.184	task-1:0.354	task-2:0.458	|	0.0549132	0.0999368	0.0997836	0.089036	0.0632733	0.0639174	0.0584682	0.0578705	0.0558207	0.0555306	0.0555581	0.055724	0.0549702	0.0541012	0.0535216	0.0531163	0.0527343	0.0525694	0.0522363	0.0526134	0.0527942	0.0527836	0.0546737	0.0643472	0.0595532	0.0525341	0.0510687	0.0498018	0.0494071	0.0491898	0.049095	0.0488972	0.0484932	0.0480718	0.0474465	0.0468787	0.0465186	0.0475154	0.0513061	0.0476601	0.049757	0.05543	0.0499986	0.0485953	0.046373	0.0432172	0.0452963	0.0444838	0.0417045	0.0405553	0.0394659	

37	0.078	16	0	task-3:0.404	task-0:0.28	task-1:0.234	task-2:0.44	|	0.0563433	0.11965	0.118937	0.100732	0.0543634	0.0801544	0.070569	0.0546337	0.0586492	0.0586145	0.0544613	0.0543812	0.0540991	0.053357	0.0534148	0.0528748	0.0522816	0.051722	0.0508622	0.0475383	0.0478629	0.0516051	0.0513022	0.0492754	0.0463656	0.0463262	0.0469323	0.0487281	0.0483547	0.0470929	0.0460636	0.0458945	0.0461418	0.0463249	0.0460685	0.0455153	0.0397186	

37	0.063	16	0	task-3:0.404	task-0:0.28	task-1:0.234	task-2:0.44	|	0.0563433	0.11965	0.118937	0.100732	0.0543634	0.0801544	0.070569	0.0546337	0.0586492	0.0586145	0.0544613	0.0543812	0.0540991	0.053357	0.0534148	0.0528748	0.0522816	0.051722	0.0508622	0.0475383	0.0478629	0.0516051	0.0513022	0.0492754	0.0463656	0.0463262	0.0469323	0.0487281	0.0483547	0.0470929	0.0460636	0.0458945	0.0461418	0.0463249	0.0460685	0.0455153	0.0397186	

31	0.063	16	0	task-3:0.424	task-0:0.282	task-1:0.304	task-2:0.438	|	0.054845	0.0553338	0.0947296	0.0636306	0.0925135	0.0678151	0.0597746	0.0571167	0.057381	0.0625059	0.057675	0.054866	0.0549438	0.0542616	0.0545607	0.0543918	0.0544773	0.0538303	0.0519226	0.0523852	0.0529788	0.0526818	0.049537	0.0460888	0.044865	0.0451083	0.0463717	0.0574034	0.0424889	0.0445506	0.0398842	

31	0.062	16	0	task-3:0.424	task-0:0.282	task-1:0.304	task-2:0.438	|	0.054845	0.0553338	0.0947296	0.0636306	0.0925135	0.0678151	0.0597746	0.0571167	0.057381	0.0625059	0.057675	0.054866	0.0549438	0.0542616	0.0545607	0.0543918	0.0544773	0.0538303	0.0519226	0.0523852	0.0529788	0.0526818	0.049537	0.0460888	0.044865	0.0451083	0.0463717	0.0574034	0.0424889	0.0445506	0.0398842	

31	0.078	16	0	task-3:0.424	task-0:0.282	task-1:0.304	task-2:0.438	|	0.054845	0.0553338	0.0947296	0.0636306	0.0925135	0.0678151	0.0597746	0.0571167	0.057381	0.0625059	0.057675	0.054866	0.0549438	0.0542616	0.0545607	0.0543918	0.0544773	0.0538303	0.0519226	0.0523852	0.0529788	0.0526818	0.049537	0.0460888	0.044865	0.0451083	0.0463717	0.0574034	0.0424889	0.0445506	0.0398842	

31	0.078	16	0	task-3:0.424	task-0:0.282	task-1:0.304	task-2:0.438	|	0.054845	0.0553338	0.0947296	0.0636306	0.0925135	0.0678151	0.0597746	0.0571167	0.057381	0.0625059	0.057675	0.054866	0.0549438	0.0542616	0.0545607	0.0543918	0.0544773	0.0538303	0.0519226	0.0523852	0.0529788	0.0526818	0.049537	0.0460888	0.044865	0.0451083	0.0463717	0.0574034	0.0424889	0.0445506	0.0398842	

20	0.063	16	0	task-3:0.396	task-0:0.312	task-1:0.4	task-2:0.422	|	0.063757	0.0996337	0.0984839	0.0732621	0.0664031	0.064719	0.0556994	0.0544408	0.0541274	0.052657	0.0511663	0.0495983	0.0485927	0.0481797	0.0466828	0.0467626	0.0444072	0.0418513	0.0400745	0.0382113	

43	0.094	16	0	task-3:0.368	task-0:0.298	task-1:0.3	task-2:0.546	|	0.0959506	0.0998271	0.0995126	0.0812363	0.0707008	0.0669035	0.0555767	0.0587213	0.0595017	0.054726	0.0549657	0.0546174	0.0543057	0.0541701	0.0533546	0.0525186	0.0516438	0.0506276	0.0493357	0.0479824	0.0471311	0.0464456	0.0458544	0.0457113	0.0460088	0.045639	0.0455593	0.0456064	0.0452856	0.0450764	0.0450245	0.0449556	0.0445379	0.0442071	0.0440464	0.043937	0.0436128	0.0431169	0.0434208	0.0427381	0.041566	0.0407962	0.0399027	

43	0.109	16	0	task-3:0.368	task-0:0.298	task-1:0.3	task-2:0.546	|	0.0959506	0.0998271	0.0995126	0.0812363	0.0707008	0.0669035	0.0555767	0.0587213	0.0595017	0.054726	0.0549657	0.0546174	0.0543057	0.0541701	0.0533546	0.0525186	0.0516438	0.0506276	0.0493357	0.0479824	0.0471311	0.0464456	0.0458544	0.0457113	0.0460088	0.045639	0.0455593	0.0456064	0.0452856	0.0450764	0.0450245	0.0449556	0.0445379	0.0442071	0.0440464	0.043937	0.0436128	0.0431169	0.0434208	0.0427381	0.041566	0.0407962	0.0399027	

20	0.047	16	0	task-3:0.396	task-0:0.312	task-1:0.4	task-2:0.422	|	0.063757	0.0996337	0.0984839	0.0732621	0.0664031	0.064719	0.0556994	0.0544408	0.0541274	0.052657	0.0511663	0.0495983	0.0485927	0.0481797	0.0466828	0.0467626	0.0444072	0.0418513	0.0400745	0.0382113	

43	0.094	16	0	task-3:0.368	task-0:0.298	task-1:0.3	task-2:0.546	|	0.0959506	0.0998271	0.0995126	0.0812363	0.0707008	0.0669035	0.0555767	0.0587213	0.0595017	0.054726	0.0549657	0.0546174	0.0543057	0.0541701	0.0533546	0.0525186	0.0516438	0.0506276	0.0493357	0.0479824	0.0471311	0.0464456	0.0458544	0.0457113	0.0460088	0.045639	0.0455593	0.0456064	0.0452856	0.0450764	0.0450245	0.0449556	0.0445379	0.0442071	0.0440464	0.043937	0.0436128	0.0431169	0.0434208	0.0427381	0.041566	0.0407962	0.0399027	

20	0.047	16	0	task-3:0.396	task-0:0.312	task-1:0.4	task-2:0.422	|	0.063757	0.0996337	0.0984839	0.0732621	0.0664031	0.064719	0.0556994	0.0544408	0.0541274	0.052657	0.0511663	0.0495983	0.0485927	0.0481797	0.0466828	0.0467626	0.0444072	0.0418513	0.0400745	0.0382113	

43	0.11	16	0	task-3:0.368	task-0:0.298	task-1:0.3	task-2:0.546	|	0.0959506	0.0998271	0.0995126	0.0812363	0.0707008	0.0669035	0.0555767	0.0587213	0.0595017	0.054726	0.0549657	0.0546174	0.0543057	0.0541701	0.0533546	0.0525186	0.0516438	0.0506276	0.0493357	0.0479824	0.0471311	0.0464456	0.0458544	0.0457113	0.0460088	0.045639	0.0455593	0.0456064	0.0452856	0.0450764	0.0450245	0.0449556	0.0445379	0.0442071	0.0440464	0.043937	0.0436128	0.0431169	0.0434208	0.0427381	0.041566	0.0407962	0.0399027	

20	0.031	16	0	task-3:0.396	task-0:0.312	task-1:0.4	task-2:0.422	|	0.063757	0.0996337	0.0984839	0.0732621	0.0664031	0.064719	0.0556994	0.0544408	0.0541274	0.052657	0.0511663	0.0495983	0.0485927	0.0481797	0.0466828	0.0467626	0.0444072	0.0418513	0.0400745	0.0382113	

31	0.063	16	0	task-3:0.424	task-0:0.282	task-1:0.304	task-2:0.438	|	0.054845	0.0553338	0.0947296	0.0636306	0.0925135	0.0678151	0.0597746	0.0571167	0.057381	0.0625059	0.057675	0.054866	0.0549438	0.0542616	0.0545607	0.0543918	0.0544773	0.0538303	0.0519226	0.0523852	0.0529788	0.0526818	0.049537	0.0460888	0.044865	0.0451083	0.0463717	0.0574034	0.0424889	0.0445506	0.0398842	

23	0.047	16	0	task-3:0.432	task-0:0.252	task-1:0.066	task-2:0.416	|	0.0602864	0.099954	0.0997934	0.0901963	0.0560087	0.0589939	0.0551086	0.0549121	0.0545505	0.0546781	0.0545351	0.0536968	0.0536897	0.0524431	0.0519272	0.0529812	0.0528957	0.0523413	0.0568073	0.0644492	0.0431532	0.0407122	0.0377061	

