81	0.047	1	0	task-3:0.45	task-0:0.164	task-1:0.32	task-2:0.47	|	0.0545163	0.0543245	0.0540849	0.0539496	0.0537034	0.0533972	0.0533131	0.0546288	0.0531154	0.053105	0.0530852	0.0530478	0.0529829	0.0529423	0.0533099	0.0529122	0.0529104	0.052906	0.0528981	0.0528858	0.0528788	0.0521616	0.0511262	0.0483839	0.0436379	0.0391931	0.0340562	0.0399574	0.0317986	0.0310046	0.0292	0.0257311	0.0208972	0.0297069	0.0201178	0.0194767	0.0190282	0.0180431	0.0161145	0.0129617	

436	0.265	4	0	task-3:0.12	task-0:0.34	task-1:0.22	task-2:0.038	|	0.0607047	0.0581943	0.0540387	0.0538322	0.0537745	0.0536734	0.0535531	0.0534211	0.0532691	0.0537436	0.0531931	0.0531688	0.0531547	0.0531268	0.0530815	0.0529817	0.0528196	0.0524683	0.051966	0.0515825	0.0511261	0.051076	0.0509253	0.0507444	0.0507132	0.0506627	0.0505592	0.0503614	0.049994	0.0509011	0.0506032	0.0496224	0.0496031	0.0495572	0.0494704	0.0494065	0.0493544	0.0493231	0.0492798	0.0492149	0.0490877	0.0488792	0.0488923	0.0496067	0.0486073	0.0485862	0.0485411	0.0484537	0.0483538	0.0481878	0.0484837	0.048191	0.0480475	0.0480216	0.0479676	0.047887	0.0477513	0.0476505	0.0486682	0.0475086	0.0474708	0.0474351	0.0473576	0.0472599	0.0472432	0.0471928	0.0471619	0.0471044	0.0470277	0.0469755	0.046943	0.0469238	0.0468899	0.04683	0.0467828	0.0465258	0.0460309	0.044634	0.041812	0.0378417	0.0356748	0.034758	0.0336939	0.0326444	0.0321416	0.031459	0.0303662	0.02992	0.0299139	0.0283799	0.028039	0.0276471	0.0273182	0.0272649	0.0270805	0.0266967	0.026266	0.0265721	0.0258971	0.0257438	0.0254383	0.0248982	0.0241439	0.0252909	0.0236847	0.0235746	0.023338	0.0228774	0.0221638	0.0245015	0.0219794	0.0215828	0.0215352	0.021446	0.0213251	0.0212107	0.0213151	0.0210192	0.0208843	0.0207729	0.0206501	0.0205163	0.0203702	0.020911	0.0201973	0.020136	0.0200772	0.0199802	0.0198724	0.0199955	0.0199439	0.0196972	0.0196869	0.0196645	0.0196123	0.0195057	0.0193063	0.0196961	0.0192022	0.0191594	0.0190836	0.0190078	0.01895	0.0189062	0.0188391	0.0187783	0.0187847	0.0186503	0.0186209	0.018582	0.018511	0.0183906	0.0183481	0.0189182	0.0181535	0.0181255	0.0180917	0.0180552	0.0180062	0.0179239	0.0179552	0.0178716	0.0178539	0.0178168	0.0177608	0.0176503	0.0174415	0.0170814	0.0197296	0.0208034	0.0168119	0.0167416	0.016688	0.0166172	0.0165627	0.0165898	0.0165366	0.0165291	0.0165134	0.0164814	0.0164402	0.0164132	0.0164176	0.0163689	0.0163586	0.0163511	0.0163367	0.0163063	0.0162598	0.0162331	0.0163795	0.0161381	0.0161238	0.0160173	0.0158768	0.0155286	0.01492	0.0138823	0.0128422	0.0126104	0.0121522	0.0116767	0.0115516	0.0113162	0.0108153	0.00984693	0.00818996	0.00589554	

87	0.031	1	0	task-3:0.452	task-0:0.166	task-1:0.186	task-2:0.472	|	0.0602144	0.0586316	0.0566744	0.0565745	0.056372	0.0559423	0.0551648	0.054035	0.0555974	0.0567349	0.0532792	0.0532553	0.0532171	0.0531775	0.0531372	0.0530764	0.053162	0.0530409	0.0530189	0.0530171	0.0530104	0.0529984	0.0529872	0.0522439	0.0511741	0.0482766	0.0430904	0.0381138	0.0351771	0.0461091	0.0332503	0.0325871	0.0312027	0.0283105	0.023808	0.0294575	0.0225236	0.0221661	0.0215225	0.0202413	0.0178376	0.0141815	

87	0.047	1	0	task-3:0.452	task-0:0.166	task-1:0.186	task-2:0.472	|	0.0602144	0.0586316	0.0566744	0.0565745	0.056372	0.0559423	0.0551648	0.054035	0.0555974	0.0567349	0.0532792	0.0532553	0.0532171	0.0531775	0.0531372	0.0530764	0.053162	0.0530409	0.0530189	0.0530171	0.0530104	0.0529984	0.0529872	0.0522439	0.0511741	0.0482766	0.0430904	0.0381138	0.0351771	0.0461091	0.0332503	0.0325871	0.0312027	0.0283105	0.023808	0.0294575	0.0225236	0.0221661	0.0215225	0.0202413	0.0178376	0.0141815	

87	0.046	1	0	task-3:0.452	task-0:0.166	task-1:0.186	task-2:0.472	|	0.0602144	0.0586316	0.0566744	0.0565745	0.056372	0.0559423	0.0551648	0.054035	0.0555974	0.0567349	0.0532792	0.0532553	0.0532171	0.0531775	0.0531372	0.0530764	0.053162	0.0530409	0.0530189	0.0530171	0.0530104	0.0529984	0.0529872	0.0522439	0.0511741	0.0482766	0.0430904	0.0381138	0.0351771	0.0461091	0.0332503	0.0325871	0.0312027	0.0283105	0.023808	0.0294575	0.0225236	0.0221661	0.0215225	0.0202413	0.0178376	0.0141815	

87	0.047	1	0	task-3:0.452	task-0:0.166	task-1:0.186	task-2:0.472	|	0.0602144	0.0586316	0.0566744	0.0565745	0.056372	0.0559423	0.0551648	0.054035	0.0555974	0.0567349	0.0532792	0.0532553	0.0532171	0.0531775	0.0531372	0.0530764	0.053162	0.0530409	0.0530189	0.0530171	0.0530104	0.0529984	0.0529872	0.0522439	0.0511741	0.0482766	0.0430904	0.0381138	0.0351771	0.0461091	0.0332503	0.0325871	0.0312027	0.0283105	0.023808	0.0294575	0.0225236	0.0221661	0.0215225	0.0202413	0.0178376	0.0141815	

87	0.031	1	0	task-3:0.452	task-0:0.166	task-1:0.186	task-2:0.472	|	0.0602144	0.0586316	0.0566744	0.0565745	0.056372	0.0559423	0.0551648	0.054035	0.0555974	0.0567349	0.0532792	0.0532553	0.0532171	0.0531775	0.0531372	0.0530764	0.053162	0.0530409	0.0530189	0.0530171	0.0530104	0.0529984	0.0529872	0.0522439	0.0511741	0.0482766	0.0430904	0.0381138	0.0351771	0.0461091	0.0332503	0.0325871	0.0312027	0.0283105	0.023808	0.0294575	0.0225236	0.0221661	0.0215225	0.0202413	0.0178376	0.0141815	

87	0.047	1	0	task-3:0.452	task-0:0.166	task-1:0.186	task-2:0.472	|	0.0602144	0.0586316	0.0566744	0.0565745	0.056372	0.0559423	0.0551648	0.054035	0.0555974	0.0567349	0.0532792	0.0532553	0.0532171	0.0531775	0.0531372	0.0530764	0.053162	0.0530409	0.0530189	0.0530171	0.0530104	0.0529984	0.0529872	0.0522439	0.0511741	0.0482766	0.0430904	0.0381138	0.0351771	0.0461091	0.0332503	0.0325871	0.0312027	0.0283105	0.023808	0.0294575	0.0225236	0.0221661	0.0215225	0.0202413	0.0178376	0.0141815	

87	0.047	1	0	task-3:0.452	task-0:0.166	task-1:0.186	task-2:0.472	|	0.0602144	0.0586316	0.0566744	0.0565745	0.056372	0.0559423	0.0551648	0.054035	0.0555974	0.0567349	0.0532792	0.0532553	0.0532171	0.0531775	0.0531372	0.0530764	0.053162	0.0530409	0.0530189	0.0530171	0.0530104	0.0529984	0.0529872	0.0522439	0.0511741	0.0482766	0.0430904	0.0381138	0.0351771	0.0461091	0.0332503	0.0325871	0.0312027	0.0283105	0.023808	0.0294575	0.0225236	0.0221661	0.0215225	0.0202413	0.0178376	0.0141815	

87	0.047	1	0	task-3:0.452	task-0:0.166	task-1:0.186	task-2:0.472	|	0.0602144	0.0586316	0.0566744	0.0565745	0.056372	0.0559423	0.0551648	0.054035	0.0555974	0.0567349	0.0532792	0.0532553	0.0532171	0.0531775	0.0531372	0.0530764	0.053162	0.0530409	0.0530189	0.0530171	0.0530104	0.0529984	0.0529872	0.0522439	0.0511741	0.0482766	0.0430904	0.0381138	0.0351771	0.0461091	0.0332503	0.0325871	0.0312027	0.0283105	0.023808	0.0294575	0.0225236	0.0221661	0.0215225	0.0202413	0.0178376	0.0141815	

87	0.047	1	0	task-3:0.452	task-0:0.166	task-1:0.186	task-2:0.472	|	0.0602144	0.0586316	0.0566744	0.0565745	0.056372	0.0559423	0.0551648	0.054035	0.0555974	0.0567349	0.0532792	0.0532553	0.0532171	0.0531775	0.0531372	0.0530764	0.053162	0.0530409	0.0530189	0.0530171	0.0530104	0.0529984	0.0529872	0.0522439	0.0511741	0.0482766	0.0430904	0.0381138	0.0351771	0.0461091	0.0332503	0.0325871	0.0312027	0.0283105	0.023808	0.0294575	0.0225236	0.0221661	0.0215225	0.0202413	0.0178376	0.0141815	

87	0.031	1	0	task-3:0.452	task-0:0.166	task-1:0.186	task-2:0.472	|	0.0602144	0.0586316	0.0566744	0.0565745	0.056372	0.0559423	0.0551648	0.054035	0.0555974	0.0567349	0.0532792	0.0532553	0.0532171	0.0531775	0.0531372	0.0530764	0.053162	0.0530409	0.0530189	0.0530171	0.0530104	0.0529984	0.0529872	0.0522439	0.0511741	0.0482766	0.0430904	0.0381138	0.0351771	0.0461091	0.0332503	0.0325871	0.0312027	0.0283105	0.023808	0.0294575	0.0225236	0.0221661	0.0215225	0.0202413	0.0178376	0.0141815	

87	0.031	1	0	task-3:0.452	task-0:0.166	task-1:0.186	task-2:0.472	|	0.0602144	0.0586316	0.0566744	0.0565745	0.056372	0.0559423	0.0551648	0.054035	0.0555974	0.0567349	0.0532792	0.0532553	0.0532171	0.0531775	0.0531372	0.0530764	0.053162	0.0530409	0.0530189	0.0530171	0.0530104	0.0529984	0.0529872	0.0522439	0.0511741	0.0482766	0.0430904	0.0381138	0.0351771	0.0461091	0.0332503	0.0325871	0.0312027	0.0283105	0.023808	0.0294575	0.0225236	0.0221661	0.0215225	0.0202413	0.0178376	0.0141815	

87	0.047	1	0	task-3:0.452	task-0:0.166	task-1:0.186	task-2:0.472	|	0.0602144	0.0586316	0.0566744	0.0565745	0.056372	0.0559423	0.0551648	0.054035	0.0555974	0.0567349	0.0532792	0.0532553	0.0532171	0.0531775	0.0531372	0.0530764	0.053162	0.0530409	0.0530189	0.0530171	0.0530104	0.0529984	0.0529872	0.0522439	0.0511741	0.0482766	0.0430904	0.0381138	0.0351771	0.0461091	0.0332503	0.0325871	0.0312027	0.0283105	0.023808	0.0294575	0.0225236	0.0221661	0.0215225	0.0202413	0.0178376	0.0141815	

87	0.047	1	0	task-3:0.452	task-0:0.166	task-1:0.186	task-2:0.472	|	0.0602144	0.0586316	0.0566744	0.0565745	0.056372	0.0559423	0.0551648	0.054035	0.0555974	0.0567349	0.0532792	0.0532553	0.0532171	0.0531775	0.0531372	0.0530764	0.053162	0.0530409	0.0530189	0.0530171	0.0530104	0.0529984	0.0529872	0.0522439	0.0511741	0.0482766	0.0430904	0.0381138	0.0351771	0.0461091	0.0332503	0.0325871	0.0312027	0.0283105	0.023808	0.0294575	0.0225236	0.0221661	0.0215225	0.0202413	0.0178376	0.0141815	

87	0.031	1	0	task-3:0.452	task-0:0.166	task-1:0.186	task-2:0.472	|	0.0602144	0.0586316	0.0566744	0.0565745	0.056372	0.0559423	0.0551648	0.054035	0.0555974	0.0567349	0.0532792	0.0532553	0.0532171	0.0531775	0.0531372	0.0530764	0.053162	0.0530409	0.0530189	0.0530171	0.0530104	0.0529984	0.0529872	0.0522439	0.0511741	0.0482766	0.0430904	0.0381138	0.0351771	0.0461091	0.0332503	0.0325871	0.0312027	0.0283105	0.023808	0.0294575	0.0225236	0.0221661	0.0215225	0.0202413	0.0178376	0.0141815	

87	0.047	1	0	task-3:0.452	task-0:0.166	task-1:0.186	task-2:0.472	|	0.0602144	0.0586316	0.0566744	0.0565745	0.056372	0.0559423	0.0551648	0.054035	0.0555974	0.0567349	0.0532792	0.0532553	0.0532171	0.0531775	0.0531372	0.0530764	0.053162	0.0530409	0.0530189	0.0530171	0.0530104	0.0529984	0.0529872	0.0522439	0.0511741	0.0482766	0.0430904	0.0381138	0.0351771	0.0461091	0.0332503	0.0325871	0.0312027	0.0283105	0.023808	0.0294575	0.0225236	0.0221661	0.0215225	0.0202413	0.0178376	0.0141815	

87	0.032	1	0	task-3:0.452	task-0:0.166	task-1:0.186	task-2:0.472	|	0.0602144	0.0586316	0.0566744	0.0565745	0.056372	0.0559423	0.0551648	0.054035	0.0555974	0.0567349	0.0532792	0.0532553	0.0532171	0.0531775	0.0531372	0.0530764	0.053162	0.0530409	0.0530189	0.0530171	0.0530104	0.0529984	0.0529872	0.0522439	0.0511741	0.0482766	0.0430904	0.0381138	0.0351771	0.0461091	0.0332503	0.0325871	0.0312027	0.0283105	0.023808	0.0294575	0.0225236	0.0221661	0.0215225	0.0202413	0.0178376	0.0141815	

87	0.031	1	0	task-3:0.452	task-0:0.166	task-1:0.186	task-2:0.472	|	0.0602144	0.0586316	0.0566744	0.0565745	0.056372	0.0559423	0.0551648	0.054035	0.0555974	0.0567349	0.0532792	0.0532553	0.0532171	0.0531775	0.0531372	0.0530764	0.053162	0.0530409	0.0530189	0.0530171	0.0530104	0.0529984	0.0529872	0.0522439	0.0511741	0.0482766	0.0430904	0.0381138	0.0351771	0.0461091	0.0332503	0.0325871	0.0312027	0.0283105	0.023808	0.0294575	0.0225236	0.0221661	0.0215225	0.0202413	0.0178376	0.0141815	

181	0.094	1	0	task-3:0.13	task-0:0.406	task-1:0.432	task-2:0.062	|	0.0536543	0.0534643	0.0532654	0.0532383	0.0531895	0.0531357	0.0531084	0.0530774	0.0530509	0.0530393	0.0530332	0.0530248	0.0530134	0.0526281	0.0520684	0.0506781	0.0484215	0.0461319	0.0449781	0.0442791	0.0431057	0.0416451	0.0405654	0.0399809	0.0389578	0.0380949	0.0367264	0.0354054	0.0346608	0.0343896	0.0336485	0.0322285	0.0310785	0.0336391	0.0296742	0.0293701	0.0287751	0.0278508	0.0270425	0.0266559	0.0262839	0.0260786	0.0256386	0.0247769	0.0232366	0.0208517	0.0280515	0.0647042	0.0171998	0.0172857	0.0170436	0.0169856	0.0168912	0.0167212	0.0164086	0.0159467	0.0180286	0.0157085	0.0156395	0.0156325	0.0156015	0.0155278	0.0153879	0.0151941	0.0148269	0.016199	0.0146921	0.0145886	0.0145551	0.0144771	0.01433	0.0141033	0.0146614	0.0139516	0.0139266	0.0139226	0.0138873	0.0138259	0.0137699	0.013658	0.0134557	0.0132591	0.0164524	0.0131501	0.013091	0.0130219	0.012902	0.0127879	0.0126064	0.0126107	0.0124953	

181	0.11	1	0	task-3:0.13	task-0:0.406	task-1:0.432	task-2:0.062	|	0.0536543	0.0534643	0.0532654	0.0532383	0.0531895	0.0531357	0.0531084	0.0530774	0.0530509	0.0530393	0.0530332	0.0530248	0.0530134	0.0526281	0.0520684	0.0506781	0.0484215	0.0461319	0.0449781	0.0442791	0.0431057	0.0416451	0.0405654	0.0399809	0.0389578	0.0380949	0.0367264	0.0354054	0.0346608	0.0343896	0.0336485	0.0322285	0.0310785	0.0336391	0.0296742	0.0293701	0.0287751	0.0278508	0.0270425	0.0266559	0.0262839	0.0260786	0.0256386	0.0247769	0.0232366	0.0208517	0.0280515	0.0647042	0.0171998	0.0172857	0.0170436	0.0169856	0.0168912	0.0167212	0.0164086	0.0159467	0.0180286	0.0157085	0.0156395	0.0156325	0.0156015	0.0155278	0.0153879	0.0151941	0.0148269	0.016199	0.0146921	0.0145886	0.0145551	0.0144771	0.01433	0.0141033	0.0146614	0.0139516	0.0139266	0.0139226	0.0138873	0.0138259	0.0137699	0.013658	0.0134557	0.0132591	0.0164524	0.0131501	0.013091	0.0130219	0.012902	0.0127879	0.0126064	0.0126107	0.0124953	

181	0.093	1	0	task-3:0.13	task-0:0.406	task-1:0.432	task-2:0.062	|	0.0536543	0.0534643	0.0532654	0.0532383	0.0531895	0.0531357	0.0531084	0.0530774	0.0530509	0.0530393	0.0530332	0.0530248	0.0530134	0.0526281	0.0520684	0.0506781	0.0484215	0.0461319	0.0449781	0.0442791	0.0431057	0.0416451	0.0405654	0.0399809	0.0389578	0.0380949	0.0367264	0.0354054	0.0346608	0.0343896	0.0336485	0.0322285	0.0310785	0.0336391	0.0296742	0.0293701	0.0287751	0.0278508	0.0270425	0.0266559	0.0262839	0.0260786	0.0256386	0.0247769	0.0232366	0.0208517	0.0280515	0.0647042	0.0171998	0.0172857	0.0170436	0.0169856	0.0168912	0.0167212	0.0164086	0.0159467	0.0180286	0.0157085	0.0156395	0.0156325	0.0156015	0.0155278	0.0153879	0.0151941	0.0148269	0.016199	0.0146921	0.0145886	0.0145551	0.0144771	0.01433	0.0141033	0.0146614	0.0139516	0.0139266	0.0139226	0.0138873	0.0138259	0.0137699	0.013658	0.0134557	0.0132591	0.0164524	0.0131501	0.013091	0.0130219	0.012902	0.0127879	0.0126064	0.0126107	0.0124953	

181	0.094	1	0	task-3:0.13	task-0:0.406	task-1:0.432	task-2:0.062	|	0.0536543	0.0534643	0.0532654	0.0532383	0.0531895	0.0531357	0.0531084	0.0530774	0.0530509	0.0530393	0.0530332	0.0530248	0.0530134	0.0526281	0.0520684	0.0506781	0.0484215	0.0461319	0.0449781	0.0442791	0.0431057	0.0416451	0.0405654	0.0399809	0.0389578	0.0380949	0.0367264	0.0354054	0.0346608	0.0343896	0.0336485	0.0322285	0.0310785	0.0336391	0.0296742	0.0293701	0.0287751	0.0278508	0.0270425	0.0266559	0.0262839	0.0260786	0.0256386	0.0247769	0.0232366	0.0208517	0.0280515	0.0647042	0.0171998	0.0172857	0.0170436	0.0169856	0.0168912	0.0167212	0.0164086	0.0159467	0.0180286	0.0157085	0.0156395	0.0156325	0.0156015	0.0155278	0.0153879	0.0151941	0.0148269	0.016199	0.0146921	0.0145886	0.0145551	0.0144771	0.01433	0.0141033	0.0146614	0.0139516	0.0139266	0.0139226	0.0138873	0.0138259	0.0137699	0.013658	0.0134557	0.0132591	0.0164524	0.0131501	0.013091	0.0130219	0.012902	0.0127879	0.0126064	0.0126107	0.0124953	

181	0.078	1	0	task-3:0.13	task-0:0.406	task-1:0.432	task-2:0.062	|	0.0536543	0.0534643	0.0532654	0.0532383	0.0531895	0.0531357	0.0531084	0.0530774	0.0530509	0.0530393	0.0530332	0.0530248	0.0530134	0.0526281	0.0520684	0.0506781	0.0484215	0.0461319	0.0449781	0.0442791	0.0431057	0.0416451	0.0405654	0.0399809	0.0389578	0.0380949	0.0367264	0.0354054	0.0346608	0.0343896	0.0336485	0.0322285	0.0310785	0.0336391	0.0296742	0.0293701	0.0287751	0.0278508	0.0270425	0.0266559	0.0262839	0.0260786	0.0256386	0.0247769	0.0232366	0.0208517	0.0280515	0.0647042	0.0171998	0.0172857	0.0170436	0.0169856	0.0168912	0.0167212	0.0164086	0.0159467	0.0180286	0.0157085	0.0156395	0.0156325	0.0156015	0.0155278	0.0153879	0.0151941	0.0148269	0.016199	0.0146921	0.0145886	0.0145551	0.0144771	0.01433	0.0141033	0.0146614	0.0139516	0.0139266	0.0139226	0.0138873	0.0138259	0.0137699	0.013658	0.0134557	0.0132591	0.0164524	0.0131501	0.013091	0.0130219	0.012902	0.0127879	0.0126064	0.0126107	0.0124953	

181	0.094	1	0	task-3:0.13	task-0:0.406	task-1:0.432	task-2:0.062	|	0.0536543	0.0534643	0.0532654	0.0532383	0.0531895	0.0531357	0.0531084	0.0530774	0.0530509	0.0530393	0.0530332	0.0530248	0.0530134	0.0526281	0.0520684	0.0506781	0.0484215	0.0461319	0.0449781	0.0442791	0.0431057	0.0416451	0.0405654	0.0399809	0.0389578	0.0380949	0.0367264	0.0354054	0.0346608	0.0343896	0.0336485	0.0322285	0.0310785	0.0336391	0.0296742	0.0293701	0.0287751	0.0278508	0.0270425	0.0266559	0.0262839	0.0260786	0.0256386	0.0247769	0.0232366	0.0208517	0.0280515	0.0647042	0.0171998	0.0172857	0.0170436	0.0169856	0.0168912	0.0167212	0.0164086	0.0159467	0.0180286	0.0157085	0.0156395	0.0156325	0.0156015	0.0155278	0.0153879	0.0151941	0.0148269	0.016199	0.0146921	0.0145886	0.0145551	0.0144771	0.01433	0.0141033	0.0146614	0.0139516	0.0139266	0.0139226	0.0138873	0.0138259	0.0137699	0.013658	0.0134557	0.0132591	0.0164524	0.0131501	0.013091	0.0130219	0.012902	0.0127879	0.0126064	0.0126107	0.0124953	

181	0.109	1	0	task-3:0.13	task-0:0.406	task-1:0.432	task-2:0.062	|	0.0536543	0.0534643	0.0532654	0.0532383	0.0531895	0.0531357	0.0531084	0.0530774	0.0530509	0.0530393	0.0530332	0.0530248	0.0530134	0.0526281	0.0520684	0.0506781	0.0484215	0.0461319	0.0449781	0.0442791	0.0431057	0.0416451	0.0405654	0.0399809	0.0389578	0.0380949	0.0367264	0.0354054	0.0346608	0.0343896	0.0336485	0.0322285	0.0310785	0.0336391	0.0296742	0.0293701	0.0287751	0.0278508	0.0270425	0.0266559	0.0262839	0.0260786	0.0256386	0.0247769	0.0232366	0.0208517	0.0280515	0.0647042	0.0171998	0.0172857	0.0170436	0.0169856	0.0168912	0.0167212	0.0164086	0.0159467	0.0180286	0.0157085	0.0156395	0.0156325	0.0156015	0.0155278	0.0153879	0.0151941	0.0148269	0.016199	0.0146921	0.0145886	0.0145551	0.0144771	0.01433	0.0141033	0.0146614	0.0139516	0.0139266	0.0139226	0.0138873	0.0138259	0.0137699	0.013658	0.0134557	0.0132591	0.0164524	0.0131501	0.013091	0.0130219	0.012902	0.0127879	0.0126064	0.0126107	0.0124953	

181	0.078	1	0	task-3:0.13	task-0:0.406	task-1:0.432	task-2:0.062	|	0.0536543	0.0534643	0.0532654	0.0532383	0.0531895	0.0531357	0.0531084	0.0530774	0.0530509	0.0530393	0.0530332	0.0530248	0.0530134	0.0526281	0.0520684	0.0506781	0.0484215	0.0461319	0.0449781	0.0442791	0.0431057	0.0416451	0.0405654	0.0399809	0.0389578	0.0380949	0.0367264	0.0354054	0.0346608	0.0343896	0.0336485	0.0322285	0.0310785	0.0336391	0.0296742	0.0293701	0.0287751	0.0278508	0.0270425	0.0266559	0.0262839	0.0260786	0.0256386	0.0247769	0.0232366	0.0208517	0.0280515	0.0647042	0.0171998	0.0172857	0.0170436	0.0169856	0.0168912	0.0167212	0.0164086	0.0159467	0.0180286	0.0157085	0.0156395	0.0156325	0.0156015	0.0155278	0.0153879	0.0151941	0.0148269	0.016199	0.0146921	0.0145886	0.0145551	0.0144771	0.01433	0.0141033	0.0146614	0.0139516	0.0139266	0.0139226	0.0138873	0.0138259	0.0137699	0.013658	0.0134557	0.0132591	0.0164524	0.0131501	0.013091	0.0130219	0.012902	0.0127879	0.0126064	0.0126107	0.0124953	

181	0.094	1	0	task-3:0.13	task-0:0.406	task-1:0.432	task-2:0.062	|	0.0536543	0.0534643	0.0532654	0.0532383	0.0531895	0.0531357	0.0531084	0.0530774	0.0530509	0.0530393	0.0530332	0.0530248	0.0530134	0.0526281	0.0520684	0.0506781	0.0484215	0.0461319	0.0449781	0.0442791	0.0431057	0.0416451	0.0405654	0.0399809	0.0389578	0.0380949	0.0367264	0.0354054	0.0346608	0.0343896	0.0336485	0.0322285	0.0310785	0.0336391	0.0296742	0.0293701	0.0287751	0.0278508	0.0270425	0.0266559	0.0262839	0.0260786	0.0256386	0.0247769	0.0232366	0.0208517	0.0280515	0.0647042	0.0171998	0.0172857	0.0170436	0.0169856	0.0168912	0.0167212	0.0164086	0.0159467	0.0180286	0.0157085	0.0156395	0.0156325	0.0156015	0.0155278	0.0153879	0.0151941	0.0148269	0.016199	0.0146921	0.0145886	0.0145551	0.0144771	0.01433	0.0141033	0.0146614	0.0139516	0.0139266	0.0139226	0.0138873	0.0138259	0.0137699	0.013658	0.0134557	0.0132591	0.0164524	0.0131501	0.013091	0.0130219	0.012902	0.0127879	0.0126064	0.0126107	0.0124953	

181	0.094	1	0	task-3:0.13	task-0:0.406	task-1:0.432	task-2:0.062	|	0.0536543	0.0534643	0.0532654	0.0532383	0.0531895	0.0531357	0.0531084	0.0530774	0.0530509	0.0530393	0.0530332	0.0530248	0.0530134	0.0526281	0.0520684	0.0506781	0.0484215	0.0461319	0.0449781	0.0442791	0.0431057	0.0416451	0.0405654	0.0399809	0.0389578	0.0380949	0.0367264	0.0354054	0.0346608	0.0343896	0.0336485	0.0322285	0.0310785	0.0336391	0.0296742	0.0293701	0.0287751	0.0278508	0.0270425	0.0266559	0.0262839	0.0260786	0.0256386	0.0247769	0.0232366	0.0208517	0.0280515	0.0647042	0.0171998	0.0172857	0.0170436	0.0169856	0.0168912	0.0167212	0.0164086	0.0159467	0.0180286	0.0157085	0.0156395	0.0156325	0.0156015	0.0155278	0.0153879	0.0151941	0.0148269	0.016199	0.0146921	0.0145886	0.0145551	0.0144771	0.01433	0.0141033	0.0146614	0.0139516	0.0139266	0.0139226	0.0138873	0.0138259	0.0137699	0.013658	0.0134557	0.0132591	0.0164524	0.0131501	0.013091	0.0130219	0.012902	0.0127879	0.0126064	0.0126107	0.0124953	

181	0.094	1	0	task-3:0.13	task-0:0.406	task-1:0.432	task-2:0.062	|	0.0536543	0.0534643	0.0532654	0.0532383	0.0531895	0.0531357	0.0531084	0.0530774	0.0530509	0.0530393	0.0530332	0.0530248	0.0530134	0.0526281	0.0520684	0.0506781	0.0484215	0.0461319	0.0449781	0.0442791	0.0431057	0.0416451	0.0405654	0.0399809	0.0389578	0.0380949	0.0367264	0.0354054	0.0346608	0.0343896	0.0336485	0.0322285	0.0310785	0.0336391	0.0296742	0.0293701	0.0287751	0.0278508	0.0270425	0.0266559	0.0262839	0.0260786	0.0256386	0.0247769	0.0232366	0.0208517	0.0280515	0.0647042	0.0171998	0.0172857	0.0170436	0.0169856	0.0168912	0.0167212	0.0164086	0.0159467	0.0180286	0.0157085	0.0156395	0.0156325	0.0156015	0.0155278	0.0153879	0.0151941	0.0148269	0.016199	0.0146921	0.0145886	0.0145551	0.0144771	0.01433	0.0141033	0.0146614	0.0139516	0.0139266	0.0139226	0.0138873	0.0138259	0.0137699	0.013658	0.0134557	0.0132591	0.0164524	0.0131501	0.013091	0.0130219	0.012902	0.0127879	0.0126064	0.0126107	0.0124953	

183	0.093	1	0	task-3:0.118	task-0:0.41	task-1:0.432	task-2:0.046	|	0.0700326	0.0641842	0.0547896	0.0544994	0.0542993	0.053995	0.053685	0.0534061	0.0534166	0.0532956	0.0532603	0.0532198	0.0531784	0.0531356	0.0530852	0.0530602	0.0530519	0.0530381	0.0530304	0.0526868	0.0521838	0.0508215	0.0482187	0.0448579	0.0433317	0.0418281	0.0405907	0.0400233	0.0390792	0.0371857	0.0349124	0.0385111	0.0338984	0.0335796	0.0330103	0.0321595	0.0306075	0.0300462	0.0308049	0.0284555	0.0282385	0.027793	0.0270326	0.026281	0.0266257	0.0258904	0.0257495	0.0255817	0.0253691	0.0251568	0.0248471	0.0243837	0.0234809	0.0223519	0.0299917	0.0219676	0.0217713	0.0216919	0.0215146	0.0212141	0.0206263	0.0203678	0.0229354	0.0196933	0.0195624	0.0194844	0.0193595	0.0191817	0.0189854	0.0189244	0.0188568	0.0187663	0.0187057	0.0185721	0.0183497	0.0179586	0.0182656	0.017792	0.0175754	0.0175455	0.0174715	0.0173105	0.0169819	0.0163418	0.0151557	0.0198977	0.0380202	0.0141835	0.0140776	0.0139281	0.0137726	0.0136375	0.0134889	0.0132383	0.0133897	0.0130991	0.0130205	0.0130058	0.0129655	0.0128791	0.0127051	0.0123737	0.011795	0.01627	0.0213236	0.0111479	0.0110056	0.0109752	0.0109166	0.0108139	

96	0.047	1	0	task-3:0.46	task-0:0.082	task-1:0.07	task-2:0.448	|	0.0588204	0.0576151	0.0558412	0.0556242	0.0554355	0.0551622	0.0548125	0.0545334	0.054552	0.0543307	0.0542497	0.0541025	0.0538589	0.0535134	0.0541174	0.0544019	0.0533066	0.0532882	0.0532538	0.0532042	0.0531549	0.0530864	0.0530549	0.0530316	0.0530088	0.0529999	0.0529895	0.0529701	0.0529501	0.0524681	0.0517089	0.0496457	0.0457603	0.0411133	0.0384491	0.0356072	0.0333432	0.0296403	0.0238232	0.0175703	0.0352915	0.0164878	0.0161747	0.0159191	0.0157771	0.0154901	0.0149599	0.0139887	0.0122881	0.0103073	0.0241059	0.00988165	0.00974959	0.00966005	0.00957434	0.00938931	0.00902038	0.00833046	0.00714826	0.00566675	

183	0.078	1	0	task-3:0.118	task-0:0.41	task-1:0.432	task-2:0.046	|	0.0700326	0.0641842	0.0547896	0.0544994	0.0542993	0.053995	0.053685	0.0534061	0.0534166	0.0532956	0.0532603	0.0532198	0.0531784	0.0531356	0.0530852	0.0530602	0.0530519	0.0530381	0.0530304	0.0526868	0.0521838	0.0508215	0.0482187	0.0448579	0.0433317	0.0418281	0.0405907	0.0400233	0.0390792	0.0371857	0.0349124	0.0385111	0.0338984	0.0335796	0.0330103	0.0321595	0.0306075	0.0300462	0.0308049	0.0284555	0.0282385	0.027793	0.0270326	0.026281	0.0266257	0.0258904	0.0257495	0.0255817	0.0253691	0.0251568	0.0248471	0.0243837	0.0234809	0.0223519	0.0299917	0.0219676	0.0217713	0.0216919	0.0215146	0.0212141	0.0206263	0.0203678	0.0229354	0.0196933	0.0195624	0.0194844	0.0193595	0.0191817	0.0189854	0.0189244	0.0188568	0.0187663	0.0187057	0.0185721	0.0183497	0.0179586	0.0182656	0.017792	0.0175754	0.0175455	0.0174715	0.0173105	0.0169819	0.0163418	0.0151557	0.0198977	0.0380202	0.0141835	0.0140776	0.0139281	0.0137726	0.0136375	0.0134889	0.0132383	0.0133897	0.0130991	0.0130205	0.0130058	0.0129655	0.0128791	0.0127051	0.0123737	0.011795	0.01627	0.0213236	0.0111479	0.0110056	0.0109752	0.0109166	0.0108139	

183	0.078	1	0	task-3:0.118	task-0:0.41	task-1:0.432	task-2:0.046	|	0.0700326	0.0641842	0.0547896	0.0544994	0.0542993	0.053995	0.053685	0.0534061	0.0534166	0.0532956	0.0532603	0.0532198	0.0531784	0.0531356	0.0530852	0.0530602	0.0530519	0.0530381	0.0530304	0.0526868	0.0521838	0.0508215	0.0482187	0.0448579	0.0433317	0.0418281	0.0405907	0.0400233	0.0390792	0.0371857	0.0349124	0.0385111	0.0338984	0.0335796	0.0330103	0.0321595	0.0306075	0.0300462	0.0308049	0.0284555	0.0282385	0.027793	0.0270326	0.026281	0.0266257	0.0258904	0.0257495	0.0255817	0.0253691	0.0251568	0.0248471	0.0243837	0.0234809	0.0223519	0.0299917	0.0219676	0.0217713	0.0216919	0.0215146	0.0212141	0.0206263	0.0203678	0.0229354	0.0196933	0.0195624	0.0194844	0.0193595	0.0191817	0.0189854	0.0189244	0.0188568	0.0187663	0.0187057	0.0185721	0.0183497	0.0179586	0.0182656	0.017792	0.0175754	0.0175455	0.0174715	0.0173105	0.0169819	0.0163418	0.0151557	0.0198977	0.0380202	0.0141835	0.0140776	0.0139281	0.0137726	0.0136375	0.0134889	0.0132383	0.0133897	0.0130991	0.0130205	0.0130058	0.0129655	0.0128791	0.0127051	0.0123737	0.011795	0.01627	0.0213236	0.0111479	0.0110056	0.0109752	0.0109166	0.0108139	

96	0.047	1	0	task-3:0.46	task-0:0.082	task-1:0.07	task-2:0.448	|	0.0588204	0.0576151	0.0558412	0.0556242	0.0554355	0.0551622	0.0548125	0.0545334	0.054552	0.0543307	0.0542497	0.0541025	0.0538589	0.0535134	0.0541174	0.0544019	0.0533066	0.0532882	0.0532538	0.0532042	0.0531549	0.0530864	0.0530549	0.0530316	0.0530088	0.0529999	0.0529895	0.0529701	0.0529501	0.0524681	0.0517089	0.0496457	0.0457603	0.0411133	0.0384491	0.0356072	0.0333432	0.0296403	0.0238232	0.0175703	0.0352915	0.0164878	0.0161747	0.0159191	0.0157771	0.0154901	0.0149599	0.0139887	0.0122881	0.0103073	0.0241059	0.00988165	0.00974959	0.00966005	0.00957434	0.00938931	0.00902038	0.00833046	0.00714826	0.00566675	

183	0.094	1	0	task-3:0.118	task-0:0.41	task-1:0.432	task-2:0.046	|	0.0700326	0.0641842	0.0547896	0.0544994	0.0542993	0.053995	0.053685	0.0534061	0.0534166	0.0532956	0.0532603	0.0532198	0.0531784	0.0531356	0.0530852	0.0530602	0.0530519	0.0530381	0.0530304	0.0526868	0.0521838	0.0508215	0.0482187	0.0448579	0.0433317	0.0418281	0.0405907	0.0400233	0.0390792	0.0371857	0.0349124	0.0385111	0.0338984	0.0335796	0.0330103	0.0321595	0.0306075	0.0300462	0.0308049	0.0284555	0.0282385	0.027793	0.0270326	0.026281	0.0266257	0.0258904	0.0257495	0.0255817	0.0253691	0.0251568	0.0248471	0.0243837	0.0234809	0.0223519	0.0299917	0.0219676	0.0217713	0.0216919	0.0215146	0.0212141	0.0206263	0.0203678	0.0229354	0.0196933	0.0195624	0.0194844	0.0193595	0.0191817	0.0189854	0.0189244	0.0188568	0.0187663	0.0187057	0.0185721	0.0183497	0.0179586	0.0182656	0.017792	0.0175754	0.0175455	0.0174715	0.0173105	0.0169819	0.0163418	0.0151557	0.0198977	0.0380202	0.0141835	0.0140776	0.0139281	0.0137726	0.0136375	0.0134889	0.0132383	0.0133897	0.0130991	0.0130205	0.0130058	0.0129655	0.0128791	0.0127051	0.0123737	0.011795	0.01627	0.0213236	0.0111479	0.0110056	0.0109752	0.0109166	0.0108139	

183	0.078	1	0	task-3:0.118	task-0:0.41	task-1:0.432	task-2:0.046	|	0.0700326	0.0641842	0.0547896	0.0544994	0.0542993	0.053995	0.053685	0.0534061	0.0534166	0.0532956	0.0532603	0.0532198	0.0531784	0.0531356	0.0530852	0.0530602	0.0530519	0.0530381	0.0530304	0.0526868	0.0521838	0.0508215	0.0482187	0.0448579	0.0433317	0.0418281	0.0405907	0.0400233	0.0390792	0.0371857	0.0349124	0.0385111	0.0338984	0.0335796	0.0330103	0.0321595	0.0306075	0.0300462	0.0308049	0.0284555	0.0282385	0.027793	0.0270326	0.026281	0.0266257	0.0258904	0.0257495	0.0255817	0.0253691	0.0251568	0.0248471	0.0243837	0.0234809	0.0223519	0.0299917	0.0219676	0.0217713	0.0216919	0.0215146	0.0212141	0.0206263	0.0203678	0.0229354	0.0196933	0.0195624	0.0194844	0.0193595	0.0191817	0.0189854	0.0189244	0.0188568	0.0187663	0.0187057	0.0185721	0.0183497	0.0179586	0.0182656	0.017792	0.0175754	0.0175455	0.0174715	0.0173105	0.0169819	0.0163418	0.0151557	0.0198977	0.0380202	0.0141835	0.0140776	0.0139281	0.0137726	0.0136375	0.0134889	0.0132383	0.0133897	0.0130991	0.0130205	0.0130058	0.0129655	0.0128791	0.0127051	0.0123737	0.011795	0.01627	0.0213236	0.0111479	0.0110056	0.0109752	0.0109166	0.0108139	

183	0.094	1	0	task-3:0.118	task-0:0.41	task-1:0.432	task-2:0.046	|	0.0700326	0.0641842	0.0547896	0.0544994	0.0542993	0.053995	0.053685	0.0534061	0.0534166	0.0532956	0.0532603	0.0532198	0.0531784	0.0531356	0.0530852	0.0530602	0.0530519	0.0530381	0.0530304	0.0526868	0.0521838	0.0508215	0.0482187	0.0448579	0.0433317	0.0418281	0.0405907	0.0400233	0.0390792	0.0371857	0.0349124	0.0385111	0.0338984	0.0335796	0.0330103	0.0321595	0.0306075	0.0300462	0.0308049	0.0284555	0.0282385	0.027793	0.0270326	0.026281	0.0266257	0.0258904	0.0257495	0.0255817	0.0253691	0.0251568	0.0248471	0.0243837	0.0234809	0.0223519	0.0299917	0.0219676	0.0217713	0.0216919	0.0215146	0.0212141	0.0206263	0.0203678	0.0229354	0.0196933	0.0195624	0.0194844	0.0193595	0.0191817	0.0189854	0.0189244	0.0188568	0.0187663	0.0187057	0.0185721	0.0183497	0.0179586	0.0182656	0.017792	0.0175754	0.0175455	0.0174715	0.0173105	0.0169819	0.0163418	0.0151557	0.0198977	0.0380202	0.0141835	0.0140776	0.0139281	0.0137726	0.0136375	0.0134889	0.0132383	0.0133897	0.0130991	0.0130205	0.0130058	0.0129655	0.0128791	0.0127051	0.0123737	0.011795	0.01627	0.0213236	0.0111479	0.0110056	0.0109752	0.0109166	0.0108139	

96	0.031	1	0	task-3:0.46	task-0:0.082	task-1:0.07	task-2:0.448	|	0.0588204	0.0576151	0.0558412	0.0556242	0.0554355	0.0551622	0.0548125	0.0545334	0.054552	0.0543307	0.0542497	0.0541025	0.0538589	0.0535134	0.0541174	0.0544019	0.0533066	0.0532882	0.0532538	0.0532042	0.0531549	0.0530864	0.0530549	0.0530316	0.0530088	0.0529999	0.0529895	0.0529701	0.0529501	0.0524681	0.0517089	0.0496457	0.0457603	0.0411133	0.0384491	0.0356072	0.0333432	0.0296403	0.0238232	0.0175703	0.0352915	0.0164878	0.0161747	0.0159191	0.0157771	0.0154901	0.0149599	0.0139887	0.0122881	0.0103073	0.0241059	0.00988165	0.00974959	0.00966005	0.00957434	0.00938931	0.00902038	0.00833046	0.00714826	0.00566675	

183	0.094	1	0	task-3:0.118	task-0:0.41	task-1:0.432	task-2:0.046	|	0.0700326	0.0641842	0.0547896	0.0544994	0.0542993	0.053995	0.053685	0.0534061	0.0534166	0.0532956	0.0532603	0.0532198	0.0531784	0.0531356	0.0530852	0.0530602	0.0530519	0.0530381	0.0530304	0.0526868	0.0521838	0.0508215	0.0482187	0.0448579	0.0433317	0.0418281	0.0405907	0.0400233	0.0390792	0.0371857	0.0349124	0.0385111	0.0338984	0.0335796	0.0330103	0.0321595	0.0306075	0.0300462	0.0308049	0.0284555	0.0282385	0.027793	0.0270326	0.026281	0.0266257	0.0258904	0.0257495	0.0255817	0.0253691	0.0251568	0.0248471	0.0243837	0.0234809	0.0223519	0.0299917	0.0219676	0.0217713	0.0216919	0.0215146	0.0212141	0.0206263	0.0203678	0.0229354	0.0196933	0.0195624	0.0194844	0.0193595	0.0191817	0.0189854	0.0189244	0.0188568	0.0187663	0.0187057	0.0185721	0.0183497	0.0179586	0.0182656	0.017792	0.0175754	0.0175455	0.0174715	0.0173105	0.0169819	0.0163418	0.0151557	0.0198977	0.0380202	0.0141835	0.0140776	0.0139281	0.0137726	0.0136375	0.0134889	0.0132383	0.0133897	0.0130991	0.0130205	0.0130058	0.0129655	0.0128791	0.0127051	0.0123737	0.011795	0.01627	0.0213236	0.0111479	0.0110056	0.0109752	0.0109166	0.0108139	

183	0.078	1	0	task-3:0.118	task-0:0.41	task-1:0.432	task-2:0.046	|	0.0700326	0.0641842	0.0547896	0.0544994	0.0542993	0.053995	0.053685	0.0534061	0.0534166	0.0532956	0.0532603	0.0532198	0.0531784	0.0531356	0.0530852	0.0530602	0.0530519	0.0530381	0.0530304	0.0526868	0.0521838	0.0508215	0.0482187	0.0448579	0.0433317	0.0418281	0.0405907	0.0400233	0.0390792	0.0371857	0.0349124	0.0385111	0.0338984	0.0335796	0.0330103	0.0321595	0.0306075	0.0300462	0.0308049	0.0284555	0.0282385	0.027793	0.0270326	0.026281	0.0266257	0.0258904	0.0257495	0.0255817	0.0253691	0.0251568	0.0248471	0.0243837	0.0234809	0.0223519	0.0299917	0.0219676	0.0217713	0.0216919	0.0215146	0.0212141	0.0206263	0.0203678	0.0229354	0.0196933	0.0195624	0.0194844	0.0193595	0.0191817	0.0189854	0.0189244	0.0188568	0.0187663	0.0187057	0.0185721	0.0183497	0.0179586	0.0182656	0.017792	0.0175754	0.0175455	0.0174715	0.0173105	0.0169819	0.0163418	0.0151557	0.0198977	0.0380202	0.0141835	0.0140776	0.0139281	0.0137726	0.0136375	0.0134889	0.0132383	0.0133897	0.0130991	0.0130205	0.0130058	0.0129655	0.0128791	0.0127051	0.0123737	0.011795	0.01627	0.0213236	0.0111479	0.0110056	0.0109752	0.0109166	0.0108139	

96	0.047	1	0	task-3:0.46	task-0:0.082	task-1:0.07	task-2:0.448	|	0.0588204	0.0576151	0.0558412	0.0556242	0.0554355	0.0551622	0.0548125	0.0545334	0.054552	0.0543307	0.0542497	0.0541025	0.0538589	0.0535134	0.0541174	0.0544019	0.0533066	0.0532882	0.0532538	0.0532042	0.0531549	0.0530864	0.0530549	0.0530316	0.0530088	0.0529999	0.0529895	0.0529701	0.0529501	0.0524681	0.0517089	0.0496457	0.0457603	0.0411133	0.0384491	0.0356072	0.0333432	0.0296403	0.0238232	0.0175703	0.0352915	0.0164878	0.0161747	0.0159191	0.0157771	0.0154901	0.0149599	0.0139887	0.0122881	0.0103073	0.0241059	0.00988165	0.00974959	0.00966005	0.00957434	0.00938931	0.00902038	0.00833046	0.00714826	0.00566675	

183	0.093	1	0	task-3:0.118	task-0:0.41	task-1:0.432	task-2:0.046	|	0.0700326	0.0641842	0.0547896	0.0544994	0.0542993	0.053995	0.053685	0.0534061	0.0534166	0.0532956	0.0532603	0.0532198	0.0531784	0.0531356	0.0530852	0.0530602	0.0530519	0.0530381	0.0530304	0.0526868	0.0521838	0.0508215	0.0482187	0.0448579	0.0433317	0.0418281	0.0405907	0.0400233	0.0390792	0.0371857	0.0349124	0.0385111	0.0338984	0.0335796	0.0330103	0.0321595	0.0306075	0.0300462	0.0308049	0.0284555	0.0282385	0.027793	0.0270326	0.026281	0.0266257	0.0258904	0.0257495	0.0255817	0.0253691	0.0251568	0.0248471	0.0243837	0.0234809	0.0223519	0.0299917	0.0219676	0.0217713	0.0216919	0.0215146	0.0212141	0.0206263	0.0203678	0.0229354	0.0196933	0.0195624	0.0194844	0.0193595	0.0191817	0.0189854	0.0189244	0.0188568	0.0187663	0.0187057	0.0185721	0.0183497	0.0179586	0.0182656	0.017792	0.0175754	0.0175455	0.0174715	0.0173105	0.0169819	0.0163418	0.0151557	0.0198977	0.0380202	0.0141835	0.0140776	0.0139281	0.0137726	0.0136375	0.0134889	0.0132383	0.0133897	0.0130991	0.0130205	0.0130058	0.0129655	0.0128791	0.0127051	0.0123737	0.011795	0.01627	0.0213236	0.0111479	0.0110056	0.0109752	0.0109166	0.0108139	

82	0.047	1	0	task-3:0.454	task-0:0.168	task-1:0.168	task-2:0.474	|	0.0700326	0.0641842	0.0547896	0.0544994	0.0542993	0.053995	0.053685	0.0534061	0.0534166	0.0532956	0.0532603	0.0532198	0.0531784	0.0531356	0.0530852	0.0530602	0.0530519	0.0530381	0.0530304	0.0523267	0.0513106	0.0486	0.0438463	0.0394155	0.0358291	0.0428671	0.0335985	0.0329472	0.0314546	0.0282991	0.0227604	0.0311004	0.0214395	0.0204855	0.0200068	0.0192117	0.0181427	0.0169899	0.0149234	

80	0.032	1	0	task-3:0.46	task-0:0.18	task-1:0.102	task-2:0.476	|	0.0622364	0.059046	0.0536223	0.0534609	0.0534026	0.0533779	0.0533435	0.053278	0.053186	0.0530574	0.0534809	0.0531627	0.052998	0.0529891	0.05297	0.052136	0.0509028	0.047813	0.0435058	0.0405526	0.036919	0.033409	0.0310069	0.028822	0.0244404	0.0210073	0.0192829	0.0177623	0.0168373	0.0161982	0.0155089	0.0140536	0.0115792	0.00983214	0.00926966	0.00821065	

81	0.046	1	0	task-3:0.446	task-0:0.22	task-1:0.26	task-2:0.474	|	0.056915	0.0558238	0.0544324	0.0541686	0.0537032	0.0532052	0.0532292	0.0532027	0.0529408	0.0529349	0.0529226	0.0529115	0.0529109	0.0529006	0.0528973	0.0528901	0.0528767	0.0528751	0.052034	0.0508184	0.048025	0.0445163	0.0416442	0.0388135	0.0358058	0.0334057	0.0306652	0.0285487	0.026965	0.0259178	0.0239422	0.0204257	0.0159801	

80	0.047	1	0	task-3:0.46	task-0:0.18	task-1:0.102	task-2:0.476	|	0.0622364	0.059046	0.0536223	0.0534609	0.0534026	0.0533779	0.0533435	0.053278	0.053186	0.0530574	0.0534809	0.0531627	0.052998	0.0529891	0.05297	0.052136	0.0509028	0.047813	0.0435058	0.0405526	0.036919	0.033409	0.0310069	0.028822	0.0244404	0.0210073	0.0192829	0.0177623	0.0168373	0.0161982	0.0155089	0.0140536	0.0115792	0.00983214	0.00926966	0.00821065	

80	0.032	1	0	task-3:0.46	task-0:0.18	task-1:0.102	task-2:0.476	|	0.0622364	0.059046	0.0536223	0.0534609	0.0534026	0.0533779	0.0533435	0.053278	0.053186	0.0530574	0.0534809	0.0531627	0.052998	0.0529891	0.05297	0.052136	0.0509028	0.047813	0.0435058	0.0405526	0.036919	0.033409	0.0310069	0.028822	0.0244404	0.0210073	0.0192829	0.0177623	0.0168373	0.0161982	0.0155089	0.0140536	0.0115792	0.00983214	0.00926966	0.00821065	

80	0.046	1	0	task-3:0.46	task-0:0.18	task-1:0.102	task-2:0.476	|	0.0622364	0.059046	0.0536223	0.0534609	0.0534026	0.0533779	0.0533435	0.053278	0.053186	0.0530574	0.0534809	0.0531627	0.052998	0.0529891	0.05297	0.052136	0.0509028	0.047813	0.0435058	0.0405526	0.036919	0.033409	0.0310069	0.028822	0.0244404	0.0210073	0.0192829	0.0177623	0.0168373	0.0161982	0.0155089	0.0140536	0.0115792	0.00983214	0.00926966	0.00821065	

80	0.047	1	0	task-3:0.46	task-0:0.18	task-1:0.102	task-2:0.476	|	0.0622364	0.059046	0.0536223	0.0534609	0.0534026	0.0533779	0.0533435	0.053278	0.053186	0.0530574	0.0534809	0.0531627	0.052998	0.0529891	0.05297	0.052136	0.0509028	0.047813	0.0435058	0.0405526	0.036919	0.033409	0.0310069	0.028822	0.0244404	0.0210073	0.0192829	0.0177623	0.0168373	0.0161982	0.0155089	0.0140536	0.0115792	0.00983214	0.00926966	0.00821065	

80	0.032	1	0	task-3:0.46	task-0:0.18	task-1:0.102	task-2:0.476	|	0.0622364	0.059046	0.0536223	0.0534609	0.0534026	0.0533779	0.0533435	0.053278	0.053186	0.0530574	0.0534809	0.0531627	0.052998	0.0529891	0.05297	0.052136	0.0509028	0.047813	0.0435058	0.0405526	0.036919	0.033409	0.0310069	0.028822	0.0244404	0.0210073	0.0192829	0.0177623	0.0168373	0.0161982	0.0155089	0.0140536	0.0115792	0.00983214	0.00926966	0.00821065	

81	0.046	1	0	task-3:0.446	task-0:0.22	task-1:0.26	task-2:0.474	|	0.056915	0.0558238	0.0544324	0.0541686	0.0537032	0.0532052	0.0532292	0.0532027	0.0529408	0.0529349	0.0529226	0.0529115	0.0529109	0.0529006	0.0528973	0.0528901	0.0528767	0.0528751	0.052034	0.0508184	0.048025	0.0445163	0.0416442	0.0388135	0.0358058	0.0334057	0.0306652	0.0285487	0.026965	0.0259178	0.0239422	0.0204257	0.0159801	

80	0.032	1	0	task-3:0.46	task-0:0.18	task-1:0.102	task-2:0.476	|	0.0622364	0.059046	0.0536223	0.0534609	0.0534026	0.0533779	0.0533435	0.053278	0.053186	0.0530574	0.0534809	0.0531627	0.052998	0.0529891	0.05297	0.052136	0.0509028	0.047813	0.0435058	0.0405526	0.036919	0.033409	0.0310069	0.028822	0.0244404	0.0210073	0.0192829	0.0177623	0.0168373	0.0161982	0.0155089	0.0140536	0.0115792	0.00983214	0.00926966	0.00821065	

80	0.032	1	0	task-3:0.46	task-0:0.18	task-1:0.102	task-2:0.476	|	0.0622364	0.059046	0.0536223	0.0534609	0.0534026	0.0533779	0.0533435	0.053278	0.053186	0.0530574	0.0534809	0.0531627	0.052998	0.0529891	0.05297	0.052136	0.0509028	0.047813	0.0435058	0.0405526	0.036919	0.033409	0.0310069	0.028822	0.0244404	0.0210073	0.0192829	0.0177623	0.0168373	0.0161982	0.0155089	0.0140536	0.0115792	0.00983214	0.00926966	0.00821065	

80	0.046	1	0	task-3:0.46	task-0:0.18	task-1:0.102	task-2:0.476	|	0.0622364	0.059046	0.0536223	0.0534609	0.0534026	0.0533779	0.0533435	0.053278	0.053186	0.0530574	0.0534809	0.0531627	0.052998	0.0529891	0.05297	0.052136	0.0509028	0.047813	0.0435058	0.0405526	0.036919	0.033409	0.0310069	0.028822	0.0244404	0.0210073	0.0192829	0.0177623	0.0168373	0.0161982	0.0155089	0.0140536	0.0115792	0.00983214	0.00926966	0.00821065	

80	0.032	1	0	task-3:0.46	task-0:0.18	task-1:0.102	task-2:0.476	|	0.0622364	0.059046	0.0536223	0.0534609	0.0534026	0.0533779	0.0533435	0.053278	0.053186	0.0530574	0.0534809	0.0531627	0.052998	0.0529891	0.05297	0.052136	0.0509028	0.047813	0.0435058	0.0405526	0.036919	0.033409	0.0310069	0.028822	0.0244404	0.0210073	0.0192829	0.0177623	0.0168373	0.0161982	0.0155089	0.0140536	0.0115792	0.00983214	0.00926966	0.00821065	

81	0.047	1	0	task-3:0.446	task-0:0.22	task-1:0.26	task-2:0.474	|	0.056915	0.0558238	0.0544324	0.0541686	0.0537032	0.0532052	0.0532292	0.0532027	0.0529408	0.0529349	0.0529226	0.0529115	0.0529109	0.0529006	0.0528973	0.0528901	0.0528767	0.0528751	0.052034	0.0508184	0.048025	0.0445163	0.0416442	0.0388135	0.0358058	0.0334057	0.0306652	0.0285487	0.026965	0.0259178	0.0239422	0.0204257	0.0159801	

81	0.046	1	0	task-3:0.446	task-0:0.22	task-1:0.26	task-2:0.474	|	0.056915	0.0558238	0.0544324	0.0541686	0.0537032	0.0532052	0.0532292	0.0532027	0.0529408	0.0529349	0.0529226	0.0529115	0.0529109	0.0529006	0.0528973	0.0528901	0.0528767	0.0528751	0.052034	0.0508184	0.048025	0.0445163	0.0416442	0.0388135	0.0358058	0.0334057	0.0306652	0.0285487	0.026965	0.0259178	0.0239422	0.0204257	0.0159801	

80	0.032	1	0	task-3:0.46	task-0:0.18	task-1:0.102	task-2:0.476	|	0.0622364	0.059046	0.0536223	0.0534609	0.0534026	0.0533779	0.0533435	0.053278	0.053186	0.0530574	0.0534809	0.0531627	0.052998	0.0529891	0.05297	0.052136	0.0509028	0.047813	0.0435058	0.0405526	0.036919	0.033409	0.0310069	0.028822	0.0244404	0.0210073	0.0192829	0.0177623	0.0168373	0.0161982	0.0155089	0.0140536	0.0115792	0.00983214	0.00926966	0.00821065	

80	0.032	1	0	task-3:0.46	task-0:0.18	task-1:0.102	task-2:0.476	|	0.0622364	0.059046	0.0536223	0.0534609	0.0534026	0.0533779	0.0533435	0.053278	0.053186	0.0530574	0.0534809	0.0531627	0.052998	0.0529891	0.05297	0.052136	0.0509028	0.047813	0.0435058	0.0405526	0.036919	0.033409	0.0310069	0.028822	0.0244404	0.0210073	0.0192829	0.0177623	0.0168373	0.0161982	0.0155089	0.0140536	0.0115792	0.00983214	0.00926966	0.00821065	

