74	0.235	4	0	task-3:0.534	task-0:0.358	task-1:0.458	task-2:0.494	|	0.0731711	0.0691147	0.0594281	0.0548637	0.0546447	0.0542065	0.0539002	0.0537658	0.053486	0.0528876	0.0520926	0.051321	0.0513233	0.0511641	0.0512341	0.0514307	0.0520184	0.0529709	0.0536125	0.0542713	0.0551336	0.0549493	0.055617	0.0533193	0.0514799	0.0520644	0.0530898	0.0534187	0.0535905	0.0537432	0.0537687	0.0538587	0.0541293	0.0543372	0.0544469	0.054494	0.0543862	0.0543632	0.0542987	0.0541661	0.0540661	0.0539372	0.0537954	0.0536706	0.0535483	0.0534073	0.0534967	0.074062	0.0743198	0.0845411	0.0538104	0.0537823	0.0561596	0.0835453	0.0835005	0.0701995	0.0698129	0.0789767	0.0796677	0.0743372	0.0725692	0.0697721	0.06692	0.0679078	0.0709794	0.074381	0.0716791	0.0681991	0.0670816	0.0665938	0.0662094	0.0659892	0.0658007	0.0611675	

73	0.331	4	0	task-3:0.478	task-0:0.402	task-1:0.466	task-2:0.476	|	0.0606363	0.0668765	0.0594776	0.0545676	0.0579451	0.0579173	0.0550802	0.0548763	0.05488	0.054549	0.0545502	0.0546096	0.05461	0.0545536	0.0545578	0.0545583	0.0545488	0.0545655	0.054575	0.0545786	0.0541873	0.0530228	0.0496798	0.0492466	0.0518761	0.0985709	0.0910755	0.0546559	0.0546557	0.0518149	0.0518147	0.0544961	0.0544747	0.0537864	0.0499789	0.050225	0.0464362	0.047242	0.0502775	0.0495934	0.0467197	0.0445384	0.0430747	0.042928	0.0433515	0.0434193	0.0433673	0.0434544	0.0437277	0.044277	0.0452365	0.0467576	0.0490257	0.0521577	0.0539725	0.0543514	0.0545379	0.0543461	0.0541057	0.0540315	0.0537155	0.0534141	0.0533926	0.0531356	0.0526685	0.0520743	0.0515375	0.0507151	0.0504361	0.0498278	0.0492422	0.0491989	0.0493492	

170	0.762	4	0	task-3:0.274	task-0:0.338	task-1:0.286	task-2:0.27	|	0.0566032	0.111234	0.109213	0.0726965	0.0566728	0.0576189	0.0547369	0.0563529	0.0559034	0.0545091	0.0545023	0.0544901	0.0542801	0.0545167	0.0545078	0.0543414	0.0543576	0.0544375	0.0545198	0.0545897	0.0546035	0.0545886	0.0545324	0.0544359	0.054288	0.0541095	0.0538788	0.0534769	0.0528989	0.0519855	0.0514356	0.0506516	0.0505858	0.0502803	0.0502632	0.0499243	0.0490604	0.0484711	0.047744	0.0492646	0.0487396	0.0490118	0.0482514	0.0472579	0.0493525	0.0490946	0.0473566	0.0471639	0.0470921	0.046982	0.0473079	0.0472558	0.0469597	0.0467646	0.046691	0.0466562	0.0466566	0.0465601	0.0464209	0.046313	0.0462011	0.0460729	0.0459265	0.0457546	0.0455427	0.0453842	0.0450964	0.0448396	0.0445827	0.0444363	0.0442556	0.0440396	0.043901	0.0436637	0.0434888	0.0433239	0.0431635	0.0429683	0.0427904	0.0426956	0.0425823	0.0424874	0.0426542	0.0425181	0.0423923	0.0423422	0.042307	0.0422699	0.0423241	0.042297	0.0423071	0.0423381	0.0421641	0.042025	0.0417484	0.0414704	0.041397	0.0409756	0.0405621	0.0402326	0.0399271	0.0395463	0.0396911	0.0373251	0.031038	0.0308835	0.030702	0.0306327	0.030438	0.0301688	0.029918	0.0298947	0.029829	0.0296543	0.0295059	0.0293554	0.0293664	0.0292668	0.0291201	0.0291109	0.0291502	0.0291194	0.029068	0.0290113	0.0289589	0.0289226	0.0288806	0.0288363	0.0287881	0.0287407	0.0287013	0.0286756	0.0286473	0.0286396	0.0286828	0.0286551	0.0286388	0.0286691	0.0287109	0.0287813	0.0281115	0.0144199	0.0142721	0.0141123	0.0140203	0.0139914	0.0139706	0.0139457	0.013922	0.013902	0.0138898	0.0138917	0.0139166	0.0137935	0.013733	0.013681	0.0135252	0.00216274	0.00176773	0.00137369	0.00110375	0.00110463	0.0210688	0.0210795	0.00116865	0.00108621	0.000983677	0.000877128	0.000806325	0.00072411	

93	0.387	4	0	task-3:0.274	task-0:0.28	task-1:0.274	task-2:0.352	|	0.0644068	0.0684478	0.0665501	0.0584642	0.0545645	0.0545352	0.0554448	0.0554324	0.0546431	0.0544094	0.0544031	0.0544184	0.0544618	0.0545076	0.054653	0.0547753	0.0547891	0.0547297	0.0545616	0.0538642	0.0528129	0.051981	0.0507365	0.0506047	0.0507341	0.0510002	0.0490383	0.0483056	0.0513521	0.0983203	0.0858381	0.0527076	0.0518884	0.0531687	0.0507565	0.0477697	0.0481104	0.0466202	0.0419607	0.0321397	0.103447	0.103344	0.0408177	0.0338349	0.0418032	0.0718354	0.0531151	0.0547648	0.0752848	0.0593413	0.0462865	0.0459494	0.0452698	0.0501198	0.0468447	0.0435842	0.0423953	0.0411857	0.0422095	0.0460698	0.0453599	0.0424227	0.0405693	0.0404327	0.0398576	0.0392357	0.0379002	0.0367085	0.035962	0.0361947	0.0361119	0.0361813	0.0359563	0.0359125	0.0357207	0.0354843	0.0354541	0.0354868	0.0356083	0.035957	0.0364886	0.0372336	0.0381584	0.0393198	0.0407771	0.0425157	0.0443082	0.0437082	0.0442793	0.0449726	0.0458758	0.0469425	0.0471679	

110	0.415	4	0	task-3:0.422	task-0:0.178	task-1:0.468	task-2:0.482	|	0.0786472	0.0555895	0.0538054	0.0558779	0.0558086	0.0537477	0.0530598	0.053176	0.0532172	0.0530071	0.0523985	0.0518197	0.0518337	0.0522379	0.053007	0.0540765	0.0552617	0.0564366	0.0578097	0.0581453	0.0564741	0.0558114	0.0532837	0.0471006	0.046317	0.0475916	0.0481078	0.0464057	0.0461557	0.046665	0.0477128	0.0491783	0.0508674	0.0524273	0.0530667	0.0503101	0.0437674	0.0425708	0.0508397	0.0507264	0.0457932	0.0457841	0.0482405	0.0505886	0.0511803	0.0503309	0.0481305	0.0454269	0.0420646	0.0401838	0.0378139	0.0365411	0.0354191	0.0345682	0.0367554	0.0340394	0.0632614	0.0590972	0.0360853	0.0332593	0.032999	0.0301543	0.032127	0.0307455	0.0302909	0.0319096	0.0320583	0.0333607	0.0356036	0.0379622	0.0398065	0.0386189	0.0375145	0.036609	0.0354139	0.035128	0.034286	0.0338119	0.0333284	0.0331318	0.0328998	0.0326129	0.0325104	0.0330699	0.0378851	0.0505811	0.0520472	0.0529007	0.0515793	0.0518432	0.0561625	0.0662801	0.0709756	0.0711025	0.0687175	0.0640586	0.1	0.1	0.0606724	0.046151	0.0440267	0.0474023	0.0554458	0.0449483	0.0416533	0.0403703	0.0380841	0.0394296	0.0379411	0.0338314	

134	0.574	4	0	task-3:0.47	task-0:0.31	task-1:0.5	task-2:0.368	|	0.0605419	0.0996007	0.0941569	0.0603759	0.0570064	0.0571304	0.054813	0.0555996	0.054858	0.0555245	0.0554732	0.0547878	0.0550391	0.0550034	0.0548123	0.0548323	0.0547972	0.0547922	0.0547955	0.0547778	0.0547465	0.054698	0.0546282	0.0545333	0.0544124	0.0542217	0.0539894	0.0538036	0.0535794	0.0533198	0.0531631	0.0530068	0.0528845	0.0527284	0.0524703	0.0521934	0.0518832	0.0515157	0.0511314	0.0507586	0.0503606	0.0499901	0.0494356	0.0487923	0.048039	0.0472547	0.0462414	0.0455596	0.0449087	0.0445291	0.0440507	0.0436491	0.0429167	0.0422566	0.0421518	0.0416455	0.0414233	0.0410259	0.0405745	0.0400649	0.0397818	0.0394984	0.0393784	0.0396369	0.040145	0.0412051	0.0405367	0.0405812	0.0406101	0.0402896	0.0399876	0.0399177	0.0400626	0.0395238	0.0393458	0.03926	0.0392583	0.0392936	0.0394796	0.0389454	0.0511048	0.049226	0.0418741	0.0362261	0.0364068	0.0361597	0.0358464	0.0287376	0.0287649	0.028649	0.0295049	0.0347406	0.0323928	0.0290928	0.0288147	0.0288753	0.0289858	0.0290342	0.0288454	0.0283623	0.0280468	0.0277967	0.027516	0.0275741	0.0274714	0.0273824	0.0272849	0.0274547	0.0278635	0.0280259	0.0278981	0.027999	0.0280269	0.0279031	0.0278512	0.0279204	0.0279333	0.027938	0.0279331	0.027911	0.0278856	0.0278394	0.0276899	0.0274825	0.0271818	0.0266739	0.0266481	0.0262275	0.0259053	0.025397	0.0249196	0.0244787	0.0237499	0.0235307	

86	0.388	4	0	task-3:0.478	task-0:0.35	task-1:0.466	task-2:0.476	|	0.0552382	0.0703879	0.0610548	0.0547939	0.0586088	0.0585532	0.0554816	0.0545304	0.0544226	0.0544293	0.0544479	0.0543569	0.0544989	0.0545125	0.0544396	0.0544655	0.0545204	0.0545543	0.054571	0.0545689	0.0545629	0.054557	0.0545514	0.0545474	0.0545455	0.0545443	0.0545428	0.0545396	0.0545326	0.0545178	0.0545538	0.0770565	0.061906	0.0547893	0.05474	0.0539713	0.043584	0.0431062	0.0492133	0.0545056	0.0545213	0.0544778	0.0540447	0.0541949	0.0545232	0.0545663	0.0545749	0.0545749	0.0545706	0.0545613	0.0545529	0.0545468	0.0545431	0.0545414	0.0545409	0.054541	0.0545415	0.0545428	0.054538	0.0517721	0.086007	0.0838996	0.0618097	0.0530203	0.0530899	0.078205	0.0784687	0.0522377	0.0522856	0.0540576	0.0532174	0.0522994	0.0526644	0.0531942	0.0536731	0.0540432	0.0542917	0.0544353	0.0545055	0.0545338	0.054543	0.0545453	0.0545457	0.0545456	0.0545456	0.0545455	

105	0.472	4	0	task-3:0.498	task-0:0.408	task-1:0.608	task-2:0.438	|	0.082029	0.057962	0.0560932	0.0548977	0.0549226	0.054643	0.0546089	0.0544409	0.0542868	0.0540932	0.0539091	0.0537476	0.0536901	0.0535028	0.0531205	0.0527245	0.052478	0.0523016	0.052229	0.0522209	0.052198	0.052042	0.0520257	0.0520656	0.0519804	0.0517489	0.0517345	0.0520445	0.0524094	0.0530956	0.0537608	0.0543669	0.0544162	0.0549076	0.0547646	0.0543793	0.0542199	0.0540959	0.0539091	0.0536822	0.0534215	0.0531033	0.052754	0.0524559	0.0803077	0.0807771	0.0568268	0.055682	0.0788483	0.0754555	0.0657898	0.0505917	0.0503949	0.0503941	0.0503985	0.0506799	0.0515113	0.0531504	0.0562022	0.0619902	0.0610363	0.056534	0.0557666	0.0564249	0.0574171	0.058663	0.0573666	0.0577862	0.0585085	0.0579048	0.0577816	0.0576752	0.0567827	0.0557056	0.0549064	0.0547886	0.0550764	0.0554453	0.0558957	0.0563622	0.0564151	0.0561017	0.0557361	0.0554749	0.0552368	0.0550938	0.0550722	0.0549193	0.054936	0.0549896	0.0549689	0.054972	0.054963	0.0548827	0.0548516	0.0548401	0.054818	0.0547888	0.0547483	0.0546867	0.0545716	0.0544618	0.0544122	0.0543726	0.05427	

107	0.429	4	0	task-3:0.484	task-0:0.46	task-1:0.38	task-2:0.512	|	0.0546735	0.0782199	0.0613901	0.054371	0.0573112	0.0563174	0.0537388	0.0540812	0.054022	0.0530876	0.0520172	0.0527561	0.0526101	0.0516825	0.0518602	0.0518879	0.0517717	0.0519637	0.0521089	0.0521209	0.0523105	0.0525467	0.0527898	0.0530866	0.0534376	0.0535573	0.0537285	0.0537579	0.0535102	0.0533869	0.0531423	0.0529	0.052673	0.0524796	0.0522479	0.0520021	0.0517911	0.0514591	0.0512764	0.0511548	0.0510392	0.0508089	0.0505314	0.0502634	0.0500167	0.0497244	0.0494386	0.0491968	0.0489457	0.048737	0.0486373	0.0487157	0.0490256	0.0493652	0.0497692	0.0503683	0.0509928	0.0514538	0.052159	0.0528131	0.0530331	0.0528805	0.0526356	0.0522979	0.0518685	0.0512996	0.0506429	0.0499715	0.0495366	0.0500083	0.0480482	0.0470204	0.0472547	0.0630518	0.120519	0.113831	0.0646404	0.0576688	0.049516	0.0465589	0.0470882	0.0471177	0.0469234	0.0469626	0.0471517	0.0473934	0.0473855	0.0474481	0.0474111	0.0492176	0.0516754	0.0531898	0.0537442	0.0538505	0.0537722	0.0536311	0.0535172	0.0534907	0.0535099	0.0535699	0.053652	0.0537284	0.0538673	0.053946	0.0540188	0.0541674	0.0544111	

98	0.264	4	0	task-3:0.452	task-0:0.43	task-1:0.454	task-2:0.464	|	0.0603515	0.0831638	0.0789248	0.0658698	0.0558628	0.0561068	0.0560434	0.0536282	0.0556673	0.0559905	0.0541518	0.0535728	0.0532714	0.0531094	0.0537588	0.0542072	0.05497	0.0562602	0.0559356	0.0561301	0.0561679	0.0559708	0.0552247	0.0546791	0.0547897	0.0541547	0.0538066	0.053457	0.0525367	0.0514211	0.0517274	0.0730481	0.0604297	0.0672832	0.0998603	0.0760498	0.0564727	0.0556858	0.0545854	0.0546315	0.0545533	0.0541951	0.0755233	0.0756758	0.0546211	0.0547308	0.0547767	0.0531151	0.0530507	0.0524533	0.0429115	0.0433641	0.0420285	0.0419889	0.0419189	0.0438043	0.0482183	0.0476054	0.0452161	0.0450029	0.0456572	0.0469951	0.0490982	0.0492103	0.0483638	0.0491119	0.0503228	0.0510989	0.0501586	0.0503585	0.0504767	0.0496558	0.0495153	0.049479	0.0487401	0.0484081	0.0481537	0.0475201	0.0472249	0.0470037	0.0468764	0.0468836	0.0469881	0.0466333	0.0465589	0.0465379	0.0465509	0.0462459	0.0461096	0.046073	0.0461097	0.0462033	0.0463608	0.0465675	0.0468489	0.0466631	0.0467879	0.0469582	

140	0.388	4	0	task-3:0.294	task-0:0.37	task-1:0.466	task-2:0.264	|	0.0691493	0.0625129	0.0565043	0.0558584	0.0557733	0.0545513	0.0552914	0.0552794	0.0545508	0.0544289	0.0548266	0.0546148	0.0548994	0.055316	0.0550893	0.0547604	0.0546284	0.0545184	0.0544063	0.0542042	0.0539205	0.0535955	0.0531623	0.0526414	0.0522334	0.0530293	0.0719402	0.0516306	0.0555401	0.0553496	0.0440992	0.0438076	0.0535383	0.0530808	0.0457487	0.0446304	0.0477688	0.0517816	0.0507362	0.0521302	0.0509598	0.0506935	0.0505829	0.0515572	0.0535034	0.0532775	0.0532037	0.0543234	0.0537349	0.0524664	0.0513566	0.0507644	0.0504159	0.0503792	0.0506015	0.0509908	0.0514889	0.0520404	0.052682	0.0533731	0.0540421	0.0544039	0.0545134	0.0543722	0.0541018	0.0537803	0.0535085	0.053321	0.05322	0.0532015	0.0532568	0.0534208	0.0535412	0.053827	0.0680994	0.0643105	0.0545404	0.0579196	0.0685657	0.0685941	0.0685965	0.0685827	0.0685601	0.06853	0.068495	0.0684547	0.0684086	0.0683575	0.0683239	0.0684761	0.0624363	0.0880951	0.0918114	0.0872152	0.0705802	0.0680469	0.0694102	0.0860595	0.0611617	0.0672119	0.0672119	0.0538341	0.0533223	0.0575847	0.0565838	0.0532668	0.0530209	0.0530669	0.0534694	0.0545656	0.0538367	0.0328188	0.0325515	0.0324518	0.0324212	0.0325441	0.0329697	0.0338623	0.0354375	0.0367474	0.0360691	0.0366289	0.037698	0.0374318	0.0365866	0.0363791	0.0364836	0.0370552	0.0419939	0.0445925	0.0449578	0.0448206	0.0445948	0.0443551	0.0441687	0.0441075	0.0441379	0.0442622	0.0443954	0.044548	

113	0.362	4	0	task-3:0.402	task-0:0.394	task-1:0.388	task-2:0.4	|	0.091772	0.0769119	0.0740447	0.056581	0.0635346	0.063412	0.0558467	0.0560913	0.0555753	0.0552649	0.0556748	0.054931	0.0548289	0.0548613	0.0547315	0.0546486	0.0545146	0.0543972	0.054447	0.0545398	0.0546564	0.0548043	0.054994	0.0552402	0.0555348	0.0558577	0.0559056	0.0554898	0.0545726	0.053059	0.0510293	0.0481926	0.0455531	0.0461059	0.0709456	0.0772117	0.0826337	0.12076	0.120701	0.121203	0.115191	0.0721563	0.0683913	0.125436	0.110722	0.102407	0.109754	0.107335	0.0820647	0.0810283	0.0840134	0.0908293	0.0782283	0.0708292	0.0676028	0.0666155	0.0754685	0.073393	0.0651613	0.0556433	0.0459889	0.044226	0.0451556	0.0441004	0.0457983	0.0459025	0.0454119	0.0449415	0.0451704	0.0454095	0.0451073	0.0448732	0.0448703	0.0450684	0.0452803	0.0454731	0.0457147	0.0460155	0.0462018	0.0459517	0.0456672	0.0453	0.045278	0.0449717	0.0443577	0.0440829	0.043792	0.0436643	0.0435503	0.0434873	0.0434281	0.0435447	0.0433458	0.0426255	0.0337623	0.0331845	0.0325708	0.0319833	0.0314723	0.0310776	0.030707	0.0308958	0.0302266	0.0300879	0.0298864	0.0300142	0.0297994	0.0300079	0.031042	0.0322385	0.0342554	0.0368492	0.0336361	

157	0.457	4	0	task-3:0.326	task-0:0.158	task-1:0.21	task-2:0.664	|	0.0568031	0.0900389	0.0889752	0.0666901	0.0548354	0.0548506	0.0560068	0.0559253	0.0545291	0.0551983	0.0551714	0.0544736	0.0545321	0.0545715	0.0546562	0.0545194	0.0543566	0.0542481	0.0542115	0.0541422	0.0540188	0.0539089	0.0538018	0.0536877	0.0535749	0.053442	0.053389	0.0534067	0.0533084	0.0499662	0.0433065	0.0500719	0.0529896	0.0529834	0.0527157	0.0515797	0.0518897	0.051148	0.0516311	0.0521574	0.0522801	0.0521814	0.0521323	0.0521312	0.0521643	0.0521013	0.0521288	0.0522066	0.0523573	0.0522317	0.0521881	0.0521363	0.0520538	0.0518834	0.0515774	0.0512733	0.0511389	0.0508818	0.0524873	0.0590879	0.0804281	0.0852115	0.0854924	0.0813899	0.0811335	0.091958	0.0860048	0.0865552	0.0890815	0.0902481	0.089685	0.0832163	0.0764964	0.0408141	0.0387664	0.0412538	0.0433717	0.0454089	0.0438389	0.0449495	0.0479436	0.0510119	0.0528882	0.0536736	0.0541484	0.054925	0.0542197	0.0541102	0.0539415	0.0528982	0.0522868	0.0516179	0.0511929	0.0506596	0.0500247	0.0492629	0.0484894	0.0477182	0.0593494	0.0675826	0.07803	0.0714323	0.0745299	0.0115496	0.028145	0.0654417	0.0674542	0.00674357	0.0059276	0.0156466	0.0154637	0.0152494	0.0150984	0.0150081	0.0150033	0.0150778	0.0151025	0.0150795	0.0151123	0.0151387	0.0225102	0.034565	0.0348277	0.0351287	0.0517767	0.0510627	0.0355596	0.0348188	0.0342193	0.0340507	0.0339247	0.0336251	0.0334634	0.0334382	0.0334304	0.0336482	0.0336299	0.0335843	0.0336781	0.0338601	0.0337368	0.0336171	0.0360716	0.0405177	0.0425405	0.0427528	0.0428415	0.0425483	0.0423104	0.0422153	0.0424157	0.0422044	0.0420139	0.0419153	0.0421457	0.0421408	0.042446	

102	0.312	4	0	task-3:0.538	task-0:0.39	task-1:0.44	task-2:0.468	|	0.066324	0.0824934	0.0801523	0.0562405	0.0676441	0.0676254	0.0567204	0.0565483	0.0559537	0.0545244	0.0545257	0.0547288	0.05478	0.054537	0.0545367	0.0545636	0.0545625	0.0545972	0.0545998	0.0545914	0.0545802	0.0545598	0.054535	0.054508	0.0544638	0.0543822	0.0542347	0.0539988	0.0536429	0.0531158	0.0523919	0.0514558	0.0505206	0.0497383	0.0489842	0.0483627	0.0479995	0.0477323	0.0462429	0.049591	0.0473209	0.045275	0.045069	0.0426349	0.0589464	0.0585779	0.041662	0.0415881	0.04248	0.058706	0.0568914	0.0443216	0.0438699	0.0455832	0.050435	0.0483515	0.0502716	0.0537995	0.0604037	0.0722053	0.087308	0.0934715	0.0981887	0.102732	0.106762	0.101675	0.10451	0.0796695	0.0796695	0.0722831	0.103514	0.103436	0.0796938	0.072532	0.090286	0.0823445	0.090717	0.098875	0.111636	0.120352	0.121105	0.123502	0.124005	0.124477	0.124181	0.122825	0.124538	0.107735	0.109389	0.109862	0.0916873	0.0887104	0.103386	0.100021	0.0979762	0.0978898	0.0986469	0.0999368	0.101958	0.105202	0.11038	0.10994	

146	0.441	4	0	task-3:0.134	task-0:0.112	task-1:0.168	task-2:0.238	|	0.055173	0.0769949	0.0590655	0.0553769	0.0567715	0.0546641	0.0538404	0.0540114	0.0544003	0.0545575	0.0548674	0.0564764	0.0560406	0.0548781	0.0543267	0.0541275	0.0540755	0.0539111	0.0535081	0.0522506	0.0490901	0.0475483	0.0478625	0.0499092	0.0472143	0.0450018	0.045239	0.044845	0.0449888	0.0460226	0.0487692	0.0495198	0.0454064	0.0446509	0.0443977	0.0443494	0.0444342	0.0451633	0.0452245	0.0449122	0.045928	0.0456207	0.0454849	0.045039	0.0455012	0.0451633	0.0438299	0.0433219	0.0431355	0.0427129	0.0419407	0.0409583	0.0402505	0.0403816	0.0424247	0.048185	0.0460175	0.0431347	0.0423582	0.043616	0.0459734	0.0453325	0.0435757	0.0429864	0.0427671	0.0425536	0.0417676	0.0411701	0.0405305	0.0398938	0.0390803	0.0385154	0.0382477	0.0385037	0.0401327	0.0408837	0.0418062	0.0421672	0.0421881	0.0422727	0.0424193	0.042733	0.0432965	0.044157	0.0444826	0.0453109	0.0370412	0.0457781	0.0456442	0.0457726	0.036229	0.0338254	0.0363334	0.0341915	0.0337097	0.0337361	0.0337636	0.0343456	0.0457317	0.0455653	0.045299	0.0450273	0.0447786	0.0445026	0.044094	0.0435801	0.0430899	0.0427767	0.0425507	0.042458	0.0426073	0.0427922	0.0427055	0.0428473	0.0430246	0.043187	0.0433463	0.0435175	0.0436946	0.0439082	0.0441599	0.04439	0.04458	0.0447099	0.0447584	0.0447031	0.0445239	0.0442063	0.0437484	0.0431614	0.0424761	0.0417453	0.0410929	0.0405092	0.0400935	0.0398461	0.0396999	0.0396185	0.039831	0.040151	0.0405372	0.0409218	0.0412421	0.0414634	0.041624	0.0417357	

130	0.379	4	0	task-3:0.564	task-0:0.602	task-1:0.442	task-2:0.642	|	0.060758	0.0648903	0.0588984	0.0545369	0.0583182	0.0580669	0.0547593	0.0545709	0.0545521	0.0542946	0.054332	0.054513	0.0546396	0.0546765	0.0548007	0.0548709	0.0548648	0.0548259	0.0546704	0.0545753	0.0545318	0.0544902	0.0544306	0.0543335	0.0541842	0.0540431	0.0549	0.0839324	0.0718253	0.0565888	0.0559231	0.0549158	0.0483239	0.0482624	0.0659826	0.059027	0.0552943	0.0551233	0.0546695	0.05427	0.0543327	0.0539762	0.0532743	0.0525559	0.0514647	0.0507279	0.050411	0.0502745	0.0494063	0.048854	0.0483535	0.0486228	0.0473696	0.0486957	0.0479065	0.0489804	0.0514729	0.0501321	0.0519125	0.0562468	0.0647215	0.062348	0.0649397	0.0613655	0.0560502	0.0558394	0.0566855	0.0555197	0.0509458	0.0551043	0.0710072	0.0483649	0.0587028	0.0581209	0.0515954	0.0467546	0.0447916	0.0460401	0.0450292	0.0443824	0.044901	0.0450243	0.0732025	0.0725117	0.0476038	0.0473858	0.0530512	0.0707761	0.0683811	0.0550589	0.0481546	0.0476014	0.0480456	0.0491651	0.0480345	0.0470124	0.0467277	0.0465269	0.0462409	0.0456268	0.0451931	0.0453723	0.0451791	0.0453251	0.0455031	0.0458328	0.0463932	0.046228	0.0462178	0.046216	0.0461802	0.0463527	0.0463198	0.0461014	0.0459358	0.0457963	0.0456417	0.0453794	0.0449249	0.0450553	0.0717962	0.0722656	0.0569765	0.0495009	0.0494767	0.0469417	0.0657122	0.0657122	0.0482505	0.048075	

54	0.141	4	0	task-3:0.522	task-0:0.476	task-1:0.466	task-2:0.476	|	0.0718718	0.0654169	0.0568997	0.0554161	0.0555019	0.0545252	0.0555526	0.0555585	0.054762	0.0545632	0.0545503	0.0545418	0.0545501	0.0545355	0.0545382	0.054544	0.0545464	0.054545	0.0545464	0.0545466	0.0545457	0.0545461	0.0545459	0.0545453	0.0545452	0.0545453	0.0545453	0.0545453	0.0545455	0.0545455	0.0545455	0.0545454	0.0545475	0.0699802	0.0603041	0.0545505	0.0545284	0.0556211	0.0555142	0.0545055	0.0545055	0.0545549	0.0556978	0.0555343	0.0547124	0.0546732	0.054574	0.0545609	0.0545537	0.0545365	0.0545314	0.0545386	0.054554	0.0545582	

60	0.182	4	0	task-3:0.478	task-0:0.498	task-1:0.466	task-2:0.476	|	0.0559502	0.0894454	0.0849862	0.0607782	0.059841	0.0598337	0.0546181	0.0577045	0.0563125	0.0545587	0.0553497	0.0551235	0.0544214	0.0549181	0.0548188	0.054482	0.0544918	0.054468	0.0544442	0.0544326	0.0544282	0.0544226	0.0544182	0.0544176	0.0544133	0.0544099	0.0544092	0.0543954	0.0543731	0.0543544	0.0543283	0.0542973	0.0542627	0.0542279	0.0541995	0.0817184	0.0815007	0.0543558	0.0544556	0.0544019	0.0818795	0.08188	0.0549607	0.0549445	0.0701383	0.0695821	0.0571322	0.0568668	0.0597	0.058938	0.0567251	0.0553317	0.0545802	0.0543482	0.054056	0.0536244	0.0532676	0.0529691	0.0527622	0.0526707	

72	0.199	4	0	task-3:0.434	task-0:0.442	task-1:0.412	task-2:0.462	|	0.0647216	0.0608107	0.0543135	0.0564311	0.0555201	0.0536405	0.0542708	0.0544203	0.0540591	0.0538645	0.0535645	0.0534078	0.0532667	0.0531409	0.0531167	0.0531245	0.0531501	0.0532563	0.0531055	0.0531658	0.0531967	0.0531721	0.053181	0.0532346	0.0533301	0.053463	0.0534627	0.0535674	0.0536192	0.0537685	0.0539308	0.0539612	0.0539955	0.0540519	0.0539867	0.0539765	0.0539301	0.053896	0.0538951	0.0539159	0.0539383	0.0539609	0.05399	0.0540206	0.0540519	0.0546282	0.0812383	0.0810839	0.0682947	0.0541102	0.0540929	0.0541261	0.0537551	0.0533985	0.0540233	0.054078	0.0540904	0.0540912	0.0540938	0.0540979	0.0541054	0.0541226	0.0541781	0.0541499	0.0541183	0.0541157	0.0541193	0.0541237	0.0541287	0.0541344	0.0541412	0.0541497	

85	0.251	4	0	task-3:0.476	task-0:0.456	task-1:0.466	task-2:0.498	|	0.0548544	0.0965597	0.0811141	0.0556282	0.0610693	0.0610737	0.0558892	0.0562196	0.05622	0.0547128	0.0548848	0.0546402	0.0548658	0.0549869	0.0546941	0.0545489	0.0545081	0.0544903	0.0544771	0.0544248	0.0543871	0.0543677	0.0543585	0.0543539	0.0543597	0.0543758	0.0543659	0.0543596	0.0544265	0.0547264	0.0562089	0.0642908	0.0747032	0.0708045	0.0667306	0.0523926	0.0517489	0.0529019	0.0535461	0.053889	0.0540778	0.0541458	0.0541596	0.0541507	0.0541309	0.0541099	0.0538583	0.0431346	0.0437799	0.0531395	0.0533933	0.0528403	0.0518974	0.0499564	0.0474983	0.0471294	0.0467869	0.0467297	0.0464796	0.0475394	0.0495566	0.0514612	0.0524616	0.0528555	0.053017	0.0672232	0.0808418	0.0948266	0.0809027	0.0797089	0.0670142	0.0586018	0.0538406	0.0534453	0.0530893	0.0527881	0.0527953	0.0529241	0.0529186	0.0528611	0.0528742	0.0529304	0.0530057	0.0529997	0.0529528	

148	0.437	4	0	task-3:0.132	task-0:0.174	task-1:0.202	task-2:0.148	|	0.0574741	0.0924844	0.0920303	0.0745841	0.055299	0.0643809	0.0659211	0.0564214	0.0552754	0.0555408	0.0543549	0.0559669	0.0559664	0.0546804	0.0543985	0.0543957	0.0543854	0.054386	0.0543345	0.0543232	0.0542452	0.0540922	0.0537833	0.0530303	0.0513666	0.0472561	0.0458195	0.0460747	0.0466099	0.0476697	0.0494701	0.051609	0.053713	0.0670367	0.0560858	0.0546933	0.0545478	0.0591463	0.0590223	0.0692472	0.0651824	0.0578588	0.0539267	0.052824	0.048024	0.0467636	0.046822	0.0462469	0.0467724	0.0469664	0.0453629	0.0440598	0.0437981	0.0434887	0.0433807	0.0429428	0.0421503	0.0415318	0.0415238	0.0417754	0.0423489	0.0440702	0.0428281	0.042906	0.0435461	0.0441359	0.0453153	0.0469874	0.0467993	0.0477915	0.0479513	0.0456203	0.0453686	0.0454015	0.0455943	0.0459142	0.0459599	0.0460842	0.0460619	0.0460184	0.0458871	0.04559	0.0450837	0.0445064	0.0435005	0.042451	0.0410672	0.0398584	0.0378083	0.0356723	0.0424061	0.0355157	0.0303123	0.0219572	0.0170072	0.0164878	0.0133549	0.0137089	0.00409701	0.0117177	0.0102226	0.0083707	0.00805376	0.00628353	0.00492016	0.00379167	0.003063	0.00294914	0.0030117	0.00266568	0.00128259	0.00104728	0.000861873	0.000760218	0.00068429	0.00063552	0.000573217	0.000505622	0.000438391	0.00037905	0.00033297	0.000296689	0.000240526	0.000168776	7.44174e-005	5.05702e-006	1.36067e-006	3.66463e-006	2.46988e-006	2.4756e-006	3.4485e-005	2.53088e-005	3.73004e-006	4.37669e-007	2.65579e-007	2.31061e-007	1.22319e-006	8.73693e-007	1.4769e-007	8.41765e-008	1.04047e-007	1.67023e-007	3.03164e-007	5.89969e-007	4.40365e-007	2.02866e-007	7.91678e-008	2.49916e-008	

88	0.254	4	0	task-3:0.426	task-0:0.406	task-1:0.436	task-2:0.436	|	0.0556529	0.0898524	0.0880856	0.0645058	0.0571502	0.0571485	0.0556683	0.0556286	0.0552448	0.0554254	0.0549789	0.0547227	0.0545085	0.0543232	0.0541678	0.0541402	0.054044	0.053944	0.0538171	0.0536469	0.0534239	0.0531276	0.0527173	0.0522044	0.0518477	0.0512642	0.0507847	0.050631	0.0497045	0.0500934	0.0495788	0.0492416	0.0494064	0.0496051	0.0494862	0.0493827	0.0495344	0.049959	0.0504602	0.0512164	0.052266	0.0517427	0.0519502	0.0514669	0.0517543	0.0513186	0.050809	0.0505246	0.0501522	0.0495651	0.0493422	0.0494374	0.0494664	0.0489549	0.048757	0.0486777	0.0483828	0.0481523	0.0482648	0.049135	0.0504908	0.0519902	0.0537559	0.0558966	0.0540212	0.0531863	0.0528894	0.0522026	0.0508438	0.0506906	0.0507371	0.0508617	0.0510287	0.0511597	0.0513061	0.0514605	0.0516062	0.0517085	0.051728	0.0515788	0.0516991	0.0518275	0.051836	0.0517962	0.0517918	0.0518987	0.0521175	0.0524321	

144	0.429	4	0	task-3:0.316	task-0:0.362	task-1:0.324	task-2:0.368	|	0.0576921	0.0864699	0.0802886	0.0599515	0.0572838	0.0572933	0.0546794	0.0551995	0.0546573	0.0568266	0.0566899	0.0553315	0.0549014	0.0546949	0.0546968	0.0547082	0.0545776	0.0544749	0.0543306	0.0540942	0.0537686	0.0533356	0.0527486	0.0519702	0.0514122	0.0508489	0.0503711	0.0499923	0.0498747	0.050089	0.05068	0.0512183	0.051057	0.051214	0.0513796	0.0514927	0.0516305	0.0509385	0.0498441	0.0486624	0.0474384	0.0461312	0.044817	0.0439852	0.0431282	0.0423963	0.0432248	0.0426672	0.0433859	0.0431745	0.0436069	0.0433927	0.042977	0.042782	0.042897	0.0427489	0.0425321	0.0423299	0.0422294	0.0421441	0.0420347	0.0418846	0.0417952	0.0416221	0.0415232	0.0413995	0.0413856	0.0413347	0.0412809	0.0412472	0.0412857	0.0413119	0.0414039	0.0416096	0.041749	0.041989	0.0423579	0.0429521	0.0432479	0.0431963	0.0434039	0.0433701	0.0430828	0.0429501	0.043124	0.0430066	0.042782	0.0425956	0.0424748	0.0423462	0.0421934	0.0420127	0.0418026	0.0414287	0.0414806	0.0412144	0.0410736	0.0409265	0.0408362	0.0407572	0.040599	0.0406214	0.0405809	0.0405602	0.0405502	0.0405914	0.0405735	0.0405336	0.0405638	0.0406093	0.0406883	0.0407384	0.0408755	0.0407829	0.0407762	0.0407682	0.0408171	0.0408143	0.04077	0.0408093	0.0407915	0.040803	0.0407608	0.040799	0.0408087	0.0408033	0.0408156	0.0408392	0.04081	0.0407955	0.0408135	0.0407477	0.0407186	0.0406706	0.0405866	0.0405727	0.0405376	0.0404536	0.0403821	0.040333	0.0402927	0.0402178	0.0401813	0.0401513	

116	0.324	4	0	task-3:0.22	task-0:0.232	task-1:0.274	task-2:0.172	|	0.0759769	0.0605029	0.0587613	0.0594654	0.0585689	0.0547898	0.056836	0.0571624	0.054805	0.0550117	0.0550366	0.0545094	0.0549448	0.0549944	0.0546623	0.0545911	0.054635	0.0547011	0.0547434	0.0547636	0.054762	0.0547513	0.0547338	0.0547131	0.0546751	0.0546102	0.0544763	0.0542225	0.0538011	0.0531675	0.0522865	0.0511505	0.0501162	0.0494139	0.0486261	0.0468337	0.0452313	0.0440201	0.0447058	0.043696	0.0426432	0.0425935	0.0432937	0.043251	0.0428505	0.042569	0.042353	0.0813613	0.081599	0.0419253	0.0334211	0.0529849	0.0504222	0.0326305	0.0323341	0.0319999	0.0317716	0.0316449	0.0314261	0.0312195	0.0310407	0.030905	0.030792	0.0304952	0.0183229	0.0234682	0.0182603	0.0280242	0.0300427	0.030002	0.0299821	0.0296879	0.0298015	0.0297463	0.0296011	0.0294658	0.029318	0.0291409	0.0288844	0.0285924	0.0282366	0.0277968	0.027249	0.0265613	0.0256915	0.024586	0.0233583	0.0224729	0.0210665	0.0196608	0.0182124	0.0160469	0.00922775	0.00906466	0.00805651	0.00979665	0.00979665	0.00801109	0.00822074	0.00822074	0.00786846	0.00805251	0.00802886	0.00783884	0.00783868	0.00781769	0.00774908	0.00768201	0.00763678	0.00757499	0.00754535	0.00755962	0.00755288	0.00746039	0.00735247	0.00724639	

76	0.204	4	0	task-3:0.42	task-0:0.392	task-1:0.394	task-2:0.41	|	0.0672728	0.074083	0.0638873	0.0573201	0.0582135	0.0543143	0.056223	0.0576565	0.0538847	0.0527842	0.0527213	0.0522166	0.0525703	0.0523469	0.0518204	0.0516315	0.0514662	0.051509	0.0518681	0.0518726	0.0522192	0.0528859	0.0540501	0.0579321	0.0555315	0.0522333	0.0511663	0.0508084	0.0506358	0.0504115	0.0500744	0.0495833	0.0489426	0.0482988	0.0476082	0.046843	0.0461964	0.0455874	0.0523726	0.0501619	0.0550773	0.0544906	0.045839	0.0396989	0.0367357	0.0346505	0.0336869	0.034641	0.0423227	0.0825167	0.0862097	0.04965	0.0565995	0.0488242	0.0442691	0.0775214	0.0732002	0.0371924	0.0383434	0.0321641	0.0266246	0.0292116	0.028018	0.0287377	0.0319606	0.0331887	0.0356478	0.0457336	0.0491024	0.0472998	0.0457416	0.0450894	0.0441361	0.047499	0.0341427	0.0301418	

95	0.295	4	0	task-3:0.404	task-0:0.42	task-1:0.436	task-2:0.404	|	0.057611	0.0780536	0.0735279	0.0593052	0.0547151	0.0547094	0.0565609	0.0570209	0.0556286	0.0534151	0.0523948	0.0512251	0.0548436	0.0543399	0.0523839	0.0524558	0.05324	0.0535427	0.0528469	0.0520799	0.0514881	0.0634772	0.0621995	0.0522228	0.0518047	0.0519707	0.0510534	0.0503047	0.0498953	0.0498369	0.0496876	0.0494554	0.0490878	0.048745	0.0487875	0.0489588	0.0488018	0.048626	0.0485791	0.0485565	0.0481899	0.0478693	0.047284	0.0464883	0.0453389	0.0437621	0.0442699	0.0438681	0.0435039	0.0434988	0.0447564	0.0442951	0.0451749	0.0455462	0.0455263	0.0459542	0.0466835	0.047932	0.0503737	0.0483489	0.048165	0.0476176	0.0481626	0.0489482	0.0482786	0.047689	0.0476948	0.047673	0.047734	0.0478309	0.0480498	0.0480757	0.0483248	0.0488548	0.0497088	0.0513089	0.0540754	0.0581447	0.0553197	0.0553306	0.055364	0.0551923	0.0498425	0.0481804	0.0486338	0.0478385	0.0493375	0.0539723	0.0512645	0.0506786	0.0498685	0.0489443	0.0476775	0.0482034	0.0478423	

142	0.393	4	0	task-3:0.24	task-0:0.23	task-1:0.302	task-2:0.254	|	0.0665654	0.105094	0.101919	0.0616675	0.060018	0.0623737	0.0579877	0.0550215	0.0548975	0.0556853	0.0555874	0.0549344	0.0547434	0.0548142	0.0547514	0.0547517	0.0547309	0.054695	0.0546715	0.0546601	0.0546374	0.0546089	0.0545787	0.0545468	0.0545152	0.0544895	0.0545222	0.0544648	0.0543762	0.0542872	0.0541728	0.054024	0.0538173	0.05354	0.0531694	0.0526685	0.0519947	0.0514174	0.0505251	0.0496017	0.0483832	0.0633972	0.051237	0.0491514	0.0493848	0.0418449	0.0565973	0.0530998	0.0437996	0.0460012	0.0456972	0.0455702	0.0463658	0.0464453	0.0447092	0.0432695	0.0423366	0.0422966	0.0417692	0.0409815	0.0404863	0.0397819	0.0391037	0.0384333	0.0375852	0.0367364	0.0359695	0.0354501	0.0346045	0.0342784	0.0339575	0.033447	0.0700138	0.0683922	0.0436554	0.0350479	0.0330014	0.0325301	0.0334777	0.0326802	0.0317884	0.0316202	0.0313182	0.0310071	0.0304352	0.0293063	0.027113	0.0244807	0.0230683	0.0218993	0.0198057	0.0210998	0.0201927	0.0220989	0.0228412	0.0289102	0.0258395	0.0283136	0.0267878	0.0288658	0.0292119	0.0303119	0.0292101	0.0287224	0.0301435	0.0302746	0.0291229	0.0285629	0.0287484	0.0292471	0.0294257	0.029404	0.0293374	0.0292268	0.0291675	0.0290642	0.0290143	0.0285245	0.0279505	0.0274794	0.0274822	0.0279041	0.0279289	0.0277455	0.02765	0.0278045	0.0279801	0.0278374	0.0279027	0.0281126	0.0284921	0.0295957	0.0310046	0.0321174	0.0328997	0.0335583	0.0341056	0.034968	0.0349851	0.0347085	0.0343902	0.0341132	

114	0.322	4	0	task-3:0.418	task-0:0.358	task-1:0.402	task-2:0.436	|	0.0569458	0.104979	0.103506	0.0701051	0.0576815	0.0576838	0.0554224	0.0559717	0.0545307	0.0545883	0.0544528	0.0544498	0.0544629	0.0544478	0.0544518	0.0544318	0.0544257	0.0544227	0.0544125	0.0544057	0.0543953	0.0543825	0.0543685	0.0543529	0.0543356	0.054316	0.0542938	0.0542571	0.0542238	0.0541765	0.0540992	0.0539901	0.0538575	0.0537121	0.0535682	0.0534748	0.053331	0.0531675	0.0529238	0.0526719	0.0528437	0.0527796	0.0523945	0.0521005	0.0518566	0.0513919	0.0508288	0.0502012	0.0494672	0.0478514	0.0476855	0.0485761	0.0483857	0.0485159	0.0479791	0.0471391	0.0461168	0.0455708	0.0451571	0.0447937	0.044424	0.044804	0.0448516	0.0441747	0.0433979	0.0431299	0.0431182	0.0430694	0.0426577	0.0422697	0.0419216	0.041642	0.041454	0.0414926	0.0417233	0.0417715	0.0417309	0.0423564	0.0424959	0.0428116	0.04297	0.0429859	0.0431018	0.0429355	0.0428665	0.0429119	0.0430253	0.0427862	0.0424428	0.0421318	0.0419538	0.0419029	0.0421812	0.0420469	0.042221	0.0425555	0.0427644	0.0427366	0.0426451	0.0425135	0.0424402	0.0422951	0.0421982	0.0421292	0.0421059	0.0421505	0.0422543	0.0423397	0.0422796	0.0422473	0.0422197	0.0422745	0.0422542	0.0422531	

75	0.235	4	0	task-3:0.478	task-0:0.376	task-1:0.466	task-2:0.476	|	0.061023	0.0763266	0.0691676	0.0580829	0.0545697	0.054475	0.0547767	0.0549671	0.0547731	0.0553172	0.0551618	0.0547745	0.0547414	0.0546824	0.0545692	0.0545557	0.0545216	0.0544374	0.0543694	0.0542804	0.0543058	0.094552	0.0870968	0.0528346	0.0528802	0.0442166	0.0429739	0.048496	0.0485004	0.0441695	0.0440966	0.0459677	0.0483304	0.0480991	0.046573	0.0462586	0.0465231	0.0468631	0.0473031	0.0478749	0.0485745	0.0495324	0.0508281	0.0517663	0.0517002	0.0518329	0.0521263	0.0518226	0.0515629	0.0511738	0.050568	0.0501973	0.0498797	0.0494753	0.049143	0.0486453	0.0480403	0.0475225	0.0471057	0.0467906	0.0465212	0.0458303	0.0443111	0.0439533	0.0427692	0.0417345	0.0431841	0.0426886	0.0410327	0.0407954	0.0409207	0.0406131	0.0406685	0.0403231	0.04016	

82	0.213	4	0	task-3:0.432	task-0:0.512	task-1:0.462	task-2:0.484	|	0.0553166	0.0977368	0.0914879	0.0659533	0.0548242	0.0547709	0.0552093	0.0552227	0.0546015	0.0549575	0.0549281	0.0545912	0.0545378	0.05452	0.054511	0.0544852	0.0544108	0.0543197	0.05423	0.054127	0.0540161	0.0538577	0.0536427	0.0533544	0.0529936	0.0525462	0.0523471	0.0524358	0.0526284	0.0528702	0.0528956	0.0527918	0.0523122	0.0523599	0.0526848	0.0528324	0.0528078	0.0527386	0.0527255	0.052741	0.0527582	0.0527779	0.0528031	0.0528355	0.0529186	0.0529921	0.0530753	0.0531824	0.0531664	0.0532147	0.0532843	0.0533279	0.0534378	0.0535268	0.0535106	0.0535685	0.05363	0.0536193	0.0536433	0.0536825	0.0536776	0.0536915	0.0537083	0.0537287	0.0537533	0.0537915	0.0537869	0.0537649	0.0537644	0.0537714	0.053779	0.0537759	0.0537778	0.0537803	0.0537836	0.0537879	0.0537972	0.0537954	0.0537973	0.0538005	0.0538045	0.0538097	

87	0.22	4	0	task-3:0.43	task-0:0.33	task-1:0.362	task-2:0.522	|	0.0940672	0.0640269	0.0624134	0.0550586	0.0556816	0.0549318	0.055205	0.0543304	0.0549577	0.0551329	0.054359	0.053996	0.0537138	0.0534494	0.0530535	0.0524596	0.0517018	0.0507637	0.0502129	0.0498886	0.0493799	0.0488903	0.0485561	0.0480372	0.0474405	0.0467567	0.0460132	0.0453494	0.0444085	0.043426	0.0429754	0.0428182	0.0424138	0.0417715	0.0410858	0.0403775	0.0401201	0.0394132	0.0392712	0.0405316	0.0388387	0.038627	0.0400374	0.0412001	0.0418252	0.0445371	0.0439123	0.0449607	0.0448586	0.0449503	0.0444268	0.0446723	0.0452251	0.0449009	0.0446496	0.0446569	0.0446397	0.0445872	0.0444693	0.0443559	0.0442595	0.0441195	0.0440225	0.0439625	0.0440825	0.0440773	0.0441449	0.044259	0.0444291	0.0446697	0.0448566	0.0451189	0.0453795	0.0457258	0.046169	0.0466222	0.0471485	0.0471886	0.0475461	0.0479572	0.047954	0.0469925	0.0466255	0.0453555	0.0420602	0.0428438	0.0506742	

82	0.212	4	0	task-3:0.432	task-0:0.512	task-1:0.462	task-2:0.484	|	0.0553166	0.0977368	0.0914879	0.0659533	0.0548242	0.0547709	0.0552093	0.0552227	0.0546015	0.0549575	0.0549281	0.0545912	0.0545378	0.05452	0.054511	0.0544852	0.0544108	0.0543197	0.05423	0.054127	0.0540161	0.0538577	0.0536427	0.0533544	0.0529936	0.0525462	0.0523471	0.0524358	0.0526284	0.0528702	0.0528956	0.0527918	0.0523122	0.0523599	0.0526848	0.0528324	0.0528078	0.0527386	0.0527255	0.052741	0.0527582	0.0527779	0.0528031	0.0528355	0.0529186	0.0529921	0.0530753	0.0531824	0.0531664	0.0532147	0.0532843	0.0533279	0.0534378	0.0535268	0.0535106	0.0535685	0.05363	0.0536193	0.0536433	0.0536825	0.0536776	0.0536915	0.0537083	0.0537287	0.0537533	0.0537915	0.0537869	0.0537649	0.0537644	0.0537714	0.053779	0.0537759	0.0537778	0.0537803	0.0537836	0.0537879	0.0537972	0.0537954	0.0537973	0.0538005	0.0538045	0.0538097	

82	0.245	4	0	task-3:0.432	task-0:0.512	task-1:0.462	task-2:0.484	|	0.0553166	0.0977368	0.0914879	0.0659533	0.0548242	0.0547709	0.0552093	0.0552227	0.0546015	0.0549575	0.0549281	0.0545912	0.0545378	0.05452	0.054511	0.0544852	0.0544108	0.0543197	0.05423	0.054127	0.0540161	0.0538577	0.0536427	0.0533544	0.0529936	0.0525462	0.0523471	0.0524358	0.0526284	0.0528702	0.0528956	0.0527918	0.0523122	0.0523599	0.0526848	0.0528324	0.0528078	0.0527386	0.0527255	0.052741	0.0527582	0.0527779	0.0528031	0.0528355	0.0529186	0.0529921	0.0530753	0.0531824	0.0531664	0.0532147	0.0532843	0.0533279	0.0534378	0.0535268	0.0535106	0.0535685	0.05363	0.0536193	0.0536433	0.0536825	0.0536776	0.0536915	0.0537083	0.0537287	0.0537533	0.0537915	0.0537869	0.0537649	0.0537644	0.0537714	0.053779	0.0537759	0.0537778	0.0537803	0.0537836	0.0537879	0.0537972	0.0537954	0.0537973	0.0538005	0.0538045	0.0538097	

61	0.183	4	0	task-3:0.478	task-0:0.476	task-1:0.566	task-2:0.476	|	0.0651434	0.0773525	0.0713055	0.0558533	0.0606003	0.0606099	0.0550663	0.0571726	0.0572835	0.0548098	0.0553964	0.0553912	0.0545444	0.0549475	0.0549301	0.0545331	0.0545604	0.0545609	0.0544757	0.0545473	0.0545451	0.0544838	0.0544748	0.0544648	0.0544362	0.0544065	0.054364	0.0543094	0.0720906	0.0725899	0.0543158	0.0540363	0.0549475	0.0716934	0.0723417	0.0794168	0.0540398	0.0540045	0.0575223	0.078755	0.078103	0.0694726	0.0556423	0.0552774	0.0576292	0.0611881	0.0569304	0.0528752	0.0519732	0.0526551	0.0519227	0.0493076	0.0480094	0.0480483	0.0484527	0.0492107	0.0483336	0.048382	0.0475345	0.0472179	0.0470696	

180	0.511	4	0	task-3:0.272	task-0:0.326	task-1:0.268	task-2:0.294	|	0.056802	0.0999599	0.0919255	0.0626815	0.0557809	0.055599	0.0533563	0.0549409	0.0555671	0.0560239	0.0531944	0.057732	0.0588999	0.0553972	0.0535512	0.0535313	0.053037	0.052701	0.0524544	0.0521587	0.0516707	0.0512062	0.0508941	0.0506684	0.0500964	0.0489481	0.0481213	0.0476885	0.0472535	0.0467931	0.0462881	0.0457667	0.045592	0.0453405	0.0454632	0.0456985	0.0459915	0.0474216	0.0467951	0.0455753	0.045326	0.0453095	0.045014	0.0449537	0.0449465	0.0449309	0.0448428	0.0446697	0.0444931	0.0444364	0.0444393	0.0444197	0.0443848	0.0442908	0.0441602	0.043987	0.043754	0.0434707	0.043138	0.0427638	0.0420135	0.0329503	0.0343238	0.0330398	0.0398778	0.041628	0.0416835	0.0411626	0.0413381	0.0402286	0.034211	0.0408694	0.0411776	0.0410597	0.0407979	0.0395634	0.0332625	0.0405816	0.0409351	0.0409895	0.0406936	0.0384035	0.0325906	0.0396466	0.0400594	0.0398975	0.0386598	0.0339541	0.0324709	0.0324	0.032272	0.0321148	0.0319683	0.0318244	0.0316633	0.03148	0.0314266	0.0313003	0.0312645	0.0312944	0.0312326	0.0311738	0.0311756	0.031154	0.0311321	0.0311113	0.0310579	0.0310339	0.0310002	0.0309617	0.0309172	0.0309182	0.0308804	0.0308702	0.0308678	0.0308427	0.0308213	0.0308695	0.0308484	0.0308425	0.0308463	0.0308931	0.0308864	0.0308226	0.0308075	0.0308217	0.0308244	0.0308022	0.0307951	0.0308103	0.03082	0.0308134	0.0308139	0.0308159	0.0308354	0.0308533	0.0308766	0.0308891	0.0308361	0.0308213	0.0308115	0.030795	0.0307693	0.0307309	0.0306822	0.0306244	0.0305606	0.0304839	0.0303959	0.0302972	0.0302307	0.0305346	0.030296	0.0299007	0.0299029	0.0301477	0.0300683	0.0299747	0.029971	0.0299856	0.030021	0.0299963	0.0300111	0.0300222	0.0300302	0.0300076	0.029977	0.0299594	0.0299465	0.0299336	0.0299165	0.0298957	0.029873	0.0298434	0.0297725	0.0297105	0.0297068	0.0296804	0.0297094	0.0296967	

162	0.455	4	0	task-3:0.034	task-0:0.112	task-1:0.194	task-2:0.09	|	0.0565622	0.0943067	0.0933242	0.0686612	0.0587117	0.0587123	0.0553919	0.055282	0.0550658	0.0555407	0.0553748	0.0551479	0.0552306	0.0550261	0.0548439	0.054946	0.0548083	0.0545439	0.0542614	0.0539691	0.053572	0.0530189	0.0522655	0.0512108	0.0497849	0.0479388	0.0466481	0.0454788	0.0439561	0.0435891	0.0449614	0.0443402	0.0428718	0.0424738	0.0423866	0.0424078	0.0422377	0.0418072	0.0412641	0.0406288	0.0398808	0.0388257	0.0377885	0.0365854	0.0351111	0.033377	0.0314574	0.0282596	0.0265406	0.0240744	0.0217066	0.019412	0.0168208	0.0152846	0.0130705	0.00949321	0.00881762	0.0108638	0.0105352	0.0106709	0.00969526	0.00821707	0.00650338	0.00612895	0.00649516	0.00584381	0.00505502	0.0046696	0.00458841	0.00451616	0.00440359	0.00403531	0.00366908	0.00336521	0.00312068	0.00288194	0.00261201	0.00240586	0.0022147	0.00201024	0.00187195	0.00170753	0.0015259	0.00133816	0.00115296	0.000985136	0.000932615	0.000862324	0.000808086	0.000536907	0.000423689	0.000348819	0.000449545	0.000339521	0.000340862	0.000331041	0.000293772	0.000273656	0.000279351	0.000256801	0.000238287	0.000239528	0.000262009	0.000272773	0.000256617	0.000260393	0.000272647	0.000258521	0.000252501	0.000247403	0.000247702	0.000242997	0.000216751	0.000180544	0.000154491	0.000127972	0.000103092	7.70736e-005	5.69518e-005	5.63587e-005	4.51976e-005	3.82569e-005	3.67896e-005	3.21158e-005	2.92555e-005	2.65628e-005	2.44079e-005	2.20276e-005	1.93326e-005	1.67909e-005	1.58695e-005	1.50655e-005	1.44332e-005	1.39345e-005	1.40585e-005	1.46744e-005	1.34076e-005	1.3084e-005	1.28993e-005	1.28598e-005	1.36999e-005	1.01528e-005	7.6584e-006	8.56438e-006	8.31155e-006	8.02833e-006	7.81889e-006	6.96295e-006	4.3632e-006	4.09998e-006	2.79923e-006	1.97707e-006	1.55732e-006	1.23092e-006	1.00713e-006	9.44762e-007	9.23527e-007	8.17213e-007	0.0400006	0.0400006	0.0399997	2.19315e-006	

128	0.374	4	0	task-3:0.104	task-0:0.184	task-1:0.18	task-2:0.25	|	0.0690898	0.0851284	0.0822745	0.0568152	0.0697846	0.0665747	0.0557377	0.0584103	0.0583384	0.0548972	0.055961	0.0559803	0.0546911	0.0547183	0.0544879	0.0543848	0.0543485	0.054247	0.054105	0.0539638	0.0538472	0.0537329	0.0535787	0.053359	0.0531089	0.0529261	0.0525201	0.0518688	0.0513961	0.0508739	0.0504269	0.0499552	0.0492758	0.0486478	0.0482308	0.0476754	0.0473901	0.0469225	0.0464	0.0463282	0.0461232	0.0458081	0.0457736	0.0455916	0.0563524	0.0815529	0.0820516	0.0644712	0.0650354	0.0648576	0.0646024	0.0642913	0.0640153	0.0636244	0.0630746	0.0629553	0.0834755	0.0640676	0.0646166	0.0668343	0.0577085	0.0566447	0.0497234	0.0653288	0.0872118	0.0861191	0.0551176	0.0534754	0.0601858	0.042276	0.0228111	0.0234875	0.0232106	0.0225123	0.017572	0.0308829	0.0427286	0.0409983	0.0177351	0.0289997	0.036806	0.0409096	0.040313	0.0395206	0.0383828	0.0369322	0.0352438	0.0333076	0.0335113	0.0334067	0.033491	0.0333609	0.0333188	0.0332839	0.0332599	0.033251	0.0332622	0.03279	0.0333236	0.0302989	0.0329059	0.0330694	0.0329513	0.0322874	0.0208252	0.0202771	0.0199241	0.0198391	0.0203104	0.0195326	0.0187599	0.0185708	0.0184236	0.00350609	0.00287397	0.0220575	0.0486265	0.0609616	0.0944852	0.0621785	0.084402	0.0835392	0.0645561	0.0679462	0.0747553	0.0711944	0.0657289	0.0435049	

91	0.259	4	0	task-3:0.634	task-0:0.396	task-1:0.718	task-2:0.722	|	0.0742478	0.0813824	0.0789276	0.056075	0.0651554	0.0604841	0.0547447	0.0583289	0.0578634	0.055099	0.0544935	0.0544802	0.0545192	0.0544889	0.054315	0.0543879	0.0543813	0.0542962	0.0542619	0.0542417	0.0542195	0.0542363	0.0542743	0.0543266	0.0543823	0.0544444	0.0545105	0.0545738	0.0546291	0.0546721	0.0547494	0.0884028	0.0813753	0.0549217	0.0548955	0.0466846	0.0465891	0.0541037	0.0539976	0.0502154	0.0446601	0.0447518	0.045405	0.049541	0.0491878	0.0462759	0.0458369	0.0464823	0.0459683	0.0460067	0.0454646	0.0452042	0.0450024	0.0448711	0.0448295	0.044897	0.0451255	0.0456144	0.0453747	0.0457046	0.0463322	0.0472331	0.0484243	0.049593	0.0495458	0.0505983	0.0510732	0.0514007	0.0511997	0.0510534	0.050818	0.0508751	0.050798	0.0505865	0.0501666	0.0539101	0.0528643	0.0835883	0.0826647	0.0828936	0.0839702	0.0835989	0.0826428	0.0823647	0.0828114	0.0831108	0.0829501	0.0833708	0.0835363	0.0834986	0.0832542	

54	0.174	4	0	task-3:0.478	task-0:0.476	task-1:0.534	task-2:0.524	|	0.0569978	0.0863093	0.0805122	0.0669127	0.0563337	0.0558037	0.055841	0.0544917	0.0545358	0.0548155	0.0547952	0.0545477	0.0545473	0.0545601	0.0545369	0.0545398	0.0545482	0.0545508	0.0545468	0.0545467	0.0545467	0.0545457	0.0545455	0.0545456	0.0545456	0.0545455	0.0545455	0.0545455	0.0545455	0.0545455	0.0545455	0.0545455	0.0545457	0.0726897	0.0661168	0.0498868	0.0545455	0.0545455	0.0545454	0.0494111	0.0534302	0.0485916	0.0493089	0.0545245	0.0545439	0.0545448	0.0545451	0.0545451	0.0545449	0.0545438	0.0545358	0.0544089	0.0503957	0.0485917	

153	0.443	4	0	task-3:0.308	task-0:0.354	task-1:0.318	task-2:0.34	|	0.0559038	0.0864778	0.0794299	0.0593779	0.0600421	0.0600472	0.0547474	0.0589823	0.0584512	0.0551209	0.05625	0.0562498	0.0549775	0.0550841	0.0550413	0.0546966	0.0546562	0.054476	0.0542998	0.0538584	0.0533577	0.0531469	0.0533266	0.0532667	0.0537495	0.0537755	0.053647	0.0536264	0.0536952	0.0535109	0.0532821	0.0529575	0.0525194	0.0519384	0.0512056	0.0502761	0.0495841	0.048375	0.0479287	0.0476529	0.0474917	0.047785	0.0471991	0.0472989	0.0467945	0.0460611	0.0455072	0.0449809	0.0440927	0.0434588	0.0423152	0.0408799	0.0425764	0.0430936	0.0434209	0.0434544	0.0434213	0.0433734	0.0432207	0.0430985	0.0429962	0.0429072	0.0428194	0.0427211	0.0426767	0.0425328	0.0402431	0.0427214	0.0425644	0.0428375	0.0427458	0.0426469	0.042609	0.0426133	0.0425069	0.0423913	0.0422039	0.0421012	0.0420373	0.0419756	0.0419047	0.0418157	0.0417364	0.0416576	0.0415678	0.0414659	0.0413737	0.0413675	0.0412876	0.0412098	0.0411621	0.0411307	0.041075	0.0410053	0.0409293	0.0408775	0.0409753	0.0409018	0.0409025	0.0408699	0.0408437	0.0408318	0.0408143	0.0408352	0.0408133	0.0408108	0.0408618	0.0408129	0.0407957	0.0408156	0.0407274	0.0406825	0.0406474	0.0406471	0.040601	0.0405637	0.0405734	0.0405439	0.0405202	0.0404934	0.0404816	0.0404778	0.0404755	0.0404616	0.0404507	0.0404382	0.0404239	0.0404078	0.0404161	0.0404417	0.0404652	0.040497	0.0405718	0.0406529	0.0407903	0.0407233	0.040593	0.0405194	0.0405641	0.0405868	0.0405573	0.0405691	0.0405394	0.0404926	0.0404684	0.0404489	0.0404372	0.0404497	0.0404812	0.0405054	0.0405265	0.0405594	0.0406037	

124	0.335	4	0	task-3:0.268	task-0:0.144	task-1:0.354	task-2:0.326	|	0.0706792	0.0714984	0.0685134	0.0554289	0.0583769	0.0554032	0.0544787	0.054282	0.0547775	0.0545534	0.0542547	0.0542782	0.0541675	0.0541354	0.0541291	0.0540801	0.0539992	0.0539127	0.0538126	0.0536748	0.0534938	0.0532601	0.0529589	0.0525821	0.0521106	0.0515362	0.0508723	0.0502844	0.0495552	0.0489514	0.0484071	0.048003	0.0475815	0.0473782	0.0471654	0.0469259	0.0466294	0.0462841	0.045926	0.0456014	0.0456466	0.0454888	0.0451617	0.0446376	0.043166	0.081935	0.0822641	0.0540329	0.0518966	0.0823537	0.0821767	0.0630754	0.0622608	0.0621271	0.0617953	0.0436894	0.0431384	0.042727	0.0424457	0.0421428	0.0419885	0.0419975	0.0418446	0.0418406	0.041986	0.0417955	0.0418589	0.0420359	0.0342092	0.0909534	0.0810604	0.0421765	0.0421324	0.032286	0.0320362	0.0347793	0.037695	0.0370118	0.0380442	0.0375679	0.0363089	0.0369004	0.0365593	0.0361777	0.0357549	0.0354178	0.03513	0.0348901	0.0347099	0.0345307	0.0344167	0.0344517	0.0345135	0.0345541	0.0345454	0.0345219	0.0344967	0.0345064	0.0344514	0.034442	0.0344351	0.0344657	0.0344779	0.0344204	0.0344223	0.0344318	0.0344548	0.0344235	0.0344199	0.0344168	0.0344677	0.0345016	0.0344562	0.0344337	0.0344021	0.0344253	0.0344347	0.0344082	0.0344085	0.0344431	0.0344297	0.0344218	0.0344374	0.0344486	

79	0.241	4	0	task-3:0.446	task-0:0.468	task-1:0.452	task-2:0.466	|	0.0743447	0.069889	0.0637145	0.0549163	0.0574606	0.0539813	0.0589427	0.0615984	0.0575362	0.0540912	0.0555974	0.0554555	0.0537863	0.0540564	0.0539552	0.0533673	0.0533993	0.0531251	0.0526659	0.0525586	0.0524631	0.0522588	0.0520816	0.0519825	0.052103	0.0523568	0.0522126	0.0523047	0.0525139	0.052984	0.0535861	0.0544578	0.0557884	0.0579036	0.0612679	0.060519	0.0578289	0.0569146	0.0555143	0.0545282	0.0543047	0.0543142	0.0544618	0.0545039	0.0545277	0.0545168	0.0543648	0.0542443	0.0542249	0.0542217	0.0542449	0.0542157	0.0541786	0.0541619	0.0541501	0.0541353	0.0541515	0.0541304	0.0541206	0.0541098	0.0541035	0.0540745	0.0540581	0.0540295	0.0539603	0.0539224	0.053861	0.0537881	0.0536888	0.0535803	0.0534773	0.0533962	0.0533164	0.0534245	0.0532761	0.0532841	0.053234	0.0531527	0.0531274	

196	0.568	4	0	task-3:0.024	task-0:0.094	task-1:0.204	task-2:0.11	|	0.0667727	0.0902506	0.0899376	0.0585236	0.070018	0.070018	0.0564852	0.0566667	0.055478	0.0545746	0.0546636	0.0544126	0.0544398	0.0544689	0.0545346	0.0545852	0.0547268	0.0548753	0.055017	0.0549071	0.0549097	0.0549194	0.0548976	0.0548356	0.0546424	0.0543733	0.0540823	0.0538457	0.0536393	0.0535709	0.0535937	0.0533286	0.0529998	0.0526626	0.0522711	0.0517199	0.0511562	0.0504881	0.0496753	0.0488202	0.0479179	0.0470297	0.0462738	0.0455869	0.0449929	0.0450575	0.0447927	0.0449379	0.044979	0.0451891	0.0452855	0.0453858	0.0454651	0.0455914	0.045631	0.045597	0.0455244	0.0449305	0.044474	0.0442032	0.0437331	0.0433976	0.0430145	0.0429457	0.0428501	0.0423897	0.0420597	0.0417307	0.0412058	0.040537	0.0397833	0.0389013	0.0378723	0.0366598	0.0355082	0.0341557	0.0327286	0.0311266	0.0295067	0.0279407	0.0267086	0.0256246	0.024633	0.0236765	0.023375	0.0227524	0.0218708	0.0212458	0.020324	0.0194191	0.0184394	0.0173752	0.016213	0.0160972	0.0153622	0.0143877	0.0134507	0.0121257	0.0114775	0.0107477	0.0102492	0.00959166	0.0100004	0.00904935	0.00950882	0.0131662	0.0113447	0.0117469	0.0106054	0.0117442	0.00998007	0.00848953	0.00812695	0.00787814	0.00770081	0.00740483	0.00714253	0.00695624	0.00665542	0.00632701	0.00594585	0.00556868	0.0052462	0.0050352	0.00480306	0.00457737	0.00445235	0.00438943	0.00420922	0.00418276	0.00424271	0.00413324	0.00407836	0.00398535	0.00389885	0.0038068	0.00371759	0.00361704	0.00352107	0.00344694	0.00340289	0.00328548	0.00321537	0.0031115	0.00298215	0.00282903	0.00270629	0.00255773	0.00246715	0.00232675	0.00218122	0.00203779	0.00191981	0.00180113	0.00167116	0.00155986	0.00147419	0.00138632	0.00128554	0.00118124	0.00108022	0.000985439	0.000903311	0.000852626	0.000771264	0.000705594	0.000643934	0.00058511	0.000553144	0.00051392	0.000480876	0.000448631	0.000420108	0.000392061	0.000357545	0.00032981	0.000303369	0.000284441	0.000269523	0.000241647	0.000228606	0.000210111	0.000196133	0.000185321	0.000174818	0.000163667	0.00015072	0.000139801	0.000134484	0.000125308	0.000116916	0.000110753	0.000102565	9.70991e-005	9.1506e-005	8.71905e-005	

103	0.273	4	0	task-3:0.184	task-0:0.266	task-1:0.27	task-2:0.168	|	0.054362	0.109603	0.108953	0.0839316	0.0570042	0.0604462	0.0616442	0.0544787	0.0600602	0.0601863	0.0560424	0.0545598	0.0545505	0.0545257	0.0546034	0.0543947	0.0544575	0.054395	0.0542354	0.0541917	0.0541268	0.0539736	0.0538105	0.0536292	0.0533909	0.0530701	0.0526449	0.052094	0.0513966	0.0510042	0.0503471	0.0495866	0.048744	0.0485006	0.0474305	0.0468209	0.0463561	0.071735	0.0728558	0.0832468	0.0523237	0.0807723	0.069066	0.0538786	0.0507211	0.0493344	0.0479563	0.0465692	0.0451864	0.0841194	0.0837277	0.0435654	0.0423968	0.0405491	0.07835	0.07627	0.0743486	0.0724967	0.0707927	0.0692301	0.0680344	0.0668541	0.0656653	0.0645633	0.063551	0.0627468	0.061597	0.0420829	0.0232224	0.023054	0.0228777	0.0228857	0.0231628	0.0238457	0.0250523	0.0268047	0.0280263	0.0292281	0.029912	0.0301827	0.0302413	0.0300846	0.0298038	0.0292338	0.0286574	0.0279949	0.0271621	0.0261853	0.0251956	0.0241532	0.0230442	0.0220235	0.0208772	0.0195017	0.018926	0.013148	0.0120686	0.0110341	0.0142281	0.0138999	0.0126363	0.0111392	0.00978755	

126	0.371	4	0	task-3:0.374	task-0:0.448	task-1:0.478	task-2:0.4	|	0.0576025	0.0913335	0.0828181	0.0574927	0.0599529	0.06175	0.0579598	0.0550019	0.0559908	0.0557882	0.0544932	0.0550805	0.0551049	0.0544843	0.0540249	0.0542091	0.0542243	0.054037	0.0554843	0.0552331	0.0542465	0.0540519	0.0540187	0.0541235	0.0543202	0.0546154	0.0544732	0.054458	0.0543769	0.0542054	0.0541886	0.0541056	0.054088	0.0541485	0.0539446	0.0539213	0.0536954	0.0534729	0.0532924	0.0530756	0.0528533	0.0526607	0.0547785	0.0546092	0.0528469	0.0526148	0.0526543	0.0526674	0.052375	0.0523332	0.0523181	0.0520444	0.0515918	0.051305	0.0511059	0.0509252	0.0506092	0.0503349	0.0501244	0.0498894	0.0496764	0.0495853	0.0492222	0.0489432	0.0486526	0.0483189	0.0478224	0.0472927	0.0466931	0.0460164	0.0452681	0.0444644	0.0436436	0.0431976	0.0432709	0.0431522	0.0431557	0.0426612	0.0423813	0.0421135	0.0421653	0.0423193	0.0422058	0.0422197	0.0421842	0.0423222	0.0423379	0.0421632	0.0419798	0.0419075	0.0419064	0.0419084	0.0419198	0.0419093	0.0418993	0.0419082	0.0419368	0.0418664	0.0418588	0.0418762	0.0418241	0.0417797	0.0417665	0.041775	0.0417837	0.0417896	0.0418034	0.0417793	0.0417703	0.0417619	0.041742	0.0417163	0.0416712	0.0416368	0.0416048	0.0415954	0.0415806	0.0415837	0.0415599	0.0415282	0.0415161	0.0415532	0.0416314	0.0416571	0.0416453	0.0416205	

168	0.496	4	0	task-3:0.082	task-0:0.064	task-1:0.122	task-2:0.182	|	0.0631889	0.0912371	0.0877656	0.0633628	0.0557606	0.0558003	0.055518	0.0566734	0.0544405	0.0555944	0.0556543	0.0543527	0.0543742	0.054356	0.0543334	0.0542794	0.0541338	0.054013	0.0538074	0.0534992	0.053129	0.0523351	0.0511848	0.0497646	0.0480876	0.0462347	0.0444779	0.0431678	0.0429973	0.0435768	0.0447222	0.0455439	0.0453378	0.0457023	0.0450883	0.0445586	0.0443561	0.0441253	0.0440868	0.043604	0.0432733	0.0430059	0.042621	0.0660634	0.0790407	0.0467671	0.065745	0.0756799	0.0701083	0.054854	0.0522093	0.0757964	0.0717158	0.0400279	0.0427278	0.0419539	0.0379446	0.0324968	0.029829	0.029336	0.0317604	0.029965	0.0258027	0.0240641	0.0239206	0.0245318	0.0236576	0.0241031	0.0235699	0.0236032	0.0232966	0.0229485	0.0226538	0.0219662	0.0217178	0.0211822	0.0206691	0.0201727	0.0195787	0.0189248	0.0183485	0.0177125	0.0167153	0.0154654	0.0139964	0.0126172	0.0130109	0.0109494	0.0104659	0.0106	0.0086083	0.00807513	0.00781686	0.00795949	0.00826313	0.00702495	0.00634345	0.00603936	0.00530801	0.00489106	0.00446402	0.00410066	0.00376863	0.00353183	0.00341752	0.00299182	0.00278973	0.00260538	0.00265441	0.00264251	0.00249053	0.00247258	0.00251086	0.00238835	0.00233799	0.00239132	0.0023503	0.00230484	0.00226392	0.00218738	0.00202933	0.00186507	0.00173084	0.00160369	0.0015508	0.00149605	0.00143842	0.00141584	0.00138754	0.00137124	0.00134439	0.00130989	0.00126747	0.00123656	0.00111545	0.00103785	0.0010342	0.000945085	0.000907321	0.000881426	0.00086216	0.000829248	0.000794229	0.000779059	0.00072221	0.000686257	0.000657765	0.000646628	0.000636027	0.000632947	0.000612863	0.000623471	0.000630336	0.000608222	0.00059822	0.000590281	0.000576014	0.00059135	0.000614989	0.000658246	0.000635268	0.000596799	0.000583391	0.000568347	0.00055603	0.000537652	0.000532473	0.000524755	

79	0.209	4	0	task-3:0.478	task-0:0.5	task-1:0.466	task-2:0.476	|	0.0744255	0.0632912	0.0542579	0.0561732	0.0567342	0.0548925	0.0547932	0.0547933	0.0545423	0.0545222	0.0545015	0.0545064	0.0545359	0.0545632	0.0546496	0.0546153	0.0545539	0.054538	0.0545216	0.0544963	0.0544932	0.0544765	0.0544281	0.0543758	0.0543187	0.0542811	0.0546294	0.102847	0.100213	0.0466068	0.0546644	0.0545456	0.0541812	0.0454903	0.0444086	0.0520477	0.0518863	0.0488356	0.0439871	0.0420205	0.0428551	0.0486122	0.0482219	0.0443891	0.0439186	0.0449469	0.0460774	0.0454298	0.0449043	0.0447906	0.0443844	0.0440414	0.0438754	0.043869	0.0440747	0.0444881	0.045213	0.0457732	0.0447644	0.0435242	0.0422029	0.0410196	0.0399233	0.0386753	0.03714	0.0351145	0.0368964	0.0383473	0.0402084	0.0541313	0.0514926	0.05937	0.0559822	0.0576182	0.0549475	0.0556919	0.0543835	0.0540822	0.0538391	

141	0.424	4	0	task-3:0.338	task-0:0.202	task-1:0.374	task-2:0.358	|	0.0671541	0.093268	0.0898388	0.0575	0.0643675	0.0644301	0.0579604	0.0551195	0.0549902	0.0555147	0.0554304	0.0547099	0.0545992	0.0546171	0.054539	0.0545218	0.0544809	0.0544753	0.0544844	0.0544981	0.0544947	0.054486	0.0544947	0.0545143	0.0545361	0.0545597	0.054579	0.0545872	0.0545873	0.0545822	0.0545741	0.0545665	0.0545529	0.0545314	0.0544195	0.054216	0.0541253	0.0540404	0.0537914	0.0766184	0.0770024	0.0756494	0.0544273	0.0544271	0.07938	0.07938	0.0546722	0.0546677	0.065203	0.0646968	0.0561059	0.0559799	0.0578253	0.0573615	0.0559801	0.0551263	0.0548548	0.0545395	0.0542598	0.0538306	0.0533885	0.0529985	0.0526379	0.0523631	0.0522453	0.052282	0.0519928	0.0519488	0.0517222	0.0514014	0.0512718	0.0515282	0.0539193	0.0525732	0.0509496	0.0505401	0.050175	0.0494783	0.0475968	0.0459719	0.0452914	0.0432807	0.0417283	0.0401853	0.0385755	0.0362288	0.0330749	0.0338964	0.0463973	0.044975	0.0384922	0.0361257	0.0369631	0.0390293	0.0394907	0.0376814	0.0365584	0.0407765	0.0398148	0.0386422	0.03904	0.0385023	0.0390719	0.0407922	0.0406427	0.0407137	0.0404781	0.0399889	0.0402173	0.0401268	0.039875	0.0398833	0.0397207	0.0395069	0.0394779	0.0392768	0.0392087	0.0390008	0.0387101	0.0384846	0.0383116	0.0380809	0.0379142	0.0376925	0.0375495	0.037449	0.0373399	0.0371607	0.0369446	0.0367451	0.0365988	0.0364455	0.0363056	0.0361897	0.0361466	0.0359238	0.0358206	0.0357378	0.0356799	0.0355712	0.0355722	

106	0.279	4	0	task-3:0.27	task-0:0.27	task-1:0.256	task-2:0.256	|	0.0560657	0.106505	0.105154	0.0729037	0.0563036	0.0571334	0.0544891	0.0557708	0.0544867	0.0554091	0.0553415	0.0542492	0.0541036	0.0537721	0.0530306	0.052098	0.0515836	0.0505903	0.0494405	0.048488	0.0473697	0.0463615	0.0458913	0.0458852	0.0453671	0.0452756	0.0453396	0.0454195	0.0455148	0.0455446	0.0457429	0.0836541	0.0847057	0.0525818	0.0490437	0.0645702	0.0744301	0.0657624	0.0465708	0.0462157	0.0459947	0.0459065	0.0458703	0.0459107	0.0460353	0.0461293	0.0462085	0.058698	0.05663	0.0460315	0.0458655	0.0452957	0.0354224	0.034583	0.0342129	0.0339755	0.0334117	0.0332251	0.0329684	0.0327693	0.03307	0.0407916	0.043304	0.0437819	0.0436348	0.0433572	0.0430936	0.0428284	0.042594	0.0423797	0.0421968	0.0421763	0.0420643	0.0419734	0.0419113	0.0419587	0.0420097	0.0420599	0.0420603	0.0417727	0.0323702	0.0323215	0.032204	0.0319823	0.0317621	0.0314766	0.0314325	0.0309901	0.0307108	0.0306638	0.0305698	0.0304126	0.0302834	0.0300666	0.029793	0.0295598	0.0291933	0.0286903	0.0285448	0.0286217	0.0285842	0.0284499	0.0282926	0.0282404	0.0282474	0.0282838	

113	0.321	4	0	task-3:0.096	task-0:0.026	task-1:0.164	task-2:0.17	|	0.0712531	0.0649494	0.0578986	0.0589924	0.0583323	0.0546941	0.0570768	0.0568636	0.054989	0.0545882	0.0545447	0.0546142	0.0546298	0.0545663	0.0545832	0.0546153	0.0546638	0.0547045	0.0547226	0.054682	0.0545571	0.0542932	0.0540037	0.0538116	0.0537358	0.053485	0.0530297	0.0524312	0.0514074	0.0501995	0.048885	0.0479916	0.0484724	0.0477956	0.0480147	0.0488257	0.0493617	0.0479354	0.0719344	0.0710865	0.0414684	0.0410401	0.0445541	0.0684976	0.0827703	0.082925	0.0681151	0.0592017	0.0450692	0.0450692	0.047975	0.0402823	0.0296371	0.0264314	0.0231168	0.0201316	0.0204932	0.0190309	0.0169037	0.015558	0.013844	0.0123098	0.0106498	0.0089508	0.00741739	0.00618552	0.0307161	0.0271307	0.0142679	0.0110506	0.00903842	0.03883	0.041027	0.0138146	0.00907693	0.00718758	0.00625196	0.00590073	0.0051631	0.00512814	0.00487266	0.00459299	0.00450722	0.00445101	0.00433064	0.00409315	0.00377452	0.00355274	0.00337764	0.00311882	0.00281531	0.00251141	0.0022288	0.00196498	0.0017313	0.00151065	0.00137779	0.00121234	0.00106141	0.000919485	0.00076697	0.000621434	0.000487879	0.000353808	0.000250412	0.000189166	0.000181742	0.000142472	0.000117294	0.000103228	8.55275e-005	7.48102e-005	6.50001e-005	

102	0.272	4	0	task-3:0.42	task-0:0.402	task-1:0.662	task-2:0.44	|	0.0645834	0.080405	0.0785018	0.0614678	0.0551913	0.0551178	0.0555615	0.0557082	0.0545755	0.0544273	0.0542267	0.0540255	0.0538488	0.0535466	0.0532347	0.0528025	0.0522903	0.0516418	0.0505805	0.0494597	0.0482189	0.0475133	0.046283	0.0445247	0.0474692	0.0463667	0.0474804	0.0467388	0.044755	0.0456433	0.0453593	0.0433261	0.0425996	0.0419951	0.0413498	0.0407636	0.0402708	0.039784	0.0395889	0.0393703	0.0393221	0.0391319	0.038999	0.0390092	0.0386034	0.0384193	0.0382437	0.0380438	0.0381742	0.0378143	0.0425009	0.037591	0.0375409	0.0375301	0.0369824	0.0400089	0.0403681	0.0372907	0.0372326	0.0374618	0.0377866	0.0382032	0.038329	0.0362225	0.0412946	0.0417512	0.0381447	0.0446109	0.0507391	0.0496332	0.0442879	0.0397459	0.0401416	0.0461573	0.0531118	0.0412214	0.0412821	0.0413286	0.0398911	0.041004	0.0406837	0.0400244	0.0405028	0.0405474	0.0405707	0.0408865	0.0410495	0.0410227	0.0410046	0.0408156	0.0406078	0.0404341	0.0404412	0.0405115	0.0408512	0.0406871	0.0410182	0.0413126	0.0412528	0.0413751	0.0416021	0.0419496	

120	0.363	4	0	task-3:0.404	task-0:0.368	task-1:0.372	task-2:0.418	|	0.0678455	0.0665699	0.057087	0.0545951	0.0546379	0.0545543	0.05444	0.0538964	0.0534734	0.0527781	0.0526776	0.0527324	0.0526555	0.0526311	0.052791	0.0529151	0.0530122	0.0532504	0.0533875	0.0535689	0.0525672	0.0528639	0.0530313	0.0528205	0.0524237	0.0508666	0.0503383	0.0507829	0.050331	0.0493277	0.0488127	0.0485119	0.0483278	0.0482503	0.0481133	0.0479945	0.0476699	0.0473344	0.0474465	0.0477439	0.0475135	0.0476277	0.0477049	0.047744	0.0479399	0.0477565	0.0477029	0.0475844	0.0476997	0.0478327	0.0476575	0.0477271	0.0479513	0.0482991	0.0489549	0.0487987	0.0484993	0.0483658	0.0484138	0.0483374	0.0482235	0.0481642	0.0480699	0.0479049	0.0476063	0.0471934	0.0467725	0.0462946	0.0458052	0.045213	0.0445833	0.0439738	0.0434382	0.043085	0.0425536	0.0420049	0.0414027	0.0407839	0.0401936	0.0397667	0.0396321	0.0394987	0.0392001	0.0389073	0.0386681	0.0385573	0.0383133	0.0381374	0.0378535	0.0377371	0.0377468	0.0375015	0.0376795	0.0376429	0.0374578	0.0373854	0.0373124	0.0372378	0.0371452	0.0370265	0.0368901	0.0368147	0.0367056	0.0366191	0.0365249	0.0364078	0.0363015	0.0361914	0.0360387	0.0359503	0.035854	0.0357499	0.0356416	0.0355093	0.0353922	0.035279	0.0351447	0.0349644	0.0347971	0.0346601	

92	0.259	4	0	task-3:0.492	task-0:0.536	task-1:0.466	task-2:0.486	|	0.0745237	0.065055	0.0596895	0.0560407	0.0568517	0.0545357	0.057123	0.0571047	0.0548497	0.054577	0.0547494	0.0543942	0.0545503	0.0546867	0.0544334	0.0543423	0.0543708	0.0543854	0.0544235	0.0544543	0.054497	0.0545215	0.0545243	0.0545148	0.0544985	0.0544787	0.054456	0.0544235	0.0543732	0.0542973	0.0541863	0.0540286	0.0538146	0.053636	0.0533774	0.0531314	0.0528627	0.0673872	0.0622689	0.052758	0.0525657	0.0524938	0.0444025	0.0778231	0.054122	0.0517729	0.0421577	0.0427521	0.0430427	0.047133	0.0509072	0.0506614	0.0480124	0.0474213	0.0484778	0.0498505	0.0496209	0.0485962	0.0486454	0.0492544	0.0500129	0.0503156	0.0498286	0.0498282	0.0497581	0.0496954	0.0495692	0.0494592	0.0493289	0.0491552	0.0493671	0.0497253	0.0501485	0.0507749	0.077072	0.0769054	0.0541946	0.0537052	0.0598946	0.0585742	0.0540478	0.0538158	0.0546455	0.0559574	0.0553032	0.0539684	0.0529185	0.0521203	0.0516098	0.0513909	0.0512439	0.0511315	

104	0.308	4	0	task-3:0.544	task-0:0.428	task-1:0.446	task-2:0.624	|	0.0602476	0.0709023	0.0616152	0.0547897	0.0575662	0.0575591	0.0549649	0.0546096	0.0544705	0.054476	0.0542874	0.0543245	0.0544412	0.0545216	0.0544353	0.0543553	0.0543372	0.054341	0.054355	0.0543795	0.0544188	0.0544716	0.0545152	0.0545379	0.0545337	0.0544975	0.0544199	0.0543036	0.101644	0.0946343	0.0545895	0.0545975	0.0776633	0.0770721	0.0546893	0.0545091	0.0532413	0.051706	0.0531069	0.0528003	0.0514319	0.0520035	0.0523637	0.0522747	0.0515817	0.0515676	0.0514542	0.0513365	0.0513625	0.0518094	0.0528541	0.0529576	0.0520912	0.0508583	0.050754	0.0512387	0.0519896	0.0527668	0.0534418	0.0534021	0.0537538	0.0541453	0.0545165	0.0548282	0.0550661	0.0550593	0.0550189	0.0550695	0.0551237	0.055136	0.0550822	0.0549633	0.054783	0.0545327	0.0542086	0.0538144	0.0535148	0.0533042	0.0530936	0.0529019	0.052787	0.052792	0.0528724	0.0530154	0.0531939	0.0533621	0.0534772	0.053328	0.0527688	0.0513802	0.0502979	0.0496778	0.0490782	0.0487222	0.0588123	0.12	0.120919	0.0717855	0.0559048	0.0558684	0.0574202	0.091463	0.0884933	0.0544716	

90	0.255	4	0	task-3:0.408	task-0:0.28	task-1:0.332	task-2:0.43	|	0.055843	0.101185	0.0983196	0.0694481	0.0552619	0.0639496	0.0590525	0.0547696	0.0549479	0.054419	0.0547489	0.0552193	0.0546092	0.0541988	0.0538278	0.0533298	0.0529934	0.0525779	0.051979	0.0515434	0.0517286	0.0514009	0.0514843	0.0512589	0.0508897	0.050557	0.0500852	0.0496005	0.0489659	0.0481876	0.0474515	0.0467311	0.0460413	0.045246	0.0446682	0.0442376	0.0441249	0.0438014	0.0439531	0.043645	0.0437136	0.0436056	0.0436595	0.0439672	0.0441629	0.0445027	0.0450502	0.0444847	0.044652	0.0450143	0.045167	0.0455417	0.0460832	0.0463272	0.0459775	0.0460966	0.0461463	0.0460406	0.0459641	0.0459936	0.0461381	0.0462421	0.0463014	0.0464143	0.0465731	0.0467596	0.0469857	0.0472621	0.0475927	0.0479803	0.0484506	0.0479391	0.0483174	0.0485533	0.0482066	0.04807	0.0483114	0.0484484	0.0486197	0.0488342	0.0490994	0.0486335	0.0489741	0.0490829	0.0487528	0.0486129	0.0487527	0.0487925	0.0488396	0.0488953	

135	0.384	4	0	task-3:0.104	task-0:0.148	task-1:0.23	task-2:0.09	|	0.0552777	0.106903	0.103923	0.0714543	0.0553811	0.0553808	0.0564601	0.0564439	0.0543928	0.0559505	0.0559378	0.054515	0.0542123	0.0542232	0.0541416	0.0540691	0.0539688	0.054016	0.0541513	0.0541585	0.0543352	0.0549293	0.0542816	0.0537172	0.0535728	0.0535839	0.05347	0.0531652	0.0526645	0.0516486	0.0490277	0.0436626	0.0409437	0.111513	0.109456	0.0434055	0.0434024	0.0501576	0.0966921	0.0913354	0.0534857	0.052465	0.0570828	0.0549552	0.0544294	0.0542894	0.0536735	0.0544871	0.0541905	0.0533291	0.0529944	0.0527551	0.0525075	0.0524774	0.0522245	0.0518813	0.0514762	0.0510886	0.0507269	0.0504806	0.0499546	0.0491343	0.0482792	0.0472722	0.0460731	0.0452073	0.0440169	0.0427493	0.04133	0.0398974	0.0384369	0.0367234	0.0353873	0.034542	0.0335941	0.0321831	0.0295666	0.0259187	0.0218592	0.0203416	0.0195847	0.0186387	0.0140276	0.00473028	0.00370868	0.00457101	0.0176097	0.0169517	0.0176386	0.0178308	0.0183818	0.0179462	0.017263	0.0168134	0.0166203	0.0164612	0.0161895	0.0160542	0.0160696	0.0160104	0.0158935	0.015666	0.0154913	0.0152211	0.0149725	0.0147054	0.0143889	0.014014	0.0135645	0.0130153	0.0123324	0.0114067	0.0101929	0.00866452	0.0068932	0.00497574	0.00463396	0.00367302	0.00276164	0.00199535	0.00144693	0.00111588	0.000874101	0.000679584	0.000526265	0.00040344	0.000302593	0.00022366	0.000159574	0.000110618	6.97316e-005	3.94873e-005	2.05982e-005	9.4429e-006	3.70137e-006	

123	0.334	4	0	task-3:0.32	task-0:0.34	task-1:0.334	task-2:0.348	|	0.0589092	0.0874414	0.0805422	0.0561413	0.0674139	0.0650726	0.0555352	0.0598905	0.059989	0.0558175	0.0544364	0.0540722	0.0543517	0.0539779	0.052938	0.051834	0.0514202	0.0525991	0.0527503	0.0523871	0.0520884	0.0521008	0.0520998	0.051972	0.0518984	0.0517302	0.051676	0.0517639	0.0516029	0.0513158	0.0510076	0.050593	0.0501598	0.0495419	0.0489476	0.0487954	0.0483103	0.048128	0.048082	0.0484712	0.0477187	0.0475304	0.0477258	0.0483582	0.0499974	0.0533727	0.0460625	0.0442994	0.0417569	0.0404383	0.0399212	0.0398383	0.0398167	0.0398792	0.0402234	0.0414291	0.0433745	0.0442677	0.0443412	0.0438913	0.0435084	0.0431584	0.0429362	0.042658	0.0422829	0.0423752	0.0420931	0.0420186	0.0419144	0.0417765	0.0417301	0.0417511	0.0417763	0.0418159	0.0417	0.0417901	0.041673	0.0417064	0.0416593	0.0416074	0.0415174	0.0413464	0.0411902	0.0409505	0.0406629	0.0403662	0.0403493	0.0401985	0.0400457	0.0400258	0.0399478	0.0398668	0.0397449	0.0396321	0.0395138	0.0393937	0.0393644	0.0392978	0.0392268	0.0391383	0.0392048	0.0391639	0.0391737	0.039227	0.0391468	0.0391594	0.0391647	0.039205	0.0391885	0.0392307	0.0392669	0.039274	0.039406	0.0395254	0.0395441	0.0396602	0.0395101	0.0394748	0.0394398	0.0396274	0.0395968	0.0393385	0.0391885	

84	0.248	4	0	task-3:0.378	task-0:0.308	task-1:0.468	task-2:0.42	|	0.0853081	0.0570528	0.0540855	0.0575656	0.0576667	0.0545327	0.054764	0.054916	0.0536108	0.0543529	0.054306	0.0535134	0.053456	0.0533479	0.0530482	0.0529704	0.0528359	0.0528248	0.0529018	0.0529271	0.0530385	0.0529849	0.0529542	0.053168	0.0537145	0.0550401	0.0577043	0.0627198	0.0698323	0.0754244	0.0730233	0.0586039	0.0551487	0.0492868	0.0462702	0.0447397	0.0435391	0.042763	0.0423267	0.0423316	0.0430883	0.0449385	0.0478747	0.0516767	0.0554274	0.0577549	0.0594897	0.0604382	0.055151	0.0548794	0.0585957	0.0570535	0.0531064	0.0494525	0.0500804	0.0525335	0.0547588	0.0547015	0.0536171	0.0526998	0.0521293	0.051782	0.0514205	0.051043	0.0508312	0.0509534	0.051339	0.0523333	0.0531715	0.0536301	0.0542141	0.0551795	0.0557726	0.0565346	0.0584005	0.0652245	0.0758914	0.0833263	0.07904	0.0915215	0.0832525	0.0891932	0.0981615	0.100012	

84	0.248	4	0	task-3:0.378	task-0:0.308	task-1:0.468	task-2:0.42	|	0.0853081	0.0570528	0.0540855	0.0575656	0.0576667	0.0545327	0.054764	0.054916	0.0536108	0.0543529	0.054306	0.0535134	0.053456	0.0533479	0.0530482	0.0529704	0.0528359	0.0528248	0.0529018	0.0529271	0.0530385	0.0529849	0.0529542	0.053168	0.0537145	0.0550401	0.0577043	0.0627198	0.0698323	0.0754244	0.0730233	0.0586039	0.0551487	0.0492868	0.0462702	0.0447397	0.0435391	0.042763	0.0423267	0.0423316	0.0430883	0.0449385	0.0478747	0.0516767	0.0554274	0.0577549	0.0594897	0.0604382	0.055151	0.0548794	0.0585957	0.0570535	0.0531064	0.0494525	0.0500804	0.0525335	0.0547588	0.0547015	0.0536171	0.0526998	0.0521293	0.051782	0.0514205	0.051043	0.0508312	0.0509534	0.051339	0.0523333	0.0531715	0.0536301	0.0542141	0.0551795	0.0557726	0.0565346	0.0584005	0.0652245	0.0758914	0.0833263	0.07904	0.0915215	0.0832525	0.0891932	0.0981615	0.100012	

179	0.521	4	0	task-3:0.08	task-0:0.166	task-1:0.222	task-2:0.13	|	0.0550531	0.0836955	0.0795647	0.0620766	0.0550759	0.0546958	0.0558642	0.0557335	0.0546046	0.0549158	0.0548419	0.0545053	0.0546714	0.0546907	0.0544984	0.0544312	0.0543864	0.054326	0.0542709	0.0541693	0.0540147	0.0537971	0.0534819	0.0530477	0.0524686	0.0517328	0.0508609	0.0502807	0.0497711	0.0490444	0.0485752	0.0481254	0.0476086	0.0471065	0.0465139	0.0459344	0.0454258	0.0449919	0.0430385	0.0432199	0.0448143	0.0427566	0.0766229	0.0770786	0.077008	0.0427188	0.0425505	0.0421813	0.077416	0.0745637	0.0472162	0.045507	0.051771	0.061404	0.0654546	0.0777241	0.06559	0.0733281	0.0772107	0.0730743	0.0839254	0.0842265	0.0657504	0.062881	0.0689164	0.0894673	0.0913189	0.0758627	0.0784204	0.0801273	0.0855595	0.0901576	0.0748436	0.0745118	0.0716081	0.0774515	0.0657334	0.0623299	0.0584066	0.056982	0.0574811	0.0526847	0.0526809	0.0848222	0.054692	0.0565436	0.0557531	0.0527384	0.0515761	0.0504379	0.0497346	0.0489188	0.0479107	0.041331	0.0529478	0.0747963	0.0749685	0.0694895	0.0576068	0.074503	0.0730424	0.0430831	0.0408132	0.0401232	0.040519	0.0395836	0.0374689	0.0366014	0.0359785	0.0358359	0.0356315	0.0354495	0.0351939	0.0348353	0.0208108	0.0203918	0.0199174	0.019509	0.0190874	0.0186935	0.0183657	0.00339663	0.00310979	0.00291162	0.00279981	0.00254777	0.00232108	0.00215623	0.018262	0.0184478	0.0343993	0.0343788	0.0342038	0.0340355	0.0338616	0.0337261	0.0334742	0.0337064	0.0335986	0.0332834	0.0332609	0.0333468	0.0333402	0.0332653	0.033279	0.0333445	0.0333647	0.0333617	0.0333508	0.0333278	0.0211365	0.0211295	0.0210954	0.0210549	0.0209966	0.0209352	0.0208679	0.0207913	0.0207029	0.0206112	0.0205105	0.0203902	0.0202509	0.0200947	0.0199224	0.0197378	0.0195433	0.0193429	0.0191463	0.018967	0.0188195	0.0187213	0.0348969	0.0347883	0.019156	0.0190533	0.0188739	0.0187569	0.0187222	

