91	2.122	16	0	task-3:0.014	task-0:0.014	task-1:0.03	task-2:0.034	|	0.312454	0.499865	0.499636	0.483686	0.311998	0.313707	0.297895	0.239737	0.266348	0.258514	0.225461	0.215429	0.20085	0.160307	0.122502	0.104624	0.0960423	0.0757907	0.067882	0.0597754	0.0516806	0.0476198	0.0457462	0.0414502	0.0382658	0.0359286	0.0322723	0.0282757	0.025922	0.0241534	0.0225421	0.0209943	0.0194433	0.0180381	0.017171	0.0166118	0.0159561	0.0151288	0.0144627	0.0142716	0.0133285	0.0129819	0.012688	0.0121776	0.0117343	0.0112932	0.0108083	0.0102817	0.0096866	0.00914921	0.00850671	0.00787977	0.0077371	0.00721436	0.00688183	0.00643125	0.00595837	0.0054926	0.00503498	0.00456286	0.00428256	0.0039725	0.00374571	0.00365384	0.00350979	0.00337231	0.00322151	0.00320641	0.00309475	0.00300272	0.00290166	0.00278736	0.00265525	0.00250893	0.00234832	0.00217708	0.001994	0.00226488	0.00191571	0.00203086	0.00201472	0.00182605	0.00182822	0.00178762	0.00175696	0.00172097	0.00167818	0.00163062	0.00157667	0.00151633	0.00144922	

71	1.94	16	0	task-3:0.032	task-0:0.048	task-1:0.106	task-2:0.068	|	0.278285	0.499358	0.49698	0.359988	0.232097	0.219468	0.192592	0.166574	0.14084	0.128838	0.123712	0.118276	0.110244	0.0962876	0.0826388	0.0689566	0.0622278	0.055381	0.0384829	0.0256008	0.0186225	0.0199346	0.0106212	0.00873935	0.0078852	0.00627711	0.00617176	0.00619368	0.00589026	0.00599261	0.0056792	0.00562943	0.00547611	0.00541911	0.00544161	0.00528639	0.00516711	0.005008	0.00480864	0.0045984	0.00446444	0.00435087	0.00424747	0.00404311	0.00379792	0.00356185	0.00324971	0.00314001	0.00311106	0.00306658	0.00307047	0.0033519	0.00349742	0.00387172	0.00492502	0.00578493	0.00639129	0.00724517	0.00717787	0.00685439	0.00764617	0.00796102	0.00775893	0.00770369	0.00796526	0.00820361	0.0084821	0.00890107	0.00884894	0.00867128	0.00866025	

99	1.788	16	0	task-3:0.004	task-0:0.01	task-1:0.054	task-2:0.018	|	0.24331	0.499964	0.499648	0.459829	0.2457	0.265779	0.200934	0.160864	0.143105	0.115088	0.105967	0.0890485	0.0670409	0.0613345	0.0551593	0.0457678	0.0376523	0.0266385	0.0283867	0.0201625	0.0152925	0.0166767	0.0141687	0.013145	0.0127676	0.0121613	0.0116532	0.0109548	0.0103986	0.00978505	0.00919021	0.00854491	0.00803428	0.00758756	0.00712427	0.00679183	0.00641372	0.00597112	0.00561255	0.00527816	0.0050541	0.00483958	0.00458141	0.00440008	0.00417017	0.0039611	0.00378799	0.00362642	0.00340442	0.00325397	0.00310746	0.00296373	0.00283175	0.00271008	0.00250764	0.00238212	0.00227459	0.00217308	0.00208711	0.00193815	0.00184713	0.00176887	0.00169046	0.00162089	0.00154395	0.00146708	0.00142356	0.00137427	0.00131817	0.00125817	0.00119528	0.00111816	0.00108893	0.0010499	0.00100566	0.000960257	0.000894958	0.000857065	0.000813713	0.000775617	0.000740941	0.000704434	0.0006894	0.000665178	0.000638889	0.000611699	0.000582408	0.000550042	0.000513749	0.000473855	0.000430308	0.000382819	0.000337949	0.000319562	0.000270404	0.000256733	0.000233016	0.000227531	0.000218515	

72	0.787	16	0	task-3:0.1	task-0:0.07	task-1:0.306	task-2:0.22	|	0.31224	0.496806	0.489236	0.380847	0.248093	0.246162	0.241666	0.233424	0.216505	0.208278	0.197962	0.191738	0.182711	0.172499	0.162466	0.159104	0.149335	0.144358	0.142363	0.14009	0.131787	0.127035	0.123713	0.121936	0.12161	0.122327	0.122673	0.123812	0.125479	0.127569	0.130494	0.131789	0.132451	0.134329	0.136893	0.139399	0.141684	0.143787	0.145712	0.146746	0.147911	0.146052	0.143024	0.140791	0.138883	0.135707	0.134287	0.157105	0.157095	0.156723	0.157836	0.157446	0.157047	0.15667	0.149159	0.155629	0.154317	0.174941	0.174323	0.173382	0.168222	0.167465	0.166976	0.160395	0.160499	0.160416	0.142517	0.150293	0.15717	0.156943	0.156784	0.156614	

71	0.797	16	0	task-3:0.036	task-0:0.048	task-1:0.164	task-2:0.124	|	0.392141	0.499876	0.499658	0.464908	0.263753	0.25959	0.229769	0.210171	0.185164	0.161561	0.152093	0.134141	0.116867	0.104174	0.0993246	0.0945872	0.0955769	0.0936069	0.0860765	0.0842375	0.0808927	0.0562436	0.0640635	0.0672925	0.0860696	0.0994787	0.104103	0.106493	0.107613	0.108884	0.103231	0.102144	0.0848071	0.059523	0.0503952	0.0603321	0.0836001	0.109231	0.0986478	0.0868936	0.0761369	0.0637938	0.0586918	0.0610034	0.0661818	0.0663305	0.0649833	0.0612098	0.0499882	0.063374	0.0880018	0.0939066	0.06602	0.0656995	0.0591767	0.0476829	0.061168	0.0600663	0.047395	0.0352743	0.0595987	0.0702649	0.0460725	0.0336482	0.0333986	0.0612853	0.060089	0.0403915	0.0323376	0.0319506	0.0312632	

136	1.159	16	0	task-3:0.052	task-0:0.068	task-1:0.26	task-2:0.112	|	0.254195	0.498481	0.495421	0.374487	0.284595	0.266654	0.245839	0.245275	0.234237	0.224291	0.20215	0.172114	0.151504	0.129886	0.109094	0.11153	0.103279	0.103027	0.106824	0.110514	0.116748	0.122606	0.128883	0.135741	0.143266	0.144946	0.148123	0.147589	0.147646	0.147843	0.147194	0.147259	0.147612	0.148079	0.147186	0.146775	0.146981	0.147163	0.147251	0.147107	0.146306	0.144984	0.144482	0.159092	0.159558	0.157459	0.156958	0.15516	0.152841	0.150022	0.130801	0.128784	0.127085	0.124967	0.124554	0.123782	0.13531	0.133576	0.121955	0.113044	0.112654	0.10312	0.0988171	0.0954567	0.0912718	0.089521	0.0858126	0.0831172	0.0812445	0.0792375	0.0783254	0.0769841	0.0763393	0.0651584	0.0628609	0.0602108	0.0580986	0.0743521	0.0730546	0.0714002	0.086014	0.0667655	0.0809155	0.0638402	0.0626102	0.0615416	0.0716207	0.142978	0.141247	0.0479658	0.0572249	0.054501	0.0497134	0.0487779	0.0492061	0.0504094	0.0509971	0.0282036	0.0302189	0.0290994	0.0180006	0.0308635	0.031108	0.0259587	0.0218658	0.0233543	0.0206015	0.0285505	0.0298619	0.0296719	0.0174492	0.0181774	0.0250547	0.0241161	0.0179384	0.0179344	0.0192196	0.0200827	0.0192645	0.0186962	0.0194709	0.0201662	0.0202778	0.0201116	0.0201132	0.0205047	0.0212563	0.0188501	0.0186113	0.0184652	0.0183409	0.0183266	0.0183787	0.0184864	0.0184411	0.0183289	

166	1.311	16	0	task-3:0.076	task-0:0.08	task-1:0.438	task-2:0.004	|	0.289939	0.499826	0.498591	0.430706	0.244091	0.251471	0.237507	0.230528	0.205125	0.188741	0.176567	0.158612	0.145945	0.132802	0.122304	0.123386	0.116596	0.117043	0.106518	0.103041	0.0915654	0.0798036	0.0728855	0.0637686	0.0540982	0.0456036	0.037299	0.0351093	0.032551	0.0216349	0.0200845	0.0193477	0.0167237	0.0178621	0.0195566	0.0217424	0.0183277	0.0174669	0.0177329	0.0183705	0.0187858	0.0190453	0.019258	0.0194762	0.0199578	0.0221147	0.0246827	0.0264336	0.0245071	0.0216526	0.0189336	0.0128966	0.00739692	0.00317141	0.00195237	0.00169134	0.00155036	0.00154389	0.0016907	0.00124625	0.000944089	0.00143128	0.000822705	0.000674852	0.000339998	0.000237709	0.000290088	0.000199764	0.000420475	0.00042026	0.000217057	0.000214263	0.000212839	0.000191118	0.000196104	0.000187494	0.000164292	0.000124153	5.62653e-005	4.65439e-005	8.11897e-005	8.7519e-005	5.6368e-005	3.12018e-005	1.80873e-005	1.5986e-005	1.84067e-005	2.73619e-005	2.64085e-005	1.88221e-005	1.18655e-005	6.33162e-006	2.82219e-006	2.19859e-006	1.14473e-006	4.84776e-007	1.55871e-007	1.19761e-007	6.24455e-008	1.97035e-008	5.86927e-009	1.66958e-009	5.04748e-010	1.40954e-010	3.1251e-011	5.14798e-012	6.0084e-013	5.91921e-014	0.00715438	0.0666667	0.05	0.0166667	3.13139e-009	0.00126521	0.000535014	2.19707e-006	0.0166667	0.0166667	1.81295e-005	0.00109884	6.59383e-005	2.00851e-006	0.0166015	0.0145476	9.60061e-008	6.94589e-007	3.70605e-008	6.08573e-008	0.0080673	3.62825e-009	1.67612e-015	9.4617e-012	5.7701e-012	1.51326e-013	8.16988e-014	4.29033e-013	2.13926e-012	2.35311e-012	1.28919e-012	5.83945e-013	6.13375e-013	4.3276e-013	3.7785e-013	2.33803e-013	1.47106e-013	1.47513e-013	3.73123e-014	1.45334e-014	4.58359e-015	4.67486e-015	0	0	0	0	0	0	0	0	0	0	0	0	0	0	0	0	

118	0.94	16	0	task-3:0.226	task-0:0.226	task-1:0.434	task-2:0.022	|	0.476278	0.491255	0.470639	0.284002	0.357237	0.322235	0.260658	0.247681	0.25233	0.251708	0.247223	0.248312	0.240774	0.222997	0.217956	0.196502	0.133848	0.154018	0.0836386	0.0723403	0.0822565	0.08261	0.0797536	0.0733794	0.0780335	0.082115	0.0830094	0.0818172	0.0793023	0.0760351	0.08099	0.0832969	0.0860287	0.0885911	0.0909119	0.101848	0.106201	0.109424	0.121665	0.139892	0.17005	0.154714	0.149528	0.141407	0.128171	0.109876	0.0935196	0.0844546	0.0741596	0.0666446	0.0609683	0.0543825	0.0518067	0.0469408	0.0448742	0.0342434	0.0321184	0.0309016	0.0305558	0.0190561	0.00191519	0.00137585	0.00556902	0.0025015	0.000738156	0.000581439	0.000435969	0.000308	0.000202515	0.0167832	0.0167301	0.0296269	0.0166792	0.016671	0.0166679	0.0333244	0.0166418	0.0162561	0.0313371	0.0591043	0.0674816	0.0461202	0.0771409	0.0608376	0.0456691	0.0467907	0.0467907	0.0455055	0.045787	0.045787	0.0455001	0.054705	0.0467516	0.0467516	0.0830317	0.0974592	0.0967249	0.0959938	0.09526	0.0947047	0.094691	0.094691	0.094595	0.102899	0.12086	0.120651	0.119174	0.114209	0.106333	0.104666	0.104574	0.0940495	0.0940519	0.0939618	0.0727729	0.0939986	0.0939867	0.0939821	

132	1.046	16	0	task-3:0.004	task-0:0.006	task-1:0.03	task-2:0.014	|	0.324567	0.499621	0.498174	0.427409	0.244324	0.246318	0.213587	0.202346	0.193358	0.180844	0.158988	0.132101	0.10069	0.0786108	0.0851578	0.0569422	0.0469523	0.0376065	0.0277602	0.0262271	0.0171387	0.0152152	0.00927537	0.00653697	0.00564397	0.00359559	0.00256648	0.00205162	0.00113561	0.000720528	0.000437145	0.000279936	0.000113032	5.23185e-005	2.02479e-005	6.41299e-006	3.50888e-006	2.38948e-006	8.74309e-007	3.83151e-007	2.63062e-007	1.18754e-007	6.42399e-008	8.25006e-008	2.58046e-008	1.39634e-008	1.26059e-008	1.03688e-008	9.14437e-009	7.45626e-009	5.79357e-009	4.99366e-009	5.25109e-009	4.80052e-009	3.26678e-009	3.01699e-009	2.6223e-009	2.61791e-009	2.45657e-009	2.4568e-009	2.73523e-009	2.25013e-009	2.03027e-009	1.79883e-009	1.57031e-009	1.38703e-009	1.30879e-009	8.5156e-010	6.13538e-010	4.10286e-010	2.58742e-010	1.5438e-010	8.80629e-011	4.59407e-011	2.04401e-011	7.67515e-012	2.38536e-012	6.17626e-013	1.30393e-013	2.35971e-013	5.35447e-014	1.27462e-013	1.27075e-013	3.30035e-014	6.78854e-014	6.73941e-014	3.80342e-014	2.72454e-014	2.28115e-014	1.95683e-014	2.20893e-014	2.3327e-014	1.94497e-014	1.72477e-014	1.54036e-014	1.39205e-014	1.52947e-014	1.43811e-014	1.31064e-014	1.17598e-014	8.27504e-015	7.5258e-015	6.92738e-015	4.73777e-015	5.74355e-015	6.91676e-015	5.10482e-015	4.7798e-015	4.41852e-015	4.02292e-015	2.12456e-015	3.54995e-015	3.35678e-015	3.15064e-015	1.64597e-015	0	0	0	0	0	1.56583e-015	1.56e-015	0	1.56334e-015	0	0	0	0	1.58712e-015	0	1.62785e-015	1.60617e-015	

117	0.938	16	0	task-3:0.222	task-0:0.26	task-1:0.32	task-2:0.048	|	0.328263	0.497529	0.490191	0.327059	0.245974	0.237956	0.183644	0.166464	0.163453	0.163344	0.165698	0.164179	0.165267	0.164728	0.166709	0.170228	0.174365	0.177544	0.179205	0.180835	0.182257	0.182082	0.179975	0.176486	0.173365	0.17784	0.166945	0.157749	0.143741	0.134389	0.129911	0.128243	0.120832	0.110686	0.0968804	0.088349	0.0970855	0.103035	0.113242	0.109999	0.111942	0.111137	0.10806	0.101204	0.100888	0.0940736	0.104427	0.0997512	0.0953094	0.0973	0.088692	0.0811362	0.0729037	0.0625808	0.0613861	0.049467	0.0409306	0.0359192	0.0288457	0.0282807	0.0215305	0.0204239	0.0191256	0.0166797	0.0127056	0.00760105	0.00778232	0.0129065	0.0127681	0.0101616	0.00645341	0.00599387	0.00741403	0.00980732	0.00946233	0.0077577	0.00765232	0.00785585	0.00833745	0.00968918	0.00925291	0.00812253	0.00792311	0.00796606	0.00807817	0.00830031	0.00891708	0.0118006	0.0119715	0.0106508	0.0092548	0.00888827	0.00871046	0.00976381	0.00973353	0.00910656	0.00922292	0.0094218	0.00964601	0.00949168	0.00917971	0.00906926	0.00904215	0.00903828	0.00906093	0.00911442	0.00920434	0.00933766	0.00884057	0.00900648	0.0096983	0.00974243	0.009507	0.00922573	0.00911716	0.0091337	0.00918716	

143	1.158	16	0	task-3:0.006	task-0:0.006	task-1:0.076	task-2:0.044	|	0.296633	0.499803	0.499189	0.453531	0.253407	0.253754	0.221984	0.194625	0.175301	0.167074	0.150944	0.135379	0.123148	0.117675	0.117946	0.105475	0.106082	0.11102	0.104973	0.110559	0.110506	0.105229	0.0973966	0.093815	0.0906107	0.094259	0.0946167	0.09215	0.0918089	0.0899642	0.0873837	0.0840895	0.0794857	0.0734691	0.0661075	0.0618768	0.0581619	0.0496789	0.0428122	0.0370617	0.0326018	0.0275243	0.129227	0.131521	0.029077	0.0299626	0.035616	0.0357589	0.0180557	0.0189663	0.0195544	0.0191183	0.0168061	0.0182278	0.0183662	0.0177081	0.0170513	0.01677	0.0163801	0.0164921	0.016352	0.0159187	0.0156262	0.0153149	0.0148937	0.0145854	0.0141398	0.0136553	0.0131823	0.0126703	0.0121165	0.0115129	0.0108885	0.0102624	0.0103181	0.00928749	0.00873912	0.00844052	0.00786625	0.00715259	0.00656996	0.00623032	0.00626615	0.0108289	0.0192482	0.0190889	0.00953132	0.00453967	0.00657552	0.0130124	0.00397662	0.000818823	0.010732	0.0133433	0.0135072	0.0139281	0.0117678	0.00483076	0.00151587	0.00120409	0.00153684	0.00297235	0.00211878	0.00102947	0.000870674	0.000830496	0.000806373	0.000801569	0.000742301	0.000712287	0.000704283	0.00071691	0.000767874	0.000882397	0.00111869	0.00110678	0.00129866	0.00163861	0.00230491	0.00382712	0.00246254	0.00213813	0.000990606	0.000541385	0.000305346	0.000244859	0.000226003	0.000212774	0.000203361	0.00019133	0.000190255	0.000320049	0.000444354	0.000482485	0.000637264	0.0012632	0.000112619	9.28174e-005	5.21687e-005	3.31063e-005	2.84732e-005	2.88313e-005	2.96013e-005	

88	0.713	16	0	task-3:0.014	task-0:0.012	task-1:0.048	task-2:0.022	|	0.233914	0.49897	0.463052	0.373982	0.269402	0.127499	0.10642	0.144563	0.139538	0.0818397	0.0877358	0.0772007	0.0709635	0.0691647	0.0657157	0.0639265	0.0586292	0.05447	0.0517512	0.0476435	0.0440948	0.0406805	0.0378799	0.0365171	0.033717	0.0318506	0.029876	0.0274946	0.0253602	0.0230339	0.0207203	0.0183469	0.0160261	0.0139723	0.0122214	0.01075	0.00984334	0.00880261	0.00902458	0.00778689	0.00743184	0.00687228	0.006893	0.00642099	0.00607086	0.00582876	0.00554403	0.00525835	0.00492773	0.00458347	0.00447467	0.00421894	0.00398027	0.00377029	0.0036003	0.00342371	0.00337263	0.00319263	0.00305727	0.00305283	0.00291466	0.00281746	0.00272549	0.00262689	0.00252152	0.00241329	0.00229971	0.00224059	0.00217906	0.00211212	0.00203995	0.00196137	0.00187584	0.00181075	0.00176072	0.00171858	0.00169703	0.00164711	0.00160807	0.0015778	0.0015217	0.00147399	0.0014267	0.00139211	0.00136342	0.00132121	0.00128559	0.00124876	

68	0.563	16	0	task-3:0.084	task-0:0.074	task-1:0.076	task-2:0.026	|	0.223745	0.499087	0.495858	0.398162	0.215366	0.210453	0.182194	0.144798	0.125436	0.0967188	0.0886829	0.0746788	0.0584831	0.0560793	0.0432272	0.0360656	0.0283669	0.0218287	0.0191044	0.0244034	0.0215693	0.0220695	0.0216349	0.0209058	0.0209341	0.0192504	0.0188814	0.018364	0.0174608	0.0170515	0.0167262	0.0164676	0.0164525	0.0162907	0.0160657	0.016204	0.0163134	0.0161527	0.0158811	0.0157133	0.0155558	0.0153646	0.0148591	0.014461	0.0138548	0.0132604	0.0126458	0.0120006	0.0113688	0.0113807	0.0106738	0.0103158	0.010002	0.00931269	0.00877652	0.00810582	0.0076685	0.00729403	0.00674486	0.00639022	0.00610335	0.0059113	0.00571575	0.00565073	0.00576005	0.00554054	0.00400999	0.00845083	

106	0.914	16	0	task-3:0.014	task-0:0.008	task-1:0.076	task-2:0.024	|	0.293394	0.499888	0.499353	0.420959	0.216121	0.242375	0.206242	0.218503	0.21005	0.184852	0.166452	0.15615	0.143681	0.131946	0.109473	0.091088	0.0879807	0.094433	0.0942164	0.0971351	0.0952945	0.0856771	0.0821369	0.0938123	0.0873846	0.0697289	0.06992	0.0693268	0.0664862	0.0605576	0.0612959	0.0587742	0.0536702	0.0507986	0.0476496	0.0439829	0.0396024	0.0347842	0.0302966	0.0273501	0.0246698	0.0221755	0.0215997	0.0204861	0.019115	0.0184864	0.0177164	0.016646	0.0155505	0.0143261	0.0129745	0.0115383	0.0101972	0.00915628	0.00829458	0.00722124	0.00547897	0.0298881	0.00606425	0.0525186	0.0417852	0.0228379	0.0220138	0.018152	0.0286815	0.0212142	0.0169792	0.016727	0.016677	0.0163482	0.0152247	0.0148865	0.0139552	0.0125723	0.0119075	0.0108626	0.00992067	0.00911345	0.00817939	0.00702426	0.00589565	0.00482112	0.00401894	0.00341658	0.00299939	0.00274264	0.00246167	0.00223246	0.00227793	0.00224048	0.00207044	0.00195426	0.00202307	0.00193013	0.00185757	0.00177437	0.00167782	0.00156639	0.00144325	0.00152094	0.0014029	0.00122002	0.00103055	0.000997593	0.000902407	0.000801041	

170	0.813	16	0	task-3:0.006	task-0:0.004	task-1:0.066	task-2:0.054	|	0.367318	0.499695	0.498902	0.447354	0.228344	0.32943	0.271654	0.182628	0.169398	0.155386	0.139682	0.126931	0.110436	0.0961932	0.0820657	0.0852343	0.0823414	0.0747884	0.0697165	0.0647056	0.05944	0.0549807	0.052844	0.0501211	0.0475401	0.0476214	0.0444118	0.0389582	0.033815	0.0285482	0.0151343	0.0132972	0.00362089	0.00196613	0.0174163	0.0168505	0.0069184	0.00150744	0.00144448	0.00199853	0.00306367	0.00190826	0.0011942	0.00110993	0.00126151	0.00132231	0.000862429	0.000703475	0.000599083	0.000490715	0.000402023	0.00022503	0.000152972	0.000118523	0.000122223	5.47767e-005	4.12554e-005	3.19263e-005	2.46361e-005	2.44505e-005	1.56789e-005	0.000114084	4.57259e-005	9.0324e-006	1.00374e-005	7.17056e-006	5.35494e-006	4.79551e-006	4.58043e-006	5.06832e-006	4.08349e-006	4.18865e-006	4.37693e-006	4.82674e-006	7.92271e-006	4.95182e-006	5.0756e-006	5.43861e-006	6.104e-006	7.20389e-006	8.76765e-006	6.78676e-006	7.44942e-006	7.26646e-006	8.0463e-006	1.05414e-005	7.7072e-006	7.71776e-006	7.83277e-006	8.04689e-006	8.20462e-006	9.34126e-006	9.72843e-006	1.15669e-005	1.02455e-005	1.04812e-005	1.0983e-005	1.17826e-005	1.26054e-005	1.38534e-005	1.22368e-005	1.23726e-005	1.09052e-005	1.13061e-005	9.99112e-006	9.4033e-006	8.99983e-006	8.72791e-006	8.47683e-006	7.4058e-006	6.09912e-006	5.06285e-006	4.08419e-006	3.74323e-006	5.35963e-006	3.76511e-006	5.29533e-006	0.033333	0.0166775	0.000576976	0.00185836	0.000338932	1.42573e-005	0.0166704	0.0166442	3.9105e-006	4.01687e-006	2.74173e-006	2.14713e-006	1.94082e-006	1.60292e-006	1.30847e-006	1.07131e-006	9.02098e-007	8.19862e-007	7.5192e-007	6.89538e-007	6.28307e-007	5.70124e-007	5.15804e-007	3.71546e-007	3.0672e-007	2.85281e-007	2.56787e-007	2.3056e-007	2.09747e-007	1.90313e-007	1.72798e-007	1.56369e-007	8.36728e-008	4.60559e-008	4.17783e-005	1.21425e-007	1.34582e-007	6.79554e-008	6.05683e-006	5.10986e-006	5.07587e-008	5.93392e-008	5.46461e-008	4.61696e-008	4.17306e-008	3.83433e-008	3.47799e-008	3.1143e-008	2.75757e-008	2.35939e-008	1.96135e-008	1.60239e-008	1.54221e-008	

107	0.43	16	0	task-3:0.014	task-0:0.008	task-1:0.054	task-2:0.016	|	0.275902	0.498609	0.490129	0.356638	0.22585	0.210136	0.180881	0.151945	0.135809	0.124948	0.107825	0.0818914	0.0585311	0.0477037	0.0569834	0.0512888	0.0377421	0.0343938	0.037378	0.0346998	0.0280719	0.0277156	0.026589	0.0246146	0.0229125	0.0212884	0.0192686	0.0169067	0.0143675	0.0111125	0.00791391	0.00519517	0.00426621	0.00477769	0.00339219	0.00336319	0.00278799	0.00218445	0.001598	0.00123953	0.000823709	0.000481513	0.000293234	0.000148181	6.83589e-005	3.37976e-005	1.39554e-005	8.1047e-006	5.22772e-006	5.36732e-006	3.45919e-006	2.40196e-006	1.98673e-006	1.16945e-006	7.88217e-007	6.00288e-007	3.98908e-007	4.32076e-007	2.85469e-007	3.53471e-007	2.67347e-007	1.66411e-007	1.25762e-007	1.3141e-007	9.53247e-008	9.94839e-008	2.47262e-007	6.35458e-008	3.3718e-008	2.73418e-008	2.69764e-008	1.94594e-008	1.62054e-008	1.32957e-008	1.22382e-008	1.22425e-008	1.33199e-008	1.635e-008	2.61998e-008	2.33019e-008	1.13457e-008	2.90087e-009	8.96141e-010	6.49058e-010	4.12745e-010	2.61456e-010	2.1827e-010	2.85463e-010	9.29271e-011	9.8376e-011	1.79553e-010	4.39761e-010	8.58644e-011	6.13002e-011	5.71697e-011	3.47595e-011	3.39814e-011	3.04518e-011	2.67064e-011	2.30485e-011	1.95766e-011	1.61575e-011	1.2946e-011	1.01494e-011	7.17425e-012	6.49273e-012	4.16071e-012	

107	0.435	16	0	task-3:0.014	task-0:0.008	task-1:0.054	task-2:0.016	|	0.275902	0.498609	0.490129	0.356638	0.22585	0.210136	0.180881	0.151945	0.135809	0.124948	0.107825	0.0818914	0.0585311	0.0477037	0.0569834	0.0512888	0.0377421	0.0343938	0.037378	0.0346998	0.0280719	0.0277156	0.026589	0.0246146	0.0229125	0.0212884	0.0192686	0.0169067	0.0143675	0.0111125	0.00791391	0.00519517	0.00426621	0.00477769	0.00339219	0.00336319	0.00278799	0.00218445	0.001598	0.00123953	0.000823709	0.000481513	0.000293234	0.000148181	6.83589e-005	3.37976e-005	1.39554e-005	8.1047e-006	5.22772e-006	5.36732e-006	3.45919e-006	2.40196e-006	1.98673e-006	1.16945e-006	7.88217e-007	6.00288e-007	3.98908e-007	4.32076e-007	2.85469e-007	3.53471e-007	2.67347e-007	1.66411e-007	1.25762e-007	1.3141e-007	9.53247e-008	9.94839e-008	2.47262e-007	6.35458e-008	3.3718e-008	2.73418e-008	2.69764e-008	1.94594e-008	1.62054e-008	1.32957e-008	1.22382e-008	1.22425e-008	1.33199e-008	1.635e-008	2.61998e-008	2.33019e-008	1.13457e-008	2.90087e-009	8.96141e-010	6.49058e-010	4.12745e-010	2.61456e-010	2.1827e-010	2.85463e-010	9.29271e-011	9.8376e-011	1.79553e-010	4.39761e-010	8.58644e-011	6.13002e-011	5.71697e-011	3.47595e-011	3.39814e-011	3.04518e-011	2.67064e-011	2.30485e-011	1.95766e-011	1.61575e-011	1.2946e-011	1.01494e-011	7.17425e-012	6.49273e-012	4.16071e-012	

89	0.369	16	0	task-3:0.036	task-0:0.034	task-1:0.05	task-2:0.022	|	0.269631	0.456728	0.309694	0.207562	0.149427	0.143426	0.0570686	0.0528071	0.0607961	0.0492154	0.0564531	0.0476432	0.0428827	0.039058	0.0326477	0.0279809	0.0237509	0.0259633	0.0165749	0.0211021	0.0205668	0.0166886	0.0139358	0.0130641	0.0125962	0.0122779	0.0128557	0.014559	0.0160366	0.016053	0.0137514	0.0100537	0.0104595	0.0105173	0.0111132	0.0102185	0.0091269	0.00804274	0.00729682	0.00691525	0.00673226	0.00666268	0.006295	0.00597142	0.00577808	0.00554445	0.00533264	0.00515254	0.00487931	0.00471994	0.00468149	0.00459085	0.00450052	0.0044816	0.00466897	0.00509695	0.00545231	0.00597878	0.00623562	0.00619615	0.00570511	0.00481505	0.0037645	0.00320952	0.00273883	0.00274156	0.00255603	0.0025561	0.00253833	0.00254503	0.00259198	0.00261091	0.00264051	0.00262723	0.00258883	0.00247407	0.0024036	0.00235286	0.00230633	0.00224526	0.00220164	0.00217116	0.00214102	0.00209191	0.00203795	0.00199223	0.00194862	0.00188324	0.00184554	

115	0.458	16	0	task-3:0.298	task-0:0.298	task-1:0.396	task-2:0.306	|	0.267599	0.498302	0.488937	0.391772	0.239302	0.280009	0.262151	0.212164	0.184158	0.180404	0.182734	0.185307	0.185053	0.18671	0.187842	0.184094	0.184261	0.187568	0.186188	0.179101	0.17083	0.163834	0.15955	0.155631	0.151889	0.148821	0.174431	0.180003	0.185376	0.187234	0.188035	0.189189	0.192327	0.199365	0.202599	0.214323	0.216413	0.210181	0.205236	0.19791	0.188377	0.187672	0.187511	0.200021	0.194259	0.19407	0.181047	0.193668	0.182777	0.19389	0.193881	0.193878	0.193878	0.181346	0.181292	0.174825	0.180563	0.175015	0.181025	0.180955	0.180895	0.180856	0.190607	0.199907	0.198891	0.187857	0.17382	0.166942	0.166942	0.180958	0.176862	0.173921	0.173922	0.180935	0.180947	0.180942	0.180936	0.180912	0.17392	0.166936	0.173878	0.172989	0.166909	0.17392	0.173918	0.173916	0.173914	0.173913	0.173914	0.172965	0.166814	0.166814	0.180975	0.181019	0.181016	0.181012	0.181007	0.181002	0.180996	0.180988	0.18098	0.173915	0.173814	0.166854	0.166847	0.180676	0.180988	0.180984	0.18098	0.180975	0.180968	0.180961	0.180951	0.17392	0.180942	

165	0.677	16	0	task-3:0.01	task-0:0.01	task-1:0.042	task-2:0.014	|	0.421111	0.497442	0.480553	0.353574	0.242767	0.237922	0.196672	0.156416	0.110325	0.0908527	0.065731	0.0517025	0.0419863	0.0366108	0.0348826	0.0328902	0.0273743	0.026841	0.0224085	0.020687	0.0184646	0.0166562	0.0150129	0.0135558	0.0126631	0.0115763	0.0108893	0.010144	0.00954951	0.00897714	0.00922619	0.00844847	0.00754132	0.0072135	0.00642511	0.00602645	0.00577626	0.0054237	0.0049885	0.00454114	0.00412252	0.00362627	0.00307195	0.00249532	0.00217922	0.00187053	0.00166897	0.00143186	0.00121119	0.00104926	0.000928477	0.000829148	0.000743706	0.000620262	0.000526829	0.0004643	0.000404733	0.000366176	0.000324603	0.000286316	0.00024309	0.00020675	0.000171349	0.00014592	0.000130753	0.000105525	8.82014e-005	8.43227e-005	7.58672e-005	6.83412e-005	6.38259e-005	6.16928e-005	5.63297e-005	5.19311e-005	4.72789e-005	4.24861e-005	3.75284e-005	3.34147e-005	2.95867e-005	2.77215e-005	2.46334e-005	2.22035e-005	1.82082e-005	1.50109e-005	0.00267123	0.000518369	0.00025034	0.000408264	1.92478e-005	0.00157853	0.00157855	6.38127e-005	4.48973e-005	0.000135833	0.000664358	0.000535281	0.000312842	0.000215429	0.000255056	0.000391346	0.000297565	0.000163	0.000118581	8.97914e-005	6.49285e-005	3.53518e-005	1.22556e-005	0.0165856	0.0165588	6.51566e-005	2.87077e-005	2.90971e-005	1.62646e-005	6.43426e-005	4.46998e-005	1.79635e-005	1.89329e-005	1.77593e-005	1.61781e-005	1.44466e-005	1.28637e-005	1.19297e-005	1.07654e-005	9.27992e-006	9.40646e-006	9.41243e-006	8.92232e-006	3.11195e-005	2.41726e-005	8.07829e-006	7.9219e-006	7.80955e-006	7.82918e-006	7.92339e-006	7.89167e-006	7.93446e-006	7.99594e-006	8.12194e-006	8.10957e-006	8.04028e-006	7.9567e-006	7.86982e-006	7.83535e-006	7.78312e-006	7.74594e-006	7.68964e-006	7.63662e-006	7.62625e-006	7.5998e-006	7.5684e-006	7.53616e-006	7.52435e-006	7.50912e-006	7.4916e-006	7.46757e-006	7.44021e-006	7.41149e-006	7.38302e-006	7.35522e-006	7.23304e-006	7.19471e-006	7.15091e-006	7.10093e-006	7.04293e-006	6.9746e-006	

304	1.22	16	0	task-3:0.02	task-0:0.02	task-1:0.03	task-2:0.016	|	0.235987	0.23415	0.267279	0.255338	0.0847531	0.215427	0.121027	0.0293828	0.0406067	0.0227953	0.0239782	0.0221161	0.0295468	0.0263903	0.0232964	0.0225011	0.0215158	0.020549	0.0195402	0.0186864	0.0180096	0.0174507	0.0171559	0.0169116	0.0159421	0.0153919	0.0153073	0.0143581	0.013185	0.0124998	0.0119575	0.0106217	0.00960173	0.00918387	0.00815486	0.00724548	0.0063044	0.00766512	0.00599339	0.00807478	0.00816664	0.00629141	0.00644638	0.00655799	0.00614689	0.00615826	0.00603326	0.00599842	0.0059325	0.00580916	0.00567893	0.00556819	0.00550701	0.00544419	0.00532509	0.00521272	0.00510188	0.00500528	0.00488651	0.00475088	0.00459238	0.00441162	0.00420065	0.00406648	0.00395288	0.00384214	0.00371585	0.00357011	0.00340099	0.00320476	0.00298855	0.00305109	0.00281766	0.00300666	0.00300631	0.00279752	0.00274901	0.00270852	0.0026597	0.00260635	0.00254972	0.00249044	0.00243026	0.00235437	0.00228324	0.00219778	0.00210164	0.00201956	0.0019719	0.00191238	0.00184763	0.0017787	0.00171405	0.00168387	0.00164127	0.00159448	0.00154306	0.00149729	0.0014781	0.00144749	0.00140535	0.00135989	0.00130357	0.00123707	0.00116309	0.00107971	0.00107667	0.00100631	0.00106943	0.00106951	0.00100709	0.000985787	0.000972933	0.000959634	0.000953355	0.000947359	0.000938782	0.000932464	0.000903319	0.000880466	0.000856124	0.000831168	0.000806363	0.000802164	0.000798549	0.000779435	0.000753317	0.000730868	0.000708674	0.000698095	0.000680046	0.000662224	0.000634712	0.000614475	0.000595068	0.00058805	0.000582101	0.000561564	0.000545127	0.000528174	0.000510226	0.000490687	0.000489714	0.000479167	0.000467662	0.000454175	0.00043841	0.00042006	0.000398926	0.000373793	0.000347688	0.000358533	0.000336253	0.000321328	0.000303869	0.000281276	0.000257973	0.000233209	0.000207595	0.000230228	0.000197452	0.000198746	0.000197717	0.000187824	0.000188964	0.0001909	0.000183345	0.000175603	0.000172091	0.000170823	0.000172785	0.000174043	0.000174043	0.000174815	0.000170814	0.000165573	0.000162082	0.000158857	0.000155884	0.000155008	0.000153053	0.000150728	0.000148013	0.00014512	0.000141899	0.000141039	0.000139888	0.000139826	0.000135515	0.000132359	0.000128699	0.000124489	0.000119704	0.000114315	0.000108322	0.000101768	9.46986e-005	9.59625e-005	8.99504e-005	8.56052e-005	8.08731e-005	7.57932e-005	7.04414e-005	7.06549e-005	6.63669e-005	6.31317e-005	5.96346e-005	5.60101e-005	5.62537e-005	5.34702e-005	5.12017e-005	4.88454e-005	4.62755e-005	4.3457e-005	4.36715e-005	4.13877e-005	3.96293e-005	3.76877e-005	3.55847e-005	3.33546e-005	3.31405e-005	3.15507e-005	3.01895e-005	2.87725e-005	2.72294e-005	2.55e-005	2.51175e-005	2.39535e-005	2.29136e-005	2.1781e-005	2.05464e-005	1.92476e-005	1.87434e-005	1.79151e-005	1.71373e-005	1.62882e-005	1.53761e-005	1.51041e-005	1.45245e-005	1.39592e-005	1.33371e-005	1.26596e-005	1.19304e-005	1.16383e-005	1.11979e-005	1.07611e-005	1.02815e-005	9.76509e-006	9.22033e-006	8.81076e-006	8.54359e-006	8.20665e-006	7.85367e-006	7.53867e-006	7.32807e-006	7.00792e-006	6.73013e-006	6.45656e-006	6.18353e-006	5.90022e-006	5.62035e-006	5.3601e-006	4.95939e-006	4.81536e-006	4.51862e-006	4.28698e-006	4.05964e-006	3.85027e-006	3.6482e-006	3.26457e-006	3.21489e-006	3.0917e-006	2.96781e-006	2.72928e-006	2.62775e-006	2.51877e-006	2.40991e-006	2.29727e-006	2.1843e-006	2.07486e-006	1.97483e-006	1.69833e-006	1.70063e-006	1.63895e-006	1.57789e-006	1.40771e-006	1.33584e-006	1.29171e-006	1.23671e-006	1.17995e-006	1.12336e-006	1.06969e-006	9.43478e-007	9.40971e-007	9.07225e-007	8.72673e-007	8.38626e-007	7.34488e-007	6.94404e-007	6.68783e-007	6.39e-007	6.08393e-007	5.78193e-007	5.50201e-007	

99	0.409	16	0	task-3:0.104	task-0:0.06	task-1:0.08	task-2:0.006	|	0.350396	0.499857	0.499308	0.468241	0.265674	0.34531	0.31461	0.254583	0.251618	0.242728	0.232613	0.217422	0.19179	0.173752	0.153495	0.140162	0.126908	0.116507	0.10525	0.0969678	0.0882904	0.0818666	0.0660377	0.0534878	0.0507663	0.0474381	0.0358198	0.0191345	0.0179161	0.0218535	0.0195459	0.018496	0.0156145	0.0128026	0.0122341	0.0124885	0.011018	0.00307365	0.00236772	0.00175617	0.012105	0.0124827	0.0101227	0.000667168	0.000113501	8.28662e-005	8.23175e-005	0.000141153	0.000111447	6.25752e-005	3.63901e-005	0.000360357	5.05686e-005	0.00270944	0.0024128	0.000326349	4.67599e-005	4.25657e-005	5.71249e-005	0.000191865	0.000143859	4.8383e-005	2.79741e-005	2.24e-005	2.05233e-005	2.10068e-005	2.74728e-005	1.04944e-005	8.7563e-006	7.5919e-006	6.51877e-006	5.37463e-006	4.16865e-006	4.05057e-006	3.73079e-006	3.83819e-006	5.27311e-006	3.81515e-006	2.89813e-006	2.26847e-006	2.08135e-006	2.20675e-006	2.38397e-006	1.74143e-006	1.50194e-006	1.32499e-006	0.000171943	1.12266e-006	9.42112e-007	8.98408e-007	9.55724e-007	1.08951e-006	1.28112e-006	1.57824e-006	2.06174e-006	2.92124e-006	4.67525e-006	7.20884e-006	1.18809e-005	

113	0.463	16	0	task-3:0.084	task-0:0.08	task-1:0.092	task-2:0.114	|	0.349889	0.498224	0.491214	0.339758	0.256949	0.26361	0.230633	0.211042	0.213833	0.195521	0.169581	0.154946	0.147252	0.12991	0.111381	0.0915439	0.094387	0.0821207	0.0750257	0.0687547	0.063928	0.071525	0.0612316	0.0547052	0.0635889	0.0658588	0.0643559	0.0631629	0.0682465	0.079106	0.0922032	0.0721678	0.067671	0.0634773	0.0551467	0.0462939	0.0379216	0.0375552	0.0416873	0.0491994	0.0423596	0.0430887	0.0478951	0.041407	0.0459174	0.0587763	0.0630596	0.0604585	0.0608583	0.0587845	0.0529987	0.0429098	0.0362041	0.0365597	0.0367812	0.0368208	0.0359873	0.0357166	0.0349571	0.0430135	0.0433979	0.0434965	0.0430175	0.0423319	0.0668776	0.14029	0.0405813	0.0469638	0.0415324	0.043762	0.127756	0.126593	0.0807643	0.074157	0.0722267	0.0867814	0.0860168	0.0884327	0.0784254	0.0844867	0.0749827	0.0593003	0.0547628	0.139566	0.106954	0.0522989	0.061764	0.0530752	0.050043	0.0593286	0.0574448	0.0478983	0.0471846	0.0510763	0.041537	0.0412601	0.0507133	0.0507667	0.0506292	0.0371964	0.0385718	0.0420518	0.0441041	0.0469257	0.0492394	0.053727	0.0522452	0.0491402	0.048048	0.0497502	0.0501291	0.0494505	0.0486468	

150	0.602	16	0	task-3:0.004	task-0:0.006	task-1:0.042	task-2:0.016	|	0.210741	0.498637	0.493231	0.396506	0.237082	0.240966	0.226955	0.21556	0.201097	0.19737	0.184024	0.164357	0.145392	0.135446	0.112401	0.0936325	0.081619	0.0618124	0.0558646	0.0479281	0.0375738	0.049701	0.0348675	0.022336	0.0165932	0.0206539	0.0264707	0.0205071	0.0198573	0.0186671	0.0163073	0.0151582	0.0141776	0.0127678	0.012299	0.0120588	0.0111673	0.0103243	0.00957211	0.00899434	0.00840792	0.00792957	0.00732821	0.00676118	0.0063039	0.00618581	0.00589571	0.00553341	0.00518356	0.00477363	0.00466568	0.00440484	0.00413942	0.00382009	0.00342937	0.00298461	0.00250089	0.00218683	0.00206403	0.00181349	0.00172464	0.00159599	0.00151165	0.0014451	0.00134621	0.00127364	0.00119869	0.00111865	0.00103616	0.000947083	0.000853639	0.000762312	0.000672398	0.000582687	0.000507428	0.000431416	0.000387988	0.000404358	0.000308163	0.000287902	0.000261881	0.000233935	0.000202828	0.000175076	0.000172575	0.000134255	0.0001748	0.000164323	0.000124738	0.000119151	0.000112446	0.000105161	9.94964e-005	9.20504e-005	8.28916e-005	7.30495e-005	6.31628e-005	5.39411e-005	5.16023e-005	4.59656e-005	4.8316e-005	4.61318e-005	4.23778e-005	4.14839e-005	3.98835e-005	3.89834e-005	3.80953e-005	3.69595e-005	3.59973e-005	3.58451e-005	3.54486e-005	3.50052e-005	3.12446e-005	2.90974e-005	2.68448e-005	2.42781e-005	2.16225e-005	1.90412e-005	1.64354e-005	1.3736e-005	1.1144e-005	8.71157e-006	6.54701e-006	4.78213e-006	3.54013e-006	5.21258e-006	2.93182e-006	2.22634e-006	2.06185e-006	1.73606e-006	1.46073e-006	1.25191e-006	1.06943e-006	8.89436e-007	7.17844e-007	6.47516e-007	5.5684e-007	4.649e-007	3.74758e-007	2.89738e-007	2.13148e-007	1.47814e-007	9.55648e-008	5.70909e-008	3.09265e-008	1.49201e-008	6.2774e-009	2.25133e-009	7.51714e-009	1.00755e-009	

69	0.28	16	0	task-3:0.228	task-0:0.242	task-1:0.452	task-2:0.018	|	0.28987	0.499415	0.497952	0.43424	0.234389	0.295139	0.267273	0.199771	0.174118	0.160956	0.144223	0.131562	0.126436	0.11914	0.111155	0.0985724	0.0721831	0.0425942	0.0304651	0.0209926	0.0226341	0.0244851	0.0273511	0.0309095	0.0266374	0.0252957	0.0267866	0.027809	0.0267584	0.0205787	0.0178964	0.0195231	0.0227665	0.0289854	0.0358328	0.0404335	0.0454353	0.0862533	0.071821	0.0496631	0.0496637	0.0542911	0.0683066	0.0650565	0.0544824	0.0518694	0.053759	0.0552999	0.0573972	0.0600015	0.0632735	0.0672602	0.0618291	0.059905	0.0579003	0.0557202	0.0619824	0.0662372	0.0712986	0.0647392	0.062287	0.0596214	0.0568544	0.0647056	0.0699053	0.0870575	0.0746185	0.0665588	0.0614933	

121	0.521	16	0	task-3:0.032	task-0:0.034	task-1:0.054	task-2:0.102	|	0.279027	0.498927	0.490934	0.308158	0.26872	0.255886	0.208123	0.193515	0.161617	0.13233	0.111737	0.11032	0.100925	0.100066	0.0921315	0.0879469	0.0801033	0.0729531	0.0642322	0.0571666	0.0551508	0.0505203	0.0506322	0.053353	0.0506867	0.0477457	0.0470197	0.0486294	0.0492552	0.0491238	0.0483524	0.0481333	0.0487303	0.0492291	0.0495598	0.049973	0.0499936	0.0497714	0.0494618	0.0486805	0.0482585	0.047738	0.0475163	0.0473434	0.0471976	0.0467433	0.0468008	0.0467719	0.0461796	0.0453489	0.0445555	0.0442555	0.0442614	0.0440776	0.043612	0.0431699	0.0427566	0.0420948	0.0415312	0.0409235	0.0408062	0.0406034	0.0401935	0.039805	0.0393803	0.0394374	0.0392844	0.0390653	0.0388799	0.0386544	0.0384106	0.0381761	0.0385666	0.0387165	0.0388267	0.0391653	0.0394778	0.0397377	0.0394264	0.03944	0.0393527	0.039347	0.0392985	0.0392497	0.0391869	0.0391207	0.0390468	0.0389646	0.0391666	0.039231	0.0392196	0.0393787	0.0395587	0.0397502	0.040084	0.040486	0.0409506	0.0414961	0.0419393	0.0491248	0.0438501	0.0383056	0.0383058	0.0426246	0.0442376	0.0440874	0.043208	0.0427562	0.042907	0.0432741	0.0434568	0.0436021	0.0434316	0.043132	0.042932	0.0429552	0.0430989	0.0431685	0.0432088	0.0431528	0.043107	

158	0.652	16	0	task-3:0.004	task-0:0.004	task-1:0.03	task-2:0.018	|	0.296056	0.499885	0.499785	0.491037	0.310178	0.363376	0.340225	0.237852	0.199263	0.192049	0.18418	0.176605	0.161573	0.148685	0.138145	0.129428	0.119424	0.10784	0.0945723	0.0837645	0.0631113	0.04483	0.0389643	0.0403221	0.0355452	0.0308254	0.0297001	0.0278673	0.0265285	0.025038	0.023346	0.0218943	0.020651	0.0219971	0.0196612	0.0210606	0.0201156	0.0193069	0.0189436	0.0185064	0.0185306	0.018913	0.0188731	0.0190939	0.0192544	0.0195111	0.0194608	0.0196874	0.01987	0.0202375	0.0198798	0.0197004	0.0196323	0.0195977	0.0195607	0.0195148	0.0190888	0.018465	0.0182113	0.0173516	0.0166652	0.0158296	0.0147151	0.0135365	0.01207	0.0107788	0.00972835	0.00932626	0.00827319	0.00751658	0.00716023	0.00649894	0.00575297	0.00731948	0.00553957	0.00687664	0.00706343	0.00540816	0.00595188	0.0060062	0.00563645	0.00561571	0.00562167	0.00569693	0.00576789	0.00566184	0.00555059	0.00543654	0.00534377	0.00525435	0.00516218	0.00515053	0.00511772	0.005054	0.00496322	0.00475339	0.00460841	0.00448919	0.0044625	0.00440038	0.00433834	0.00425197	0.00402855	0.00388114	0.00385626	0.00377376	0.00368479	0.00352158	0.00340743	0.00331994	0.00327197	0.00319331	0.00307618	0.00287472	0.00271682	0.00267832	0.00258819	0.0024878	0.00237048	0.00223749	0.0020749	0.00204485	0.00196177	0.00186606	0.00175706	0.0016329	0.00149249	0.00133395	0.0011608	0.000976866	0.00079483	0.000919084	0.00064704	0.000585303	0.000546717	0.000512178	0.000492115	0.00047412	0.000441814	0.000429082	0.000409128	0.000387092	0.000390937	0.000372354	0.00035871	0.00034345	0.000326341	0.000307821	0.00031192	0.000295527	0.000283966	0.000271217	0.000257262	0.000242523	0.000243342	0.000230828	0.000221581	0.000211544	

158	0.638	16	0	task-3:0.004	task-0:0.004	task-1:0.03	task-2:0.018	|	0.296056	0.499885	0.499785	0.491037	0.310178	0.363376	0.340225	0.237852	0.199263	0.192049	0.18418	0.176605	0.161573	0.148685	0.138145	0.129428	0.119424	0.10784	0.0945723	0.0837645	0.0631113	0.04483	0.0389643	0.0403221	0.0355452	0.0308254	0.0297001	0.0278673	0.0265285	0.025038	0.023346	0.0218943	0.020651	0.0219971	0.0196612	0.0210606	0.0201156	0.0193069	0.0189436	0.0185064	0.0185306	0.018913	0.0188731	0.0190939	0.0192544	0.0195111	0.0194608	0.0196874	0.01987	0.0202375	0.0198798	0.0197004	0.0196323	0.0195977	0.0195607	0.0195148	0.0190888	0.018465	0.0182113	0.0173516	0.0166652	0.0158296	0.0147151	0.0135365	0.01207	0.0107788	0.00972835	0.00932626	0.00827319	0.00751658	0.00716023	0.00649894	0.00575297	0.00731948	0.00553957	0.00687664	0.00706343	0.00540816	0.00595188	0.0060062	0.00563645	0.00561571	0.00562167	0.00569693	0.00576789	0.00566184	0.00555059	0.00543654	0.00534377	0.00525435	0.00516218	0.00515053	0.00511772	0.005054	0.00496322	0.00475339	0.00460841	0.00448919	0.0044625	0.00440038	0.00433834	0.00425197	0.00402855	0.00388114	0.00385626	0.00377376	0.00368479	0.00352158	0.00340743	0.00331994	0.00327197	0.00319331	0.00307618	0.00287472	0.00271682	0.00267832	0.00258819	0.0024878	0.00237048	0.00223749	0.0020749	0.00204485	0.00196177	0.00186606	0.00175706	0.0016329	0.00149249	0.00133395	0.0011608	0.000976866	0.00079483	0.000919084	0.00064704	0.000585303	0.000546717	0.000512178	0.000492115	0.00047412	0.000441814	0.000429082	0.000409128	0.000387092	0.000390937	0.000372354	0.00035871	0.00034345	0.000326341	0.000307821	0.00031192	0.000295527	0.000283966	0.000271217	0.000257262	0.000242523	0.000243342	0.000230828	0.000221581	0.000211544	

69	0.275	16	0	task-3:0.13	task-0:0.078	task-1:0.236	task-2:0.112	|	0.283865	0.499417	0.491141	0.323256	0.219188	0.213445	0.202826	0.186954	0.168599	0.149682	0.144696	0.140467	0.133246	0.124095	0.115645	0.10309	0.0895662	0.0780962	0.0774601	0.076809	0.0768772	0.0811558	0.0927994	0.108935	0.108006	0.100068	0.10019	0.102827	0.0988334	0.100854	0.102447	0.104218	0.103924	0.104531	0.105506	0.105949	0.105431	0.0986213	0.105162	0.113521	0.105873	0.111751	0.121914	0.12502	0.123635	0.123397	0.123509	0.136268	0.125066	0.159146	0.143696	0.123258	0.127277	0.160898	0.161352	0.132738	0.129712	0.130439	0.130962	0.145295	0.14096	0.142164	0.156778	0.159545	0.168516	0.165082	0.1574	0.157746	0.158217	

69	0.279	16	0	task-3:0.13	task-0:0.078	task-1:0.236	task-2:0.112	|	0.283865	0.499417	0.491141	0.323256	0.219188	0.213445	0.202826	0.186954	0.168599	0.149682	0.144696	0.140467	0.133246	0.124095	0.115645	0.10309	0.0895662	0.0780962	0.0774601	0.076809	0.0768772	0.0811558	0.0927994	0.108935	0.108006	0.100068	0.10019	0.102827	0.0988334	0.100854	0.102447	0.104218	0.103924	0.104531	0.105506	0.105949	0.105431	0.0986213	0.105162	0.113521	0.105873	0.111751	0.121914	0.12502	0.123635	0.123397	0.123509	0.136268	0.125066	0.159146	0.143696	0.123258	0.127277	0.160898	0.161352	0.132738	0.129712	0.130439	0.130962	0.145295	0.14096	0.142164	0.156778	0.159545	0.168516	0.165082	0.1574	0.157746	0.158217	

101	0.412	16	0	task-3:0.032	task-0:0.038	task-1:0.04	task-2:0.018	|	0.227582	0.182526	0.417611	0.121429	0.372194	0.28566	0.113882	0.117019	0.100524	0.0802526	0.0735981	0.0643869	0.057417	0.0525045	0.0439448	0.0395513	0.0361589	0.0362068	0.0377428	0.0348354	0.0343028	0.0332044	0.0322316	0.0313704	0.0320042	0.0315098	0.0317138	0.0308303	0.029902	0.0295031	0.0280724	0.025715	0.0225393	0.0189948	0.0163101	0.0142111	0.0130539	0.00976673	0.00947591	0.00916284	0.00988512	0.00737787	0.00543356	0.00531014	0.0050245	0.00528814	0.00585489	0.00653598	0.00738036	0.00733206	0.0068671	0.00647268	0.00560143	0.00467065	0.00422024	0.00415299	0.00408305	0.00405587	0.00403427	0.00404944	0.00396022	0.00393473	0.00394471	0.00402198	0.383333	0.366665	0.0250219	0.0250222	0.316667	0.316667	0.140516	0.0231792	0.0225509	0.0213742	0.224739	0.221517	0.022404	0.0198844	0.0199087	0.0207825	0.0214707	0.0218197	0.0230649	0.0251397	0.0283805	0.0319278	0.0363321	0.0247566	0.018523	0.0257987	0.0224027	0.00616851	0.00512529	0.00690971	0.00631044	0.00475692	0.00418826	0.00417706	0.00455745	0.0041202	0.00373263	

193	0.808	16	0	task-3:0.008	task-0:0.01	task-1:0.058	task-2:0.002	|	0.291319	0.498989	0.491399	0.296572	0.281667	0.242043	0.1713	0.15477	0.129286	0.114175	0.116428	0.10984	0.108856	0.108912	0.109147	0.102768	0.0881361	0.0942768	0.0788278	0.0851042	0.0619123	0.0552721	0.0523698	0.0473893	0.0447615	0.0414374	0.0389089	0.035781	0.0339479	0.0316247	0.0297903	0.0281134	0.0255331	0.0227218	0.0201478	0.0186449	0.017353	0.0161192	0.0153677	0.0152545	0.0150647	0.0147622	0.0145362	0.0143936	0.0142162	0.0139411	0.0135274	0.0130882	0.0131863	0.0131426	0.0128481	0.012742	0.0123749	0.0117421	0.0112804	0.0109131	0.0106449	0.0116459	0.0108714	0.0107305	0.0104186	0.0103981	0.0102719	0.0100497	0.0101152	0.010063	0.00996846	0.00985204	0.00965267	0.00942331	0.00921017	0.00901965	0.00885891	0.00870222	0.00864905	0.00853188	0.00843867	0.00836905	0.00830279	0.00824945	0.00822407	0.00818901	0.00823623	0.00912486	0.00807744	0.00796963	0.00801183	0.0080363	0.00809096	0.0081697	0.00820411	0.00811635	0.00815681	0.00883979	0.00979963	0.0102454	0.00994035	0.00995077	0.0100898	0.0100458	0.0100386	0.0099752	0.00991851	0.00989298	0.00983405	0.00972585	0.00961208	0.00948129	0.00917199	0.00930242	0.00906626	0.00903748	0.00901544	0.00897106	0.00895495	0.00894783	0.00883508	0.00837809	0.00751479	0.00709949	0.00686719	0.00666329	0.00651116	0.00636529	0.00215797	0.00194135	0.00622502	0.00627713	0.00126071	0.0010533	0.0062472	0.00622795	0.003265	0.00109543	0.00110263	0.00113101	0.00362435	0.0035735	0.0019099	0.0018821	0.00259857	0.00265959	0.00226568	0.00227686	0.00247098	0.00250437	0.00246462	0.00242579	0.00225758	0.00212167	0.00190007	0.00167252	0.00141613	0.00143817	0.00129846	0.00108905	0.000905949	0.000890301	0.000804295	0.000804363	0.000763751	0.000681523	0.000608124	0.000537475	0.000466056	0.000456458	0.000421112	0.000384074	0.000333541	0.000324711	0.000332365	0.000342455	0.000345506	0.000325909	0.00029841	0.000265595	0.000242355	0.000235861	0.000233663	0.000233869	0.00023843	0.000232331	0.000216544	0.000203197	0.000190034	0.000183733	0.000180837	0.000175325	0.000168781	0.00016251	0.000159737	0.00014869	0.000138751	

135	0.544	16	0	task-3:0.06	task-0:0.056	task-1:0.066	task-2:0.016	|	0.307889	0.499949	0.49984	0.467267	0.228523	0.224222	0.189602	0.180093	0.150169	0.137997	0.120633	0.114334	0.119053	0.100646	0.0965323	0.0947746	0.086024	0.074676	0.0587072	0.0230016	0.022743	0.0522366	0.0460554	0.0267057	0.0183599	0.0178297	0.0174037	0.016683	0.0156828	0.0150354	0.0140966	0.0123325	0.00696106	0.002137	0.00159668	0.00459944	0.00381311	0.00147982	0.00131682	0.00131772	0.00150348	0.00144686	0.0010858	0.000854452	0.000804984	0.000728462	0.000681864	0.000583465	0.000476789	0.000287078	0.000255325	0.000293264	0.000330763	0.000223708	0.000179716	0.000144438	0.000113032	8.58515e-005	6.94173e-005	5.68779e-005	4.61012e-005	7.88357e-005	4.61415e-005	2.98343e-005	3.10402e-005	2.62861e-005	2.5195e-005	3.2984e-005	5.06618e-005	8.43194e-005	0.000147636	0.000292764	0.000177695	6.49503e-005	4.30259e-005	4.05979e-005	3.85452e-005	3.87455e-005	4.50558e-005	5.53164e-005	7.01978e-005	9.74023e-005	6.80099e-005	5.07058e-005	5.2849e-005	5.84167e-005	6.41601e-005	7.1207e-005	8.04712e-005	9.4903e-005	0.000115636	0.00016155	0.000246212	0.0660496	0.0645805	0.0323545	0.000676229	0.000908202	0.00131551	0.00140094	0.00176227	0.00223556	0.00280584	0.002883	0.00322278	0.00309385	0.00329496	0.00349401	0.00375202	0.00409382	0.00413114	0.00435067	0.00424768	0.00389598	0.00334925	0.00271563	0.00208101	0.0187304	0.00174775	0.00170665	0.00155124	0.00150593	0.00145874	0.00138429	0.00125081	0.00112996	0.00101472	0.000983931	0.000919652	0.000848104	0.00077187	0.000693512	0.000592983	0.000569076	0.000520179	

84	0.344	16	0	task-3:0.022	task-0:0.028	task-1:0.038	task-2:0.036	|	0.340958	0.499911	0.499236	0.403969	0.221555	0.252457	0.180338	0.216667	0.2075	0.163851	0.132452	0.10387	0.0703508	0.0618626	0.0353165	0.0308753	0.0271239	0.0242578	0.0211734	0.0199405	0.0182073	0.0166025	0.0158424	0.0148817	0.0142098	0.0133509	0.0129023	0.0125967	0.0121719	0.0116105	0.0109876	0.0106332	0.0101987	0.00979149	0.00941085	0.00916548	0.00875932	0.00896246	0.00855898	0.00838371	0.00814512	0.00784715	0.00747135	0.00703396	0.00659872	0.00624353	0.00601952	0.00575709	0.00545876	0.00513865	0.00482283	0.00449914	0.00408648	0.00409128	0.00386371	0.00369636	0.00360877	0.00347689	0.00338584	0.00327603	0.00314985	0.00301442	0.00286037	0.00266331	0.00241835	0.00235	0.00216157	0.00244248	0.00244137	0.00219105	0.0020894	0.002003	0.0018844	0.00184945	0.00185896	0.00184176	0.00178142	0.00169266	0.00159187	0.0015122	0.00149444	0.0014498	0.0013926	0.00132158	

111	0.445	16	0	task-3:0.168	task-0:0.166	task-1:0.296	task-2:0.032	|	0.277359	0.495858	0.415841	0.285642	0.268398	0.225586	0.195904	0.181904	0.150393	0.106522	0.0848175	0.0798873	0.0753361	0.0684962	0.0614995	0.0568103	0.0586503	0.0582094	0.0594677	0.060328	0.0655896	0.0524157	0.0464335	0.0418956	0.0288341	0.0186143	0.0106744	0.0114852	0.0103654	0.00360955	0.00461175	0.00213003	0.0021229	0.00170734	0.0010374	0.000941451	0.000610572	0.000404244	0.000269511	0.000341275	0.000425659	0.00057059	0.000141874	0.000211057	0.000299561	0.000541908	0.000105993	6.54351e-005	4.9441e-005	4.28245e-005	0.000455122	0.000144772	0.000104039	9.05796e-005	9.31849e-005	0.00011843	0.000200094	0.00244038	0.00078911	0.000830926	0.000830728	0.00031695	0.00106039	0.00106003	0.000454546	0.000329758	0.00032923	0.00032942	0.000397387	0.000486138	0.000434991	0.000441744	0.000451332	0.000465278	0.000489553	0.000526231	0.000580997	0.000780971	0.000698453	0.000730738	0.000777541	0.000848002	0.00104968	0.000977004	0.00102332	0.00108966	0.00125006	0.00120018	0.00124158	0.00129904	0.00141286	0.0013809	0.00141382	0.00147549	0.00154831	0.0015139	0.00152852	0.00155999	0.00159348	0.00163502	0.00168683	0.00162754	0.00162064	0.00161574	0.00161391	0.0016028	0.00158496	0.00156456	0.00154151	0.00151879	0.00149442	

212	0.87	16	0	task-3:0.056	task-0:0.056	task-1:0.074	task-2:0.03	|	0.25263	0.499303	0.497061	0.416876	0.202988	0.195343	0.138625	0.114216	0.102566	0.0881473	0.0954223	0.0834592	0.0833692	0.0910893	0.0844029	0.0813665	0.0779804	0.0751412	0.0712462	0.0666389	0.0601217	0.0529176	0.0465076	0.0400493	0.0337937	0.0279682	0.0225357	0.0169876	0.0135461	0.0203028	0.0114683	0.0266148	0.0263687	0.0125897	0.012164	0.0117762	0.00957773	0.00909347	0.00825497	0.00770901	0.00714231	0.00689724	0.00652682	0.00644096	0.00618351	0.00586657	0.00557287	0.00532892	0.00494085	0.00458836	0.00423259	0.0038851	0.00356219	0.00328674	0.00309891	0.00283177	0.00252451	0.00256591	0.00273184	0.0025683	0.00231049	0.00217572	0.00204769	0.00191972	0.00180273	0.00160461	0.00142318	0.00120637	0.00162508	0.00119199	0.00126414	0.00126635	0.00106402	0.00106949	0.0010531	0.00103487	0.000998651	0.00097004	0.000942534	0.000904682	0.000852267	0.000809175	0.000780013	0.000751839	0.000734351	0.000718865	0.000692756	0.000672115	0.000653737	0.000639662	0.000618308	0.000594861	0.000567423	0.000545874	0.000531672	0.000509661	0.000492555	0.000479264	0.0004551	0.000437813	0.000426939	0.000408749	0.00039485	0.000386485	0.000364808	0.000370015	0.00174552	0.00126949	0.000407749	0.000355435	0.000377892	0.000333207	0.000277102	0.000262989	0.000266344	0.000266349	0.00026134	0.000265043	0.000266862	0.000265796	0.000266067	0.000259289	0.000254784	0.000249908	0.000244433	0.000237949	0.000228852	0.000221655	0.000222104	0.000206302	0.000198832	0.000192124	0.000180058	0.000166529	0.000154692	0.00014298	0.000131967	0.000120945	0.000109042	0.000108676	9.51041e-005	8.01321e-005	7.48322e-005	6.92818e-005	6.83614e-005	6.62604e-005	7.17076e-005	0.000186614	0.0110834	0.0631895	0.060315	0.029984	0.0277792	0.0416361	0.056527	0.0485387	0.0365165	0.0345946	0.0342532	0.0342853	0.0349715	0.0419531	0.0599686	0.0423377	0.00103011	0.000325721	0.000243936	0.000169215	0.000126531	0.000321712	0.00142639	0.00239004	0.000729717	0.000303887	0.000381876	0.00103836	0.000454226	0.000282908	0.000213708	0.000165391	0.000179128	0.00010264	8.61098e-005	8.16835e-005	6.12435e-005	5.56323e-005	5.3244e-005	5.24637e-005	5.06738e-005	4.76701e-005	4.49862e-005	4.4153e-005	4.24713e-005	4.03491e-005	3.9026e-005	3.75316e-005	3.58697e-005	3.5122e-005	3.41786e-005	3.3326e-005	3.26305e-005	3.04776e-005	2.84647e-005	2.67232e-005	2.54929e-005	2.47448e-005	2.51234e-005	2.57016e-005	2.53209e-005	2.48785e-005	2.34186e-005	2.25852e-005	

206	0.864	16	0	task-3:0.25	task-0:0.252	task-1:0.428	task-2:0.074	|	0.228326	0.499269	0.496287	0.370138	0.294598	0.287242	0.242699	0.226121	0.207833	0.179857	0.151575	0.12715	0.132172	0.13314	0.13635	0.141651	0.147643	0.153908	0.159285	0.164291	0.167935	0.16341	0.122688	0.10043	0.143846	0.149875	0.150627	0.15653	0.154061	0.152974	0.151026	0.145595	0.156573	0.170774	0.17836	0.174509	0.168632	0.164837	0.15675	0.159066	0.165076	0.165183	0.160751	0.152741	0.144228	0.133291	0.161238	0.159637	0.155992	0.142655	0.154398	0.149004	0.145186	0.149644	0.15258	0.157261	0.152962	0.149528	0.142349	0.126497	0.122852	0.128588	0.122868	0.122434	0.120513	0.122496	0.1162	0.109795	0.109606	0.104414	0.0976777	0.0918194	0.0890362	0.086424	0.0842561	0.0840165	0.0863742	0.0866213	0.0875661	0.0873659	0.0799059	0.0791206	0.0612688	0.0605482	0.0597016	0.057741	0.0570851	0.0566671	0.0564343	0.0564636	0.0564611	0.0567961	0.0567961	0.056789	0.0564293	0.0571627	0.0571594	0.0549907	0.0450874	0.0449727	0.0449152	0.0448512	0.0447816	0.0447079	0.0443986	0.0604186	0.04451	0.0609192	0.0445324	0.0445196	0.0611724	0.0611724	0.0611771	0.0609308	0.0609381	0.0442812	0.0442812	0.0442762	0.0442705	0.0442643	0.0442575	0.0442504	0.0442434	0.0444739	0.0444619	0.0444517	0.0444453	0.0444457	0.0444457	0.0444445	0.0444458	0.0442336	0.0443816	0.031503	0.0313422	0.0313209	0.0310948	0.0310738	0.0310494	0.0310213	0.0309893	0.0309534	0.0309137	0.0308706	0.0308252	0.0307794	0.0307143	0.0305674	0.0305558	0.0305642	0.0305642	0.0305571	0.0306755	0.0306755	0.0306703	0.0306671	0.0306673	0.0306673	0.0306667	0.0306673	0.0306673	0.0306653	0.0305607	0.0305895	0.0306667	0.0306667	0.0306667	0.0306667	0.0306667	0.0306667	0.0306667	0.0306667	0.0306667	0.0306667	0.0306667	0.0306667	0.0306667	0.0306667	0.0306667	0.0306667	0.0306667	0.0306667	0.0306667	0.0306667	0.0306667	0.0306667	0.0306667	0.0306667	0.0306667	0.0306667	0.0306667	0.0306667	0.0306667	0.0306667	0.0306667	0.0306667	0.0306667	0.0306667	0.0306667	0.0306667	0.0306667	0.0306667	0.0306667	0.0307733	0.0307733	0.0307733	

126	0.522	16	0	task-3:0.042	task-0:0.032	task-1:0.052	task-2:0.012	|	0.26398	0.49586	0.477882	0.298974	0.337179	0.311457	0.241685	0.262608	0.25223	0.232168	0.22878	0.217694	0.197219	0.175113	0.155256	0.125939	0.0882793	0.0604016	0.0454862	0.0304826	0.0200605	0.0182513	0.0196521	0.0128315	0.019949	0.0149223	0.0116837	0.0105844	0.0148547	0.0132541	0.0107326	0.0105901	0.00958597	0.00850971	0.0077391	0.00851878	0.00724331	0.00696568	0.00696037	0.00665091	0.00670716	0.00649476	0.00617005	0.00585173	0.00555369	0.00523695	0.00485041	0.00439845	0.00389902	0.0033742	0.00285414	0.00234226	0.00191204	0.00151399	0.00119283	0.0014894	0.00103437	0.0012441	0.00120232	0.000902577	0.0010265	0.00100886	0.000868405	0.00085201	0.000831734	0.000801971	0.00079087	0.000780494	0.000752436	0.000730948	0.000707858	0.000682052	0.000653873	0.000624897	0.000593402	0.000555878	0.000519085	0.000478352	0.000451939	0.000420878	0.000391058	0.000360995	0.000333158	0.00030534	0.000272951	0.000253078	0.00023073	0.000211037	0.000191586	0.00017826	0.00016661	0.000151067	0.000131863	0.000112125	9.18121e-005	7.29464e-005	5.69024e-005	4.2011e-005	2.91863e-005	5.32693e-005	2.14468e-005	2.26777e-005	1.90582e-005	1.8419e-005	2.02136e-005	1.70104e-005	1.6246e-005	1.63833e-005	1.58902e-005	1.56755e-005	1.4394e-005	1.42884e-005	1.41875e-005	1.4597e-005	1.31703e-005	1.23524e-005	1.14256e-005	1.08153e-005	1.04567e-005	9.23359e-006	8.0366e-006	7.53297e-006	7.61857e-006	8.40392e-006	1.00152e-005	1.29318e-005	

102	0.464	16	0	task-3:0.092	task-0:0.092	task-1:0.07	task-2:0.138	|	0.302837	0.499192	0.496362	0.413466	0.219918	0.224226	0.197838	0.193323	0.189644	0.18705	0.184905	0.17531	0.164788	0.15862	0.160328	0.166125	0.176899	0.189133	0.20479	0.208885	0.202264	0.190193	0.185708	0.188253	0.178596	0.162685	0.160907	0.149449	0.125192	0.134507	0.129201	0.12778	0.117735	0.114732	0.111067	0.107615	0.0989343	0.0893821	0.0884691	0.0864963	0.0735115	0.0717576	0.0671748	0.0660576	0.0617695	0.0653788	0.0647739	0.0618639	0.061333	0.0385356	0.0316582	0.0362808	0.0456132	0.0454632	0.0461046	0.0381598	0.0382603	0.0465109	0.0479739	0.0460397	0.0509619	0.0537632	0.0491584	0.0490383	0.0498431	0.0512538	0.0545585	0.0581136	0.0581976	0.058439	0.0605227	0.0632433	0.0644244	0.0661292	0.0664975	0.0666508	0.0553195	0.0629765	0.0672098	0.0702668	0.0709773	0.0709182	0.0677671	0.0634082	0.0633454	0.0482937	0.0406649	0.0504201	0.0512688	0.0551649	0.0555483	0.0546535	0.0469684	0.0404328	0.0404311	0.0404289	0.0404807	0.0405761	0.0406882	0.0408219	0.0409746	0.0343522	

180	0.742	16	0	task-3:0.042	task-0:0.042	task-1:0.052	task-2:0.004	|	0.249261	0.497978	0.485222	0.269564	0.295124	0.272296	0.227143	0.227424	0.203153	0.183921	0.169445	0.154371	0.139905	0.122435	0.103388	0.0811321	0.0571601	0.0430965	0.0292806	0.0191769	0.0250821	0.0154611	0.0176655	0.0187829	0.0185772	0.0178514	0.0207775	0.0196894	0.0175611	0.0172545	0.0174272	0.0196235	0.0181973	0.0161901	0.0158136	0.0153051	0.0148998	0.0142764	0.0134932	0.0130501	0.0123387	0.0119794	0.0116245	0.0112562	0.0107549	0.0100717	0.00932624	0.00856122	0.00772539	0.00683081	0.00599805	0.00528464	0.0045134	0.00369694	0.0029104	0.00232675	0.00168534	0.0019567	0.0012793	0.00152165	0.00144965	0.0012241	0.00119298	0.00105097	0.00096166	0.000965073	0.00090441	0.000853239	0.000812819	0.000773878	0.000760576	0.000799862	0.000775188	0.000740737	0.000715018	0.000685637	0.00065877	0.000638036	0.000615196	0.000584928	0.000553853	0.000519109	0.000479834	0.000436793	0.00038802	0.000335592	0.000284699	0.000239799	0.000199261	0.000163207	0.000148705	0.000126249	0.000110569	0.00010066	9.91242e-005	0.000103155	8.43948e-005	7.39358e-005	6.89667e-005	6.45575e-005	6.29381e-005	5.98871e-005	5.88398e-005	5.80397e-005	5.71608e-005	5.67017e-005	5.71368e-005	5.34759e-005	5.10411e-005	4.82971e-005	4.52165e-005	4.17773e-005	3.86503e-005	3.53338e-005	3.21341e-005	2.87762e-005	3.39966e-005	3.67066e-005	3.48994e-005	2.65696e-005	2.25755e-005	2.04285e-005	1.92887e-005	1.84836e-005	1.76994e-005	1.66034e-005	1.54478e-005	1.23064e-005	1.05031e-005	8.87059e-006	7.28631e-006	6.12319e-006	4.86183e-006	3.70444e-006	2.81792e-006	2.02817e-006	1.39414e-006	9.2552e-007	5.91697e-007	3.56817e-007	1.94063e-007	9.34378e-008	3.70165e-008	1.22247e-008	3.42065e-009	7.68654e-010	1.24762e-008	6.53204e-010	9.26869e-009	9.42707e-009	2.74591e-010	1.13064e-009	1.13234e-009	2.34844e-010	3.90964e-010	3.89496e-010	1.71896e-010	2.78519e-010	2.80109e-010	1.85193e-010	1.56127e-010	1.4939e-010	1.37272e-010	1.36708e-010	1.36891e-010	1.32155e-010	1.16174e-010	1.05005e-010	9.45292e-011	8.5444e-011	7.85541e-011	7.09365e-011	6.50399e-011	6.02846e-011	5.69588e-011	4.56987e-011	3.94929e-011	3.52207e-011	3.17995e-011	2.90977e-011	

77	0.311	16	0	task-3:0.102	task-0:0.078	task-1:0.146	task-2:0.094	|	0.281072	0.499912	0.499721	0.479495	0.263241	0.35527	0.336653	0.242667	0.187289	0.156646	0.128543	0.108708	0.096042	0.0726774	0.0566794	0.0496563	0.0293668	0.027937	0.0374676	0.0339719	0.0444887	0.0399037	0.0345927	0.0366942	0.0246437	0.0512867	0.0491265	0.0256087	0.025621	0.0204197	0.0215029	0.0249656	0.0240407	0.0215708	0.0192977	0.0181019	0.0165551	0.0148033	0.0250028	0.0284091	0.026972	0.0192629	0.0221701	0.0238545	0.0139096	0.0120925	0.0124914	0.0123255	0.0121947	0.012039	0.0121199	0.0122303	0.0117885	0.0112217	0.0109004	0.0107452	0.0097475	0.00955884	0.0104197	0.0103905	0.0100277	0.00935677	0.00929833	0.0095148	0.00942288	0.00915155	0.00892534	0.00880644	0.00870884	0.00852524	0.0082841	0.00802806	0.00773679	0.00740377	0.00703601	0.00670995	0.00641117	

77	0.316	16	0	task-3:0.102	task-0:0.078	task-1:0.146	task-2:0.094	|	0.281072	0.499912	0.499721	0.479495	0.263241	0.35527	0.336653	0.242667	0.187289	0.156646	0.128543	0.108708	0.096042	0.0726774	0.0566794	0.0496563	0.0293668	0.027937	0.0374676	0.0339719	0.0444887	0.0399037	0.0345927	0.0366942	0.0246437	0.0512867	0.0491265	0.0256087	0.025621	0.0204197	0.0215029	0.0249656	0.0240407	0.0215708	0.0192977	0.0181019	0.0165551	0.0148033	0.0250028	0.0284091	0.026972	0.0192629	0.0221701	0.0238545	0.0139096	0.0120925	0.0124914	0.0123255	0.0121947	0.012039	0.0121199	0.0122303	0.0117885	0.0112217	0.0109004	0.0107452	0.0097475	0.00955884	0.0104197	0.0103905	0.0100277	0.00935677	0.00929833	0.0095148	0.00942288	0.00915155	0.00892534	0.00880644	0.00870884	0.00852524	0.0082841	0.00802806	0.00773679	0.00740377	0.00703601	0.00670995	0.00641117	

107	0.431	16	0	task-3:0.034	task-0:0.03	task-1:0.25	task-2:0.022	|	0.331234	0.499918	0.499737	0.470376	0.283528	0.272545	0.230898	0.213722	0.209589	0.194524	0.167633	0.159044	0.132055	0.0802629	0.048295	0.0351177	0.0497048	0.0435859	0.0380552	0.0372815	0.0351283	0.0307233	0.0269403	0.024908	0.0243245	0.0248908	0.0224166	0.0202377	0.0180678	0.0159171	0.0139131	0.0121076	0.0102503	0.00835656	0.00651256	0.00695874	0.00513808	0.00476892	0.0047023	0.00541693	0.00666917	0.0082333	0.0123983	0.0147387	0.0231153	0.0257669	0.025255	0.0213681	0.019679	0.0184327	0.0188833	0.0192069	0.237793	0.207314	0.0512772	0.028878	0.0310852	0.00162777	0.00172967	0.018882	0.0209964	0.0103498	0.00530602	0.00556515	0.0023716	0.00228466	0.00244117	0.00254611	0.00228623	0.00245542	0.00248248	0.00233449	0.00271958	0.00249851	0.00233592	0.0024451	0.00253737	0.00249986	0.00244317	0.00259846	0.00257369	0.00254532	0.00256816	0.00253008	0.00251589	0.00252556	0.00253952	0.00256248	0.0026155	0.00269816	0.00279586	0.0029563	0.00319653	0.0036155	0.00398923	0.00431223	0.00482111	0.00549142	0.0062275	0.00589149	0.00606751	0.00644712	0.00733839	0.00941215	0.00862404	0.00980433	0.0113511	

96	0.388	16	0	task-3:0.012	task-0:0.014	task-1:0.042	task-2:0.018	|	0.472428	0.496961	0.484552	0.27859	0.277726	0.251204	0.191686	0.187578	0.169648	0.139468	0.111285	0.0724668	0.0345961	0.0277145	0.0177526	0.0164904	0.0104607	0.00930412	0.00809596	0.00813062	0.00667872	0.00584385	0.00567974	0.00530127	0.00509101	0.00473831	0.00439561	0.00416479	0.0039492	0.00370895	0.00328295	0.00290221	0.00247227	0.0020004	0.00155527	0.00115084	0.000798013	0.000516693	0.000473191	0.000453213	0.000250283	0.00021328	0.000210394	0.000160091	0.000139467	0.000121937	0.000118382	9.9159e-005	0.000132515	0.000131974	0.000104656	9.62592e-005	9.06849e-005	8.62332e-005	8.38129e-005	8.03011e-005	7.7035e-005	7.39562e-005	7.11014e-005	6.24266e-005	5.75678e-005	5.39234e-005	5.30098e-005	5.22513e-005	4.78441e-005	4.47202e-005	4.16912e-005	3.89504e-005	3.73057e-005	3.59436e-005	3.53949e-005	3.11949e-005	2.8554e-005	2.61402e-005	2.41582e-005	2.27551e-005	2.18958e-005	2.18635e-005	1.8303e-005	1.63225e-005	1.46371e-005	1.32932e-005	1.26249e-005	1.25481e-005	1.06666e-005	9.56694e-006	8.59694e-006	8.36701e-006	8.15498e-006	7.03342e-006	6.33845e-006	5.74721e-006	5.3867e-006	4.99947e-006	4.67557e-006	3.94654e-006	

181	0.756	16	0	task-3:0.078	task-0:0.074	task-1:0.064	task-2:0.064	|	0.305526	0.496651	0.485215	0.357744	0.249948	0.243736	0.223716	0.218599	0.203829	0.183581	0.162518	0.143457	0.125525	0.107947	0.0915984	0.134203	0.126054	0.0710912	0.065006	0.0623974	0.0592588	0.0597384	0.0598651	0.0591017	0.0595977	0.0588856	0.0601875	0.0609004	0.0606415	0.0552014	0.0621045	0.0535202	0.0391386	0.038538	0.0376474	0.0281003	0.0359722	0.0313508	0.0368594	0.0373583	0.0500848	0.0368262	0.0359075	0.0351616	0.0461043	0.0460553	0.0345864	0.0352662	0.0351978	0.0349971	0.0349277	0.0347873	0.0347008	0.0345778	0.0344464	0.0343119	0.0341794	0.0339914	0.0338039	0.0502531	0.0501381	0.0500565	0.0499778	0.0563204	0.0509098	0.0460542	0.0536139	0.0535012	0.0418606	0.0498854	0.0487514	0.0407964	0.0415576	0.0657802	0.0662821	0.0425089	0.033246	0.032653	0.0327247	0.0400923	0.0398222	0.0398769	0.0397788	0.0396038	0.0393479	0.0369067	0.0377234	0.0385344	0.0382139	0.0377228	0.0372689	0.036801	0.0531783	0.0521557	0.0513925	0.0503371	0.049367	0.0481946	0.0451322	0.0308177	0.0270197	0.0269311	0.0282625	0.0282342	0.0283049	0.0281119	0.028006	0.0278219	0.0275601	0.0272728	0.0269732	0.0266809	0.0263189	0.0240155	0.0238437	0.0237268	0.0237203	0.0237247	0.0235909	0.0203018	0.0203708	0.02023	0.00671268	0.00619	0.0196693	0.0195369	0.0194377	0.0193583	0.019312	0.00400675	0.00584439	0.0192507	0.0192482	0.0192236	0.00555399	0.00554214	0.0185715	0.0183303	0.00653714	0.00483846	0.00444463	0.00557395	0.0111445	0.00618792	0.0043725	0.00436402	0.00437925	0.00471914	0.00855914	0.00788876	0.00509157	0.0044953	0.00454364	0.00494718	0.00621815	0.00850887	0.00949539	0.0263414	0.00850443	0.008164	0.00771353	0.0238665	0.00815387	0.00879006	0.00968109	0.0107391	0.0119075	0.00947545	0.0226773	0.0052131	0.00543056	0.00622615	0.00810305	0.00948256	0.0101208	0.0111424	0.0124076	0.0135881	0.0147157	0.0159369	0.0171037	

70	0.29	16	0	task-3:0.216	task-0:0.244	task-1:0.366	task-2:0.258	|	0.279417	0.49971	0.498795	0.453066	0.248997	0.255117	0.245262	0.244911	0.237976	0.224264	0.208144	0.189001	0.17188	0.158526	0.147976	0.139541	0.134691	0.133673	0.133664	0.133015	0.12618	0.125654	0.163687	0.179585	0.185277	0.188813	0.18799	0.189081	0.171117	0.133733	0.167545	0.172242	0.1731	0.179225	0.180846	0.181166	0.181511	0.180875	0.180858	0.181483	0.18735	0.187481	0.180937	0.182442	0.184915	0.162094	0.188869	0.186021	0.180137	0.173881	0.186439	0.187414	0.18731	0.180944	0.180923	0.174395	0.180926	0.180925	0.180923	0.180921	0.180906	0.174317	0.180912	0.180908	0.180904	0.180898	0.180622	0.174236	0.180867	0.180869	

113	0.415	16	0	task-3:0.268	task-0:0.268	task-1:0.476	task-2:0.054	|	0.320329	0.499968	0.499862	0.483543	0.285431	0.297226	0.277098	0.220819	0.178289	0.163804	0.165743	0.16564	0.171231	0.177952	0.189782	0.194738	0.200108	0.205084	0.208793	0.207957	0.203465	0.198062	0.194628	0.195772	0.193681	0.192609	0.191701	0.193534	0.194476	0.190833	0.188136	0.182791	0.182968	0.182267	0.171334	0.147601	0.139932	0.137993	0.124361	0.115315	0.0939853	0.112203	0.116372	0.117645	0.115062	0.118169	0.101577	0.0919385	0.0898305	0.0903134	0.0914136	0.058995	0.0583031	0.0577746	0.0453364	0.0450602	0.0448288	0.0450013	0.031032	0.0309607	0.00189682	0.00137056	0.000959686	0.0315482	0.0315685	0.0313847	0.00108093	0.00108093	0.000937189	0.0314129	0.0314341	0.0224478	0.000953399	0.000953399	0.000905563	0.0279556	0.0277254	0.00690124	0.000848346	0.000879766	0.00089917	0.00831553	0.00785573	0.00147185	0.00133281	0.00301338	0.00343126	0.00284423	0.00230274	0.00182689	0.00279719	0.00356124	0.00470555	0.00576172	0.00347224	0.00263266	0.00194682	0.00140421	0.00264735	0.00373356	0.00535237	0.00297195	0.00220512	0.00156291	0.00311867	0.0044142	0.00598169	0.00334807	0.00242677	0.0016682	0.00335857	0.00466283	0.00265766	

88	0.297	16	0	task-3:0	task-0:0.012	task-1:0.132	task-2:0.022	|	0.227558	0.499934	0.499353	0.414505	0.216203	0.200809	0.182974	0.17045	0.149477	0.122086	0.108623	0.09609	0.0852138	0.0670512	0.0488481	0.0279361	0.0393542	0.0235379	0.0259118	0.0265965	0.0329198	0.030423	0.0268572	0.0296587	0.0318939	0.0252665	0.0259626	0.0253103	0.0205068	0.0234176	0.0234865	0.01983	0.0180408	0.0174746	0.0166105	0.0157395	0.0150813	0.0149248	0.0144143	0.0139203	0.0133759	0.0127538	0.0120491	0.011342	0.0107959	0.0100973	0.00935966	0.00873117	0.00880463	0.00831265	0.00806141	0.00773874	0.00747319	0.00721067	0.00695723	0.00719904	0.00659574	0.00690209	0.00679418	0.00643871	0.00660931	0.00651152	0.00631518	0.00623979	0.00616689	0.00608311	0.00599934	0.00590722	0.00581782	0.00573593	0.00566812	0.00556401	0.00551014	0.00533033	0.00520149	0.00506402	0.00494092	0.00480347	0.00465576	0.00455579	0.00452525	0.00441973	0.00440466	0.00434233	0.00428898	0.00425726	0.00419861	0.00409719	

118	0.459	16	0	task-3:0.016	task-0:0.026	task-1:0.04	task-2:0.012	|	0.211372	0.499832	0.496422	0.202067	0.182217	0.132953	0.0919397	0.0914015	0.0533355	0.0364103	0.0233459	0.0310068	0.021493	0.0211503	0.0191827	0.0164915	0.0146924	0.0126616	0.0101686	0.00834795	0.00703173	0.00680293	0.0061785	0.00543847	0.00480278	0.00453378	0.00425517	0.00406402	0.00376183	0.00339077	0.00300085	0.00255861	0.00211741	0.00195659	0.00168681	0.00150239	0.00130395	0.00112513	0.000990844	0.000960303	0.00100456	0.00167997	0.000779349	0.00132072	0.00111619	0.000487581	0.000403933	0.000372551	0.000359906	0.000354052	0.000354112	0.000335063	0.000321296	0.000301259	0.000286913	0.000280653	0.000269061	0.000262743	0.000256464	0.000249355	0.000242052	0.000235923	0.00022598	0.000219662	0.000221936	0.000227411	0.000234687	0.000255478	0.000291786	0.000346801	0.000430808	0.000534097	0.000633257	0.000499898	0.000490364	0.000457493	0.000418248	0.000414747	0.000384707	0.00035125	0.000344031	0.000344125	0.00033806	0.000327368	0.000340725	0.00134761	0.000511955	0.000578037	0.000647439	0.000487472	0.00044528	0.000382823	0.000347932	0.000339946	0.000336397	0.000321981	0.000307886	0.000298876	0.000293618	0.000287808	0.00028548	0.000282506	0.000278855	0.000275067	0.000271905	0.000268432	0.000262805	0.000258341	0.000253836	0.000248807	0.000245134	0.000241688	0.000236653	0.000232739	0.000229063	0.000224834	0.00022092	0.000217071	

70	0.241	16	0	task-3:0.038	task-0:0.03	task-1:0.142	task-2:0.034	|	0.329021	0.499803	0.499376	0.420167	0.194257	0.184117	0.120721	0.133736	0.11079	0.0913673	0.0869357	0.0773243	0.0715726	0.0701383	0.0653819	0.0636422	0.0601624	0.038456	0.0334467	0.0315113	0.0193761	0.0175962	0.0235993	0.0221814	0.0176299	0.0136041	0.010802	0.0108658	0.00838145	0.00784751	0.00761542	0.00689997	0.0052906	0.00501946	0.00454596	0.00442627	0.0044156	0.00428919	0.00414553	0.00368319	0.00600402	0.00320906	0.00252856	0.0020306	0.00144089	0.00122985	0.000992764	0.000962527	0.00101828	0.00193519	0.00282558	0.00293854	0.00139578	0.00160234	0.00281461	0.00192231	0.0015331	0.00153094	0.00154776	0.00171812	0.00166269	0.00158375	0.00162857	0.00150438	0.00134092	0.00133239	0.00124755	0.00124256	0.00121929	0.0011771	

114	0.417	16	0	task-3:0.032	task-0:0.03	task-1:0.176	task-2:0.006	|	0.258183	0.4994	0.496083	0.369078	0.260969	0.252877	0.200896	0.184926	0.170138	0.155184	0.151239	0.145887	0.145561	0.145651	0.145155	0.144159	0.143155	0.140963	0.137328	0.134025	0.136272	0.139082	0.143577	0.146686	0.147195	0.141153	0.141333	0.139685	0.140525	0.140767	0.140125	0.135504	0.13208	0.129209	0.125298	0.101674	0.0744802	0.0694317	0.133605	0.135692	0.120631	0.0821656	0.0782723	0.0696311	0.0812148	0.0672595	0.0665572	0.0611669	0.0544492	0.053012	0.0517802	0.0507363	0.0411521	0.0200753	0.019282	0.0190137	0.0185386	0.0182515	0.0180935	0.0179161	0.0180072	0.0175239	0.000764006	0.000480581	0.000266789	0.0166817	0.0166816	0.0164375	0.00029059	0.000290531	0.00023606	0.0166763	0.016672	0.000161842	0.000162087	0.0151374	0.0149687	0.00156198	0.000154674	0.000155123	0.000152889	0.00121659	0.000939697	0.000155977	0.000123121	0.000155266	0.000372076	0.000284992	8.73659e-005	7.30419e-005	7.80896e-005	6.8349e-005	6.94072e-005	7.44703e-005	8.51238e-005	7.76981e-005	6.50445e-005	6.77234e-005	7.01755e-005	7.61517e-005	0.000100925	0.000118206	0.000135676	0.000170797	0.000190316	0.000206054	0.000238527	0.000133444	7.44042e-005	6.56363e-005	7.13097e-005	7.70431e-005	8.61447e-005	0.000105435	

97	0.364	16	0	task-3:0.032	task-0:0.03	task-1:0.04	task-2:0.058	|	0.387143	0.497936	0.48332	0.328882	0.256906	0.238651	0.20846	0.186362	0.175482	0.173028	0.176322	0.160255	0.136383	0.132203	0.135913	0.134475	0.123625	0.109035	0.0937486	0.0774384	0.0832207	0.0672639	0.0635741	0.0696937	0.0662467	0.0681129	0.0648839	0.0581197	0.0522599	0.0458428	0.0378118	0.0423595	0.0399642	0.0366451	0.0348561	0.0321092	0.0296622	0.0272841	0.0251819	0.0140721	0.0164361	0.0149502	0.0134721	0.0120865	0.0105957	0.00401361	0.00297297	0.0129762	0.0124316	0.00612121	0.00271755	0.00261436	0.00261144	0.00628826	0.00604036	0.00352065	0.0023487	0.00238132	0.00303587	0.00331771	0.00261842	0.0145911	0.00172114	0.00158784	0.00148593	0.00137818	0.00134297	0.00132806	0.00134872	0.00144505	0.00154916	0.00113198	0.000890214	0.000833846	0.000698237	0.000655898	0.000645955	0.000639655	0.00065073	0.0173814	0.00132412	0.00058154	0.000226439	0.0167397	0.000530806	0.000544854	0.000435693	7.18923e-005	3.00531e-005	2.24619e-005	1.34772e-005	9.40695e-005	9.24105e-005	9.30677e-006	2.58379e-006	1.70019e-006	1.21925e-006	

103	0.351	16	0	task-3:0.022	task-0:0.022	task-1:0.056	task-2:0.068	|	0.25484	0.49938	0.497062	0.444027	0.25178	0.370157	0.360517	0.286268	0.251006	0.257726	0.229129	0.185316	0.168776	0.148249	0.143528	0.133861	0.128497	0.122068	0.111106	0.0986872	0.0851783	0.0776195	0.0890499	0.0806316	0.0858755	0.0693636	0.0476254	0.0476524	0.0438117	0.0434692	0.0407163	0.0362413	0.0342026	0.0318712	0.0302312	0.0255843	0.0233871	0.0222721	0.0194503	0.0178978	0.0166187	0.0149034	0.0134738	0.0122534	0.011751	0.0111681	0.0110356	0.0112033	0.0104813	0.010171	0.00989718	0.00960172	0.00949908	0.00974052	0.00909634	0.0132253	0.0250593	0.0243756	0.0237909	0.0232183	0.0230549	0.022342	0.0225064	0.0224378	0.0230494	0.0233649	0.0242756	0.0250108	0.0254196	0.025433	0.0267165	0.0278859	0.0282989	0.0286128	0.0293518	0.0311606	0.0308285	0.0322784	0.0336584	0.0666309	0.138493	0.120481	0.0408942	0.0437006	0.0430009	0.042157	0.0273245	0.0209548	0.0163255	0.0162978	0.0148862	0.022995	0.0168904	0.0146028	0.0141126	0.0137838	0.0131247	0.0115942	0.0109035	0.0112535	0.0106605	0.0101882	0.00960482	

104	0.376	16	0	task-3:0.206	task-0:0.206	task-1:0.418	task-2:0.17	|	0.364579	0.494814	0.485084	0.38983	0.249017	0.304189	0.302177	0.266948	0.247003	0.242533	0.242499	0.236766	0.225353	0.212537	0.196981	0.17952	0.162459	0.145272	0.129694	0.116627	0.107119	0.102508	0.102807	0.104762	0.106304	0.108043	0.109886	0.112858	0.116177	0.120975	0.122966	0.124065	0.124899	0.126097	0.128272	0.130855	0.132692	0.133623	0.133998	0.134116	0.134141	0.134144	0.134146	0.134146	0.135304	0.134973	0.125226	0.12458	0.116299	0.132598	0.133931	0.13407	0.13409	0.133777	0.125045	0.13434	0.137227	0.138986	0.138429	0.133821	0.125236	0.141206	0.142297	0.142554	0.142469	0.143016	0.143045	0.159375	0.160789	0.160795	0.160773	0.160747	0.160716	0.16068	0.160636	0.160578	0.160126	0.151694	0.151278	0.14005	0.134241	0.151385	0.151404	0.151184	0.149333	0.142857	0.142859	0.142771	0.134368	0.134339	0.14158	0.14087	0.125792	0.141958	0.142252	0.141839	0.132626	0.142794	0.142838	0.142849	0.142851	0.142849	0.142833	0.134194	

87	0.312	16	0	task-3:0.038	task-0:0.052	task-1:0.146	task-2:0.028	|	0.359961	0.499166	0.498364	0.427144	0.229358	0.226605	0.200762	0.189515	0.160668	0.14511	0.135099	0.103529	0.074602	0.0550441	0.0397591	0.0340397	0.0267503	0.0272484	0.0240358	0.0178092	0.146747	0.106093	0.0237406	0.0216859	0.0193283	0.018476	0.0183538	0.0182735	0.018375	0.0181055	0.0171721	0.0158908	0.0145186	0.0131213	0.0117753	0.0107909	0.010483	0.010839	0.00862363	0.00720235	0.00621105	0.00563725	0.00534622	0.00501866	0.00567558	0.00519938	0.00474208	0.00454358	0.00458808	0.00461	0.00461511	0.00417605	0.00392861	0.00368183	0.00369292	0.00397701	0.00374722	0.00374962	0.00349949	0.00319202	0.00298811	0.00283154	0.00283634	0.00273956	0.0026625	0.00257675	0.00248253	0.00238033	0.00227074	0.00215452	0.00203231	0.0019028	0.00176779	0.0016287	0.00149207	0.00137674	0.00132881	0.00136353	0.00103739	0.00112191	0.00108717	0.000981579	0.00101007	0.00126707	0.00126611	0.00108846	0.00098353	

170	0.602	16	0	task-3:0.054	task-0:0.054	task-1:0.076	task-2:0.018	|	0.434238	0.49566	0.474951	0.308391	0.245485	0.242728	0.208625	0.187657	0.16291	0.141932	0.121023	0.10754	0.0975162	0.0867648	0.0796157	0.0757529	0.0711488	0.0663584	0.0610809	0.0583584	0.0543197	0.0538852	0.0527566	0.0512771	0.062054	0.0618023	0.0645527	0.0838086	0.0888635	0.105707	0.133955	0.133296	0.130311	0.134076	0.1276	0.119479	0.103579	0.10148	0.125016	0.0907047	0.109046	0.0677681	0.0416123	0.0282852	0.0438265	0.0497454	0.0529618	0.0464689	0.0384041	0.0349986	0.0339341	0.0410196	0.0125076	0.010687	0.00646681	0.00653804	0.00670489	0.00651811	0.00626762	0.0119996	0.0113163	0.00810064	0.00783621	0.0072646	0.00671408	0.00643281	0.00621545	0.00617284	0.00611668	0.00612113	0.0227859	0.00614539	0.00629134	0.00617144	0.00621339	0.00634259	0.0066495	0.00712693	0.00784453	0.00877679	0.00978942	0.0107343	0.0114203	0.011932	0.0122818	0.012579	0.0126006	0.0126062	0.0132638	0.013631	0.013983	0.0146849	0.0139199	0.0114654	0.00230869	0.00226591	0.00679262	0.00679024	0.00241402	0.00227405	0.00369954	0.00374044	0.00268442	0.00260765	0.00205136	0.00196487	0.00168227	0.00132947	0.0010353	0.000983707	0.000837985	0.000695915	0.000555391	0.000425368	0.000307444	0.000205658	0.000124319	0.000156389	9.1207e-005	6.16274e-005	6.68895e-005	6.06792e-005	3.9024e-005	3.87817e-005	4.70604e-005	5.22638e-005	4.03749e-005	3.52901e-005	3.10368e-005	2.75287e-005	2.45453e-005	2.21093e-005	2.01556e-005	1.67363e-005	1.44766e-005	1.2539e-005	2.07439e-005	1.32987e-005	1.14901e-005	9.89568e-006	1.37548e-005	9.56938e-006	8.27713e-006	9.41817e-006	1.02655e-005	1.15026e-005	8.05624e-006	6.8905e-006	7.56034e-006	7.90638e-006	8.64834e-006	9.94365e-006	6.78432e-006	5.75958e-006	5.13412e-006	6.18125e-006	9.07586e-006	1.26671e-005	9.94534e-006	6.21728e-006	4.97256e-006	4.8531e-006	5.05406e-006	5.52794e-006	6.39933e-006	7.21968e-006	8.24367e-006	9.85068e-006	8.13896e-006	8.02412e-006	

128	0.435	16	0	task-3:0.278	task-0:0.274	task-1:0.444	task-2:0.02	|	0.311992	0.499958	0.499815	0.481941	0.248637	0.342911	0.331721	0.275742	0.226691	0.19126	0.165396	0.119513	0.0875741	0.0687638	0.0671661	0.0663901	0.0572034	0.0508559	0.0447914	0.041879	0.0400443	0.0362488	0.0340146	0.0320889	0.0313285	0.0318519	0.0329664	0.0331153	0.0322187	0.0308671	0.0296699	0.0290489	0.0283391	0.0274036	0.0264449	0.0243709	0.0217968	0.0190004	0.0159318	0.0130453	0.0111974	0.0106602	0.00976755	0.00833652	0.00774161	0.00628718	0.00567338	0.00528216	0.00513799	0.00501505	0.00450976	0.00456665	0.00466998	0.00422241	0.00387406	0.00372251	0.00361091	0.00349861	0.00338072	0.00326373	0.0031579	0.00306342	0.00299914	0.00300881	0.00258874	0.00248109	0.00252039	0.00263503	0.00374935	0.00595863	0.01215	0.0152783	0.0157492	0.0171247	0.0192821	0.0187659	0.024581	0.0299277	0.0254151	0.0209725	0.0187625	0.0176114	0.0156083	0.0123774	0.0096268	0.0079881	0.00852543	0.0124522	0.0178015	0.0237221	0.0340312	0.0506086	0.0518989	0.0569408	0.0812828	0.0812955	0.0647579	0.0626055	0.0658744	0.068596	0.0743301	0.0734572	0.0683839	0.0658567	0.0622628	0.0589507	0.0593203	0.0591044	0.0601115	0.061552	0.0627036	0.064338	0.0663711	0.101418	0.119305	0.120419	0.121792	0.10506	0.101965	0.105142	0.105469	0.0940966	0.0946329	0.0960727	0.0802553	0.0786877	0.078925	0.0781554	

212	0.687	16	0	task-3:0.032	task-0:0.032	task-1:0.04	task-2:0.004	|	0.319711	0.499317	0.495083	0.428397	0.270095	0.259373	0.256304	0.240687	0.252537	0.241091	0.226686	0.217183	0.2021	0.179751	0.145506	0.130531	0.130233	0.129474	0.132859	0.139864	0.144655	0.134723	0.1351	0.134702	0.128476	0.121468	0.120533	0.123743	0.123379	0.11839	0.113156	0.114805	0.112012	0.110814	0.102142	0.109189	0.14548	0.119762	0.109154	0.110077	0.0982328	0.105173	0.105463	0.0947937	0.0866657	0.0876487	0.0846156	0.0771063	0.0531541	0.0519533	0.0594996	0.0910264	0.093918	0.081577	0.070878	0.0706017	0.101593	0.117536	0.108679	0.107245	0.104883	0.102336	0.0831874	0.0500145	0.0493719	0.0489507	0.0487401	0.0473749	0.0472515	0.047119	0.0465736	0.0462004	0.0442	0.0440747	0.0439197	0.0437602	0.0435619	0.0432432	0.0340837	0.0306781	0.0188275	0.0201804	0.0178367	0.0302598	0.0268421	0.0173225	0.0173094	0.0172019	0.020495	0.017475	0.0171445	0.0169237	0.0167752	0.0166596	0.0165566	0.0831182	0.0164482	0.0657769	0.0163962	0.0163708	0.0163417	0.066955	0.0164671	0.00889714	0.00219437	0.00206955	0.0178106	0.0145883	0.0146268	0.00173602	0.00173182	0.0108317	0.0107034	0.00517649	0.00136933	0.00131908	0.00209502	0.00512961	0.00480924	0.00282961	0.0014796	0.00142445	0.00170973	0.00229621	0.00221034	0.0184566	0.00141344	0.00136606	0.00145418	0.0016455	0.00193506	0.00198229	0.00190312	0.00185752	0.00181354	0.00179123	0.00179199	0.0353155	0.00128736	0.00141341	0.0013861	0.00137407	0.00139858	0.00145265	0.00154603	0.00170161	0.00118623	0.000946765	0.00072827	0.0513965	0.000846561	0.000694268	0.000554346	0.00090546	0.0009024	0.000790673	0.000682793	0.000576743	0.00047379	0.00037403	0.000281357	0.0411948	3.38899e-005	3.23453e-005	0.000451151	0.000398659	6.47799e-005	5.82695e-005	0.000113682	0.000190923	0.000141401	7.50261e-005	5.43269e-005	0.0219849	4.61489e-005	4.45729e-005	4.57408e-005	4.83156e-005	0.0333825	4.79544e-005	4.78708e-005	4.87957e-005	5.09189e-005	5.46857e-005	6.12402e-005	6.49417e-005	6.82805e-005	7.44092e-005	8.46367e-005	0.000101403	0.0167844	8.90122e-005	7.82783e-005	7.28056e-005	6.99202e-005	0.0167347	4.54325e-005	3.44945e-005	3.74978e-005	5.09368e-005	6.18551e-005	0.0167397	5.85482e-005	5.51397e-005	5.25087e-005	5.05982e-005	0.000474498	3.38706e-005	2.60684e-005	2.81804e-005	3.75421e-005	4.49415e-005	

101	0.326	16	0	task-3:0	task-0:0.128	task-1:0.162	task-2:0.022	|	0.331953	0.49988	0.499507	0.461134	0.227396	0.245693	0.235009	0.225043	0.205643	0.185064	0.156702	0.143355	0.114961	0.0821685	0.0672841	0.0606668	0.0523726	0.0555948	0.059696	0.0489959	0.0532508	0.0503812	0.045371	0.0431109	0.0420294	0.040005	0.0377435	0.0354062	0.0334041	0.0314925	0.0292879	0.0268281	0.0251012	0.0242801	0.0231815	0.0223271	0.0213032	0.0204442	0.0196943	0.0185925	0.017688	0.0167687	0.0156831	0.0149031	0.0144194	0.0137077	0.0129875	0.0140623	0.0123254	0.0128314	0.012424	0.0123072	0.0115229	0.0117073	0.0118603	0.011497	0.0111059	0.0105815	0.0101173	0.00983959	0.00964013	0.00951055	0.00930911	0.00914816	0.00903019	0.00875217	0.00850366	0.00815192	0.00777759	0.00735992	0.00689834	0.00640113	0.00590752	0.0058956	0.00537245	0.00508942	0.00508489	0.00488788	0.00467367	0.0045417	0.00439268	0.00434899	0.00425156	0.00417889	0.00412717	0.00406624	0.00400999	0.00388175	0.00385799	0.00372063	0.00358385	0.00346126	0.00335273	0.00332408	0.00327451	0.00322546	0.00317372	0.0031279	0.00309244	0.00300714	0.00292021	

65	0.167	16	0	task-3:0.174	task-0:0.14	task-1:0.35	task-2:0.198	|	0.337097	0.496986	0.488639	0.380304	0.254474	0.244665	0.23056	0.213353	0.198171	0.179938	0.163969	0.150503	0.139285	0.130965	0.128435	0.126553	0.12542	0.123189	0.121449	0.120451	0.120482	0.121934	0.122592	0.127987	0.148935	0.168166	0.168366	0.173639	0.17559	0.175588	0.174188	0.174282	0.188891	0.167387	0.167387	0.18866	0.188668	0.188592	0.188424	0.182212	0.188757	0.188068	0.185497	0.186929	0.185687	0.18766	0.174322	0.173848	0.167754	0.168911	0.153026	0.14643	0.145858	0.13876	0.138612	0.138439	0.138235	0.137999	0.137725	0.144724	0.144458	0.144164	0.143852	0.157753	0.159092	

