146	0.069	1	0	task-3:0.232	task-0:0.206	task-1:0.05	task-2:0.24	|	0.0274039	0.0245795	0.0201027	0.0187749	0.0185161	0.0184499	0.0184249	0.0183876	0.0183104	0.0181587	0.0178933	0.0177969	0.0176615	0.0176356	0.017618	0.0175917	0.0175279	0.0174868	0.0174185	0.0173137	0.0173417	0.0172378	0.0172336	0.0172286	0.0172112	0.0171769	0.0170963	0.0170868	0.0170596	0.017008	0.0169209	0.0170758	0.0168816	0.0168904	0.0168861	0.0168768	0.0168495	0.0167996	0.0167811	0.0168415	0.0167388	0.0167322	0.0167205	0.0167254	0.0167301	0.0167198	0.0167013	0.0166872	0.0166606	0.0166568	0.0166334	0.01654	0.0164602	0.0162898	0.0159935	0.0154675	0.0147133	0.0140712	0.0139442	0.0138021	0.0135299	0.0130481	0.0129646	0.01243	0.011709	0.0111022	0.0106261	0.00998727	0.00931787	0.00930165	0.00901371	0.00866845	0.00854644	0.00846686	0.00836092	0.00834319	0.00826461	0.00810192	0.00780189	0.00727436	0.00632137	0.00567649	0.00999942	0.00513014	0.00479373	0.00471836	0.00467805	0.00462482	0.00450543	0.00428362	0.00394672	0.00335845	0.00320293	0.0100868	0.00252961	0.00250188	0.00244683	

136	0.054	1	0	task-3:0.23	task-0:0.216	task-1:0.05	task-2:0.242	|	0.102478	0.0713789	0.0221669	0.0193945	0.0187714	0.0186131	0.01857	0.0185463	0.018497	0.0184012	0.0182176	0.0179011	0.0177105	0.0201962	0.0175159	0.0174325	0.017348	0.0173447	0.0173332	0.0173124	0.0172848	0.0172191	0.0171519	0.0170472	0.0168735	0.0166408	0.0173603	0.0926525	0.0170261	0.016819	0.0166231	0.0166055	0.016561	0.0164902	0.0164115	0.0164365	0.016416	0.0164055	0.0163956	0.0163978	0.0164051	0.0164061	0.0164085	0.0163647	0.0163362	0.0162754	0.0161351	0.0158199	0.0152346	0.0142694	0.0140498	0.0138202	0.013555	0.0132903	0.012983	0.0125129	0.0116618	0.0101478	0.00952592	0.00920722	0.00842781	0.00828683	0.00805582	0.00787519	0.00759687	0.00706364	0.00648281	0.00633723	0.00614023	0.00573183	0.00563994	0.0055552	0.00538428	0.00505721	0.0044671	0.00393276	0.0080962	0.00358653	0.00343762	0.00340151	0.00332999	0.00320007	0.00295132	0.00250361	0.00178577	

141	0.067	1	0	task-3:0.238	task-0:0.206	task-1:0.05	task-2:0.238	|	0.0589186	0.0407928	0.0198341	0.0187812	0.0184217	0.018359	0.0183396	0.0183175	0.0182711	0.0181785	0.0180095	0.0177987	0.0179078	0.0176723	0.0176078	0.0175114	0.0174868	0.0174602	0.0174091	0.0173227	0.017291	0.0172131	0.0171972	0.0171665	0.0171129	0.0170374	0.0172712	0.0172606	0.0169929	0.0169106	0.0168943	0.0168686	0.0168217	0.0168319	0.0167721	0.016778	0.0167827	0.0167826	0.0167349	0.0166929	0.0166304	0.016468	0.0163137	0.0158948	0.0152989	0.0146886	0.0141773	0.0141425	0.0138507	0.0135647	0.0133968	0.0131205	0.0126756	0.0119067	0.0108693	0.00987039	0.00958131	0.00926803	0.00880634	0.00797404	0.00669056	0.0095391	0.00658166	0.00644553	0.00638906	0.00627496	0.00601955	0.00568357	0.00560519	0.00539731	0.00531187	0.00515404	0.00498312	0.00474474	0.00447248	0.004189	0.00456139	0.00403897	0.0039682	0.00386248	0.00380488	0.00377224	0.00369674	0.00355479	0.00330619	0.0034098	0.00313358	0.00305853	0.00304477	0.00301411	0.00295314	0.00282843	0.00275531	0.00262329	0.00238486	

168	0.072	1	0	task-3:0.238	task-0:0.202	task-1:0.05	task-2:0.236	|	0.0951596	0.0659831	0.0224749	0.0197459	0.0190245	0.01884	0.0187838	0.0187454	0.018667	0.018523	0.0182549	0.0179007	0.0181436	0.017836	0.0177626	0.0177221	0.0176476	0.0175748	0.0174677	0.0174358	0.0173941	0.0173439	0.0173767	0.0175179	0.0173099	0.0172799	0.0172402	0.0171721	0.0171128	0.0170797	0.0170247	0.01697	0.016893	0.0171151	0.0171279	0.0168774	0.016801	0.0167941	0.0167754	0.016742	0.0167289	0.0167594	0.0168417	0.0167376	0.0167304	0.0167257	0.016717	0.0167007	0.0166728	0.0166774	0.0166706	0.0166572	0.0165869	0.0165196	0.0165079	0.0169032	0.0160722	0.0158371	0.0154348	0.0148711	0.0141533	0.0137242	0.0137167	0.0135364	0.0132558	0.0129666	0.0125599	0.0119349	0.01098	0.00994933	0.00919481	0.00914371	0.00881987	0.00841961	0.00825	0.00815231	0.00797321	0.00767658	0.00731012	0.00711727	0.00696858	0.00668778	0.00619354	0.00580602	0.00588311	0.00546658	0.00540824	0.00530291	0.0051417	0.00490051	0.00483332	0.00481914	0.00478668	0.00471874	0.00458215	0.00431761	0.00384506	0.00303487	0.00262804	0.0146868	0.00277932	0.00556101	0.0018993	

168	0.068	1	0	task-3:0.238	task-0:0.202	task-1:0.05	task-2:0.236	|	0.0951596	0.0659831	0.0224749	0.0197459	0.0190245	0.01884	0.0187838	0.0187454	0.018667	0.018523	0.0182549	0.0179007	0.0181436	0.017836	0.0177626	0.0177221	0.0176476	0.0175748	0.0174677	0.0174358	0.0173941	0.0173439	0.0173767	0.0175179	0.0173099	0.0172799	0.0172402	0.0171721	0.0171128	0.0170797	0.0170247	0.01697	0.016893	0.0171151	0.0171279	0.0168774	0.016801	0.0167941	0.0167754	0.016742	0.0167289	0.0167594	0.0168417	0.0167376	0.0167304	0.0167257	0.016717	0.0167007	0.0166728	0.0166774	0.0166706	0.0166572	0.0165869	0.0165196	0.0165079	0.0169032	0.0160722	0.0158371	0.0154348	0.0148711	0.0141533	0.0137242	0.0137167	0.0135364	0.0132558	0.0129666	0.0125599	0.0119349	0.01098	0.00994933	0.00919481	0.00914371	0.00881987	0.00841961	0.00825	0.00815231	0.00797321	0.00767658	0.00731012	0.00711727	0.00696858	0.00668778	0.00619354	0.00580602	0.00588311	0.00546658	0.00540824	0.00530291	0.0051417	0.00490051	0.00483332	0.00481914	0.00478668	0.00471874	0.00458215	0.00431761	0.00384506	0.00303487	0.00262804	0.0146868	0.00277932	0.00556101	0.0018993	

168	0.08	1	0	task-3:0.238	task-0:0.202	task-1:0.05	task-2:0.236	|	0.0951596	0.0659831	0.0224749	0.0197459	0.0190245	0.01884	0.0187838	0.0187454	0.018667	0.018523	0.0182549	0.0179007	0.0181436	0.017836	0.0177626	0.0177221	0.0176476	0.0175748	0.0174677	0.0174358	0.0173941	0.0173439	0.0173767	0.0175179	0.0173099	0.0172799	0.0172402	0.0171721	0.0171128	0.0170797	0.0170247	0.01697	0.016893	0.0171151	0.0171279	0.0168774	0.016801	0.0167941	0.0167754	0.016742	0.0167289	0.0167594	0.0168417	0.0167376	0.0167304	0.0167257	0.016717	0.0167007	0.0166728	0.0166774	0.0166706	0.0166572	0.0165869	0.0165196	0.0165079	0.0169032	0.0160722	0.0158371	0.0154348	0.0148711	0.0141533	0.0137242	0.0137167	0.0135364	0.0132558	0.0129666	0.0125599	0.0119349	0.01098	0.00994933	0.00919481	0.00914371	0.00881987	0.00841961	0.00825	0.00815231	0.00797321	0.00767658	0.00731012	0.00711727	0.00696858	0.00668778	0.00619354	0.00580602	0.00588311	0.00546658	0.00540824	0.00530291	0.0051417	0.00490051	0.00483332	0.00481914	0.00478668	0.00471874	0.00458215	0.00431761	0.00384506	0.00303487	0.00262804	0.0146868	0.00277932	0.00556101	0.0018993	

154	0.066	1	0	task-3:0.26	task-0:0.212	task-1:0.05	task-2:0.244	|	0.0325241	0.0278182	0.0208548	0.0192525	0.018866	0.0187601	0.018722	0.0186797	0.0185924	0.0184208	0.0181244	0.0179386	0.0178405	0.017792	0.0177623	0.0177031	0.0175937	0.0174125	0.017711	0.0173999	0.0172605	0.0171904	0.0171848	0.0171709	0.0171429	0.0171075	0.0170847	0.0172199	0.0170703	0.0170541	0.0170328	0.0169957	0.016933	0.0169378	0.0168869	0.0168737	0.0168706	0.0168666	0.016867	0.0168317	0.0168195	0.0167962	0.0167701	0.0167021	0.0166551	0.016539	0.0163148	0.0159254	0.0153596	0.0147587	0.0141498	0.0139929	0.0138188	0.0134798	0.0128032	0.0115098	0.00928435	0.015254	0.00895552	0.019337	0.00796949	0.00776763	0.00756717	0.00747872	0.00742671	0.00736641	0.00722771	0.0069715	0.00663441	0.0060733	0.00922491	0.00605625	0.00591193	0.005849	0.00570093	0.0054985	0.00531791	0.00518962	0.00502212	0.0049149	0.00470648	0.00439168	0.0045145	0.00432417	0.00426974	0.0041815	0.00408861	0.00402775	0.00398402	0.00388492	0.00376327	0.00370639	0.00366027	0.00356945	0.0033847	0.00322647	0.00301816	0.0032034	0.0029528	0.0029087	0.00283706	0.00277725	0.00267485	0.00253542	0.00258101	0.00249133	

148	0.065	1	0	task-3:0.234	task-0:0.216	task-1:0.05	task-2:0.234	|	0.0324894	0.0270838	0.0197647	0.0186027	0.0183414	0.018284	0.0182619	0.0182269	0.018155	0.0180142	0.0177691	0.0178163	0.0176011	0.0175681	0.0175186	0.0174279	0.0173991	0.0173488	0.0172577	0.0171114	0.0169765	0.018251	0.0170998	0.0171256	0.0169367	0.0169108	0.016888	0.0168583	0.0168171	0.0168059	0.0167952	0.0167666	0.016786	0.0167531	0.0167562	0.016759	0.0167669	0.016758	0.016754	0.0167485	0.0167379	0.0167187	0.0166643	0.0166948	0.0166711	0.016655	0.0166081	0.0165846	0.0165218	0.0163712	0.0160854	0.0157147	0.0153229	0.0149413	0.0143624	0.0138567	0.0135901	0.0132083	0.0124862	0.0112284	0.00945279	0.0104639	0.00923819	0.00903978	0.0088466	0.00852758	0.00820168	0.00757953	0.00649736	0.00590641	0.0184341	0.00493988	0.00488097	0.00483006	0.00472915	0.00453466	0.00417601	0.00430518	0.00407121	0.00374318	0.00370517	0.00363128	0.00348526	0.0032198	0.00315952	0.00305577	0.00292704	0.00289551	0.00285058	0.0027557	0.00272289	0.00269014	0.00262547	0.00251829	0.00239782	

145	0.061	1	0	task-3:0.236	task-0:0.198	task-1:0.05	task-2:0.234	|	0.0623304	0.0435372	0.020632	0.0192264	0.0187561	0.0186636	0.0186375	0.0186178	0.0185755	0.0184877	0.0183082	0.0179507	0.0173646	0.0186319	0.0174691	0.0175132	0.0173157	0.0172872	0.0172469	0.017211	0.0171933	0.0171578	0.0171082	0.0171357	0.0172894	0.017082	0.0170749	0.0170643	0.0170462	0.0170109	0.0169467	0.0168453	0.0168952	0.0174227	0.0168017	0.0167524	0.0167194	0.0166731	0.0165703	0.0163681	0.0160046	0.0154462	0.0147657	0.014372	0.0143255	0.0141779	0.0139099	0.0134965	0.0139997	0.0132752	0.0128491	0.0122259	0.0111617	0.00971261	0.00919068	0.00901358	0.00858682	0.0083753	0.00827038	0.00819063	0.00818309	0.00812284	0.00799199	0.00771505	0.00718228	0.00625764	0.0047938	0.0157974	0.00451486	0.00448621	0.00444519	0.00437744	0.00427828	0.0040795	0.00374753	0.00395968	0.00371015	0.00338111	0.00335082	0.00329133	0.00317281	0.00293733	0.00251886	0.00206173	

145	0.062	1	0	task-3:0.236	task-0:0.198	task-1:0.05	task-2:0.234	|	0.0623304	0.0435372	0.020632	0.0192264	0.0187561	0.0186636	0.0186375	0.0186178	0.0185755	0.0184877	0.0183082	0.0179507	0.0173646	0.0186319	0.0174691	0.0175132	0.0173157	0.0172872	0.0172469	0.017211	0.0171933	0.0171578	0.0171082	0.0171357	0.0172894	0.017082	0.0170749	0.0170643	0.0170462	0.0170109	0.0169467	0.0168453	0.0168952	0.0174227	0.0168017	0.0167524	0.0167194	0.0166731	0.0165703	0.0163681	0.0160046	0.0154462	0.0147657	0.014372	0.0143255	0.0141779	0.0139099	0.0134965	0.0139997	0.0132752	0.0128491	0.0122259	0.0111617	0.00971261	0.00919068	0.00901358	0.00858682	0.0083753	0.00827038	0.00819063	0.00818309	0.00812284	0.00799199	0.00771505	0.00718228	0.00625764	0.0047938	0.0157974	0.00451486	0.00448621	0.00444519	0.00437744	0.00427828	0.0040795	0.00374753	0.00395968	0.00371015	0.00338111	0.00335082	0.00329133	0.00317281	0.00293733	0.00251886	0.00206173	

145	0.059	1	0	task-3:0.236	task-0:0.198	task-1:0.05	task-2:0.234	|	0.0623304	0.0435372	0.020632	0.0192264	0.0187561	0.0186636	0.0186375	0.0186178	0.0185755	0.0184877	0.0183082	0.0179507	0.0173646	0.0186319	0.0174691	0.0175132	0.0173157	0.0172872	0.0172469	0.017211	0.0171933	0.0171578	0.0171082	0.0171357	0.0172894	0.017082	0.0170749	0.0170643	0.0170462	0.0170109	0.0169467	0.0168453	0.0168952	0.0174227	0.0168017	0.0167524	0.0167194	0.0166731	0.0165703	0.0163681	0.0160046	0.0154462	0.0147657	0.014372	0.0143255	0.0141779	0.0139099	0.0134965	0.0139997	0.0132752	0.0128491	0.0122259	0.0111617	0.00971261	0.00919068	0.00901358	0.00858682	0.0083753	0.00827038	0.00819063	0.00818309	0.00812284	0.00799199	0.00771505	0.00718228	0.00625764	0.0047938	0.0157974	0.00451486	0.00448621	0.00444519	0.00437744	0.00427828	0.0040795	0.00374753	0.00395968	0.00371015	0.00338111	0.00335082	0.00329133	0.00317281	0.00293733	0.00251886	0.00206173	

145	0.068	1	0	task-3:0.236	task-0:0.198	task-1:0.05	task-2:0.234	|	0.0623304	0.0435372	0.020632	0.0192264	0.0187561	0.0186636	0.0186375	0.0186178	0.0185755	0.0184877	0.0183082	0.0179507	0.0173646	0.0186319	0.0174691	0.0175132	0.0173157	0.0172872	0.0172469	0.017211	0.0171933	0.0171578	0.0171082	0.0171357	0.0172894	0.017082	0.0170749	0.0170643	0.0170462	0.0170109	0.0169467	0.0168453	0.0168952	0.0174227	0.0168017	0.0167524	0.0167194	0.0166731	0.0165703	0.0163681	0.0160046	0.0154462	0.0147657	0.014372	0.0143255	0.0141779	0.0139099	0.0134965	0.0139997	0.0132752	0.0128491	0.0122259	0.0111617	0.00971261	0.00919068	0.00901358	0.00858682	0.0083753	0.00827038	0.00819063	0.00818309	0.00812284	0.00799199	0.00771505	0.00718228	0.00625764	0.0047938	0.0157974	0.00451486	0.00448621	0.00444519	0.00437744	0.00427828	0.0040795	0.00374753	0.00395968	0.00371015	0.00338111	0.00335082	0.00329133	0.00317281	0.00293733	0.00251886	0.00206173	

145	0.06	1	0	task-3:0.236	task-0:0.198	task-1:0.05	task-2:0.234	|	0.0623304	0.0435372	0.020632	0.0192264	0.0187561	0.0186636	0.0186375	0.0186178	0.0185755	0.0184877	0.0183082	0.0179507	0.0173646	0.0186319	0.0174691	0.0175132	0.0173157	0.0172872	0.0172469	0.017211	0.0171933	0.0171578	0.0171082	0.0171357	0.0172894	0.017082	0.0170749	0.0170643	0.0170462	0.0170109	0.0169467	0.0168453	0.0168952	0.0174227	0.0168017	0.0167524	0.0167194	0.0166731	0.0165703	0.0163681	0.0160046	0.0154462	0.0147657	0.014372	0.0143255	0.0141779	0.0139099	0.0134965	0.0139997	0.0132752	0.0128491	0.0122259	0.0111617	0.00971261	0.00919068	0.00901358	0.00858682	0.0083753	0.00827038	0.00819063	0.00818309	0.00812284	0.00799199	0.00771505	0.00718228	0.00625764	0.0047938	0.0157974	0.00451486	0.00448621	0.00444519	0.00437744	0.00427828	0.0040795	0.00374753	0.00395968	0.00371015	0.00338111	0.00335082	0.00329133	0.00317281	0.00293733	0.00251886	0.00206173	

145	0.062	1	0	task-3:0.236	task-0:0.198	task-1:0.05	task-2:0.234	|	0.0623304	0.0435372	0.020632	0.0192264	0.0187561	0.0186636	0.0186375	0.0186178	0.0185755	0.0184877	0.0183082	0.0179507	0.0173646	0.0186319	0.0174691	0.0175132	0.0173157	0.0172872	0.0172469	0.017211	0.0171933	0.0171578	0.0171082	0.0171357	0.0172894	0.017082	0.0170749	0.0170643	0.0170462	0.0170109	0.0169467	0.0168453	0.0168952	0.0174227	0.0168017	0.0167524	0.0167194	0.0166731	0.0165703	0.0163681	0.0160046	0.0154462	0.0147657	0.014372	0.0143255	0.0141779	0.0139099	0.0134965	0.0139997	0.0132752	0.0128491	0.0122259	0.0111617	0.00971261	0.00919068	0.00901358	0.00858682	0.0083753	0.00827038	0.00819063	0.00818309	0.00812284	0.00799199	0.00771505	0.00718228	0.00625764	0.0047938	0.0157974	0.00451486	0.00448621	0.00444519	0.00437744	0.00427828	0.0040795	0.00374753	0.00395968	0.00371015	0.00338111	0.00335082	0.00329133	0.00317281	0.00293733	0.00251886	0.00206173	

145	0.064	1	0	task-3:0.236	task-0:0.198	task-1:0.05	task-2:0.234	|	0.0623304	0.0435372	0.020632	0.0192264	0.0187561	0.0186636	0.0186375	0.0186178	0.0185755	0.0184877	0.0183082	0.0179507	0.0173646	0.0186319	0.0174691	0.0175132	0.0173157	0.0172872	0.0172469	0.017211	0.0171933	0.0171578	0.0171082	0.0171357	0.0172894	0.017082	0.0170749	0.0170643	0.0170462	0.0170109	0.0169467	0.0168453	0.0168952	0.0174227	0.0168017	0.0167524	0.0167194	0.0166731	0.0165703	0.0163681	0.0160046	0.0154462	0.0147657	0.014372	0.0143255	0.0141779	0.0139099	0.0134965	0.0139997	0.0132752	0.0128491	0.0122259	0.0111617	0.00971261	0.00919068	0.00901358	0.00858682	0.0083753	0.00827038	0.00819063	0.00818309	0.00812284	0.00799199	0.00771505	0.00718228	0.00625764	0.0047938	0.0157974	0.00451486	0.00448621	0.00444519	0.00437744	0.00427828	0.0040795	0.00374753	0.00395968	0.00371015	0.00338111	0.00335082	0.00329133	0.00317281	0.00293733	0.00251886	0.00206173	

145	0.06	1	0	task-3:0.236	task-0:0.198	task-1:0.05	task-2:0.234	|	0.0623304	0.0435372	0.020632	0.0192264	0.0187561	0.0186636	0.0186375	0.0186178	0.0185755	0.0184877	0.0183082	0.0179507	0.0173646	0.0186319	0.0174691	0.0175132	0.0173157	0.0172872	0.0172469	0.017211	0.0171933	0.0171578	0.0171082	0.0171357	0.0172894	0.017082	0.0170749	0.0170643	0.0170462	0.0170109	0.0169467	0.0168453	0.0168952	0.0174227	0.0168017	0.0167524	0.0167194	0.0166731	0.0165703	0.0163681	0.0160046	0.0154462	0.0147657	0.014372	0.0143255	0.0141779	0.0139099	0.0134965	0.0139997	0.0132752	0.0128491	0.0122259	0.0111617	0.00971261	0.00919068	0.00901358	0.00858682	0.0083753	0.00827038	0.00819063	0.00818309	0.00812284	0.00799199	0.00771505	0.00718228	0.00625764	0.0047938	0.0157974	0.00451486	0.00448621	0.00444519	0.00437744	0.00427828	0.0040795	0.00374753	0.00395968	0.00371015	0.00338111	0.00335082	0.00329133	0.00317281	0.00293733	0.00251886	0.00206173	

145	0.074	1	0	task-3:0.236	task-0:0.198	task-1:0.05	task-2:0.234	|	0.0623304	0.0435372	0.020632	0.0192264	0.0187561	0.0186636	0.0186375	0.0186178	0.0185755	0.0184877	0.0183082	0.0179507	0.0173646	0.0186319	0.0174691	0.0175132	0.0173157	0.0172872	0.0172469	0.017211	0.0171933	0.0171578	0.0171082	0.0171357	0.0172894	0.017082	0.0170749	0.0170643	0.0170462	0.0170109	0.0169467	0.0168453	0.0168952	0.0174227	0.0168017	0.0167524	0.0167194	0.0166731	0.0165703	0.0163681	0.0160046	0.0154462	0.0147657	0.014372	0.0143255	0.0141779	0.0139099	0.0134965	0.0139997	0.0132752	0.0128491	0.0122259	0.0111617	0.00971261	0.00919068	0.00901358	0.00858682	0.0083753	0.00827038	0.00819063	0.00818309	0.00812284	0.00799199	0.00771505	0.00718228	0.00625764	0.0047938	0.0157974	0.00451486	0.00448621	0.00444519	0.00437744	0.00427828	0.0040795	0.00374753	0.00395968	0.00371015	0.00338111	0.00335082	0.00329133	0.00317281	0.00293733	0.00251886	0.00206173	

145	0.073	1	0	task-3:0.236	task-0:0.198	task-1:0.05	task-2:0.234	|	0.0623304	0.0435372	0.020632	0.0192264	0.0187561	0.0186636	0.0186375	0.0186178	0.0185755	0.0184877	0.0183082	0.0179507	0.0173646	0.0186319	0.0174691	0.0175132	0.0173157	0.0172872	0.0172469	0.017211	0.0171933	0.0171578	0.0171082	0.0171357	0.0172894	0.017082	0.0170749	0.0170643	0.0170462	0.0170109	0.0169467	0.0168453	0.0168952	0.0174227	0.0168017	0.0167524	0.0167194	0.0166731	0.0165703	0.0163681	0.0160046	0.0154462	0.0147657	0.014372	0.0143255	0.0141779	0.0139099	0.0134965	0.0139997	0.0132752	0.0128491	0.0122259	0.0111617	0.00971261	0.00919068	0.00901358	0.00858682	0.0083753	0.00827038	0.00819063	0.00818309	0.00812284	0.00799199	0.00771505	0.00718228	0.00625764	0.0047938	0.0157974	0.00451486	0.00448621	0.00444519	0.00437744	0.00427828	0.0040795	0.00374753	0.00395968	0.00371015	0.00338111	0.00335082	0.00329133	0.00317281	0.00293733	0.00251886	0.00206173	

284	0.122	2	0	task-3:0.25	task-0:0.226	task-1:0.026	task-2:0.104	|	0.0783831	0.0525486	0.0205901	0.0192382	0.0187384	0.0186303	0.0185919	0.0185562	0.0184821	0.0183326	0.018051	0.0178363	0.0180233	0.0176997	0.0176671	0.0176196	0.0175639	0.0174898	0.0173949	0.0174068	0.0173735	0.017332	0.0173094	0.0172638	0.0171919	0.0171677	0.017259	0.0171219	0.0171154	0.0171045	0.0170868	0.0170036	0.0169295	0.0169266	0.0167938	0.0167538	0.0166648	0.0164891	0.0161712	0.0157135	0.0165075	0.0155246	0.0154744	0.0153753	0.0151271	0.0152138	0.015152	0.0150636	0.0150487	0.0150121	0.0149412	0.0148167	0.0146274	0.0147411	0.0158418	0.014691	0.0143857	0.0143917	0.0143678	0.0143343	0.0143226	0.0143056	0.0141851	0.0140937	0.0140884	0.0141084	0.0140495	0.0139682	0.0139958	0.0140123	0.0140016	0.0139761	0.0139271	0.0138358	0.0138975	0.0137592	0.0137569	0.0137441	0.0137183	0.0136696	0.0137222	0.0135946	0.013623	0.0136262	0.0136353	0.0135809	0.0135668	0.0135571	0.0135365	0.0135031	0.013398	0.0137379	0.0134061	0.0133353	0.0132625	0.0131891	0.0131239	0.0131453	0.0131086	0.0130677	0.0130329	0.0129825	0.0129	0.0127628	0.0126571	0.0125961	0.0125738	0.0125532	0.012514	0.0124396	0.0123495	0.0121312	0.0117854	0.0112716	0.0108022	0.0108214	0.0107082	0.0106661	0.0106493	0.0105699	0.0104213	0.010202	0.00981703	0.00934602	0.00967177	0.00914146	0.00904872	0.00890424	0.00876074	0.00848855	0.00801523	0.00712141	0.0055496	0.0145249	0.00670309	0.00578933	0.00454629	0.00451179	0.00444948	0.00435154	0.00426838	0.00420558	0.00418957	0.00415527	0.004085	0.00394642	0.00368456	0.00322434	0.00721931	0.00318642	0.00316773	0.00314802	0.0031187	0.00308868	0.00300382	0.00285551	0.00282301	0.00300546	0.00264296	0.0026243	0.00258896	0.00252948	0.00241417	

154	0.056	1	0	task-3:0.26	task-0:0.212	task-1:0.05	task-2:0.244	|	0.0325241	0.0278182	0.0208548	0.0192525	0.018866	0.0187601	0.018722	0.0186797	0.0185924	0.0184208	0.0181244	0.0179386	0.0178405	0.017792	0.0177623	0.0177031	0.0175937	0.0174125	0.017711	0.0173999	0.0172605	0.0171904	0.0171848	0.0171709	0.0171429	0.0171075	0.0170847	0.0172199	0.0170703	0.0170541	0.0170328	0.0169957	0.016933	0.0169378	0.0168869	0.0168737	0.0168706	0.0168666	0.016867	0.0168317	0.0168195	0.0167962	0.0167701	0.0167021	0.0166551	0.016539	0.0163148	0.0159254	0.0153596	0.0147587	0.0141498	0.0139929	0.0138188	0.0134798	0.0128032	0.0115098	0.00928435	0.015254	0.00895552	0.019337	0.00796949	0.00776763	0.00756717	0.00747872	0.00742671	0.00736641	0.00722771	0.0069715	0.00663441	0.0060733	0.00922491	0.00605625	0.00591193	0.005849	0.00570093	0.0054985	0.00531791	0.00518962	0.00502212	0.0049149	0.00470648	0.00439168	0.0045145	0.00432417	0.00426974	0.0041815	0.00408861	0.00402775	0.00398402	0.00388492	0.00376327	0.00370639	0.00366027	0.00356945	0.0033847	0.00322647	0.00301816	0.0032034	0.0029528	0.0029087	0.00283706	0.00277725	0.00267485	0.00253542	0.00258101	0.00249133	

164	0.065	1	0	task-3:0.236	task-0:0.2	task-1:0.05	task-2:0.234	|	0.0379565	0.0302328	0.0203009	0.0190285	0.0186728	0.0185858	0.0185546	0.0185174	0.0184407	0.0182881	0.0180124	0.017921	0.0177798	0.0177252	0.0177074	0.0176751	0.0176285	0.0176145	0.0179045	0.0174954	0.0174316	0.0173138	0.0171353	0.0172192	0.0171413	0.0171215	0.0170946	0.0170513	0.0170318	0.0169965	0.0169411	0.0168837	0.0168652	0.0176232	0.01676	0.0167496	0.0167106	0.0166693	0.0167009	0.0166751	0.016666	0.0166537	0.0166613	0.0166608	0.0166603	0.0166405	0.0166436	0.0165937	0.0165574	0.0164655	0.0163148	0.0159387	0.0155751	0.0152304	0.0147854	0.0143355	0.0138882	0.0137377	0.0135331	0.0131377	0.012346	0.0108472	0.0083307	0.0122847	0.00714391	0.00698778	0.00671456	0.00622251	0.00577904	0.00600603	0.0054617	0.00541662	0.00532377	0.0051491	0.00482731	0.00431379	0.00536861	0.00423041	0.00417225	0.00409413	0.00405314	0.00403351	0.00399889	0.00396659	0.00390287	0.0037901	0.00360785	0.00357949	0.00342935	0.00339089	0.00332652	0.00320698	0.00302596	0.00297988	0.00284633	0.00278792	0.00276515	0.00273327	0.00266116	0.00253909	0.0024592	

147	0.058	1	0	task-3:0.234	task-0:0.208	task-1:0.05	task-2:0.222	|	0.0270861	0.0248583	0.0210253	0.0194547	0.0191193	0.019007	0.0189784	0.0189539	0.0189029	0.0188001	0.0186065	0.0182633	0.017709	0.0173163	0.0530167	0.0172165	0.0171571	0.0170792	0.0170472	0.0170246	0.0170125	0.0169984	0.0169668	0.0169142	0.0168473	0.016811	0.0176956	0.0167167	0.0167221	0.0166861	0.0166614	0.0166607	0.0166609	0.0166652	0.0166633	0.0166566	0.0166401	0.0166619	0.0166746	0.0166269	0.016579	0.0165461	0.016457	0.0162624	0.0159152	0.0153588	0.0149692	0.0146242	0.0141094	0.0133928	0.0128881	0.0121919	0.0110316	0.0093863	0.00953117	0.0088157	0.00854708	0.00813815	0.00781689	0.0072726	0.00672353	0.00694735	0.0064031	0.00623051	0.00607176	0.00588839	0.00561915	0.00527483	0.00527478	0.0051346	0.00500386	0.00492676	0.00483868	0.00470374	0.0044964	0.00432818	0.00407404	0.003976	0.00381409	0.00375792	0.00372102	0.00368105	0.00358989	0.00344149	0.00334551	0.00321689	0.00317007	0.00312281	0.00302533	0.00299818	0.0029805	0.00294984	0.00291503	0.00284038	0.00277011	0.002691	0.0025616	0.00242349	

147	0.058	1	0	task-3:0.234	task-0:0.208	task-1:0.05	task-2:0.222	|	0.0270861	0.0248583	0.0210253	0.0194547	0.0191193	0.019007	0.0189784	0.0189539	0.0189029	0.0188001	0.0186065	0.0182633	0.017709	0.0173163	0.0530167	0.0172165	0.0171571	0.0170792	0.0170472	0.0170246	0.0170125	0.0169984	0.0169668	0.0169142	0.0168473	0.016811	0.0176956	0.0167167	0.0167221	0.0166861	0.0166614	0.0166607	0.0166609	0.0166652	0.0166633	0.0166566	0.0166401	0.0166619	0.0166746	0.0166269	0.016579	0.0165461	0.016457	0.0162624	0.0159152	0.0153588	0.0149692	0.0146242	0.0141094	0.0133928	0.0128881	0.0121919	0.0110316	0.0093863	0.00953117	0.0088157	0.00854708	0.00813815	0.00781689	0.0072726	0.00672353	0.00694735	0.0064031	0.00623051	0.00607176	0.00588839	0.00561915	0.00527483	0.00527478	0.0051346	0.00500386	0.00492676	0.00483868	0.00470374	0.0044964	0.00432818	0.00407404	0.003976	0.00381409	0.00375792	0.00372102	0.00368105	0.00358989	0.00344149	0.00334551	0.00321689	0.00317007	0.00312281	0.00302533	0.00299818	0.0029805	0.00294984	0.00291503	0.00284038	0.00277011	0.002691	0.0025616	0.00242349	

135	0.055	1	0	task-3:0.236	task-0:0.202	task-1:0.05	task-2:0.236	|	0.0820382	0.0553962	0.021148	0.0194996	0.0189055	0.0187682	0.0187218	0.018686	0.0186122	0.0184665	0.0182013	0.01785	0.0172896	0.0170661	0.0910329	0.0169309	0.0168679	0.0168025	0.0167638	0.0167265	0.0167107	0.0166783	0.0166848	0.0166902	0.0166876	0.0166819	0.0166706	0.0166497	0.0165886	0.0165932	0.0164702	0.016322	0.0160482	0.0156337	0.0152749	0.014973	0.014514	0.0140147	0.0138236	0.0136028	0.0132596	0.0125703	0.011394	0.00987666	0.00917713	0.00835612	0.00813689	0.00771247	0.00753496	0.00733355	0.00693662	0.00655349	0.00630409	0.0062144	0.00617152	0.00609069	0.00597741	0.00575751	0.00561987	0.00537029	0.00495204	0.00438017	0.00495379	0.00467329	0.00378114	0.00372622	0.00365865	0.00352718	0.00346582	0.00334332	0.0033117	0.0032483	0.00312762	0.00290447	0.00268432	0.00349857	0.00253358	0.00249482	

147	0.057	1	0	task-3:0.234	task-0:0.208	task-1:0.05	task-2:0.222	|	0.0270861	0.0248583	0.0210253	0.0194547	0.0191193	0.019007	0.0189784	0.0189539	0.0189029	0.0188001	0.0186065	0.0182633	0.017709	0.0173163	0.0530167	0.0172165	0.0171571	0.0170792	0.0170472	0.0170246	0.0170125	0.0169984	0.0169668	0.0169142	0.0168473	0.016811	0.0176956	0.0167167	0.0167221	0.0166861	0.0166614	0.0166607	0.0166609	0.0166652	0.0166633	0.0166566	0.0166401	0.0166619	0.0166746	0.0166269	0.016579	0.0165461	0.016457	0.0162624	0.0159152	0.0153588	0.0149692	0.0146242	0.0141094	0.0133928	0.0128881	0.0121919	0.0110316	0.0093863	0.00953117	0.0088157	0.00854708	0.00813815	0.00781689	0.0072726	0.00672353	0.00694735	0.0064031	0.00623051	0.00607176	0.00588839	0.00561915	0.00527483	0.00527478	0.0051346	0.00500386	0.00492676	0.00483868	0.00470374	0.0044964	0.00432818	0.00407404	0.003976	0.00381409	0.00375792	0.00372102	0.00368105	0.00358989	0.00344149	0.00334551	0.00321689	0.00317007	0.00312281	0.00302533	0.00299818	0.0029805	0.00294984	0.00291503	0.00284038	0.00277011	0.002691	0.0025616	0.00242349	

135	0.055	1	0	task-3:0.236	task-0:0.202	task-1:0.05	task-2:0.236	|	0.0820382	0.0553962	0.021148	0.0194996	0.0189055	0.0187682	0.0187218	0.018686	0.0186122	0.0184665	0.0182013	0.01785	0.0172896	0.0170661	0.0910329	0.0169309	0.0168679	0.0168025	0.0167638	0.0167265	0.0167107	0.0166783	0.0166848	0.0166902	0.0166876	0.0166819	0.0166706	0.0166497	0.0165886	0.0165932	0.0164702	0.016322	0.0160482	0.0156337	0.0152749	0.014973	0.014514	0.0140147	0.0138236	0.0136028	0.0132596	0.0125703	0.011394	0.00987666	0.00917713	0.00835612	0.00813689	0.00771247	0.00753496	0.00733355	0.00693662	0.00655349	0.00630409	0.0062144	0.00617152	0.00609069	0.00597741	0.00575751	0.00561987	0.00537029	0.00495204	0.00438017	0.00495379	0.00467329	0.00378114	0.00372622	0.00365865	0.00352718	0.00346582	0.00334332	0.0033117	0.0032483	0.00312762	0.00290447	0.00268432	0.00349857	0.00253358	0.00249482	

147	0.057	1	0	task-3:0.234	task-0:0.208	task-1:0.05	task-2:0.222	|	0.0270861	0.0248583	0.0210253	0.0194547	0.0191193	0.019007	0.0189784	0.0189539	0.0189029	0.0188001	0.0186065	0.0182633	0.017709	0.0173163	0.0530167	0.0172165	0.0171571	0.0170792	0.0170472	0.0170246	0.0170125	0.0169984	0.0169668	0.0169142	0.0168473	0.016811	0.0176956	0.0167167	0.0167221	0.0166861	0.0166614	0.0166607	0.0166609	0.0166652	0.0166633	0.0166566	0.0166401	0.0166619	0.0166746	0.0166269	0.016579	0.0165461	0.016457	0.0162624	0.0159152	0.0153588	0.0149692	0.0146242	0.0141094	0.0133928	0.0128881	0.0121919	0.0110316	0.0093863	0.00953117	0.0088157	0.00854708	0.00813815	0.00781689	0.0072726	0.00672353	0.00694735	0.0064031	0.00623051	0.00607176	0.00588839	0.00561915	0.00527483	0.00527478	0.0051346	0.00500386	0.00492676	0.00483868	0.00470374	0.0044964	0.00432818	0.00407404	0.003976	0.00381409	0.00375792	0.00372102	0.00368105	0.00358989	0.00344149	0.00334551	0.00321689	0.00317007	0.00312281	0.00302533	0.00299818	0.0029805	0.00294984	0.00291503	0.00284038	0.00277011	0.002691	0.0025616	0.00242349	

147	0.057	1	0	task-3:0.234	task-0:0.208	task-1:0.05	task-2:0.222	|	0.0270861	0.0248583	0.0210253	0.0194547	0.0191193	0.019007	0.0189784	0.0189539	0.0189029	0.0188001	0.0186065	0.0182633	0.017709	0.0173163	0.0530167	0.0172165	0.0171571	0.0170792	0.0170472	0.0170246	0.0170125	0.0169984	0.0169668	0.0169142	0.0168473	0.016811	0.0176956	0.0167167	0.0167221	0.0166861	0.0166614	0.0166607	0.0166609	0.0166652	0.0166633	0.0166566	0.0166401	0.0166619	0.0166746	0.0166269	0.016579	0.0165461	0.016457	0.0162624	0.0159152	0.0153588	0.0149692	0.0146242	0.0141094	0.0133928	0.0128881	0.0121919	0.0110316	0.0093863	0.00953117	0.0088157	0.00854708	0.00813815	0.00781689	0.0072726	0.00672353	0.00694735	0.0064031	0.00623051	0.00607176	0.00588839	0.00561915	0.00527483	0.00527478	0.0051346	0.00500386	0.00492676	0.00483868	0.00470374	0.0044964	0.00432818	0.00407404	0.003976	0.00381409	0.00375792	0.00372102	0.00368105	0.00358989	0.00344149	0.00334551	0.00321689	0.00317007	0.00312281	0.00302533	0.00299818	0.0029805	0.00294984	0.00291503	0.00284038	0.00277011	0.002691	0.0025616	0.00242349	

147	0.057	1	0	task-3:0.234	task-0:0.208	task-1:0.05	task-2:0.222	|	0.0270861	0.0248583	0.0210253	0.0194547	0.0191193	0.019007	0.0189784	0.0189539	0.0189029	0.0188001	0.0186065	0.0182633	0.017709	0.0173163	0.0530167	0.0172165	0.0171571	0.0170792	0.0170472	0.0170246	0.0170125	0.0169984	0.0169668	0.0169142	0.0168473	0.016811	0.0176956	0.0167167	0.0167221	0.0166861	0.0166614	0.0166607	0.0166609	0.0166652	0.0166633	0.0166566	0.0166401	0.0166619	0.0166746	0.0166269	0.016579	0.0165461	0.016457	0.0162624	0.0159152	0.0153588	0.0149692	0.0146242	0.0141094	0.0133928	0.0128881	0.0121919	0.0110316	0.0093863	0.00953117	0.0088157	0.00854708	0.00813815	0.00781689	0.0072726	0.00672353	0.00694735	0.0064031	0.00623051	0.00607176	0.00588839	0.00561915	0.00527483	0.00527478	0.0051346	0.00500386	0.00492676	0.00483868	0.00470374	0.0044964	0.00432818	0.00407404	0.003976	0.00381409	0.00375792	0.00372102	0.00368105	0.00358989	0.00344149	0.00334551	0.00321689	0.00317007	0.00312281	0.00302533	0.00299818	0.0029805	0.00294984	0.00291503	0.00284038	0.00277011	0.002691	0.0025616	0.00242349	

147	0.058	1	0	task-3:0.234	task-0:0.208	task-1:0.05	task-2:0.222	|	0.0270861	0.0248583	0.0210253	0.0194547	0.0191193	0.019007	0.0189784	0.0189539	0.0189029	0.0188001	0.0186065	0.0182633	0.017709	0.0173163	0.0530167	0.0172165	0.0171571	0.0170792	0.0170472	0.0170246	0.0170125	0.0169984	0.0169668	0.0169142	0.0168473	0.016811	0.0176956	0.0167167	0.0167221	0.0166861	0.0166614	0.0166607	0.0166609	0.0166652	0.0166633	0.0166566	0.0166401	0.0166619	0.0166746	0.0166269	0.016579	0.0165461	0.016457	0.0162624	0.0159152	0.0153588	0.0149692	0.0146242	0.0141094	0.0133928	0.0128881	0.0121919	0.0110316	0.0093863	0.00953117	0.0088157	0.00854708	0.00813815	0.00781689	0.0072726	0.00672353	0.00694735	0.0064031	0.00623051	0.00607176	0.00588839	0.00561915	0.00527483	0.00527478	0.0051346	0.00500386	0.00492676	0.00483868	0.00470374	0.0044964	0.00432818	0.00407404	0.003976	0.00381409	0.00375792	0.00372102	0.00368105	0.00358989	0.00344149	0.00334551	0.00321689	0.00317007	0.00312281	0.00302533	0.00299818	0.0029805	0.00294984	0.00291503	0.00284038	0.00277011	0.002691	0.0025616	0.00242349	

147	0.057	1	0	task-3:0.234	task-0:0.208	task-1:0.05	task-2:0.222	|	0.0270861	0.0248583	0.0210253	0.0194547	0.0191193	0.019007	0.0189784	0.0189539	0.0189029	0.0188001	0.0186065	0.0182633	0.017709	0.0173163	0.0530167	0.0172165	0.0171571	0.0170792	0.0170472	0.0170246	0.0170125	0.0169984	0.0169668	0.0169142	0.0168473	0.016811	0.0176956	0.0167167	0.0167221	0.0166861	0.0166614	0.0166607	0.0166609	0.0166652	0.0166633	0.0166566	0.0166401	0.0166619	0.0166746	0.0166269	0.016579	0.0165461	0.016457	0.0162624	0.0159152	0.0153588	0.0149692	0.0146242	0.0141094	0.0133928	0.0128881	0.0121919	0.0110316	0.0093863	0.00953117	0.0088157	0.00854708	0.00813815	0.00781689	0.0072726	0.00672353	0.00694735	0.0064031	0.00623051	0.00607176	0.00588839	0.00561915	0.00527483	0.00527478	0.0051346	0.00500386	0.00492676	0.00483868	0.00470374	0.0044964	0.00432818	0.00407404	0.003976	0.00381409	0.00375792	0.00372102	0.00368105	0.00358989	0.00344149	0.00334551	0.00321689	0.00317007	0.00312281	0.00302533	0.00299818	0.0029805	0.00294984	0.00291503	0.00284038	0.00277011	0.002691	0.0025616	0.00242349	

147	0.056	1	0	task-3:0.234	task-0:0.208	task-1:0.05	task-2:0.222	|	0.0270861	0.0248583	0.0210253	0.0194547	0.0191193	0.019007	0.0189784	0.0189539	0.0189029	0.0188001	0.0186065	0.0182633	0.017709	0.0173163	0.0530167	0.0172165	0.0171571	0.0170792	0.0170472	0.0170246	0.0170125	0.0169984	0.0169668	0.0169142	0.0168473	0.016811	0.0176956	0.0167167	0.0167221	0.0166861	0.0166614	0.0166607	0.0166609	0.0166652	0.0166633	0.0166566	0.0166401	0.0166619	0.0166746	0.0166269	0.016579	0.0165461	0.016457	0.0162624	0.0159152	0.0153588	0.0149692	0.0146242	0.0141094	0.0133928	0.0128881	0.0121919	0.0110316	0.0093863	0.00953117	0.0088157	0.00854708	0.00813815	0.00781689	0.0072726	0.00672353	0.00694735	0.0064031	0.00623051	0.00607176	0.00588839	0.00561915	0.00527483	0.00527478	0.0051346	0.00500386	0.00492676	0.00483868	0.00470374	0.0044964	0.00432818	0.00407404	0.003976	0.00381409	0.00375792	0.00372102	0.00368105	0.00358989	0.00344149	0.00334551	0.00321689	0.00317007	0.00312281	0.00302533	0.00299818	0.0029805	0.00294984	0.00291503	0.00284038	0.00277011	0.002691	0.0025616	0.00242349	

147	0.055	1	0	task-3:0.234	task-0:0.208	task-1:0.05	task-2:0.222	|	0.0270861	0.0248583	0.0210253	0.0194547	0.0191193	0.019007	0.0189784	0.0189539	0.0189029	0.0188001	0.0186065	0.0182633	0.017709	0.0173163	0.0530167	0.0172165	0.0171571	0.0170792	0.0170472	0.0170246	0.0170125	0.0169984	0.0169668	0.0169142	0.0168473	0.016811	0.0176956	0.0167167	0.0167221	0.0166861	0.0166614	0.0166607	0.0166609	0.0166652	0.0166633	0.0166566	0.0166401	0.0166619	0.0166746	0.0166269	0.016579	0.0165461	0.016457	0.0162624	0.0159152	0.0153588	0.0149692	0.0146242	0.0141094	0.0133928	0.0128881	0.0121919	0.0110316	0.0093863	0.00953117	0.0088157	0.00854708	0.00813815	0.00781689	0.0072726	0.00672353	0.00694735	0.0064031	0.00623051	0.00607176	0.00588839	0.00561915	0.00527483	0.00527478	0.0051346	0.00500386	0.00492676	0.00483868	0.00470374	0.0044964	0.00432818	0.00407404	0.003976	0.00381409	0.00375792	0.00372102	0.00368105	0.00358989	0.00344149	0.00334551	0.00321689	0.00317007	0.00312281	0.00302533	0.00299818	0.0029805	0.00294984	0.00291503	0.00284038	0.00277011	0.002691	0.0025616	0.00242349	

147	0.056	1	0	task-3:0.234	task-0:0.208	task-1:0.05	task-2:0.222	|	0.0270861	0.0248583	0.0210253	0.0194547	0.0191193	0.019007	0.0189784	0.0189539	0.0189029	0.0188001	0.0186065	0.0182633	0.017709	0.0173163	0.0530167	0.0172165	0.0171571	0.0170792	0.0170472	0.0170246	0.0170125	0.0169984	0.0169668	0.0169142	0.0168473	0.016811	0.0176956	0.0167167	0.0167221	0.0166861	0.0166614	0.0166607	0.0166609	0.0166652	0.0166633	0.0166566	0.0166401	0.0166619	0.0166746	0.0166269	0.016579	0.0165461	0.016457	0.0162624	0.0159152	0.0153588	0.0149692	0.0146242	0.0141094	0.0133928	0.0128881	0.0121919	0.0110316	0.0093863	0.00953117	0.0088157	0.00854708	0.00813815	0.00781689	0.0072726	0.00672353	0.00694735	0.0064031	0.00623051	0.00607176	0.00588839	0.00561915	0.00527483	0.00527478	0.0051346	0.00500386	0.00492676	0.00483868	0.00470374	0.0044964	0.00432818	0.00407404	0.003976	0.00381409	0.00375792	0.00372102	0.00368105	0.00358989	0.00344149	0.00334551	0.00321689	0.00317007	0.00312281	0.00302533	0.00299818	0.0029805	0.00294984	0.00291503	0.00284038	0.00277011	0.002691	0.0025616	0.00242349	

147	0.055	1	0	task-3:0.234	task-0:0.208	task-1:0.05	task-2:0.222	|	0.0270861	0.0248583	0.0210253	0.0194547	0.0191193	0.019007	0.0189784	0.0189539	0.0189029	0.0188001	0.0186065	0.0182633	0.017709	0.0173163	0.0530167	0.0172165	0.0171571	0.0170792	0.0170472	0.0170246	0.0170125	0.0169984	0.0169668	0.0169142	0.0168473	0.016811	0.0176956	0.0167167	0.0167221	0.0166861	0.0166614	0.0166607	0.0166609	0.0166652	0.0166633	0.0166566	0.0166401	0.0166619	0.0166746	0.0166269	0.016579	0.0165461	0.016457	0.0162624	0.0159152	0.0153588	0.0149692	0.0146242	0.0141094	0.0133928	0.0128881	0.0121919	0.0110316	0.0093863	0.00953117	0.0088157	0.00854708	0.00813815	0.00781689	0.0072726	0.00672353	0.00694735	0.0064031	0.00623051	0.00607176	0.00588839	0.00561915	0.00527483	0.00527478	0.0051346	0.00500386	0.00492676	0.00483868	0.00470374	0.0044964	0.00432818	0.00407404	0.003976	0.00381409	0.00375792	0.00372102	0.00368105	0.00358989	0.00344149	0.00334551	0.00321689	0.00317007	0.00312281	0.00302533	0.00299818	0.0029805	0.00294984	0.00291503	0.00284038	0.00277011	0.002691	0.0025616	0.00242349	

147	0.056	1	0	task-3:0.234	task-0:0.208	task-1:0.05	task-2:0.222	|	0.0270861	0.0248583	0.0210253	0.0194547	0.0191193	0.019007	0.0189784	0.0189539	0.0189029	0.0188001	0.0186065	0.0182633	0.017709	0.0173163	0.0530167	0.0172165	0.0171571	0.0170792	0.0170472	0.0170246	0.0170125	0.0169984	0.0169668	0.0169142	0.0168473	0.016811	0.0176956	0.0167167	0.0167221	0.0166861	0.0166614	0.0166607	0.0166609	0.0166652	0.0166633	0.0166566	0.0166401	0.0166619	0.0166746	0.0166269	0.016579	0.0165461	0.016457	0.0162624	0.0159152	0.0153588	0.0149692	0.0146242	0.0141094	0.0133928	0.0128881	0.0121919	0.0110316	0.0093863	0.00953117	0.0088157	0.00854708	0.00813815	0.00781689	0.0072726	0.00672353	0.00694735	0.0064031	0.00623051	0.00607176	0.00588839	0.00561915	0.00527483	0.00527478	0.0051346	0.00500386	0.00492676	0.00483868	0.00470374	0.0044964	0.00432818	0.00407404	0.003976	0.00381409	0.00375792	0.00372102	0.00368105	0.00358989	0.00344149	0.00334551	0.00321689	0.00317007	0.00312281	0.00302533	0.00299818	0.0029805	0.00294984	0.00291503	0.00284038	0.00277011	0.002691	0.0025616	0.00242349	

147	0.057	1	0	task-3:0.234	task-0:0.208	task-1:0.05	task-2:0.222	|	0.0270861	0.0248583	0.0210253	0.0194547	0.0191193	0.019007	0.0189784	0.0189539	0.0189029	0.0188001	0.0186065	0.0182633	0.017709	0.0173163	0.0530167	0.0172165	0.0171571	0.0170792	0.0170472	0.0170246	0.0170125	0.0169984	0.0169668	0.0169142	0.0168473	0.016811	0.0176956	0.0167167	0.0167221	0.0166861	0.0166614	0.0166607	0.0166609	0.0166652	0.0166633	0.0166566	0.0166401	0.0166619	0.0166746	0.0166269	0.016579	0.0165461	0.016457	0.0162624	0.0159152	0.0153588	0.0149692	0.0146242	0.0141094	0.0133928	0.0128881	0.0121919	0.0110316	0.0093863	0.00953117	0.0088157	0.00854708	0.00813815	0.00781689	0.0072726	0.00672353	0.00694735	0.0064031	0.00623051	0.00607176	0.00588839	0.00561915	0.00527483	0.00527478	0.0051346	0.00500386	0.00492676	0.00483868	0.00470374	0.0044964	0.00432818	0.00407404	0.003976	0.00381409	0.00375792	0.00372102	0.00368105	0.00358989	0.00344149	0.00334551	0.00321689	0.00317007	0.00312281	0.00302533	0.00299818	0.0029805	0.00294984	0.00291503	0.00284038	0.00277011	0.002691	0.0025616	0.00242349	

135	0.055	1	0	task-3:0.232	task-0:0.206	task-1:0.05	task-2:0.244	|	0.0270861	0.0248583	0.0210253	0.0194547	0.0191193	0.019007	0.0189784	0.0189539	0.0189029	0.0188001	0.0186065	0.0182633	0.017709	0.0173163	0.0530167	0.0172165	0.0171571	0.0170792	0.0170472	0.0170246	0.0170125	0.0169984	0.0169668	0.0169142	0.0168473	0.016811	0.0176956	0.0167167	0.0167221	0.0166861	0.0166614	0.0166607	0.0166609	0.0166652	0.0166633	0.0166566	0.0166401	0.0166619	0.0166746	0.0166269	0.0165761	0.0165451	0.0164615	0.0162794	0.0159762	0.0153874	0.0150646	0.0147714	0.0143574	0.0138679	0.0136727	0.0135396	0.0133182	0.01285	0.0119872	0.0105582	0.00888131	0.00958446	0.00870256	0.00842261	0.00811226	0.00789148	0.007679	0.0073981	0.00696636	0.00680918	0.00666974	0.00640004	0.00611891	0.00588104	0.00558554	0.00545327	0.00530997	0.0050316	0.00451236	0.00361747	0.00378912	0.0165915	0.00247912	

370	0.174	3	0	task-3:0.144	task-0:0.26	task-1:0.028	task-2:0.084	|	0.0640093	0.0432324	0.0193704	0.0184457	0.0181401	0.0180933	0.0180755	0.0180448	0.0179817	0.0178592	0.017653	0.0177026	0.0175839	0.0175413	0.0174757	0.0174343	0.017364	0.0172372	0.0172532	0.0171307	0.0171284	0.0171249	0.0171136	0.0170735	0.0170059	0.0170225	0.0169628	0.0169567	0.0169465	0.0169341	0.0168628	0.0168528	0.0167938	0.0166775	0.0164668	0.0161255	0.0160951	0.0158629	0.0158538	0.0158749	0.0158616	0.0158259	0.0157455	0.0155783	0.0152497	0.0146625	0.0161998	0.0222673	0.0152315	0.0146543	0.0142204	0.014242	0.0142175	0.0141881	0.0141492	0.0140842	0.0140667	0.0140386	0.0139427	0.0140376	0.0138686	0.0138958	0.0139045	0.0138967	0.0138782	0.0138403	0.0137706	0.01366	0.0144458	0.0173553	0.0138022	0.0136056	0.0135047	0.013501	0.0134909	0.0134603	0.0134071	0.0133323	0.0136612	0.0159837	0.0133767	0.0133222	0.0133002	0.0132929	0.013279	0.0132755	0.0132698	0.0132499	0.0132115	0.0131452	0.0138318	0.0139318	0.0131858	0.0130864	0.0130591	0.0130561	0.0130513	0.0130437	0.0130291	0.0130173	0.0129692	0.013089	0.0129897	0.0129805	0.0129758	0.0129694	0.0129802	0.0129627	0.0129697	0.0129635	0.0129517	0.0129221	0.0129335	0.0128879	0.0128647	0.0128465	0.0128348	0.0128157	0.0128165	0.0127838	0.0127583	0.0127156	0.0126532	0.0125792	0.0125731	0.0125699	0.0124896	0.0124586	0.012398	0.0122912	0.0120876	0.0117094	0.0110808	0.0102705	0.0100817	0.0100514	0.0100077	0.00995221	0.0099201	0.00983876	0.00972411	0.00949012	0.00902378	0.00873029	0.0120077	0.0082313	0.00817447	0.00815174	0.00810481	0.0080137	0.00784394	0.00753235	0.00698415	0.00598841	0.00452699	0.01922	0.00623332	0.056641	0.00882902	0.0199806	0.0197196	0.00440886	0.0208527	0.00426287	0.00426415	0.00426277	0.00425848	0.00424918	0.00423988	0.00422002	0.00417789	0.00413983	0.00442493	0.00406084	0.00402369	0.00395443	0.00383434	0.00365465	0.00349911	0.00343625	0.0034064	0.00337744	0.00335513	0.00333672	0.00330376	0.00327006	0.00322055	0.00313492	0.00310374	0.00304399	0.00302099	0.00298847	0.00294831	0.00293125	0.00290846	0.00287169	0.00282543	0.00273823	0.0026127	0.00268501	0.00254121	0.00251626	0.0025068	0.00248959	

370	0.172	3	0	task-3:0.144	task-0:0.26	task-1:0.028	task-2:0.084	|	0.0640093	0.0432324	0.0193704	0.0184457	0.0181401	0.0180933	0.0180755	0.0180448	0.0179817	0.0178592	0.017653	0.0177026	0.0175839	0.0175413	0.0174757	0.0174343	0.017364	0.0172372	0.0172532	0.0171307	0.0171284	0.0171249	0.0171136	0.0170735	0.0170059	0.0170225	0.0169628	0.0169567	0.0169465	0.0169341	0.0168628	0.0168528	0.0167938	0.0166775	0.0164668	0.0161255	0.0160951	0.0158629	0.0158538	0.0158749	0.0158616	0.0158259	0.0157455	0.0155783	0.0152497	0.0146625	0.0161998	0.0222673	0.0152315	0.0146543	0.0142204	0.014242	0.0142175	0.0141881	0.0141492	0.0140842	0.0140667	0.0140386	0.0139427	0.0140376	0.0138686	0.0138958	0.0139045	0.0138967	0.0138782	0.0138403	0.0137706	0.01366	0.0144458	0.0173553	0.0138022	0.0136056	0.0135047	0.013501	0.0134909	0.0134603	0.0134071	0.0133323	0.0136612	0.0159837	0.0133767	0.0133222	0.0133002	0.0132929	0.013279	0.0132755	0.0132698	0.0132499	0.0132115	0.0131452	0.0138318	0.0139318	0.0131858	0.0130864	0.0130591	0.0130561	0.0130513	0.0130437	0.0130291	0.0130173	0.0129692	0.013089	0.0129897	0.0129805	0.0129758	0.0129694	0.0129802	0.0129627	0.0129697	0.0129635	0.0129517	0.0129221	0.0129335	0.0128879	0.0128647	0.0128465	0.0128348	0.0128157	0.0128165	0.0127838	0.0127583	0.0127156	0.0126532	0.0125792	0.0125731	0.0125699	0.0124896	0.0124586	0.012398	0.0122912	0.0120876	0.0117094	0.0110808	0.0102705	0.0100817	0.0100514	0.0100077	0.00995221	0.0099201	0.00983876	0.00972411	0.00949012	0.00902378	0.00873029	0.0120077	0.0082313	0.00817447	0.00815174	0.00810481	0.0080137	0.00784394	0.00753235	0.00698415	0.00598841	0.00452699	0.01922	0.00623332	0.056641	0.00882902	0.0199806	0.0197196	0.00440886	0.0208527	0.00426287	0.00426415	0.00426277	0.00425848	0.00424918	0.00423988	0.00422002	0.00417789	0.00413983	0.00442493	0.00406084	0.00402369	0.00395443	0.00383434	0.00365465	0.00349911	0.00343625	0.0034064	0.00337744	0.00335513	0.00333672	0.00330376	0.00327006	0.00322055	0.00313492	0.00310374	0.00304399	0.00302099	0.00298847	0.00294831	0.00293125	0.00290846	0.00287169	0.00282543	0.00273823	0.0026127	0.00268501	0.00254121	0.00251626	0.0025068	0.00248959	

319	0.137	2	0	task-3:0.2	task-0:0.234	task-1:0.024	task-2:0.246	|	0.0873528	0.0602884	0.0219217	0.0196066	0.0189712	0.0188232	0.0187799	0.0187499	0.0186878	0.0185791	0.0183669	0.0180175	0.0179823	0.0178518	0.0178023	0.0177304	0.0176847	0.0176181	0.0175231	0.0174852	0.0174385	0.0173561	0.0173038	0.017211	0.0170603	0.0170726	0.0184813	0.0172506	0.0196049	0.0169853	0.0168745	0.0167795	0.0167549	0.0167202	0.0167392	0.0167003	0.0167038	0.0167039	0.0167051	0.0167114	0.0167094	0.0167071	0.0166549	0.0167157	0.0165253	0.0163612	0.0160492	0.015558	0.0156004	0.015261	0.01527	0.0152717	0.0152383	0.0151659	0.0149813	0.014871	0.0146733	0.0146672	0.0146212	0.0145394	0.0144201	0.0142321	0.0140124	0.0156546	0.01377	0.0139477	0.0136961	0.0135992	0.0135548	0.0135469	0.013536	0.0134947	0.0133843	0.0132172	0.0138109	0.0134313	0.0131813	0.0130847	0.0130264	0.0129825	0.0129472	0.0129046	0.0128351	0.0127264	0.0143544	0.0127704	0.0127214	0.0127048	0.0126854	0.0126724	0.0126488	0.0125978	0.0125019	0.0136253	0.0125508	0.0125111	0.0124954	0.0124831	0.0124864	0.0124863	0.0124428	0.0124644	0.0123795	0.0123995	0.0124031	0.0124136	0.0123976	0.0123329	0.0122522	0.0122609	0.0119926	0.011818	0.0115558	0.0111722	0.0108896	0.0111162	0.0109539	0.0108874	0.0108287	0.01077	0.0106643	0.0105591	0.0102984	0.0101801	0.00999896	0.00996305	0.00991231	0.00984159	0.00969958	0.00946608	0.00946288	0.00945437	0.00943126	0.00938869	0.00934136	0.00931167	0.00925227	0.00915165	0.00895198	0.00854896	0.00777741	0.00637236	0.0174372	0.00705495	0.00984986	0.00591108	0.00572492	0.00570305	0.00569923	0.00568705	0.00565647	0.00559229	0.00546393	0.00522831	0.0048393	0.00944732	0.0047675	0.00468122	0.00468319	0.00468634	0.00468994	0.00470467	0.0046837	0.00469367	0.0046061	0.00465046	0.00457534	0.00454838	0.00450836	0.00448622	0.00446547	0.00442492	0.00434962	0.00429891	0.00427275	0.00422876	0.00422117	0.00420744	0.00418594	0.00412988	0.0041022	0.00405493	0.00396358	0.00385923	0.00411451	0.00380007	0.00379506	0.00378532	0.00376828	0.00373797	0.0036749	0.00354897	0.00330712	0.00286483	0.0023153	

370	0.171	3	0	task-3:0.144	task-0:0.26	task-1:0.028	task-2:0.084	|	0.0640093	0.0432324	0.0193704	0.0184457	0.0181401	0.0180933	0.0180755	0.0180448	0.0179817	0.0178592	0.017653	0.0177026	0.0175839	0.0175413	0.0174757	0.0174343	0.017364	0.0172372	0.0172532	0.0171307	0.0171284	0.0171249	0.0171136	0.0170735	0.0170059	0.0170225	0.0169628	0.0169567	0.0169465	0.0169341	0.0168628	0.0168528	0.0167938	0.0166775	0.0164668	0.0161255	0.0160951	0.0158629	0.0158538	0.0158749	0.0158616	0.0158259	0.0157455	0.0155783	0.0152497	0.0146625	0.0161998	0.0222673	0.0152315	0.0146543	0.0142204	0.014242	0.0142175	0.0141881	0.0141492	0.0140842	0.0140667	0.0140386	0.0139427	0.0140376	0.0138686	0.0138958	0.0139045	0.0138967	0.0138782	0.0138403	0.0137706	0.01366	0.0144458	0.0173553	0.0138022	0.0136056	0.0135047	0.013501	0.0134909	0.0134603	0.0134071	0.0133323	0.0136612	0.0159837	0.0133767	0.0133222	0.0133002	0.0132929	0.013279	0.0132755	0.0132698	0.0132499	0.0132115	0.0131452	0.0138318	0.0139318	0.0131858	0.0130864	0.0130591	0.0130561	0.0130513	0.0130437	0.0130291	0.0130173	0.0129692	0.013089	0.0129897	0.0129805	0.0129758	0.0129694	0.0129802	0.0129627	0.0129697	0.0129635	0.0129517	0.0129221	0.0129335	0.0128879	0.0128647	0.0128465	0.0128348	0.0128157	0.0128165	0.0127838	0.0127583	0.0127156	0.0126532	0.0125792	0.0125731	0.0125699	0.0124896	0.0124586	0.012398	0.0122912	0.0120876	0.0117094	0.0110808	0.0102705	0.0100817	0.0100514	0.0100077	0.00995221	0.0099201	0.00983876	0.00972411	0.00949012	0.00902378	0.00873029	0.0120077	0.0082313	0.00817447	0.00815174	0.00810481	0.0080137	0.00784394	0.00753235	0.00698415	0.00598841	0.00452699	0.01922	0.00623332	0.056641	0.00882902	0.0199806	0.0197196	0.00440886	0.0208527	0.00426287	0.00426415	0.00426277	0.00425848	0.00424918	0.00423988	0.00422002	0.00417789	0.00413983	0.00442493	0.00406084	0.00402369	0.00395443	0.00383434	0.00365465	0.00349911	0.00343625	0.0034064	0.00337744	0.00335513	0.00333672	0.00330376	0.00327006	0.00322055	0.00313492	0.00310374	0.00304399	0.00302099	0.00298847	0.00294831	0.00293125	0.00290846	0.00287169	0.00282543	0.00273823	0.0026127	0.00268501	0.00254121	0.00251626	0.0025068	0.00248959	

370	0.169	3	0	task-3:0.144	task-0:0.26	task-1:0.028	task-2:0.084	|	0.0640093	0.0432324	0.0193704	0.0184457	0.0181401	0.0180933	0.0180755	0.0180448	0.0179817	0.0178592	0.017653	0.0177026	0.0175839	0.0175413	0.0174757	0.0174343	0.017364	0.0172372	0.0172532	0.0171307	0.0171284	0.0171249	0.0171136	0.0170735	0.0170059	0.0170225	0.0169628	0.0169567	0.0169465	0.0169341	0.0168628	0.0168528	0.0167938	0.0166775	0.0164668	0.0161255	0.0160951	0.0158629	0.0158538	0.0158749	0.0158616	0.0158259	0.0157455	0.0155783	0.0152497	0.0146625	0.0161998	0.0222673	0.0152315	0.0146543	0.0142204	0.014242	0.0142175	0.0141881	0.0141492	0.0140842	0.0140667	0.0140386	0.0139427	0.0140376	0.0138686	0.0138958	0.0139045	0.0138967	0.0138782	0.0138403	0.0137706	0.01366	0.0144458	0.0173553	0.0138022	0.0136056	0.0135047	0.013501	0.0134909	0.0134603	0.0134071	0.0133323	0.0136612	0.0159837	0.0133767	0.0133222	0.0133002	0.0132929	0.013279	0.0132755	0.0132698	0.0132499	0.0132115	0.0131452	0.0138318	0.0139318	0.0131858	0.0130864	0.0130591	0.0130561	0.0130513	0.0130437	0.0130291	0.0130173	0.0129692	0.013089	0.0129897	0.0129805	0.0129758	0.0129694	0.0129802	0.0129627	0.0129697	0.0129635	0.0129517	0.0129221	0.0129335	0.0128879	0.0128647	0.0128465	0.0128348	0.0128157	0.0128165	0.0127838	0.0127583	0.0127156	0.0126532	0.0125792	0.0125731	0.0125699	0.0124896	0.0124586	0.012398	0.0122912	0.0120876	0.0117094	0.0110808	0.0102705	0.0100817	0.0100514	0.0100077	0.00995221	0.0099201	0.00983876	0.00972411	0.00949012	0.00902378	0.00873029	0.0120077	0.0082313	0.00817447	0.00815174	0.00810481	0.0080137	0.00784394	0.00753235	0.00698415	0.00598841	0.00452699	0.01922	0.00623332	0.056641	0.00882902	0.0199806	0.0197196	0.00440886	0.0208527	0.00426287	0.00426415	0.00426277	0.00425848	0.00424918	0.00423988	0.00422002	0.00417789	0.00413983	0.00442493	0.00406084	0.00402369	0.00395443	0.00383434	0.00365465	0.00349911	0.00343625	0.0034064	0.00337744	0.00335513	0.00333672	0.00330376	0.00327006	0.00322055	0.00313492	0.00310374	0.00304399	0.00302099	0.00298847	0.00294831	0.00293125	0.00290846	0.00287169	0.00282543	0.00273823	0.0026127	0.00268501	0.00254121	0.00251626	0.0025068	0.00248959	

358	0.17	3	2	task-3:0.138	task-0:0.252	task-1:0.03	task-2:0.092	|	0.0640093	0.0432324	0.0193704	0.0184457	0.0181401	0.0180933	0.0180755	0.0180448	0.0179817	0.0178592	0.017653	0.0177026	0.0175839	0.0175413	0.0174757	0.0174343	0.017364	0.0172372	0.0172532	0.0171307	0.0171284	0.0171249	0.0171136	0.0170735	0.0170059	0.0170225	0.0169628	0.0169567	0.0169465	0.0169341	0.0168628	0.0168528	0.0167938	0.0166775	0.0164668	0.0161255	0.0160951	0.0158629	0.0158538	0.0158749	0.0158616	0.0158259	0.0157455	0.0155783	0.0152497	0.0146625	0.0161998	0.0222673	0.0152315	0.0146543	0.0142204	0.014242	0.0142175	0.0141881	0.0141492	0.0140842	0.0140667	0.0140386	0.0139427	0.0140376	0.0138686	0.0138958	0.0139045	0.0138967	0.0138782	0.0138403	0.0137706	0.01366	0.0144458	0.0173553	0.0138022	0.0136056	0.0135047	0.013501	0.0134909	0.0134603	0.0134071	0.0133323	0.0136612	0.0159837	0.0133767	0.0133222	0.0133002	0.0132929	0.013279	0.0132755	0.0132698	0.0132499	0.0132115	0.0131452	0.0138318	0.0139318	0.0131858	0.0130864	0.0130591	0.0130561	0.0130513	0.0130437	0.0130291	0.0130173	0.0129692	0.013089	0.0129897	0.0129805	0.0129758	0.0129694	0.0129802	0.0129627	0.0129697	0.0129635	0.0129517	0.0129221	0.0129335	0.0128879	0.0128647	0.0128465	0.0128348	0.0128157	0.0128165	0.0127838	0.0127583	0.0127155	0.0126532	0.0125791	0.0125739	0.0125679	0.0124898	0.0124588	0.0123981	0.0122907	0.0120859	0.0117045	0.0110697	0.0102575	0.0102464	0.0100324	0.00985475	0.00978234	0.00967425	0.00944705	0.00906977	0.00883947	0.00884455	0.0085068	0.00841666	0.00829679	0.00812101	0.00786207	0.00739613	0.00653635	0.00805004	0.00896966	0.00556247	0.00551267	0.00542739	0.00531483	0.00525165	0.00517865	0.00507427	0.00497305	0.00476566	0.00448296	0.00510828	0.00439258	0.00436799	0.00432707	0.0042692	0.00419638	0.00409738	0.00390443	0.00353948	0.00289208	0.0030225	0.0162271	0.00344588	0.0219915	0.00274765	0.00408299	0.00192523	

139	0.052	1	0	task-3:0.228	task-0:0.218	task-1:0.05	task-2:0.238	|	0.130306	0.101629	0.0298673	0.0188535	0.018671	0.018538	0.0185191	0.0185062	0.0184777	0.0184185	0.0182988	0.018066	0.0176708	0.0175456	0.0252782	0.0173662	0.0172649	0.0171416	0.017123	0.0171108	0.0170903	0.0170677	0.0170065	0.017025	0.0170108	0.0169898	0.0169895	0.0169733	0.0169425	0.0168917	0.0168369	0.0170867	0.0174013	0.0168034	0.0167372	0.0166977	0.0166859	0.0166816	0.0166739	0.0166599	0.0166391	0.0165984	0.0167841	0.0166172	0.0166041	0.0165989	0.016571	0.0165537	0.0165066	0.0164013	0.0161576	0.0157377	0.0149438	0.0139859	0.013828	0.0143668	0.0133237	0.012988	0.0129325	0.0127955	0.012548	0.0120442	0.01112	0.00961728	0.00806363	0.0120263	0.00801813	0.00756627	0.00748577	0.00742769	0.00734487	0.00712866	0.00678881	0.00671995	0.00663794	0.00653206	0.0063875	0.00626374	0.006131	0.00594025	0.00564147	0.00552822	0.00544603	0.00529001	0.00503677	0.00499139	0.00496933	0.00495878	0.00492409	0.004858	0.00472676	0.00449813	0.00406734	0.00331487	0.00247216	

145	0.054	1	0	task-3:0.256	task-0:0.212	task-1:0.05	task-2:0.244	|	0.0827797	0.0561528	0.0213478	0.0195611	0.018939	0.0187946	0.0187482	0.018717	0.0186532	0.0185297	0.0183148	0.018079	0.018266	0.0177309	0.017671	0.0176096	0.0175123	0.0174362	0.0176269	0.0181381	0.0174554	0.0174237	0.017396	0.0173474	0.0172589	0.0171368	0.0171214	0.0171055	0.0170779	0.0170061	0.0169371	0.0169395	0.016867	0.0168756	0.0168752	0.0168783	0.0168503	0.0168365	0.0168322	0.0168269	0.0167677	0.0167044	0.0166829	0.0164734	0.0162615	0.015905	0.0153866	0.0148656	0.0143303	0.0139291	0.0137185	0.0133642	0.0129916	0.0124414	0.0115177	0.0100125	0.00885648	0.00910169	0.00859415	0.00821777	0.00806814	0.00777322	0.00728635	0.00646701	0.0064124	0.00805209	0.00544475	0.00523746	0.00520105	0.00515761	0.00507863	0.00496827	0.00477122	0.00467373	0.00454496	0.00431401	0.00416803	0.00398051	0.0039367	0.00391372	0.00386603	0.00377214	0.00360451	0.00355654	0.00351926	0.00343285	0.00336181	0.00332268	0.00328857	0.00321593	0.00313849	0.00309665	0.00306263	0.00298527	0.00291263	0.00285928	0.00279132	0.00265835	0.00241979	

139	0.054	1	0	task-3:0.228	task-0:0.218	task-1:0.05	task-2:0.238	|	0.130306	0.101629	0.0298673	0.0188535	0.018671	0.018538	0.0185191	0.0185062	0.0184777	0.0184185	0.0182988	0.018066	0.0176708	0.0175456	0.0252782	0.0173662	0.0172649	0.0171416	0.017123	0.0171108	0.0170903	0.0170677	0.0170065	0.017025	0.0170108	0.0169898	0.0169895	0.0169733	0.0169425	0.0168917	0.0168369	0.0170867	0.0174013	0.0168034	0.0167372	0.0166977	0.0166859	0.0166816	0.0166739	0.0166599	0.0166391	0.0165984	0.0167841	0.0166172	0.0166041	0.0165989	0.016571	0.0165537	0.0165066	0.0164013	0.0161576	0.0157377	0.0149438	0.0139859	0.013828	0.0143668	0.0133237	0.012988	0.0129325	0.0127955	0.012548	0.0120442	0.01112	0.00961728	0.00806363	0.0120263	0.00801813	0.00756627	0.00748577	0.00742769	0.00734487	0.00712866	0.00678881	0.00671995	0.00663794	0.00653206	0.0063875	0.00626374	0.006131	0.00594025	0.00564147	0.00552822	0.00544603	0.00529001	0.00503677	0.00499139	0.00496933	0.00495878	0.00492409	0.004858	0.00472676	0.00449813	0.00406734	0.00331487	0.00247216	

139	0.052	1	0	task-3:0.228	task-0:0.218	task-1:0.05	task-2:0.238	|	0.130306	0.101629	0.0298673	0.0188535	0.018671	0.018538	0.0185191	0.0185062	0.0184777	0.0184185	0.0182988	0.018066	0.0176708	0.0175456	0.0252782	0.0173662	0.0172649	0.0171416	0.017123	0.0171108	0.0170903	0.0170677	0.0170065	0.017025	0.0170108	0.0169898	0.0169895	0.0169733	0.0169425	0.0168917	0.0168369	0.0170867	0.0174013	0.0168034	0.0167372	0.0166977	0.0166859	0.0166816	0.0166739	0.0166599	0.0166391	0.0165984	0.0167841	0.0166172	0.0166041	0.0165989	0.016571	0.0165537	0.0165066	0.0164013	0.0161576	0.0157377	0.0149438	0.0139859	0.013828	0.0143668	0.0133237	0.012988	0.0129325	0.0127955	0.012548	0.0120442	0.01112	0.00961728	0.00806363	0.0120263	0.00801813	0.00756627	0.00748577	0.00742769	0.00734487	0.00712866	0.00678881	0.00671995	0.00663794	0.00653206	0.0063875	0.00626374	0.006131	0.00594025	0.00564147	0.00552822	0.00544603	0.00529001	0.00503677	0.00499139	0.00496933	0.00495878	0.00492409	0.004858	0.00472676	0.00449813	0.00406734	0.00331487	0.00247216	

139	0.054	1	0	task-3:0.228	task-0:0.218	task-1:0.05	task-2:0.238	|	0.130306	0.101629	0.0298673	0.0188535	0.018671	0.018538	0.0185191	0.0185062	0.0184777	0.0184185	0.0182988	0.018066	0.0176708	0.0175456	0.0252782	0.0173662	0.0172649	0.0171416	0.017123	0.0171108	0.0170903	0.0170677	0.0170065	0.017025	0.0170108	0.0169898	0.0169895	0.0169733	0.0169425	0.0168917	0.0168369	0.0170867	0.0174013	0.0168034	0.0167372	0.0166977	0.0166859	0.0166816	0.0166739	0.0166599	0.0166391	0.0165984	0.0167841	0.0166172	0.0166041	0.0165989	0.016571	0.0165537	0.0165066	0.0164013	0.0161576	0.0157377	0.0149438	0.0139859	0.013828	0.0143668	0.0133237	0.012988	0.0129325	0.0127955	0.012548	0.0120442	0.01112	0.00961728	0.00806363	0.0120263	0.00801813	0.00756627	0.00748577	0.00742769	0.00734487	0.00712866	0.00678881	0.00671995	0.00663794	0.00653206	0.0063875	0.00626374	0.006131	0.00594025	0.00564147	0.00552822	0.00544603	0.00529001	0.00503677	0.00499139	0.00496933	0.00495878	0.00492409	0.004858	0.00472676	0.00449813	0.00406734	0.00331487	0.00247216	

139	0.053	1	0	task-3:0.228	task-0:0.218	task-1:0.05	task-2:0.238	|	0.130306	0.101629	0.0298673	0.0188535	0.018671	0.018538	0.0185191	0.0185062	0.0184777	0.0184185	0.0182988	0.018066	0.0176708	0.0175456	0.0252782	0.0173662	0.0172649	0.0171416	0.017123	0.0171108	0.0170903	0.0170677	0.0170065	0.017025	0.0170108	0.0169898	0.0169895	0.0169733	0.0169425	0.0168917	0.0168369	0.0170867	0.0174013	0.0168034	0.0167372	0.0166977	0.0166859	0.0166816	0.0166739	0.0166599	0.0166391	0.0165984	0.0167841	0.0166172	0.0166041	0.0165989	0.016571	0.0165537	0.0165066	0.0164013	0.0161576	0.0157377	0.0149438	0.0139859	0.013828	0.0143668	0.0133237	0.012988	0.0129325	0.0127955	0.012548	0.0120442	0.01112	0.00961728	0.00806363	0.0120263	0.00801813	0.00756627	0.00748577	0.00742769	0.00734487	0.00712866	0.00678881	0.00671995	0.00663794	0.00653206	0.0063875	0.00626374	0.006131	0.00594025	0.00564147	0.00552822	0.00544603	0.00529001	0.00503677	0.00499139	0.00496933	0.00495878	0.00492409	0.004858	0.00472676	0.00449813	0.00406734	0.00331487	0.00247216	

139	0.052	1	0	task-3:0.228	task-0:0.218	task-1:0.05	task-2:0.238	|	0.130306	0.101629	0.0298673	0.0188535	0.018671	0.018538	0.0185191	0.0185062	0.0184777	0.0184185	0.0182988	0.018066	0.0176708	0.0175456	0.0252782	0.0173662	0.0172649	0.0171416	0.017123	0.0171108	0.0170903	0.0170677	0.0170065	0.017025	0.0170108	0.0169898	0.0169895	0.0169733	0.0169425	0.0168917	0.0168369	0.0170867	0.0174013	0.0168034	0.0167372	0.0166977	0.0166859	0.0166816	0.0166739	0.0166599	0.0166391	0.0165984	0.0167841	0.0166172	0.0166041	0.0165989	0.016571	0.0165537	0.0165066	0.0164013	0.0161576	0.0157377	0.0149438	0.0139859	0.013828	0.0143668	0.0133237	0.012988	0.0129325	0.0127955	0.012548	0.0120442	0.01112	0.00961728	0.00806363	0.0120263	0.00801813	0.00756627	0.00748577	0.00742769	0.00734487	0.00712866	0.00678881	0.00671995	0.00663794	0.00653206	0.0063875	0.00626374	0.006131	0.00594025	0.00564147	0.00552822	0.00544603	0.00529001	0.00503677	0.00499139	0.00496933	0.00495878	0.00492409	0.004858	0.00472676	0.00449813	0.00406734	0.00331487	0.00247216	

139	0.052	1	0	task-3:0.228	task-0:0.218	task-1:0.05	task-2:0.238	|	0.130306	0.101629	0.0298673	0.0188535	0.018671	0.018538	0.0185191	0.0185062	0.0184777	0.0184185	0.0182988	0.018066	0.0176708	0.0175456	0.0252782	0.0173662	0.0172649	0.0171416	0.017123	0.0171108	0.0170903	0.0170677	0.0170065	0.017025	0.0170108	0.0169898	0.0169895	0.0169733	0.0169425	0.0168917	0.0168369	0.0170867	0.0174013	0.0168034	0.0167372	0.0166977	0.0166859	0.0166816	0.0166739	0.0166599	0.0166391	0.0165984	0.0167841	0.0166172	0.0166041	0.0165989	0.016571	0.0165537	0.0165066	0.0164013	0.0161576	0.0157377	0.0149438	0.0139859	0.013828	0.0143668	0.0133237	0.012988	0.0129325	0.0127955	0.012548	0.0120442	0.01112	0.00961728	0.00806363	0.0120263	0.00801813	0.00756627	0.00748577	0.00742769	0.00734487	0.00712866	0.00678881	0.00671995	0.00663794	0.00653206	0.0063875	0.00626374	0.006131	0.00594025	0.00564147	0.00552822	0.00544603	0.00529001	0.00503677	0.00499139	0.00496933	0.00495878	0.00492409	0.004858	0.00472676	0.00449813	0.00406734	0.00331487	0.00247216	

139	0.052	1	0	task-3:0.228	task-0:0.218	task-1:0.05	task-2:0.238	|	0.130306	0.101629	0.0298673	0.0188535	0.018671	0.018538	0.0185191	0.0185062	0.0184777	0.0184185	0.0182988	0.018066	0.0176708	0.0175456	0.0252782	0.0173662	0.0172649	0.0171416	0.017123	0.0171108	0.0170903	0.0170677	0.0170065	0.017025	0.0170108	0.0169898	0.0169895	0.0169733	0.0169425	0.0168917	0.0168369	0.0170867	0.0174013	0.0168034	0.0167372	0.0166977	0.0166859	0.0166816	0.0166739	0.0166599	0.0166391	0.0165984	0.0167841	0.0166172	0.0166041	0.0165989	0.016571	0.0165537	0.0165066	0.0164013	0.0161576	0.0157377	0.0149438	0.0139859	0.013828	0.0143668	0.0133237	0.012988	0.0129325	0.0127955	0.012548	0.0120442	0.01112	0.00961728	0.00806363	0.0120263	0.00801813	0.00756627	0.00748577	0.00742769	0.00734487	0.00712866	0.00678881	0.00671995	0.00663794	0.00653206	0.0063875	0.00626374	0.006131	0.00594025	0.00564147	0.00552822	0.00544603	0.00529001	0.00503677	0.00499139	0.00496933	0.00495878	0.00492409	0.004858	0.00472676	0.00449813	0.00406734	0.00331487	0.00247216	

139	0.054	1	0	task-3:0.228	task-0:0.218	task-1:0.05	task-2:0.238	|	0.130306	0.101629	0.0298673	0.0188535	0.018671	0.018538	0.0185191	0.0185062	0.0184777	0.0184185	0.0182988	0.018066	0.0176708	0.0175456	0.0252782	0.0173662	0.0172649	0.0171416	0.017123	0.0171108	0.0170903	0.0170677	0.0170065	0.017025	0.0170108	0.0169898	0.0169895	0.0169733	0.0169425	0.0168917	0.0168369	0.0170867	0.0174013	0.0168034	0.0167372	0.0166977	0.0166859	0.0166816	0.0166739	0.0166599	0.0166391	0.0165984	0.0167841	0.0166172	0.0166041	0.0165989	0.016571	0.0165537	0.0165066	0.0164013	0.0161576	0.0157377	0.0149438	0.0139859	0.013828	0.0143668	0.0133237	0.012988	0.0129325	0.0127955	0.012548	0.0120442	0.01112	0.00961728	0.00806363	0.0120263	0.00801813	0.00756627	0.00748577	0.00742769	0.00734487	0.00712866	0.00678881	0.00671995	0.00663794	0.00653206	0.0063875	0.00626374	0.006131	0.00594025	0.00564147	0.00552822	0.00544603	0.00529001	0.00503677	0.00499139	0.00496933	0.00495878	0.00492409	0.004858	0.00472676	0.00449813	0.00406734	0.00331487	0.00247216	

145	0.056	1	0	task-3:0.256	task-0:0.212	task-1:0.05	task-2:0.244	|	0.0827797	0.0561528	0.0213478	0.0195611	0.018939	0.0187946	0.0187482	0.018717	0.0186532	0.0185297	0.0183148	0.018079	0.018266	0.0177309	0.017671	0.0176096	0.0175123	0.0174362	0.0176269	0.0181381	0.0174554	0.0174237	0.017396	0.0173474	0.0172589	0.0171368	0.0171214	0.0171055	0.0170779	0.0170061	0.0169371	0.0169395	0.016867	0.0168756	0.0168752	0.0168783	0.0168503	0.0168365	0.0168322	0.0168269	0.0167677	0.0167044	0.0166829	0.0164734	0.0162615	0.015905	0.0153866	0.0148656	0.0143303	0.0139291	0.0137185	0.0133642	0.0129916	0.0124414	0.0115177	0.0100125	0.00885648	0.00910169	0.00859415	0.00821777	0.00806814	0.00777322	0.00728635	0.00646701	0.0064124	0.00805209	0.00544475	0.00523746	0.00520105	0.00515761	0.00507863	0.00496827	0.00477122	0.00467373	0.00454496	0.00431401	0.00416803	0.00398051	0.0039367	0.00391372	0.00386603	0.00377214	0.00360451	0.00355654	0.00351926	0.00343285	0.00336181	0.00332268	0.00328857	0.00321593	0.00313849	0.00309665	0.00306263	0.00298527	0.00291263	0.00285928	0.00279132	0.00265835	0.00241979	

139	0.053	1	0	task-3:0.228	task-0:0.218	task-1:0.05	task-2:0.238	|	0.130306	0.101629	0.0298673	0.0188535	0.018671	0.018538	0.0185191	0.0185062	0.0184777	0.0184185	0.0182988	0.018066	0.0176708	0.0175456	0.0252782	0.0173662	0.0172649	0.0171416	0.017123	0.0171108	0.0170903	0.0170677	0.0170065	0.017025	0.0170108	0.0169898	0.0169895	0.0169733	0.0169425	0.0168917	0.0168369	0.0170867	0.0174013	0.0168034	0.0167372	0.0166977	0.0166859	0.0166816	0.0166739	0.0166599	0.0166391	0.0165984	0.0167841	0.0166172	0.0166041	0.0165989	0.016571	0.0165537	0.0165066	0.0164013	0.0161576	0.0157377	0.0149438	0.0139859	0.013828	0.0143668	0.0133237	0.012988	0.0129325	0.0127955	0.012548	0.0120442	0.01112	0.00961728	0.00806363	0.0120263	0.00801813	0.00756627	0.00748577	0.00742769	0.00734487	0.00712866	0.00678881	0.00671995	0.00663794	0.00653206	0.0063875	0.00626374	0.006131	0.00594025	0.00564147	0.00552822	0.00544603	0.00529001	0.00503677	0.00499139	0.00496933	0.00495878	0.00492409	0.004858	0.00472676	0.00449813	0.00406734	0.00331487	0.00247216	

145	0.055	1	0	task-3:0.256	task-0:0.212	task-1:0.05	task-2:0.244	|	0.0827797	0.0561528	0.0213478	0.0195611	0.018939	0.0187946	0.0187482	0.018717	0.0186532	0.0185297	0.0183148	0.018079	0.018266	0.0177309	0.017671	0.0176096	0.0175123	0.0174362	0.0176269	0.0181381	0.0174554	0.0174237	0.017396	0.0173474	0.0172589	0.0171368	0.0171214	0.0171055	0.0170779	0.0170061	0.0169371	0.0169395	0.016867	0.0168756	0.0168752	0.0168783	0.0168503	0.0168365	0.0168322	0.0168269	0.0167677	0.0167044	0.0166829	0.0164734	0.0162615	0.015905	0.0153866	0.0148656	0.0143303	0.0139291	0.0137185	0.0133642	0.0129916	0.0124414	0.0115177	0.0100125	0.00885648	0.00910169	0.00859415	0.00821777	0.00806814	0.00777322	0.00728635	0.00646701	0.0064124	0.00805209	0.00544475	0.00523746	0.00520105	0.00515761	0.00507863	0.00496827	0.00477122	0.00467373	0.00454496	0.00431401	0.00416803	0.00398051	0.0039367	0.00391372	0.00386603	0.00377214	0.00360451	0.00355654	0.00351926	0.00343285	0.00336181	0.00332268	0.00328857	0.00321593	0.00313849	0.00309665	0.00306263	0.00298527	0.00291263	0.00285928	0.00279132	0.00265835	0.00241979	

139	0.053	1	0	task-3:0.228	task-0:0.218	task-1:0.05	task-2:0.238	|	0.130306	0.101629	0.0298673	0.0188535	0.018671	0.018538	0.0185191	0.0185062	0.0184777	0.0184185	0.0182988	0.018066	0.0176708	0.0175456	0.0252782	0.0173662	0.0172649	0.0171416	0.017123	0.0171108	0.0170903	0.0170677	0.0170065	0.017025	0.0170108	0.0169898	0.0169895	0.0169733	0.0169425	0.0168917	0.0168369	0.0170867	0.0174013	0.0168034	0.0167372	0.0166977	0.0166859	0.0166816	0.0166739	0.0166599	0.0166391	0.0165984	0.0167841	0.0166172	0.0166041	0.0165989	0.016571	0.0165537	0.0165066	0.0164013	0.0161576	0.0157377	0.0149438	0.0139859	0.013828	0.0143668	0.0133237	0.012988	0.0129325	0.0127955	0.012548	0.0120442	0.01112	0.00961728	0.00806363	0.0120263	0.00801813	0.00756627	0.00748577	0.00742769	0.00734487	0.00712866	0.00678881	0.00671995	0.00663794	0.00653206	0.0063875	0.00626374	0.006131	0.00594025	0.00564147	0.00552822	0.00544603	0.00529001	0.00503677	0.00499139	0.00496933	0.00495878	0.00492409	0.004858	0.00472676	0.00449813	0.00406734	0.00331487	0.00247216	

139	0.054	1	0	task-3:0.228	task-0:0.218	task-1:0.05	task-2:0.238	|	0.130306	0.101629	0.0298673	0.0188535	0.018671	0.018538	0.0185191	0.0185062	0.0184777	0.0184185	0.0182988	0.018066	0.0176708	0.0175456	0.0252782	0.0173662	0.0172649	0.0171416	0.017123	0.0171108	0.0170903	0.0170677	0.0170065	0.017025	0.0170108	0.0169898	0.0169895	0.0169733	0.0169425	0.0168917	0.0168369	0.0170867	0.0174013	0.0168034	0.0167372	0.0166977	0.0166859	0.0166816	0.0166739	0.0166599	0.0166391	0.0165984	0.0167841	0.0166172	0.0166041	0.0165989	0.016571	0.0165537	0.0165066	0.0164013	0.0161576	0.0157377	0.0149438	0.0139859	0.013828	0.0143668	0.0133237	0.012988	0.0129325	0.0127955	0.012548	0.0120442	0.01112	0.00961728	0.00806363	0.0120263	0.00801813	0.00756627	0.00748577	0.00742769	0.00734487	0.00712866	0.00678881	0.00671995	0.00663794	0.00653206	0.0063875	0.00626374	0.006131	0.00594025	0.00564147	0.00552822	0.00544603	0.00529001	0.00503677	0.00499139	0.00496933	0.00495878	0.00492409	0.004858	0.00472676	0.00449813	0.00406734	0.00331487	0.00247216	

139	0.053	1	0	task-3:0.228	task-0:0.218	task-1:0.05	task-2:0.238	|	0.130306	0.101629	0.0298673	0.0188535	0.018671	0.018538	0.0185191	0.0185062	0.0184777	0.0184185	0.0182988	0.018066	0.0176708	0.0175456	0.0252782	0.0173662	0.0172649	0.0171416	0.017123	0.0171108	0.0170903	0.0170677	0.0170065	0.017025	0.0170108	0.0169898	0.0169895	0.0169733	0.0169425	0.0168917	0.0168369	0.0170867	0.0174013	0.0168034	0.0167372	0.0166977	0.0166859	0.0166816	0.0166739	0.0166599	0.0166391	0.0165984	0.0167841	0.0166172	0.0166041	0.0165989	0.016571	0.0165537	0.0165066	0.0164013	0.0161576	0.0157377	0.0149438	0.0139859	0.013828	0.0143668	0.0133237	0.012988	0.0129325	0.0127955	0.012548	0.0120442	0.01112	0.00961728	0.00806363	0.0120263	0.00801813	0.00756627	0.00748577	0.00742769	0.00734487	0.00712866	0.00678881	0.00671995	0.00663794	0.00653206	0.0063875	0.00626374	0.006131	0.00594025	0.00564147	0.00552822	0.00544603	0.00529001	0.00503677	0.00499139	0.00496933	0.00495878	0.00492409	0.004858	0.00472676	0.00449813	0.00406734	0.00331487	0.00247216	

