27	0.094	32	0	task-3:0.334	task-0:0.412	task-1:0.382	task-2:0.204	|	0.0723877	0.0999987	0.0999715	0.0843941	0.0926375	0.069967	0.0545249	0.0568618	0.056032	0.0541332	0.0540441	0.0541765	0.0540719	0.0540136	0.0535701	0.0528373	0.0521814	0.05152	0.0506055	0.0511749	0.0660482	0.0655565	0.0653909	0.0613702	0.0574271	0.0462093	0.0365348	

38	0.154	32	0	task-3:0.424	task-0:0.406	task-1:0.16	task-2:0.224	|	0.0739059	0.0999995	0.0999828	0.0742854	0.10729	0.0855865	0.0619548	0.0566891	0.0547056	0.0543398	0.0539642	0.0533858	0.053137	0.053074	0.0527366	0.0524162	0.0530186	0.0525462	0.0520183	0.052572	0.0552351	0.0544119	0.0522376	0.0511664	0.0564795	0.0648396	0.0701932	0.0733987	0.0741654	0.0945349	0.0631981	0.0633548	0.0918397	0.0944346	0.0773487	0.0438331	0.0425006	0.0330398	

24	0.079	32	0	task-3:0.402	task-0:0.432	task-1:0.442	task-2:0.334	|	0.0710116	0.0999995	0.0999864	0.0859041	0.0994874	0.0609738	0.0594585	0.0612134	0.0582894	0.0549661	0.051988	0.0514811	0.0507052	0.0504935	0.0489249	0.0481528	0.0486866	0.0488074	0.0504451	0.0550854	0.0658346	0.0866438	0.0767127	0.0360046	

17	0.064	32	0	task-3:0.32	task-0:0.422	task-1:0.43	task-2:0.286	|	0.0628233	0.12	0.119998	0.114467	0.07708	0.0672856	0.0523847	0.0517885	0.0508021	0.0504142	0.049015	0.0464491	0.0453604	0.0444719	0.0422272	0.0401055	0.0385723	

21	0.071	32	0	task-3:0.386	task-0:0.39	task-1:0.498	task-2:0.308	|	0.0704727	0.1	0.1	0.0999504	0.0552927	0.118061	0.115818	0.0888413	0.0542663	0.055316	0.050687	0.0516691	0.0485069	0.0490717	0.0480017	0.0456352	0.044864	0.0436769	0.0427836	0.0418523	0.0396078	

21	0.076	32	0	task-3:0.386	task-0:0.39	task-1:0.498	task-2:0.308	|	0.0704727	0.1	0.1	0.0999504	0.0552927	0.118061	0.115818	0.0888413	0.0542663	0.055316	0.050687	0.0516691	0.0485069	0.0490717	0.0480017	0.0456352	0.044864	0.0436769	0.0427836	0.0418523	0.0396078	

36	0.14	32	0	task-3:0.374	task-0:0.27	task-1:0.228	task-2:0.568	|	0.109411	0.1	0.1	0.0999248	0.0560997	0.107883	0.0889522	0.0661415	0.0576855	0.0563194	0.0552935	0.0548598	0.0540682	0.0532028	0.0529976	0.0528823	0.0528827	0.0534744	0.0563115	0.0580369	0.0627105	0.0779024	0.0867414	0.0836529	0.0799356	0.0713731	0.0555717	0.0513059	0.0491988	0.0490307	0.0466189	0.0423638	0.0408777	0.0414045	0.0411235	0.0237221	

18	0.062	32	0	task-3:0.314	task-0:0.222	task-1:0.432	task-2:0.338	|	0.0652545	0.12	0.12	0.118325	0.0659472	0.0607057	0.0557991	0.0539191	0.0532431	0.0522315	0.0509111	0.0488139	0.0483561	0.0469295	0.0462443	0.0445953	0.0409395	0.036736	

21	0.083	32	0	task-3:0.386	task-0:0.39	task-1:0.498	task-2:0.308	|	0.0704727	0.1	0.1	0.0999504	0.0552927	0.118061	0.115818	0.0888413	0.0542663	0.055316	0.050687	0.0516691	0.0485069	0.0490717	0.0480017	0.0456352	0.044864	0.0436769	0.0427836	0.0418523	0.0396078	

36	0.121	32	0	task-3:0.374	task-0:0.27	task-1:0.228	task-2:0.568	|	0.109411	0.1	0.1	0.0999248	0.0560997	0.107883	0.0889522	0.0661415	0.0576855	0.0563194	0.0552935	0.0548598	0.0540682	0.0532028	0.0529976	0.0528823	0.0528827	0.0534744	0.0563115	0.0580369	0.0627105	0.0779024	0.0867414	0.0836529	0.0799356	0.0713731	0.0555717	0.0513059	0.0491988	0.0490307	0.0466189	0.0423638	0.0408777	0.0414045	0.0411235	0.0237221	

36	0.136	32	0	task-3:0.374	task-0:0.27	task-1:0.228	task-2:0.568	|	0.109411	0.1	0.1	0.0999248	0.0560997	0.107883	0.0889522	0.0661415	0.0576855	0.0563194	0.0552935	0.0548598	0.0540682	0.0532028	0.0529976	0.0528823	0.0528827	0.0534744	0.0563115	0.0580369	0.0627105	0.0779024	0.0867414	0.0836529	0.0799356	0.0713731	0.0555717	0.0513059	0.0491988	0.0490307	0.0466189	0.0423638	0.0408777	0.0414045	0.0411235	0.0237221	

18	0.057	32	0	task-3:0.314	task-0:0.222	task-1:0.432	task-2:0.338	|	0.0652545	0.12	0.12	0.118325	0.0659472	0.0607057	0.0557991	0.0539191	0.0532431	0.0522315	0.0509111	0.0488139	0.0483561	0.0469295	0.0462443	0.0445953	0.0409395	0.036736	

36	0.152	32	0	task-3:0.374	task-0:0.27	task-1:0.228	task-2:0.568	|	0.109411	0.1	0.1	0.0999248	0.0560997	0.107883	0.0889522	0.0661415	0.0576855	0.0563194	0.0552935	0.0548598	0.0540682	0.0532028	0.0529976	0.0528823	0.0528827	0.0534744	0.0563115	0.0580369	0.0627105	0.0779024	0.0867414	0.0836529	0.0799356	0.0713731	0.0555717	0.0513059	0.0491988	0.0490307	0.0466189	0.0423638	0.0408777	0.0414045	0.0411235	0.0237221	

21	0.066	32	0	task-3:0.454	task-0:0.462	task-1:0.422	task-2:0.378	|	0.0654664	0.1	0.099999	0.0976191	0.0734195	0.0654538	0.0567512	0.0554865	0.0559675	0.0555369	0.0542861	0.0548029	0.0543461	0.0523486	0.0505684	0.0476756	0.0480907	0.0442245	0.0538092	0.0449059	0.0346407	

21	0.065	32	0	task-3:0.344	task-0:0.34	task-1:0.282	task-2:0.328	|	0.068216	0.1	0.0999992	0.0981639	0.064102	0.0610917	0.0536249	0.0540861	0.0542315	0.0543883	0.0537498	0.0533043	0.0527911	0.0526341	0.0511151	0.0494359	0.0488053	0.046901	0.0473252	0.043368	0.0379056	

27	0.089	32	0	task-3:0.29	task-0:0.41	task-1:0.304	task-2:0.232	|	0.0548995	0.12	0.119997	0.109316	0.0830904	0.0746359	0.0567368	0.0536867	0.0533382	0.0530349	0.0528879	0.0525819	0.0529885	0.0529779	0.0525774	0.0516693	0.052566	0.0517981	0.0599173	0.0678295	0.0687515	0.0568598	0.0493685	0.043132	0.0437157	0.0411123	0.0385573	

21	0.065	32	0	task-3:0.344	task-0:0.34	task-1:0.282	task-2:0.328	|	0.068216	0.1	0.0999992	0.0981639	0.064102	0.0610917	0.0536249	0.0540861	0.0542315	0.0543883	0.0537498	0.0533043	0.0527911	0.0526341	0.0511151	0.0494359	0.0488053	0.046901	0.0473252	0.043368	0.0379056	

27	0.099	32	0	task-3:0.29	task-0:0.41	task-1:0.304	task-2:0.232	|	0.0548995	0.12	0.119997	0.109316	0.0830904	0.0746359	0.0567368	0.0536867	0.0533382	0.0530349	0.0528879	0.0525819	0.0529885	0.0529779	0.0525774	0.0516693	0.052566	0.0517981	0.0599173	0.0678295	0.0687515	0.0568598	0.0493685	0.043132	0.0437157	0.0411123	0.0385573	

21	0.073	32	0	task-3:0.344	task-0:0.34	task-1:0.282	task-2:0.328	|	0.068216	0.1	0.0999992	0.0981639	0.064102	0.0610917	0.0536249	0.0540861	0.0542315	0.0543883	0.0537498	0.0533043	0.0527911	0.0526341	0.0511151	0.0494359	0.0488053	0.046901	0.0473252	0.043368	0.0379056	

27	0.083	32	0	task-3:0.29	task-0:0.41	task-1:0.304	task-2:0.232	|	0.0548995	0.12	0.119997	0.109316	0.0830904	0.0746359	0.0567368	0.0536867	0.0533382	0.0530349	0.0528879	0.0525819	0.0529885	0.0529779	0.0525774	0.0516693	0.052566	0.0517981	0.0599173	0.0678295	0.0687515	0.0568598	0.0493685	0.043132	0.0437157	0.0411123	0.0385573	

21	0.065	32	0	task-3:0.344	task-0:0.34	task-1:0.282	task-2:0.328	|	0.068216	0.1	0.0999992	0.0981639	0.064102	0.0610917	0.0536249	0.0540861	0.0542315	0.0543883	0.0537498	0.0533043	0.0527911	0.0526341	0.0511151	0.0494359	0.0488053	0.046901	0.0473252	0.043368	0.0379056	

21	0.067	32	0	task-3:0.344	task-0:0.34	task-1:0.282	task-2:0.328	|	0.068216	0.1	0.0999992	0.0981639	0.064102	0.0610917	0.0536249	0.0540861	0.0542315	0.0543883	0.0537498	0.0533043	0.0527911	0.0526341	0.0511151	0.0494359	0.0488053	0.046901	0.0473252	0.043368	0.0379056	

27	0.09	32	0	task-3:0.29	task-0:0.41	task-1:0.304	task-2:0.232	|	0.0548995	0.12	0.119997	0.109316	0.0830904	0.0746359	0.0567368	0.0536867	0.0533382	0.0530349	0.0528879	0.0525819	0.0529885	0.0529779	0.0525774	0.0516693	0.052566	0.0517981	0.0599173	0.0678295	0.0687515	0.0568598	0.0493685	0.043132	0.0437157	0.0411123	0.0385573	

21	0.066	32	0	task-3:0.344	task-0:0.34	task-1:0.282	task-2:0.328	|	0.068216	0.1	0.0999992	0.0981639	0.064102	0.0610917	0.0536249	0.0540861	0.0542315	0.0543883	0.0537498	0.0533043	0.0527911	0.0526341	0.0511151	0.0494359	0.0488053	0.046901	0.0473252	0.043368	0.0379056	

27	0.086	32	0	task-3:0.29	task-0:0.41	task-1:0.304	task-2:0.232	|	0.0548995	0.12	0.119997	0.109316	0.0830904	0.0746359	0.0567368	0.0536867	0.0533382	0.0530349	0.0528879	0.0525819	0.0529885	0.0529779	0.0525774	0.0516693	0.052566	0.0517981	0.0599173	0.0678295	0.0687515	0.0568598	0.0493685	0.043132	0.0437157	0.0411123	0.0385573	

21	0.067	32	0	task-3:0.344	task-0:0.34	task-1:0.282	task-2:0.328	|	0.068216	0.1	0.0999992	0.0981639	0.064102	0.0610917	0.0536249	0.0540861	0.0542315	0.0543883	0.0537498	0.0533043	0.0527911	0.0526341	0.0511151	0.0494359	0.0488053	0.046901	0.0473252	0.043368	0.0379056	

34	0.108	32	0	task-3:0.186	task-0:0.474	task-1:0.284	task-2:0.28	|	0.0733985	0.0999996	0.0999899	0.0927194	0.093928	0.0742511	0.0555137	0.0567136	0.055815	0.0552557	0.0551907	0.0545335	0.0537658	0.0530081	0.0525894	0.0520429	0.0514346	0.052079	0.0516091	0.0512881	0.0515579	0.0508119	0.0502551	0.0458288	0.0436645	0.060525	0.0503362	0.0474358	0.0491531	0.0496295	0.0489995	0.0470262	0.0455473	0.0375019	

29	0.091	32	0	task-3:0.332	task-0:0.516	task-1:0.334	task-2:0.138	|	0.0563907	0.0999991	0.0999776	0.0932113	0.0697895	0.0584275	0.05472	0.0546419	0.054212	0.0538236	0.0526073	0.0523889	0.0522306	0.0522736	0.0520754	0.0519035	0.0525011	0.0528701	0.0533775	0.0546032	0.055861	0.0572181	0.0710272	0.0576514	0.0416063	0.0574064	0.0506973	0.0427703	0.0397243	

29	0.091	32	0	task-3:0.332	task-0:0.516	task-1:0.334	task-2:0.138	|	0.0563907	0.0999991	0.0999776	0.0932113	0.0697895	0.0584275	0.05472	0.0546419	0.054212	0.0538236	0.0526073	0.0523889	0.0522306	0.0522736	0.0520754	0.0519035	0.0525011	0.0528701	0.0533775	0.0546032	0.055861	0.0572181	0.0710272	0.0576514	0.0416063	0.0574064	0.0506973	0.0427703	0.0397243	

29	0.09	32	0	task-3:0.332	task-0:0.516	task-1:0.334	task-2:0.138	|	0.0563907	0.0999991	0.0999776	0.0932113	0.0697895	0.0584275	0.05472	0.0546419	0.054212	0.0538236	0.0526073	0.0523889	0.0522306	0.0522736	0.0520754	0.0519035	0.0525011	0.0528701	0.0533775	0.0546032	0.055861	0.0572181	0.0710272	0.0576514	0.0416063	0.0574064	0.0506973	0.0427703	0.0397243	

31	0.097	32	0	task-3:0.16	task-0:0.128	task-1:0.1	task-2:0.272	|	0.0550761	0.0999994	0.0999781	0.087793	0.089103	0.0748748	0.054966	0.0566532	0.0578306	0.0569533	0.0549462	0.0560862	0.0565425	0.0555411	0.0550764	0.0548146	0.0545806	0.0544017	0.0537778	0.0532645	0.0542992	0.0552726	0.080387	0.0518706	0.0457485	0.0552427	0.0774173	0.0741187	0.0474503	0.0491849	0.0303336	

29	0.09	32	0	task-3:0.332	task-0:0.516	task-1:0.334	task-2:0.138	|	0.0563907	0.0999991	0.0999776	0.0932113	0.0697895	0.0584275	0.05472	0.0546419	0.054212	0.0538236	0.0526073	0.0523889	0.0522306	0.0522736	0.0520754	0.0519035	0.0525011	0.0528701	0.0533775	0.0546032	0.055861	0.0572181	0.0710272	0.0576514	0.0416063	0.0574064	0.0506973	0.0427703	0.0397243	

23	0.072	32	0	task-3:0.304	task-0:0.388	task-1:0.442	task-2:0.268	|	0.0725438	0.1	0.1	0.0998078	0.060354	0.0571663	0.057885	0.0548222	0.0565416	0.05624	0.0559897	0.0555954	0.0547331	0.0537808	0.0530544	0.0522907	0.0516904	0.0525971	0.0563531	0.0523994	0.0463465	0.0424437	0.0379072	

29	0.091	32	0	task-3:0.332	task-0:0.516	task-1:0.334	task-2:0.138	|	0.0563907	0.0999991	0.0999776	0.0932113	0.0697895	0.0584275	0.05472	0.0546419	0.054212	0.0538236	0.0526073	0.0523889	0.0522306	0.0522736	0.0520754	0.0519035	0.0525011	0.0528701	0.0533775	0.0546032	0.055861	0.0572181	0.0710272	0.0576514	0.0416063	0.0574064	0.0506973	0.0427703	0.0397243	

29	0.091	32	0	task-3:0.332	task-0:0.516	task-1:0.334	task-2:0.138	|	0.0563907	0.0999991	0.0999776	0.0932113	0.0697895	0.0584275	0.05472	0.0546419	0.054212	0.0538236	0.0526073	0.0523889	0.0522306	0.0522736	0.0520754	0.0519035	0.0525011	0.0528701	0.0533775	0.0546032	0.055861	0.0572181	0.0710272	0.0576514	0.0416063	0.0574064	0.0506973	0.0427703	0.0397243	

31	0.096	32	0	task-3:0.16	task-0:0.128	task-1:0.1	task-2:0.272	|	0.0550761	0.0999994	0.0999781	0.087793	0.089103	0.0748748	0.054966	0.0566532	0.0578306	0.0569533	0.0549462	0.0560862	0.0565425	0.0555411	0.0550764	0.0548146	0.0545806	0.0544017	0.0537778	0.0532645	0.0542992	0.0552726	0.080387	0.0518706	0.0457485	0.0552427	0.0774173	0.0741187	0.0474503	0.0491849	0.0303336	

19	0.059	32	0	task-3:0.334	task-0:0.394	task-1:0.426	task-2:0.296	|	0.086051	0.12	0.119998	0.117789	0.0640178	0.0579841	0.0595931	0.0563792	0.0542124	0.0532847	0.0527849	0.0525	0.0518686	0.0511042	0.049736	0.0475471	0.0452366	0.0428719	0.0396839	

17	0.055	32	0	task-3:0.296	task-0:0.42	task-1:0.326	task-2:0.314	|	0.0814925	0.12	0.119998	0.118945	0.059868	0.0869234	0.0704047	0.0570282	0.0555457	0.0538724	0.0527853	0.0522802	0.0515595	0.0496964	0.0472124	0.0432412	0.0397881	

25	0.078	32	0	task-3:0.112	task-0:0.358	task-1:0.422	task-2:0.442	|	0.0697699	0.12	0.12	0.119965	0.0917874	0.0848005	0.07563	0.0567538	0.0636106	0.0677616	0.060998	0.0564018	0.0564463	0.0562142	0.0550539	0.0544127	0.0532787	0.0528371	0.0522937	0.0511396	0.0464464	0.0545555	0.078346	0.071167	0.0292511	

33	0.1	32	0	task-3:0.16	task-0:0.448	task-1:0.094	task-2:0.234	|	0.0743801	0.1	0.1	0.0999893	0.0914705	0.114162	0.113543	0.054585	0.0958829	0.0962583	0.0787318	0.0587146	0.0586319	0.0582146	0.0578849	0.0530158	0.0527389	0.0514796	0.0499915	0.0475253	0.0486679	0.0453127	0.0464821	0.0464275	0.0439893	0.0444521	0.0438195	0.042661	0.0420926	0.0413603	0.0408124	0.0404122	0.0399677	

23	0.069	32	0	task-3:0.246	task-0:0.448	task-1:0.446	task-2:0.358	|	0.0886753	0.1	0.0999998	0.099705	0.0659034	0.0910348	0.0791476	0.0635468	0.0562827	0.0561188	0.0547777	0.0522056	0.0513406	0.0479412	0.046576	0.0454174	0.0444246	0.045949	0.0448431	0.0419404	0.0409021	0.0400394	0.0396047	

41	0.125	32	0	task-3:0.292	task-0:0.388	task-1:0.162	task-2:0.246	|	0.0841169	0.12	0.119999	0.114481	0.081678	0.0612926	0.0635324	0.056229	0.0544981	0.0549947	0.0539481	0.0537623	0.0533861	0.0530018	0.0528146	0.0527786	0.052571	0.0520666	0.053014	0.0531128	0.0539867	0.0512708	0.0484332	0.0466306	0.0449077	0.0437711	0.0433443	0.0425155	0.0433646	0.0441862	0.0421095	0.0415946	0.0624708	0.0433463	0.053665	0.0794356	0.0607781	0.0507871	0.047863	0.041127	0.0399417	

22	0.067	32	0	task-3:0.314	task-0:0.416	task-1:0.444	task-2:0.304	|	0.0749149	0.12	0.119995	0.116702	0.0550265	0.0794532	0.0643598	0.055053	0.0560124	0.0552249	0.0523431	0.0494272	0.0482245	0.0485712	0.0473733	0.0452053	0.0497177	0.0603912	0.0622915	0.0580077	0.0460992	0.0335841	

22	0.066	32	0	task-3:0.33	task-0:0.332	task-1:0.254	task-2:0.308	|	0.0941682	0.0999994	0.0999971	0.0977482	0.0770192	0.0694171	0.0566715	0.0563966	0.0554168	0.0543561	0.0536506	0.0528306	0.0530273	0.0513774	0.0499302	0.0553164	0.0539406	0.0927239	0.0901693	0.072098	0.0406659	0.022162	

30	0.091	32	0	task-3:0.212	task-0:0.328	task-1:0.296	task-2:0.194	|	0.0709338	0.1	0.0999992	0.0984567	0.0596631	0.0557756	0.0557642	0.0546479	0.0542016	0.053828	0.0531624	0.052732	0.052456	0.0519095	0.0515198	0.0510764	0.0503915	0.0494023	0.048776	0.0488913	0.0519964	0.0704048	0.0740425	0.0707985	0.0476688	0.0480612	0.0492996	0.0662219	0.0494024	0.0321356	

21	0.063	32	0	task-3:0.322	task-0:0.358	task-1:0.316	task-2:0.312	|	0.0583823	0.0999998	0.0999973	0.0988122	0.0549138	0.10292	0.0931881	0.0706041	0.0574242	0.0564429	0.0559112	0.0544199	0.0536619	0.0508906	0.0471747	0.0432871	0.044738	0.0487333	0.0451711	0.0418699	0.0395566	

21	0.064	32	0	task-3:0.314	task-0:0.302	task-1:0.45	task-2:0.322	|	0.0555931	0.119999	0.11999	0.112101	0.0653241	0.0588519	0.062826	0.0647354	0.0599403	0.0558668	0.0543251	0.0530592	0.0514876	0.0499197	0.0480191	0.0454639	0.0451058	0.0424182	0.0416689	0.0406373	0.039805	

26	0.082	32	0	task-3:0.356	task-0:0.404	task-1:0.598	task-2:0.182	|	0.0633968	0.1	0.0999999	0.0996767	0.0571554	0.0584426	0.0566393	0.0555885	0.0551962	0.0551057	0.0541138	0.0529317	0.0524587	0.0524767	0.0531672	0.052476	0.0534255	0.0542	0.0467884	0.0888124	0.0861589	0.0704985	0.079584	0.0493804	0.0521744	0.0339676	

17	0.053	32	0	task-3:0.32	task-0:0.34	task-1:0.466	task-2:0.286	|	0.0778159	0.0999998	0.0999983	0.0981499	0.065576	0.0585633	0.0571123	0.0566842	0.0567762	0.0553739	0.053629	0.0521563	0.0502528	0.0481867	0.0451097	0.0412916	0.038756	

25	0.079	32	0	task-3:0.286	task-0:0.442	task-1:0.418	task-2:0.278	|	0.0826163	0.12	0.119997	0.118617	0.0557051	0.0928986	0.0862378	0.0657849	0.054904	0.0605546	0.0603007	0.0546185	0.0554604	0.0547619	0.052784	0.0524567	0.0498276	0.048145	0.0462581	0.0444959	0.0442282	0.0431247	0.0414664	0.0416861	0.0394028	

25	0.078	32	0	task-3:0.228	task-0:0.344	task-1:0.506	task-2:0.24	|	0.0664041	0.1	0.0999999	0.0995962	0.0595087	0.0560401	0.0563134	0.0561814	0.0568773	0.0555913	0.0564449	0.0558307	0.0538207	0.0535521	0.0529818	0.0524837	0.0626764	0.0595348	0.053665	0.0803442	0.0785856	0.0748764	0.0717058	0.0522037	0.0311484	

29	0.091	32	0	task-3:0.244	task-0:0.336	task-1:0.272	task-2:0.188	|	0.0553235	0.119998	0.11998	0.112952	0.0552274	0.0769396	0.0650888	0.0553105	0.055147	0.0538046	0.0524863	0.051775	0.0590873	0.0570469	0.0545527	0.0761934	0.0882861	0.0816185	0.083643	0.090886	0.0944689	0.0663731	0.053386	0.0464205	0.0765393	0.073958	0.049769	0.0453555	0.0384154	

30	0.093	32	0	task-3:0.356	task-0:0.326	task-1:0.27	task-2:0.32	|	0.0959704	0.0999997	0.0999935	0.0958256	0.061021	0.0579435	0.055246	0.0548851	0.0533828	0.0538333	0.0538499	0.0534068	0.053441	0.0532829	0.0530537	0.0528892	0.0530686	0.0529306	0.0541757	0.050902	0.0537704	0.0540159	0.0542753	0.0530784	0.0522797	0.0511877	0.0506753	0.0480061	0.0427801	0.039725	

26	0.081	32	0	task-3:0.354	task-0:0.242	task-1:0.304	task-2:0.144	|	0.0658453	0.12	0.119997	0.117276	0.0568352	0.0574404	0.0528983	0.0534197	0.0531736	0.0532006	0.0525701	0.0523067	0.0518782	0.0509641	0.0510246	0.051436	0.0520341	0.0538341	0.0597402	0.0810997	0.0921093	0.106506	0.0930449	0.053357	0.0451383	0.033326	

23	0.07	32	0	task-3:0.426	task-0:0.408	task-1:0.29	task-2:0.214	|	0.0920662	0.119992	0.119921	0.10262	0.0726994	0.069306	0.0548797	0.0557173	0.0556815	0.0544992	0.0542755	0.0539185	0.053261	0.0522929	0.0504824	0.0487968	0.0596661	0.0701146	0.0692252	0.0720644	0.0573481	0.0415637	0.0332309	

22	0.067	32	0	task-3:0.458	task-0:0.454	task-1:0.418	task-2:0.278	|	0.0626138	0.0999987	0.0999887	0.0939177	0.0731801	0.060294	0.0570844	0.0565056	0.0566323	0.0564857	0.0557977	0.0550655	0.0544262	0.0539536	0.0529371	0.0508513	0.0486006	0.0508771	0.0536489	0.0461491	0.04184	0.0392394	

22	0.068	32	0	task-3:0.424	task-0:0.284	task-1:0.178	task-2:0.306	|	0.0971007	0.0999935	0.0999179	0.0858296	0.075804	0.0641654	0.0556261	0.0562956	0.0557941	0.0552459	0.0545444	0.0541306	0.0539906	0.0551356	0.0543559	0.0538582	0.0536946	0.0572068	0.0507371	0.0646272	0.0793329	0.0307755	

24	0.073	32	0	task-3:0.34	task-0:0.576	task-1:0.174	task-2:0.394	|	0.0631451	0.0999995	0.0999951	0.0965543	0.0688311	0.0536494	0.0628177	0.0636342	0.061155	0.0575586	0.0542239	0.052571	0.0549346	0.0578044	0.0553112	0.051892	0.0505454	0.0499459	0.059195	0.0738068	0.0676498	0.047394	0.0405289	0.0323274	

28	0.089	32	0	task-3:0.21	task-0:0.304	task-1:0.32	task-2:0.26	|	0.0970566	0.119996	0.119969	0.0999765	0.0813444	0.0600318	0.0629054	0.0600844	0.0552854	0.0543323	0.054928	0.0548199	0.0539453	0.0534316	0.0535076	0.0534179	0.0536247	0.0538895	0.0556682	0.0551639	0.0564675	0.0556205	0.0443683	0.0444235	0.0511504	0.0424476	0.0420648	0.0342473	

26	0.082	32	0	task-3:0.342	task-0:0.392	task-1:0.45	task-2:0.328	|	0.108458	0.1	0.0999998	0.0988944	0.0756241	0.0677015	0.0554639	0.0539512	0.052989	0.0518167	0.0515097	0.0514399	0.0511309	0.0509124	0.0498634	0.0493155	0.0510798	0.0625493	0.0616643	0.0540063	0.0706374	0.0605357	0.0462388	0.0673862	0.0520268	0.0376475	

