28	0.125	32	0	task-3:0.462	task-0:0.388	task-1:0.316	task-2:0.442	|	0.0798763	0.1	0.1	0.0995066	0.0560209	0.0532943	0.055663	0.0544754	0.053932	0.0541205	0.0535764	0.0523466	0.0510382	0.0495653	0.0482845	0.047079	0.0451215	0.0426515	0.0465519	0.0674481	0.0941283	0.0732873	0.0628628	0.0776227	0.0574265	0.0492326	0.0461634	0.0354607	

19	0.078	32	0	task-3:0.258	task-0:0.334	task-1:0.354	task-2:0.342	|	0.0883316	0.0999998	0.099998	0.0970936	0.0642694	0.0579917	0.0533189	0.0526837	0.052288	0.0504404	0.0490756	0.0471052	0.0447119	0.0431804	0.0425508	0.0408562	0.0420715	0.0412813	0.0358007	

35	0.141	32	0	task-3:0.376	task-0:0.398	task-1:0.394	task-2:0.396	|	0.106569	0.0999999	0.0999996	0.0969786	0.108285	0.0895769	0.0573973	0.0546755	0.0556266	0.0546749	0.0547674	0.0545248	0.0546332	0.0544772	0.0541518	0.0550412	0.0548307	0.0538134	0.053189	0.0522698	0.0513282	0.049656	0.0487665	0.0476073	0.0465797	0.0455867	0.0449508	0.0440923	0.0437946	0.0430174	0.0425589	0.0419692	0.0412478	0.0402847	0.0394623	

28	0.109	32	0	task-3:0.362	task-0:0.36	task-1:0.372	task-2:0.392	|	0.0705114	0.119999	0.119989	0.113277	0.0668412	0.0640812	0.0556523	0.0544437	0.0544601	0.0546828	0.0546288	0.0543452	0.0542074	0.0541076	0.0538544	0.0537122	0.0537587	0.0540079	0.0514724	0.0491971	0.0612355	0.0594442	0.0467308	0.0441162	0.0427804	0.0416847	0.0401968	0.0382254	

27	0.109	32	0	task-3:0.478	task-0:0.268	task-1:0.206	task-2:0.452	|	0.0730105	0.12	0.119999	0.118985	0.0599228	0.0883482	0.0815335	0.0642321	0.0559999	0.0649061	0.0623401	0.055144	0.0570188	0.0568891	0.0544244	0.0539902	0.0531623	0.0524656	0.0529939	0.05103	0.0487874	0.0479128	0.0480281	0.0471608	0.0452125	0.0404809	0.0386632	

31	0.125	32	0	task-3:0.414	task-0:0.364	task-1:0.318	task-2:0.446	|	0.0573907	0.0999999	0.0999994	0.0989254	0.0627278	0.0578488	0.0606074	0.0567977	0.0545589	0.0549898	0.0550496	0.0545015	0.0539166	0.0536231	0.0535843	0.0534429	0.053073	0.0529241	0.0565324	0.0755908	0.0793955	0.0792276	0.0743761	0.0539599	0.0422268	0.0417739	0.0421726	0.0413049	0.0402608	0.0413457	0.0391935	

27	0.109	32	0	task-3:0.478	task-0:0.268	task-1:0.206	task-2:0.452	|	0.0730105	0.12	0.119999	0.118985	0.0599228	0.0883482	0.0815335	0.0642321	0.0559999	0.0649061	0.0623401	0.055144	0.0570188	0.0568891	0.0544244	0.0539902	0.0531623	0.0524656	0.0529939	0.05103	0.0487874	0.0479128	0.0480281	0.0471608	0.0452125	0.0404809	0.0386632	

27	0.109	32	0	task-3:0.478	task-0:0.268	task-1:0.206	task-2:0.452	|	0.0730105	0.12	0.119999	0.118985	0.0599228	0.0883482	0.0815335	0.0642321	0.0559999	0.0649061	0.0623401	0.055144	0.0570188	0.0568891	0.0544244	0.0539902	0.0531623	0.0524656	0.0529939	0.05103	0.0487874	0.0479128	0.0480281	0.0471608	0.0452125	0.0404809	0.0386632	

27	0.125	32	0	task-3:0.478	task-0:0.268	task-1:0.206	task-2:0.452	|	0.0730105	0.12	0.119999	0.118985	0.0599228	0.0883482	0.0815335	0.0642321	0.0559999	0.0649061	0.0623401	0.055144	0.0570188	0.0568891	0.0544244	0.0539902	0.0531623	0.0524656	0.0529939	0.05103	0.0487874	0.0479128	0.0480281	0.0471608	0.0452125	0.0404809	0.0386632	

19	0.078	32	0	task-3:0.472	task-0:0.338	task-1:0.312	task-2:0.48	|	0.0586984	0.12	0.12	0.119209	0.0573085	0.0832698	0.0680153	0.0567754	0.054501	0.0543092	0.0539067	0.0532155	0.0517428	0.0502549	0.0484608	0.0457596	0.0429982	0.0474918	0.036286	

24	0.11	32	0	task-3:0.364	task-0:0.276	task-1:0.342	task-2:0.408	|	0.077888	0.12	0.119998	0.117215	0.0616215	0.0556417	0.0610065	0.0576404	0.0542888	0.0548061	0.0549868	0.0539738	0.0531253	0.0525567	0.0519226	0.0512359	0.0503364	0.0491128	0.0475461	0.0462689	0.0444653	0.0584341	0.0450325	0.0373469	

36	0.156	32	0	task-3:0.37	task-0:0.256	task-1:0.274	task-2:0.398	|	0.0846661	0.12	0.119999	0.117479	0.0711932	0.068084	0.0554334	0.0551694	0.0548084	0.0554184	0.0554286	0.0546486	0.054523	0.0545502	0.0545697	0.0544916	0.05429	0.0541245	0.0539864	0.054538	0.0537135	0.0525033	0.0520884	0.0517343	0.0517018	0.0510978	0.0499906	0.0491249	0.0481891	0.0471463	0.0455711	0.0444538	0.0434775	0.0423008	0.0410913	0.0397552	

29	0.125	32	0	task-3:0.398	task-0:0.338	task-1:0.286	task-2:0.428	|	0.0963931	0.119997	0.119941	0.0974782	0.0732616	0.0666217	0.0571465	0.0553801	0.0547118	0.054139	0.0534185	0.0528361	0.0524323	0.0511449	0.049955	0.0493068	0.0481759	0.0472098	0.0464122	0.0458387	0.0454873	0.046103	0.0457176	0.0800431	0.0671435	0.0485369	0.0568413	0.0475006	0.0341077	

29	0.125	32	0	task-3:0.398	task-0:0.338	task-1:0.286	task-2:0.428	|	0.0963931	0.119997	0.119941	0.0974782	0.0732616	0.0666217	0.0571465	0.0553801	0.0547118	0.054139	0.0534185	0.0528361	0.0524323	0.0511449	0.049955	0.0493068	0.0481759	0.0472098	0.0464122	0.0458387	0.0454873	0.046103	0.0457176	0.0800431	0.0671435	0.0485369	0.0568413	0.0475006	0.0341077	

29	0.125	32	0	task-3:0.398	task-0:0.338	task-1:0.286	task-2:0.428	|	0.0963931	0.119997	0.119941	0.0974782	0.0732616	0.0666217	0.0571465	0.0553801	0.0547118	0.054139	0.0534185	0.0528361	0.0524323	0.0511449	0.049955	0.0493068	0.0481759	0.0472098	0.0464122	0.0458387	0.0454873	0.046103	0.0457176	0.0800431	0.0671435	0.0485369	0.0568413	0.0475006	0.0341077	

42	0.172	32	0	task-3:0.114	task-0:0.308	task-1:0.15	task-2:0.22	|	0.0848163	0.12	0.12	0.119312	0.064703	0.0562284	0.0574333	0.0527368	0.0523452	0.0514327	0.0507107	0.0495138	0.0498142	0.0495496	0.0484365	0.0468919	0.0448761	0.042309	0.0411254	0.0405104	0.0481224	0.0477634	0.0523675	0.0936513	0.0875679	0.0579888	0.0485068	0.0465782	0.0431605	0.0427973	0.0425896	0.040556	0.0614877	0.0577361	0.0612432	0.0750556	0.0595851	0.0589603	0.0561495	0.0484779	0.0449467	0.0382443	

29	0.125	32	0	task-3:0.398	task-0:0.338	task-1:0.286	task-2:0.428	|	0.0963931	0.119997	0.119941	0.0974782	0.0732616	0.0666217	0.0571465	0.0553801	0.0547118	0.054139	0.0534185	0.0528361	0.0524323	0.0511449	0.049955	0.0493068	0.0481759	0.0472098	0.0464122	0.0458387	0.0454873	0.046103	0.0457176	0.0800431	0.0671435	0.0485369	0.0568413	0.0475006	0.0341077	

29	0.109	32	0	task-3:0.398	task-0:0.338	task-1:0.286	task-2:0.428	|	0.0963931	0.119997	0.119941	0.0974782	0.0732616	0.0666217	0.0571465	0.0553801	0.0547118	0.054139	0.0534185	0.0528361	0.0524323	0.0511449	0.049955	0.0493068	0.0481759	0.0472098	0.0464122	0.0458387	0.0454873	0.046103	0.0457176	0.0800431	0.0671435	0.0485369	0.0568413	0.0475006	0.0341077	

29	0.109	32	0	task-3:0.398	task-0:0.338	task-1:0.286	task-2:0.428	|	0.0963931	0.119997	0.119941	0.0974782	0.0732616	0.0666217	0.0571465	0.0553801	0.0547118	0.054139	0.0534185	0.0528361	0.0524323	0.0511449	0.049955	0.0493068	0.0481759	0.0472098	0.0464122	0.0458387	0.0454873	0.046103	0.0457176	0.0800431	0.0671435	0.0485369	0.0568413	0.0475006	0.0341077	

42	0.172	32	0	task-3:0.114	task-0:0.308	task-1:0.15	task-2:0.22	|	0.0848163	0.12	0.12	0.119312	0.064703	0.0562284	0.0574333	0.0527368	0.0523452	0.0514327	0.0507107	0.0495138	0.0498142	0.0495496	0.0484365	0.0468919	0.0448761	0.042309	0.0411254	0.0405104	0.0481224	0.0477634	0.0523675	0.0936513	0.0875679	0.0579888	0.0485068	0.0465782	0.0431605	0.0427973	0.0425896	0.040556	0.0614877	0.0577361	0.0612432	0.0750556	0.0595851	0.0589603	0.0561495	0.0484779	0.0449467	0.0382443	

38	0.157	32	0	task-3:0.244	task-0:0.34	task-1:0.322	task-2:0.516	|	0.0590142	0.1	0.0999998	0.09936	0.0606974	0.0751054	0.0546705	0.0539829	0.0527446	0.0505371	0.0500196	0.0503677	0.0498352	0.0493453	0.0491493	0.0485397	0.0476019	0.048006	0.0475684	0.0468458	0.0465859	0.0460409	0.0452104	0.0443429	0.0433279	0.0421736	0.0411175	0.0413276	0.0508225	0.0531667	0.0722715	0.0549365	0.0656178	0.0984604	0.0554499	0.045314	0.0412138	0.0343302	

50	0.218	32	0	task-3:0.454	task-0:0.372	task-1:0.458	task-2:0.468	|	0.0603612	0.1	0.1	0.0994561	0.085695	0.0830926	0.0565567	0.0561232	0.0548487	0.0544029	0.0549051	0.0544466	0.0542771	0.0546522	0.0547554	0.0541649	0.0538428	0.0539731	0.0540647	0.0539835	0.0537389	0.0534359	0.0531737	0.0530067	0.0528213	0.0525791	0.0521791	0.0517729	0.0514027	0.0509669	0.0506496	0.0503379	0.0501139	0.0500573	0.0501501	0.0502604	0.0506427	0.0513203	0.0509133	0.050973	0.0511513	0.0501774	0.0494534	0.0483502	0.0471508	0.0464025	0.0457302	0.0443095	0.0425192	0.0394155	

38	0.172	32	0	task-3:0.244	task-0:0.34	task-1:0.322	task-2:0.516	|	0.0590142	0.1	0.0999998	0.09936	0.0606974	0.0751054	0.0546705	0.0539829	0.0527446	0.0505371	0.0500196	0.0503677	0.0498352	0.0493453	0.0491493	0.0485397	0.0476019	0.048006	0.0475684	0.0468458	0.0465859	0.0460409	0.0452104	0.0443429	0.0433279	0.0421736	0.0411175	0.0413276	0.0508225	0.0531667	0.0722715	0.0549365	0.0656178	0.0984604	0.0554499	0.045314	0.0412138	0.0343302	

38	0.157	32	0	task-3:0.244	task-0:0.34	task-1:0.322	task-2:0.516	|	0.0590142	0.1	0.0999998	0.09936	0.0606974	0.0751054	0.0546705	0.0539829	0.0527446	0.0505371	0.0500196	0.0503677	0.0498352	0.0493453	0.0491493	0.0485397	0.0476019	0.048006	0.0475684	0.0468458	0.0465859	0.0460409	0.0452104	0.0443429	0.0433279	0.0421736	0.0411175	0.0413276	0.0508225	0.0531667	0.0722715	0.0549365	0.0656178	0.0984604	0.0554499	0.045314	0.0412138	0.0343302	

38	0.156	32	0	task-3:0.244	task-0:0.34	task-1:0.322	task-2:0.516	|	0.0590142	0.1	0.0999998	0.09936	0.0606974	0.0751054	0.0546705	0.0539829	0.0527446	0.0505371	0.0500196	0.0503677	0.0498352	0.0493453	0.0491493	0.0485397	0.0476019	0.048006	0.0475684	0.0468458	0.0465859	0.0460409	0.0452104	0.0443429	0.0433279	0.0421736	0.0411175	0.0413276	0.0508225	0.0531667	0.0722715	0.0549365	0.0656178	0.0984604	0.0554499	0.045314	0.0412138	0.0343302	

29	0.125	32	0	task-3:0.41	task-0:0.382	task-1:0.398	task-2:0.396	|	0.0640821	0.12	0.12	0.119803	0.0564564	0.091356	0.0788811	0.0599116	0.054726	0.0545155	0.0561362	0.0556122	0.0543315	0.0544722	0.0543409	0.0543234	0.0547155	0.0565061	0.0657341	0.0656999	0.0518291	0.0518156	0.0508606	0.0467158	0.0446772	0.0444088	0.0426969	0.0402959	0.0382933	

20	0.078	32	0	task-3:0.488	task-0:0.31	task-1:0.322	task-2:0.478	|	0.073431	0.0999993	0.0999898	0.0946278	0.0782368	0.0740744	0.0560748	0.0546965	0.0557651	0.0549104	0.0524664	0.0519207	0.0507778	0.0496	0.0479396	0.0466467	0.0454858	0.043422	0.0410287	0.0377704	

30	0.125	32	0	task-3:0.372	task-0:0.424	task-1:0.382	task-2:0.42	|	0.074315	0.12	0.119999	0.119354	0.0570837	0.0892544	0.0780951	0.0609426	0.0550942	0.0589006	0.056691	0.0547911	0.0546346	0.0538662	0.0534241	0.0526982	0.0521857	0.0487495	0.0460217	0.049782	0.0470366	0.0539801	0.0530877	0.0453143	0.043149	0.0417956	0.0406218	0.0419353	0.0403185	0.0370525	

30	0.125	32	0	task-3:0.372	task-0:0.424	task-1:0.382	task-2:0.42	|	0.074315	0.12	0.119999	0.119354	0.0570837	0.0892544	0.0780951	0.0609426	0.0550942	0.0589006	0.056691	0.0547911	0.0546346	0.0538662	0.0534241	0.0526982	0.0521857	0.0487495	0.0460217	0.049782	0.0470366	0.0539801	0.0530877	0.0453143	0.043149	0.0417956	0.0406218	0.0419353	0.0403185	0.0370525	

29	0.125	32	0	task-3:0.41	task-0:0.382	task-1:0.398	task-2:0.396	|	0.0640821	0.12	0.12	0.119803	0.0564564	0.091356	0.0788811	0.0599116	0.054726	0.0545155	0.0561362	0.0556122	0.0543315	0.0544722	0.0543409	0.0543234	0.0547155	0.0565061	0.0657341	0.0656999	0.0518291	0.0518156	0.0508606	0.0467158	0.0446772	0.0444088	0.0426969	0.0402959	0.0382933	

29	0.11	32	0	task-3:0.41	task-0:0.382	task-1:0.398	task-2:0.396	|	0.0640821	0.12	0.12	0.119803	0.0564564	0.091356	0.0788811	0.0599116	0.054726	0.0545155	0.0561362	0.0556122	0.0543315	0.0544722	0.0543409	0.0543234	0.0547155	0.0565061	0.0657341	0.0656999	0.0518291	0.0518156	0.0508606	0.0467158	0.0446772	0.0444088	0.0426969	0.0402959	0.0382933	

30	0.11	32	0	task-3:0.442	task-0:0.334	task-1:0.24	task-2:0.43	|	0.0742028	0.0999981	0.0999794	0.0959265	0.0601715	0.062417	0.05631	0.0546885	0.0556701	0.0553189	0.0545959	0.0545456	0.0539945	0.0559546	0.055444	0.0757232	0.0739411	0.056731	0.0662193	0.0797052	0.0660905	0.0604484	0.0551987	0.0618094	0.0421821	0.04546	0.0480776	0.0442635	0.0415924	0.0386375	

26	0.094	32	0	task-3:0.43	task-0:0.44	task-1:0.298	task-2:0.48	|	0.0558235	0.12	0.119999	0.11468	0.0847727	0.0622415	0.0582257	0.0586912	0.0562505	0.0545329	0.0541821	0.0542655	0.0544477	0.0545085	0.055165	0.0541162	0.0542012	0.0535431	0.0537188	0.0680146	0.077495	0.0711117	0.0515337	0.0466721	0.0422995	0.0353054	

43	0.156	32	0	task-3:0.314	task-0:0.522	task-1:0.372	task-2:0.442	|	0.101966	0.0999976	0.0999853	0.0931326	0.0796187	0.0802162	0.0613819	0.0551286	0.0559726	0.0564066	0.0538636	0.0553456	0.054693	0.0530305	0.0532618	0.0528457	0.0515709	0.0503049	0.0489511	0.0478483	0.0469333	0.0462657	0.0458315	0.045518	0.0449718	0.0445357	0.0445969	0.0444006	0.0439323	0.0437075	0.0434343	0.0431812	0.0431948	0.0442701	0.0432355	0.0432458	0.0423639	0.0444796	0.0689916	0.0462369	0.0442272	0.0460063	0.0391212	

31	0.109	32	0	task-3:0.322	task-0:0.322	task-1:0.33	task-2:0.382	|	0.117422	0.099996	0.0999696	0.0891808	0.0936546	0.0798069	0.059953	0.0544727	0.0603386	0.0592489	0.0543717	0.0557286	0.0554445	0.0542337	0.0546614	0.0542811	0.0539821	0.0536771	0.0533506	0.0529811	0.0529469	0.052662	0.0522843	0.0518966	0.0509229	0.0491001	0.046477	0.0452772	0.0434312	0.0426694	0.0398855	

34	0.125	32	0	task-3:0.428	task-0:0.342	task-1:0.382	task-2:0.438	|	0.0557566	0.12	0.119999	0.118619	0.0589814	0.0559735	0.0530896	0.0532919	0.0535014	0.0539118	0.0526955	0.0520083	0.0520697	0.0517716	0.051333	0.0509843	0.0504387	0.0497627	0.0490103	0.0482028	0.047453	0.0472298	0.045987	0.0476622	0.0453651	0.0620199	0.053771	0.0473269	0.0470044	0.0446401	0.0440842	0.0421524	0.0404943	0.0385958	

31	0.125	32	0	task-3:0.378	task-0:0.248	task-1:0.326	task-2:0.438	|	0.0889814	0.0999996	0.0999968	0.0977237	0.0691869	0.0657532	0.055174	0.0543925	0.0544493	0.0549963	0.0546463	0.0542206	0.0542752	0.0541374	0.0542136	0.054297	0.0543925	0.056697	0.0561967	0.0559658	0.062833	0.0592409	0.055074	0.0540556	0.0527753	0.0491199	0.04803	0.0441663	0.0420059	0.0402302	0.037342	

25	0.109	32	0	task-3:0.406	task-0:0.404	task-1:0.33	task-2:0.412	|	0.0878666	0.1	0.1	0.0998564	0.0537738	0.107079	0.0889163	0.06506	0.0553914	0.0561903	0.055378	0.0540816	0.0540081	0.0538447	0.0536952	0.0537499	0.0558323	0.0540126	0.0495335	0.049686	0.0456442	0.0406985	0.0447126	0.0425941	0.0375634	

38	0.141	32	0	task-3:0.364	task-0:0.21	task-1:0.326	task-2:0.478	|	0.0969862	0.1	0.0999998	0.0991642	0.0848774	0.0734216	0.0560813	0.0540924	0.0544605	0.0544392	0.0548442	0.0541807	0.0543168	0.054196	0.0539047	0.0543738	0.0543586	0.0539737	0.0538203	0.0537848	0.0537932	0.0537969	0.0537194	0.053641	0.0535819	0.0535708	0.0537056	0.0543865	0.0576457	0.0619497	0.0633996	0.0617345	0.060448	0.0474921	0.0469597	0.0443929	0.0420867	0.0398283	

29	0.109	32	0	task-3:0.462	task-0:0.294	task-1:0.334	task-2:0.444	|	0.0616225	0.1	0.0999999	0.0992655	0.0741685	0.0623767	0.0565902	0.0548872	0.0544609	0.0549465	0.0544567	0.0543333	0.054419	0.0536658	0.0534425	0.0536262	0.0533641	0.0529863	0.0526291	0.0521826	0.0517772	0.0510182	0.0505744	0.0531173	0.0671482	0.0544697	0.058968	0.0411076	0.0397413	

45	0.172	32	0	task-3:0.234	task-0:0.308	task-1:0.172	task-2:0.264	|	0.10959	0.0999809	0.0997014	0.067271	0.0868796	0.0759573	0.0564977	0.0602431	0.0584686	0.0539705	0.0565282	0.0560734	0.0539081	0.0537836	0.0535424	0.053063	0.0531583	0.052953	0.0525994	0.0524769	0.0523779	0.0523639	0.0530714	0.0593579	0.0587275	0.0561204	0.0762637	0.0728889	0.0599935	0.0560468	0.0569646	0.0892242	0.0634987	0.0614802	0.0611608	0.0619679	0.0580551	0.0587195	0.0498086	0.0496369	0.0497472	0.0454061	0.0430908	0.0425385	0.0396336	

46	0.171	32	0	task-3:0.36	task-0:0.332	task-1:0.37	task-2:0.376	|	0.0561411	0.1	0.0999998	0.0997271	0.0558372	0.105866	0.0812834	0.0559144	0.057622	0.057514	0.0548289	0.0551388	0.0550705	0.0549724	0.0549112	0.0546761	0.0545991	0.0545098	0.0541208	0.0538613	0.0544756	0.0543178	0.0529341	0.0505107	0.0497631	0.0492287	0.04859	0.0470106	0.0457944	0.0444436	0.0438591	0.0423037	0.0419474	0.0417567	0.0415029	0.0410856	0.0426079	0.0401437	0.0402344	0.0406154	0.0400303	0.0401994	0.0411769	0.0405944	0.0407832	0.0399317	

66	0.25	32	0	task-3:0.262	task-0:0.328	task-1:0.29	task-2:0.182	|	0.0703478	0.12	0.12	0.119378	0.0557249	0.0951941	0.0802772	0.0566592	0.05756	0.0577614	0.054715	0.0549786	0.0544851	0.0539281	0.0535228	0.0534329	0.0624925	0.0564015	0.0548061	0.0548338	0.0531433	0.0573836	0.0571337	0.0536916	0.0530879	0.0530532	0.0527403	0.0526318	0.0523304	0.052076	0.0518934	0.05163	0.0514117	0.0510662	0.0508493	0.0503371	0.0496759	0.0490435	0.0483522	0.047793	0.0490042	0.0489528	0.0519729	0.0508789	0.0496911	0.0485081	0.0480322	0.0480973	0.0471183	0.0464944	0.0460887	0.0465578	0.0474274	0.0460498	0.0459841	0.0460467	0.0456292	0.0456408	0.0692545	0.0633676	0.0441759	0.0433271	0.0435196	0.0478176	0.0438058	0.039634	

35	0.141	32	0	task-3:0.412	task-0:0.326	task-1:0.292	task-2:0.44	|	0.10515	0.1	0.0999998	0.0992644	0.0704814	0.0579036	0.060199	0.0566659	0.0541797	0.054593	0.0542784	0.0546431	0.0545833	0.0544385	0.0544518	0.0543708	0.0542783	0.0542603	0.0544831	0.0556536	0.0552288	0.0556055	0.0567002	0.059162	0.0572325	0.0540657	0.051049	0.0479504	0.0501177	0.0461653	0.0442312	0.0417864	0.0461832	0.0433544	0.0381253	

32	0.125	32	0	task-3:0.478	task-0:0.408	task-1:0.43	task-2:0.506	|	0.0733962	0.1	0.0999998	0.0988557	0.0924719	0.0802906	0.0540859	0.0552371	0.0544093	0.0577683	0.0577389	0.0540836	0.0545922	0.0546016	0.0535816	0.0537165	0.0534538	0.0527983	0.0523908	0.0519352	0.0515498	0.0512289	0.0507634	0.0504446	0.049729	0.048895	0.0479513	0.0471263	0.0469361	0.0458566	0.0438597	0.0383526	

35	0.141	32	0	task-3:0.452	task-0:0.332	task-1:0.336	task-2:0.47	|	0.0844819	0.1	0.0999999	0.0996439	0.0546935	0.0549016	0.058853	0.0556478	0.0542803	0.054207	0.0537083	0.0530869	0.0520393	0.0505979	0.0499243	0.0500927	0.0498729	0.0507784	0.0478729	0.0456557	0.0494541	0.0451265	0.0469597	0.053657	0.0514515	0.0448232	0.0471419	0.0486194	0.0439914	0.0419104	0.0415665	0.0408999	0.0403682	0.0401313	0.0396277	

29	0.125	32	0	task-3:0.384	task-0:0.392	task-1:0.45	task-2:0.402	|	0.095685	0.0999998	0.0999976	0.0984794	0.0550945	0.0545538	0.059592	0.0562068	0.0541573	0.0551081	0.0544558	0.0540097	0.0545641	0.0543239	0.0538025	0.0542144	0.0543072	0.0540087	0.054073	0.0546092	0.0567039	0.056283	0.0521704	0.0495651	0.043688	0.0436397	0.0410596	0.0433469	0.0399407	

46	0.187	32	0	task-3:0.376	task-0:0.332	task-1:0.382	task-2:0.38	|	0.0649817	0.12	0.12	0.119828	0.0672616	0.0867125	0.0763107	0.0554955	0.0677869	0.0626815	0.0547735	0.0581632	0.0591282	0.0553673	0.0555658	0.0555735	0.0544845	0.0548967	0.0550674	0.0545471	0.0545355	0.0548116	0.0545316	0.0545136	0.0557804	0.0551271	0.0557147	0.054438	0.0538652	0.0535347	0.0532731	0.0531898	0.052791	0.0521896	0.0513452	0.0506593	0.0502097	0.0497413	0.0488827	0.0476438	0.0458767	0.0444499	0.0434005	0.0419991	0.04051	0.0390884	

25	0.094	32	0	task-3:0.35	task-0:0.314	task-1:0.226	task-2:0.378	|	0.0565991	0.12	0.12	0.119476	0.0549772	0.0903116	0.0821808	0.0679312	0.0580057	0.0545054	0.0545876	0.0543923	0.0545856	0.0556076	0.0586181	0.0557735	0.0508045	0.0604318	0.0633952	0.0478038	0.0554614	0.0502267	0.0408339	0.0418382	0.0390001	

29	0.11	32	0	task-3:0.376	task-0:0.32	task-1:0.414	task-2:0.394	|	0.0947227	0.119971	0.119592	0.0861722	0.0774951	0.0636811	0.054594	0.0548875	0.0550473	0.0556482	0.054923	0.0548573	0.0549008	0.0547551	0.054969	0.0560273	0.0764982	0.0746705	0.0519241	0.0475844	0.0539387	0.0535801	0.0482316	0.0440211	0.0428937	0.0416544	0.0429921	0.0419621	0.039076	

36	0.156	32	0	task-3:0.37	task-0:0.312	task-1:0.422	task-2:0.416	|	0.0593914	0.0999991	0.0999912	0.0950246	0.0816597	0.0594529	0.0582949	0.0572881	0.0550989	0.0545216	0.0548691	0.0544874	0.0543317	0.0543655	0.0549844	0.0674151	0.0702438	0.0602776	0.0512481	0.0539799	0.0539655	0.0517392	0.0510248	0.050431	0.0487806	0.0482251	0.0475971	0.0467307	0.0462199	0.0452837	0.043565	0.042928	0.0425445	0.0413468	0.0405485	0.0399069	

29	0.125	32	0	task-3:0.418	task-0:0.194	task-1:0.336	task-2:0.382	|	0.106396	0.1	0.0999998	0.0981926	0.0943085	0.0658579	0.0604445	0.0580564	0.0547259	0.055887	0.0568983	0.0551912	0.0547069	0.054678	0.0546427	0.0546714	0.0555485	0.0554417	0.0546879	0.0546763	0.0553808	0.0578184	0.0557177	0.0531495	0.051982	0.0476742	0.0459119	0.0424954	0.0375973	

24	0.094	32	0	task-3:0.486	task-0:0.248	task-1:0.24	task-2:0.512	|	0.0929948	0.119996	0.119975	0.0971767	0.0863663	0.0696212	0.0542785	0.0565806	0.0562761	0.0546427	0.0545961	0.054394	0.0547298	0.0547031	0.054355	0.0543852	0.055127	0.0568981	0.053767	0.0538563	0.0791602	0.0828586	0.0715194	0.0383907	

20	0.078	32	0	task-3:0.29	task-0:0.396	task-1:0.374	task-2:0.364	|	0.0871458	0.119999	0.119992	0.116747	0.0567122	0.0793189	0.0646558	0.0558855	0.0568435	0.0547517	0.0549188	0.0544446	0.0548995	0.0548584	0.0545605	0.0544549	0.0532641	0.0445663	0.0431849	0.0397167	

34	0.125	32	0	task-3:0.376	task-0:0.34	task-1:0.41	task-2:0.376	|	0.0962373	0.0999952	0.0999592	0.0823053	0.09637	0.0779538	0.0605291	0.0549639	0.0577772	0.0575686	0.0545644	0.055938	0.056277	0.0551668	0.0545102	0.0571009	0.0557075	0.0533647	0.0533431	0.0528709	0.0533185	0.0529932	0.052193	0.0512604	0.0507091	0.0507631	0.0501679	0.0490991	0.048088	0.0437242	0.0413566	0.044531	0.0436925	0.0396918	

30	0.11	32	0	task-3:0.354	task-0:0.332	task-1:0.164	task-2:0.412	|	0.0585975	0.119999	0.119991	0.107139	0.0858151	0.0664193	0.0575754	0.0580162	0.0552324	0.0543451	0.0543849	0.0539158	0.0545016	0.0545935	0.0540638	0.0536909	0.0535035	0.0531781	0.0527777	0.0524008	0.0530292	0.0636458	0.0706416	0.0633189	0.0495736	0.0444541	0.0435101	0.0416295	0.040231	0.0364158	

34	0.141	32	0	task-3:0.398	task-0:0.376	task-1:0.424	task-2:0.388	|	0.0561521	0.12	0.119999	0.119258	0.0554623	0.0944704	0.0873693	0.0603181	0.062311	0.0615855	0.0536912	0.0534627	0.0542915	0.0543663	0.053432	0.053138	0.0530341	0.0525393	0.0521584	0.0515397	0.0513822	0.0546516	0.0537287	0.0494558	0.0437353	0.0418445	0.051368	0.0508322	0.044652	0.0433364	0.0443202	0.0439591	0.0421507	0.0399306	

25	0.094	32	0	task-3:0.204	task-0:0.278	task-1:0.244	task-2:0.346	|	0.0705326	0.1	0.1	0.0998966	0.0632122	0.104763	0.0888432	0.0580554	0.057218	0.0569647	0.0547883	0.0548643	0.0546815	0.0546587	0.0546471	0.0547969	0.0551061	0.0576881	0.0542888	0.0533109	0.0651271	0.0791137	0.0719438	0.0442796	0.0391283	

31	0.11	32	0	task-3:0.452	task-0:0.26	task-1:0.344	task-2:0.444	|	0.0686453	0.12	0.119999	0.119051	0.0576384	0.056721	0.0590333	0.0566158	0.0545865	0.0546902	0.054537	0.0543568	0.0543334	0.0542355	0.0541097	0.0539355	0.0538051	0.0541975	0.0527313	0.0526141	0.052041	0.0515638	0.0483793	0.0480397	0.0470973	0.046011	0.0466179	0.0454926	0.0426379	0.0404473	0.0389483	

32	0.14	32	0	task-3:0.278	task-0:0.348	task-1:0.398	task-2:0.258	|	0.0540087	0.0999998	0.0999974	0.0960033	0.0784391	0.0598783	0.0573144	0.0559007	0.0550353	0.0546555	0.0541806	0.0538308	0.0535717	0.0535778	0.0532766	0.0527548	0.0524176	0.0522277	0.0528126	0.0523051	0.0509598	0.0504279	0.0496003	0.0487147	0.0481323	0.0469783	0.0456468	0.0443438	0.0428998	0.0424651	0.0403622	0.0388312	

