75	0	1	0	task-0:0.292	|	0.364962	0.22659	0.224872	0.222641	0.220969	0.220678	0.21917	0.216608	0.217613	0.215006	0.214287	0.212353	0.208399	0.202006	0.210727	0.384232	0.200872	0.202212	0.198643	0.197844	0.196934	0.195797	0.195844	0.195711	0.195462	0.195434	0.19539	0.195337	0.195252	0.195083	0.196571	0.195037	0.194997	0.194932	0.170999	0.162541	0.148827	0.137584	0.133636	0.122803	0.10403	0.0779	0.0570307	0.0479878	0.0365481	0.0223313	

95	0.015	1	0	task-0:0.262	|	0.294744	0.218914	0.213336	0.211125	0.210122	0.208454	0.207841	0.207368	0.206975	0.206459	0.205617	0.204825	0.205487	0.203936	0.203693	0.203202	0.202526	0.201169	0.198743	0.195356	0.265591	0.195289	0.195699	0.195223	0.195202	0.195163	0.195104	0.194982	0.194868	0.19513	0.194769	0.194755	0.194727	0.19466	0.169904	0.162817	0.149778	0.13309	0.116132	0.0889072	0.0675221	0.0674219	0.0545906	0.0501126	0.042258	0.0383086	0.03438	0.0292737	0.0204987	

95	0	1	0	task-0:0.262	|	0.294744	0.218914	0.213336	0.211125	0.210122	0.208454	0.207841	0.207368	0.206975	0.206459	0.205617	0.204825	0.205487	0.203936	0.203693	0.203202	0.202526	0.201169	0.198743	0.195356	0.265591	0.195289	0.195699	0.195223	0.195202	0.195163	0.195104	0.194982	0.194868	0.19513	0.194769	0.194755	0.194727	0.19466	0.169904	0.162817	0.149778	0.13309	0.116132	0.0889072	0.0675221	0.0674219	0.0545906	0.0501126	0.042258	0.0383086	0.03438	0.0292737	0.0204987	

100	0.016	1	0	task-0:0.252	|	0.248522	0.238357	0.225789	0.215482	0.21906	0.21457	0.213899	0.213206	0.213132	0.212406	0.211458	0.210851	0.20985	0.209555	0.209513	0.208634	0.208225	0.207278	0.205929	0.207409	0.205597	0.205165	0.20493	0.204684	0.204581	0.2041	0.203447	0.202045	0.199535	0.21106	0.231037	0.198289	0.200621	0.196831	0.196778	0.196632	0.196375	0.195917	0.197638	0.196122	0.195535	0.195516	0.195462	0.195386	0.170131	0.162113	0.14804	0.134001	0.124249	0.104478	0.0755736	0.0412199	0.0373418	0.043478	0.0278295	0.0265966	

95	0.016	1	0	task-0:0.262	|	0.294744	0.218914	0.213336	0.211125	0.210122	0.208454	0.207841	0.207368	0.206975	0.206459	0.205617	0.204825	0.205487	0.203936	0.203693	0.203202	0.202526	0.201169	0.198743	0.195356	0.265591	0.195289	0.195699	0.195223	0.195202	0.195163	0.195104	0.194982	0.194868	0.19513	0.194769	0.194755	0.194727	0.19466	0.169904	0.162817	0.149778	0.13309	0.116132	0.0889072	0.0675221	0.0674219	0.0545906	0.0501126	0.042258	0.0383086	0.03438	0.0292737	0.0204987	

95	0	1	0	task-0:0.262	|	0.294744	0.218914	0.213336	0.211125	0.210122	0.208454	0.207841	0.207368	0.206975	0.206459	0.205617	0.204825	0.205487	0.203936	0.203693	0.203202	0.202526	0.201169	0.198743	0.195356	0.265591	0.195289	0.195699	0.195223	0.195202	0.195163	0.195104	0.194982	0.194868	0.19513	0.194769	0.194755	0.194727	0.19466	0.169904	0.162817	0.149778	0.13309	0.116132	0.0889072	0.0675221	0.0674219	0.0545906	0.0501126	0.042258	0.0383086	0.03438	0.0292737	0.0204987	

95	0.015	1	0	task-0:0.262	|	0.294744	0.218914	0.213336	0.211125	0.210122	0.208454	0.207841	0.207368	0.206975	0.206459	0.205617	0.204825	0.205487	0.203936	0.203693	0.203202	0.202526	0.201169	0.198743	0.195356	0.265591	0.195289	0.195699	0.195223	0.195202	0.195163	0.195104	0.194982	0.194868	0.19513	0.194769	0.194755	0.194727	0.19466	0.169904	0.162817	0.149778	0.13309	0.116132	0.0889072	0.0675221	0.0674219	0.0545906	0.0501126	0.042258	0.0383086	0.03438	0.0292737	0.0204987	

95	0	1	0	task-0:0.262	|	0.294744	0.218914	0.213336	0.211125	0.210122	0.208454	0.207841	0.207368	0.206975	0.206459	0.205617	0.204825	0.205487	0.203936	0.203693	0.203202	0.202526	0.201169	0.198743	0.195356	0.265591	0.195289	0.195699	0.195223	0.195202	0.195163	0.195104	0.194982	0.194868	0.19513	0.194769	0.194755	0.194727	0.19466	0.169904	0.162817	0.149778	0.13309	0.116132	0.0889072	0.0675221	0.0674219	0.0545906	0.0501126	0.042258	0.0383086	0.03438	0.0292737	0.0204987	

95	0.016	1	0	task-0:0.262	|	0.294744	0.218914	0.213336	0.211125	0.210122	0.208454	0.207841	0.207368	0.206975	0.206459	0.205617	0.204825	0.205487	0.203936	0.203693	0.203202	0.202526	0.201169	0.198743	0.195356	0.265591	0.195289	0.195699	0.195223	0.195202	0.195163	0.195104	0.194982	0.194868	0.19513	0.194769	0.194755	0.194727	0.19466	0.169904	0.162817	0.149778	0.13309	0.116132	0.0889072	0.0675221	0.0674219	0.0545906	0.0501126	0.042258	0.0383086	0.03438	0.0292737	0.0204987	

95	0	1	0	task-0:0.262	|	0.294744	0.218914	0.213336	0.211125	0.210122	0.208454	0.207841	0.207368	0.206975	0.206459	0.205617	0.204825	0.205487	0.203936	0.203693	0.203202	0.202526	0.201169	0.198743	0.195356	0.265591	0.195289	0.195699	0.195223	0.195202	0.195163	0.195104	0.194982	0.194868	0.19513	0.194769	0.194755	0.194727	0.19466	0.169904	0.162817	0.149778	0.13309	0.116132	0.0889072	0.0675221	0.0674219	0.0545906	0.0501126	0.042258	0.0383086	0.03438	0.0292737	0.0204987	

95	0	1	0	task-0:0.262	|	0.294744	0.218914	0.213336	0.211125	0.210122	0.208454	0.207841	0.207368	0.206975	0.206459	0.205617	0.204825	0.205487	0.203936	0.203693	0.203202	0.202526	0.201169	0.198743	0.195356	0.265591	0.195289	0.195699	0.195223	0.195202	0.195163	0.195104	0.194982	0.194868	0.19513	0.194769	0.194755	0.194727	0.19466	0.169904	0.162817	0.149778	0.13309	0.116132	0.0889072	0.0675221	0.0674219	0.0545906	0.0501126	0.042258	0.0383086	0.03438	0.0292737	0.0204987	

95	0.016	1	0	task-0:0.262	|	0.294744	0.218914	0.213336	0.211125	0.210122	0.208454	0.207841	0.207368	0.206975	0.206459	0.205617	0.204825	0.205487	0.203936	0.203693	0.203202	0.202526	0.201169	0.198743	0.195356	0.265591	0.195289	0.195699	0.195223	0.195202	0.195163	0.195104	0.194982	0.194868	0.19513	0.194769	0.194755	0.194727	0.19466	0.169904	0.162817	0.149778	0.13309	0.116132	0.0889072	0.0675221	0.0674219	0.0545906	0.0501126	0.042258	0.0383086	0.03438	0.0292737	0.0204987	

95	0	1	0	task-0:0.262	|	0.294744	0.218914	0.213336	0.211125	0.210122	0.208454	0.207841	0.207368	0.206975	0.206459	0.205617	0.204825	0.205487	0.203936	0.203693	0.203202	0.202526	0.201169	0.198743	0.195356	0.265591	0.195289	0.195699	0.195223	0.195202	0.195163	0.195104	0.194982	0.194868	0.19513	0.194769	0.194755	0.194727	0.19466	0.169904	0.162817	0.149778	0.13309	0.116132	0.0889072	0.0675221	0.0674219	0.0545906	0.0501126	0.042258	0.0383086	0.03438	0.0292737	0.0204987	

95	0.016	1	0	task-0:0.262	|	0.294744	0.218914	0.213336	0.211125	0.210122	0.208454	0.207841	0.207368	0.206975	0.206459	0.205617	0.204825	0.205487	0.203936	0.203693	0.203202	0.202526	0.201169	0.198743	0.195356	0.265591	0.195289	0.195699	0.195223	0.195202	0.195163	0.195104	0.194982	0.194868	0.19513	0.194769	0.194755	0.194727	0.19466	0.169904	0.162817	0.149778	0.13309	0.116132	0.0889072	0.0675221	0.0674219	0.0545906	0.0501126	0.042258	0.0383086	0.03438	0.0292737	0.0204987	

95	0	1	0	task-0:0.262	|	0.294744	0.218914	0.213336	0.211125	0.210122	0.208454	0.207841	0.207368	0.206975	0.206459	0.205617	0.204825	0.205487	0.203936	0.203693	0.203202	0.202526	0.201169	0.198743	0.195356	0.265591	0.195289	0.195699	0.195223	0.195202	0.195163	0.195104	0.194982	0.194868	0.19513	0.194769	0.194755	0.194727	0.19466	0.169904	0.162817	0.149778	0.13309	0.116132	0.0889072	0.0675221	0.0674219	0.0545906	0.0501126	0.042258	0.0383086	0.03438	0.0292737	0.0204987	

95	0	1	0	task-0:0.262	|	0.294744	0.218914	0.213336	0.211125	0.210122	0.208454	0.207841	0.207368	0.206975	0.206459	0.205617	0.204825	0.205487	0.203936	0.203693	0.203202	0.202526	0.201169	0.198743	0.195356	0.265591	0.195289	0.195699	0.195223	0.195202	0.195163	0.195104	0.194982	0.194868	0.19513	0.194769	0.194755	0.194727	0.19466	0.169904	0.162817	0.149778	0.13309	0.116132	0.0889072	0.0675221	0.0674219	0.0545906	0.0501126	0.042258	0.0383086	0.03438	0.0292737	0.0204987	

95	0.016	1	0	task-0:0.262	|	0.294744	0.218914	0.213336	0.211125	0.210122	0.208454	0.207841	0.207368	0.206975	0.206459	0.205617	0.204825	0.205487	0.203936	0.203693	0.203202	0.202526	0.201169	0.198743	0.195356	0.265591	0.195289	0.195699	0.195223	0.195202	0.195163	0.195104	0.194982	0.194868	0.19513	0.194769	0.194755	0.194727	0.19466	0.169904	0.162817	0.149778	0.13309	0.116132	0.0889072	0.0675221	0.0674219	0.0545906	0.0501126	0.042258	0.0383086	0.03438	0.0292737	0.0204987	

95	0	1	0	task-0:0.262	|	0.294744	0.218914	0.213336	0.211125	0.210122	0.208454	0.207841	0.207368	0.206975	0.206459	0.205617	0.204825	0.205487	0.203936	0.203693	0.203202	0.202526	0.201169	0.198743	0.195356	0.265591	0.195289	0.195699	0.195223	0.195202	0.195163	0.195104	0.194982	0.194868	0.19513	0.194769	0.194755	0.194727	0.19466	0.169904	0.162817	0.149778	0.13309	0.116132	0.0889072	0.0675221	0.0674219	0.0545906	0.0501126	0.042258	0.0383086	0.03438	0.0292737	0.0204987	

95	0.016	1	0	task-0:0.262	|	0.294744	0.218914	0.213336	0.211125	0.210122	0.208454	0.207841	0.207368	0.206975	0.206459	0.205617	0.204825	0.205487	0.203936	0.203693	0.203202	0.202526	0.201169	0.198743	0.195356	0.265591	0.195289	0.195699	0.195223	0.195202	0.195163	0.195104	0.194982	0.194868	0.19513	0.194769	0.194755	0.194727	0.19466	0.169904	0.162817	0.149778	0.13309	0.116132	0.0889072	0.0675221	0.0674219	0.0545906	0.0501126	0.042258	0.0383086	0.03438	0.0292737	0.0204987	

95	0	1	0	task-0:0.262	|	0.294744	0.218914	0.213336	0.211125	0.210122	0.208454	0.207841	0.207368	0.206975	0.206459	0.205617	0.204825	0.205487	0.203936	0.203693	0.203202	0.202526	0.201169	0.198743	0.195356	0.265591	0.195289	0.195699	0.195223	0.195202	0.195163	0.195104	0.194982	0.194868	0.19513	0.194769	0.194755	0.194727	0.19466	0.169904	0.162817	0.149778	0.13309	0.116132	0.0889072	0.0675221	0.0674219	0.0545906	0.0501126	0.042258	0.0383086	0.03438	0.0292737	0.0204987	

95	0.015	1	0	task-0:0.262	|	0.294744	0.218914	0.213336	0.211125	0.210122	0.208454	0.207841	0.207368	0.206975	0.206459	0.205617	0.204825	0.205487	0.203936	0.203693	0.203202	0.202526	0.201169	0.198743	0.195356	0.265591	0.195289	0.195699	0.195223	0.195202	0.195163	0.195104	0.194982	0.194868	0.19513	0.194769	0.194755	0.194727	0.19466	0.169904	0.162817	0.149778	0.13309	0.116132	0.0889072	0.0675221	0.0674219	0.0545906	0.0501126	0.042258	0.0383086	0.03438	0.0292737	0.0204987	

95	0	1	0	task-0:0.262	|	0.294744	0.218914	0.213336	0.211125	0.210122	0.208454	0.207841	0.207368	0.206975	0.206459	0.205617	0.204825	0.205487	0.203936	0.203693	0.203202	0.202526	0.201169	0.198743	0.195356	0.265591	0.195289	0.195699	0.195223	0.195202	0.195163	0.195104	0.194982	0.194868	0.19513	0.194769	0.194755	0.194727	0.19466	0.169904	0.162817	0.149778	0.13309	0.116132	0.0889072	0.0675221	0.0674219	0.0545906	0.0501126	0.042258	0.0383086	0.03438	0.0292737	0.0204987	

95	0	1	0	task-0:0.262	|	0.294744	0.218914	0.213336	0.211125	0.210122	0.208454	0.207841	0.207368	0.206975	0.206459	0.205617	0.204825	0.205487	0.203936	0.203693	0.203202	0.202526	0.201169	0.198743	0.195356	0.265591	0.195289	0.195699	0.195223	0.195202	0.195163	0.195104	0.194982	0.194868	0.19513	0.194769	0.194755	0.194727	0.19466	0.169904	0.162817	0.149778	0.13309	0.116132	0.0889072	0.0675221	0.0674219	0.0545906	0.0501126	0.042258	0.0383086	0.03438	0.0292737	0.0204987	

95	0.015	1	0	task-0:0.262	|	0.294744	0.218914	0.213336	0.211125	0.210122	0.208454	0.207841	0.207368	0.206975	0.206459	0.205617	0.204825	0.205487	0.203936	0.203693	0.203202	0.202526	0.201169	0.198743	0.195356	0.265591	0.195289	0.195699	0.195223	0.195202	0.195163	0.195104	0.194982	0.194868	0.19513	0.194769	0.194755	0.194727	0.19466	0.169904	0.162817	0.149778	0.13309	0.116132	0.0889072	0.0675221	0.0674219	0.0545906	0.0501126	0.042258	0.0383086	0.03438	0.0292737	0.0204987	

88	0	1	0	task-0:0.288	|	0.253265	0.238856	0.234113	0.227048	0.226146	0.224937	0.223482	0.222243	0.22071	0.21738	0.214873	0.226778	0.21232	0.21177	0.210378	0.207611	0.211607	0.208955	0.204966	0.204691	0.204054	0.203761	0.203194	0.203032	0.202898	0.202506	0.202397	0.202181	0.202011	0.201626	0.201322	0.201079	0.20058	0.200469	0.200194	0.174207	0.163464	0.145912	0.130581	0.120383	0.0998617	0.0740535	0.0494114	0.0536784	0.0420233	0.0371801	0.0323035	

95	0.016	1	0	task-0:0.262	|	0.294744	0.218914	0.213336	0.211125	0.210122	0.208454	0.207841	0.207368	0.206975	0.206459	0.205617	0.204825	0.205487	0.203936	0.203693	0.203202	0.202526	0.201169	0.198743	0.195356	0.265591	0.195289	0.195699	0.195223	0.195202	0.195163	0.195104	0.194982	0.194868	0.19513	0.194769	0.194755	0.194727	0.19466	0.169904	0.162817	0.149778	0.13309	0.116132	0.0889072	0.0675221	0.0674219	0.0545906	0.0501126	0.042258	0.0383086	0.03438	0.0292737	0.0204987	

85	0	1	0	task-0:0.27	|	0.240198	0.236197	0.227779	0.222171	0.219276	0.227419	0.215431	0.214542	0.214427	0.213511	0.213085	0.212424	0.212049	0.211143	0.210257	0.209263	0.208843	0.208668	0.207871	0.206493	0.205357	0.210804	0.204345	0.204132	0.203556	0.202661	0.201039	0.203741	0.214713	0.199492	0.199392	0.198907	0.198886	0.198699	0.19858	0.198424	0.198293	0.198162	0.198001	0.197947	0.197742	0.197676	0.17323	0.163039	0.147216	0.133951	0.130829	0.118777	0.0989043	0.0729138	0.0542593	0.0498527	0.0424154	0.0336746	0.020755	

95	0.016	1	0	task-0:0.262	|	0.294744	0.218914	0.213336	0.211125	0.210122	0.208454	0.207841	0.207368	0.206975	0.206459	0.205617	0.204825	0.205487	0.203936	0.203693	0.203202	0.202526	0.201169	0.198743	0.195356	0.265591	0.195289	0.195699	0.195223	0.195202	0.195163	0.195104	0.194982	0.194868	0.19513	0.194769	0.194755	0.194727	0.19466	0.169904	0.162817	0.149778	0.13309	0.116132	0.0889072	0.0675221	0.0674219	0.0545906	0.0501126	0.042258	0.0383086	0.03438	0.0292737	0.0204987	

95	0	1	0	task-0:0.262	|	0.294744	0.218914	0.213336	0.211125	0.210122	0.208454	0.207841	0.207368	0.206975	0.206459	0.205617	0.204825	0.205487	0.203936	0.203693	0.203202	0.202526	0.201169	0.198743	0.195356	0.265591	0.195289	0.195699	0.195223	0.195202	0.195163	0.195104	0.194982	0.194868	0.19513	0.194769	0.194755	0.194727	0.19466	0.169904	0.162817	0.149778	0.13309	0.116132	0.0889072	0.0675221	0.0674219	0.0545906	0.0501126	0.042258	0.0383086	0.03438	0.0292737	0.0204987	

95	0	1	0	task-0:0.262	|	0.294744	0.218914	0.213336	0.211125	0.210122	0.208454	0.207841	0.207368	0.206975	0.206459	0.205617	0.204825	0.205487	0.203936	0.203693	0.203202	0.202526	0.201169	0.198743	0.195356	0.265591	0.195289	0.195699	0.195223	0.195202	0.195163	0.195104	0.194982	0.194868	0.19513	0.194769	0.194755	0.194727	0.19466	0.169904	0.162817	0.149778	0.13309	0.116132	0.0889072	0.0675221	0.0674219	0.0545906	0.0501126	0.042258	0.0383086	0.03438	0.0292737	0.0204987	

95	0.016	1	0	task-0:0.262	|	0.294744	0.218914	0.213336	0.211125	0.210122	0.208454	0.207841	0.207368	0.206975	0.206459	0.205617	0.204825	0.205487	0.203936	0.203693	0.203202	0.202526	0.201169	0.198743	0.195356	0.265591	0.195289	0.195699	0.195223	0.195202	0.195163	0.195104	0.194982	0.194868	0.19513	0.194769	0.194755	0.194727	0.19466	0.169904	0.162817	0.149778	0.13309	0.116132	0.0889072	0.0675221	0.0674219	0.0545906	0.0501126	0.042258	0.0383086	0.03438	0.0292737	0.0204987	

95	0	1	0	task-0:0.262	|	0.294744	0.218914	0.213336	0.211125	0.210122	0.208454	0.207841	0.207368	0.206975	0.206459	0.205617	0.204825	0.205487	0.203936	0.203693	0.203202	0.202526	0.201169	0.198743	0.195356	0.265591	0.195289	0.195699	0.195223	0.195202	0.195163	0.195104	0.194982	0.194868	0.19513	0.194769	0.194755	0.194727	0.19466	0.169904	0.162817	0.149778	0.13309	0.116132	0.0889072	0.0675221	0.0674219	0.0545906	0.0501126	0.042258	0.0383086	0.03438	0.0292737	0.0204987	

95	0.016	1	0	task-0:0.262	|	0.294744	0.218914	0.213336	0.211125	0.210122	0.208454	0.207841	0.207368	0.206975	0.206459	0.205617	0.204825	0.205487	0.203936	0.203693	0.203202	0.202526	0.201169	0.198743	0.195356	0.265591	0.195289	0.195699	0.195223	0.195202	0.195163	0.195104	0.194982	0.194868	0.19513	0.194769	0.194755	0.194727	0.19466	0.169904	0.162817	0.149778	0.13309	0.116132	0.0889072	0.0675221	0.0674219	0.0545906	0.0501126	0.042258	0.0383086	0.03438	0.0292737	0.0204987	

95	0	1	0	task-0:0.262	|	0.294744	0.218914	0.213336	0.211125	0.210122	0.208454	0.207841	0.207368	0.206975	0.206459	0.205617	0.204825	0.205487	0.203936	0.203693	0.203202	0.202526	0.201169	0.198743	0.195356	0.265591	0.195289	0.195699	0.195223	0.195202	0.195163	0.195104	0.194982	0.194868	0.19513	0.194769	0.194755	0.194727	0.19466	0.169904	0.162817	0.149778	0.13309	0.116132	0.0889072	0.0675221	0.0674219	0.0545906	0.0501126	0.042258	0.0383086	0.03438	0.0292737	0.0204987	

95	0	1	0	task-0:0.262	|	0.294744	0.218914	0.213336	0.211125	0.210122	0.208454	0.207841	0.207368	0.206975	0.206459	0.205617	0.204825	0.205487	0.203936	0.203693	0.203202	0.202526	0.201169	0.198743	0.195356	0.265591	0.195289	0.195699	0.195223	0.195202	0.195163	0.195104	0.194982	0.194868	0.19513	0.194769	0.194755	0.194727	0.19466	0.169904	0.162817	0.149778	0.13309	0.116132	0.0889072	0.0675221	0.0674219	0.0545906	0.0501126	0.042258	0.0383086	0.03438	0.0292737	0.0204987	

95	0.016	1	0	task-0:0.262	|	0.294744	0.218914	0.213336	0.211125	0.210122	0.208454	0.207841	0.207368	0.206975	0.206459	0.205617	0.204825	0.205487	0.203936	0.203693	0.203202	0.202526	0.201169	0.198743	0.195356	0.265591	0.195289	0.195699	0.195223	0.195202	0.195163	0.195104	0.194982	0.194868	0.19513	0.194769	0.194755	0.194727	0.19466	0.169904	0.162817	0.149778	0.13309	0.116132	0.0889072	0.0675221	0.0674219	0.0545906	0.0501126	0.042258	0.0383086	0.03438	0.0292737	0.0204987	

95	0	1	0	task-0:0.262	|	0.294744	0.218914	0.213336	0.211125	0.210122	0.208454	0.207841	0.207368	0.206975	0.206459	0.205617	0.204825	0.205487	0.203936	0.203693	0.203202	0.202526	0.201169	0.198743	0.195356	0.265591	0.195289	0.195699	0.195223	0.195202	0.195163	0.195104	0.194982	0.194868	0.19513	0.194769	0.194755	0.194727	0.19466	0.169904	0.162817	0.149778	0.13309	0.116132	0.0889072	0.0675221	0.0674219	0.0545906	0.0501126	0.042258	0.0383086	0.03438	0.0292737	0.0204987	

95	0.015	1	0	task-0:0.262	|	0.294744	0.218914	0.213336	0.211125	0.210122	0.208454	0.207841	0.207368	0.206975	0.206459	0.205617	0.204825	0.205487	0.203936	0.203693	0.203202	0.202526	0.201169	0.198743	0.195356	0.265591	0.195289	0.195699	0.195223	0.195202	0.195163	0.195104	0.194982	0.194868	0.19513	0.194769	0.194755	0.194727	0.19466	0.169904	0.162817	0.149778	0.13309	0.116132	0.0889072	0.0675221	0.0674219	0.0545906	0.0501126	0.042258	0.0383086	0.03438	0.0292737	0.0204987	

95	0	1	0	task-0:0.262	|	0.294744	0.218914	0.213336	0.211125	0.210122	0.208454	0.207841	0.207368	0.206975	0.206459	0.205617	0.204825	0.205487	0.203936	0.203693	0.203202	0.202526	0.201169	0.198743	0.195356	0.265591	0.195289	0.195699	0.195223	0.195202	0.195163	0.195104	0.194982	0.194868	0.19513	0.194769	0.194755	0.194727	0.19466	0.169904	0.162817	0.149778	0.13309	0.116132	0.0889072	0.0675221	0.0674219	0.0545906	0.0501126	0.042258	0.0383086	0.03438	0.0292737	0.0204987	

95	0.016	1	0	task-0:0.262	|	0.294744	0.218914	0.213336	0.211125	0.210122	0.208454	0.207841	0.207368	0.206975	0.206459	0.205617	0.204825	0.205487	0.203936	0.203693	0.203202	0.202526	0.201169	0.198743	0.195356	0.265591	0.195289	0.195699	0.195223	0.195202	0.195163	0.195104	0.194982	0.194868	0.19513	0.194769	0.194755	0.194727	0.19466	0.169904	0.162817	0.149778	0.13309	0.116132	0.0889072	0.0675221	0.0674219	0.0545906	0.0501126	0.042258	0.0383086	0.03438	0.0292737	0.0204987	

95	0	1	0	task-0:0.262	|	0.294744	0.218914	0.213336	0.211125	0.210122	0.208454	0.207841	0.207368	0.206975	0.206459	0.205617	0.204825	0.205487	0.203936	0.203693	0.203202	0.202526	0.201169	0.198743	0.195356	0.265591	0.195289	0.195699	0.195223	0.195202	0.195163	0.195104	0.194982	0.194868	0.19513	0.194769	0.194755	0.194727	0.19466	0.169904	0.162817	0.149778	0.13309	0.116132	0.0889072	0.0675221	0.0674219	0.0545906	0.0501126	0.042258	0.0383086	0.03438	0.0292737	0.0204987	

95	0	1	0	task-0:0.262	|	0.294744	0.218914	0.213336	0.211125	0.210122	0.208454	0.207841	0.207368	0.206975	0.206459	0.205617	0.204825	0.205487	0.203936	0.203693	0.203202	0.202526	0.201169	0.198743	0.195356	0.265591	0.195289	0.195699	0.195223	0.195202	0.195163	0.195104	0.194982	0.194868	0.19513	0.194769	0.194755	0.194727	0.19466	0.169904	0.162817	0.149778	0.13309	0.116132	0.0889072	0.0675221	0.0674219	0.0545906	0.0501126	0.042258	0.0383086	0.03438	0.0292737	0.0204987	

95	0.015	1	0	task-0:0.262	|	0.294744	0.218914	0.213336	0.211125	0.210122	0.208454	0.207841	0.207368	0.206975	0.206459	0.205617	0.204825	0.205487	0.203936	0.203693	0.203202	0.202526	0.201169	0.198743	0.195356	0.265591	0.195289	0.195699	0.195223	0.195202	0.195163	0.195104	0.194982	0.194868	0.19513	0.194769	0.194755	0.194727	0.19466	0.169904	0.162817	0.149778	0.13309	0.116132	0.0889072	0.0675221	0.0674219	0.0545906	0.0501126	0.042258	0.0383086	0.03438	0.0292737	0.0204987	

87	0	1	0	task-0:0.272	|	0.217842	0.217017	0.216147	0.214914	0.214078	0.212161	0.209119	0.221668	0.216232	0.206077	0.205047	0.204785	0.204681	0.203997	0.20366	0.203271	0.202772	0.202507	0.202031	0.201503	0.201493	0.201346	0.200723	0.20052	0.200305	0.199972	0.199701	0.199429	0.199416	0.199194	0.19904	0.198914	0.173448	0.163727	0.146794	0.131412	0.120813	0.0997224	0.0737162	0.0491409	0.0605305	0.0449023	0.0394856	0.035297	0.0280816	

87	0.016	1	0	task-0:0.272	|	0.217842	0.217017	0.216147	0.214914	0.214078	0.212161	0.209119	0.221668	0.216232	0.206077	0.205047	0.204785	0.204681	0.203997	0.20366	0.203271	0.202772	0.202507	0.202031	0.201503	0.201493	0.201346	0.200723	0.20052	0.200305	0.199972	0.199701	0.199429	0.199416	0.199194	0.19904	0.198914	0.173448	0.163727	0.146794	0.131412	0.120813	0.0997224	0.0737162	0.0491409	0.0605305	0.0449023	0.0394856	0.035297	0.0280816	

87	0	1	0	task-0:0.272	|	0.217842	0.217017	0.216147	0.214914	0.214078	0.212161	0.209119	0.221668	0.216232	0.206077	0.205047	0.204785	0.204681	0.203997	0.20366	0.203271	0.202772	0.202507	0.202031	0.201503	0.201493	0.201346	0.200723	0.20052	0.200305	0.199972	0.199701	0.199429	0.199416	0.199194	0.19904	0.198914	0.173448	0.163727	0.146794	0.131412	0.120813	0.0997224	0.0737162	0.0491409	0.0605305	0.0449023	0.0394856	0.035297	0.0280816	

87	0.016	1	0	task-0:0.272	|	0.217842	0.217017	0.216147	0.214914	0.214078	0.212161	0.209119	0.221668	0.216232	0.206077	0.205047	0.204785	0.204681	0.203997	0.20366	0.203271	0.202772	0.202507	0.202031	0.201503	0.201493	0.201346	0.200723	0.20052	0.200305	0.199972	0.199701	0.199429	0.199416	0.199194	0.19904	0.198914	0.173448	0.163727	0.146794	0.131412	0.120813	0.0997224	0.0737162	0.0491409	0.0605305	0.0449023	0.0394856	0.035297	0.0280816	

87	0	1	0	task-0:0.272	|	0.217842	0.217017	0.216147	0.214914	0.214078	0.212161	0.209119	0.221668	0.216232	0.206077	0.205047	0.204785	0.204681	0.203997	0.20366	0.203271	0.202772	0.202507	0.202031	0.201503	0.201493	0.201346	0.200723	0.20052	0.200305	0.199972	0.199701	0.199429	0.199416	0.199194	0.19904	0.198914	0.173448	0.163727	0.146794	0.131412	0.120813	0.0997224	0.0737162	0.0491409	0.0605305	0.0449023	0.0394856	0.035297	0.0280816	

87	0	1	0	task-0:0.272	|	0.217842	0.217017	0.216147	0.214914	0.214078	0.212161	0.209119	0.221668	0.216232	0.206077	0.205047	0.204785	0.204681	0.203997	0.20366	0.203271	0.202772	0.202507	0.202031	0.201503	0.201493	0.201346	0.200723	0.20052	0.200305	0.199972	0.199701	0.199429	0.199416	0.199194	0.19904	0.198914	0.173448	0.163727	0.146794	0.131412	0.120813	0.0997224	0.0737162	0.0491409	0.0605305	0.0449023	0.0394856	0.035297	0.0280816	

87	0.016	1	0	task-0:0.272	|	0.217842	0.217017	0.216147	0.214914	0.214078	0.212161	0.209119	0.221668	0.216232	0.206077	0.205047	0.204785	0.204681	0.203997	0.20366	0.203271	0.202772	0.202507	0.202031	0.201503	0.201493	0.201346	0.200723	0.20052	0.200305	0.199972	0.199701	0.199429	0.199416	0.199194	0.19904	0.198914	0.173448	0.163727	0.146794	0.131412	0.120813	0.0997224	0.0737162	0.0491409	0.0605305	0.0449023	0.0394856	0.035297	0.0280816	

87	0	1	0	task-0:0.272	|	0.217842	0.217017	0.216147	0.214914	0.214078	0.212161	0.209119	0.221668	0.216232	0.206077	0.205047	0.204785	0.204681	0.203997	0.20366	0.203271	0.202772	0.202507	0.202031	0.201503	0.201493	0.201346	0.200723	0.20052	0.200305	0.199972	0.199701	0.199429	0.199416	0.199194	0.19904	0.198914	0.173448	0.163727	0.146794	0.131412	0.120813	0.0997224	0.0737162	0.0491409	0.0605305	0.0449023	0.0394856	0.035297	0.0280816	

87	0.015	1	0	task-0:0.272	|	0.217842	0.217017	0.216147	0.214914	0.214078	0.212161	0.209119	0.221668	0.216232	0.206077	0.205047	0.204785	0.204681	0.203997	0.20366	0.203271	0.202772	0.202507	0.202031	0.201503	0.201493	0.201346	0.200723	0.20052	0.200305	0.199972	0.199701	0.199429	0.199416	0.199194	0.19904	0.198914	0.173448	0.163727	0.146794	0.131412	0.120813	0.0997224	0.0737162	0.0491409	0.0605305	0.0449023	0.0394856	0.035297	0.0280816	

87	0	1	0	task-0:0.272	|	0.217842	0.217017	0.216147	0.214914	0.214078	0.212161	0.209119	0.221668	0.216232	0.206077	0.205047	0.204785	0.204681	0.203997	0.20366	0.203271	0.202772	0.202507	0.202031	0.201503	0.201493	0.201346	0.200723	0.20052	0.200305	0.199972	0.199701	0.199429	0.199416	0.199194	0.19904	0.198914	0.173448	0.163727	0.146794	0.131412	0.120813	0.0997224	0.0737162	0.0491409	0.0605305	0.0449023	0.0394856	0.035297	0.0280816	

87	0.016	1	0	task-0:0.272	|	0.217842	0.217017	0.216147	0.214914	0.214078	0.212161	0.209119	0.221668	0.216232	0.206077	0.205047	0.204785	0.204681	0.203997	0.20366	0.203271	0.202772	0.202507	0.202031	0.201503	0.201493	0.201346	0.200723	0.20052	0.200305	0.199972	0.199701	0.199429	0.199416	0.199194	0.19904	0.198914	0.173448	0.163727	0.146794	0.131412	0.120813	0.0997224	0.0737162	0.0491409	0.0605305	0.0449023	0.0394856	0.035297	0.0280816	

87	0	1	0	task-0:0.272	|	0.217842	0.217017	0.216147	0.214914	0.214078	0.212161	0.209119	0.221668	0.216232	0.206077	0.205047	0.204785	0.204681	0.203997	0.20366	0.203271	0.202772	0.202507	0.202031	0.201503	0.201493	0.201346	0.200723	0.20052	0.200305	0.199972	0.199701	0.199429	0.199416	0.199194	0.19904	0.198914	0.173448	0.163727	0.146794	0.131412	0.120813	0.0997224	0.0737162	0.0491409	0.0605305	0.0449023	0.0394856	0.035297	0.0280816	

89	0.016	1	0	task-0:0.286	|	0.227126	0.219155	0.218376	0.217237	0.215811	0.21402	0.212931	0.221617	0.210904	0.21043	0.209029	0.207065	0.205736	0.218617	0.204393	0.204186	0.20354	0.202165	0.199976	0.20401	0.245792	0.198605	0.198444	0.198092	0.197503	0.197014	0.199532	0.197812	0.196771	0.196668	0.196484	0.19627	0.196224	0.19614	0.171971	0.163933	0.148638	0.136403	0.133655	0.124067	0.104817	0.081167	0.0628011	0.056624	0.0441822	0.0274521	0.0130755	

87	0	1	0	task-0:0.272	|	0.217842	0.217017	0.216147	0.214914	0.214078	0.212161	0.209119	0.221668	0.216232	0.206077	0.205047	0.204785	0.204681	0.203997	0.20366	0.203271	0.202772	0.202507	0.202031	0.201503	0.201493	0.201346	0.200723	0.20052	0.200305	0.199972	0.199701	0.199429	0.199416	0.199194	0.19904	0.198914	0.173448	0.163727	0.146794	0.131412	0.120813	0.0997224	0.0737162	0.0491409	0.0605305	0.0449023	0.0394856	0.035297	0.0280816	

87	0.015	1	0	task-0:0.272	|	0.217842	0.217017	0.216147	0.214914	0.214078	0.212161	0.209119	0.221668	0.216232	0.206077	0.205047	0.204785	0.204681	0.203997	0.20366	0.203271	0.202772	0.202507	0.202031	0.201503	0.201493	0.201346	0.200723	0.20052	0.200305	0.199972	0.199701	0.199429	0.199416	0.199194	0.19904	0.198914	0.173448	0.163727	0.146794	0.131412	0.120813	0.0997224	0.0737162	0.0491409	0.0605305	0.0449023	0.0394856	0.035297	0.0280816	

87	0	1	0	task-0:0.272	|	0.217842	0.217017	0.216147	0.214914	0.214078	0.212161	0.209119	0.221668	0.216232	0.206077	0.205047	0.204785	0.204681	0.203997	0.20366	0.203271	0.202772	0.202507	0.202031	0.201503	0.201493	0.201346	0.200723	0.20052	0.200305	0.199972	0.199701	0.199429	0.199416	0.199194	0.19904	0.198914	0.173448	0.163727	0.146794	0.131412	0.120813	0.0997224	0.0737162	0.0491409	0.0605305	0.0449023	0.0394856	0.035297	0.0280816	

82	0	1	0	task-0:0.148	|	0.287769	0.230419	0.22796	0.224057	0.221428	0.21874	0.21443	0.212336	0.223248	0.213357	0.207345	0.20685	0.206351	0.20595	0.205495	0.204616	0.204867	0.204024	0.203779	0.203155	0.202588	0.20314	0.201969	0.201682	0.201416	0.200983	0.20061	0.200613	0.200247	0.200115	0.199882	0.19944	0.175303	0.169354	0.160651	0.157626	0.150388	0.140392	0.13078	0.125867	0.116549	0.110222	0.104613	0.101989	0.0993078	0.0949747	0.0937001	0.0887463	0.0828175	0.0892334	0.0768025	0.0748539	0.0697962	0.059896	0.0558737	0.1864	0.0462087	

