60	0.129	16	0	task-3:0.184	task-0:0.164	task-1:0.124	task-2:0.294	|	0.0581002	0.0999353	0.099674	0.0867001	0.0525182	0.045926	0.0422074	0.0295919	0.018715	0.0149302	0.0116901	0.0124724	0.0133102	0.014246	0.0148816	0.0149843	0.0152057	0.013689	0.0143955	0.0136176	0.0130744	0.0127401	0.0115734	0.0104974	0.0092692	0.00810232	0.00699051	0.00485931	0.00249486	0.0101732	0.0113647	0.0106646	0.0101212	0.0104525	0.0105518	0.00990179	0.0122493	0.0115465	0.0154437	0.0130118	0.0211398	0.0211889	0.0290962	0.011884	0.0117545	0.0120513	0.0290351	0.0307914	0.0363669	0.0366733	0.0338554	0.0310904	0.0340729	0.0234732	0.0209075	0.0185374	0.016359	0.0263335	0.0206826	0.0201504	

136	0.275	16	0	task-3:0.092	task-0:0.092	task-1:0.02	task-2:0.08	|	0.0772295	0.119817	0.118647	0.078739	0.0628193	0.0608786	0.0519147	0.0498004	0.0529608	0.0535734	0.0517182	0.0497445	0.0473044	0.0519482	0.0710448	0.0382582	0.0429377	0.0313699	0.0142318	0.00730896	0.00925296	0.00868087	0.00573325	0.00349483	0.00264037	0.00332343	0.00368111	0.00473343	0.00575756	0.00695271	0.00832044	0.0093292	0.0097055	0.00800851	0.00290451	0.000663841	0.000558916	0.000820041	0.000901615	0.000136043	3.45094e-005	4.04957e-006	5.45093e-007	9.59403e-008	1.03218e-008	7.80921e-010	3.77503e-011	0.00180433	7.91042e-010	0	0	0	0	0	7.87089e-015	0	0	0	0	0	0	3.14031e-013	0	9.63631e-013	4.23685e-010	0.000185336	1.7016e-012	0	3.34845e-006	0	1.19885e-013	0	0	0	0	0	0	0	0	0	0	5.43172e-013	0	0	0	3.20665e-009	0	0	0	0	0	1.54018e-013	5.57928e-007	5.21391e-007	0	0	0	0	0	0	0	0	0	0	0	0	0	0	0	0	0	0	0	0	0	0	0	0	0	0	0	0	0	0	0	0	0	0	0	0	0	0	0	0	2.59063e-015	4.21723e-007	

73	0.149	16	0	task-3:0.028	task-0:0.13	task-1:0.124	task-2:0.02	|	0.0534213	0.119912	0.119836	0.108274	0.0486094	0.0476781	0.0565909	0.0498225	0.038784	0.0400308	0.0367001	0.032262	0.0280345	0.0235212	0.0184799	0.0135645	0.0107941	0.00770797	0.00536853	0.00344621	0.00265783	0.00184575	0.00210897	0.00176683	0.00227247	0.00247666	0.00175607	0.00135786	0.00160017	0.00140133	0.00120015	0.00123118	0.00120713	0.00108419	0.000994879	0.000909864	0.000831754	0.000752408	0.000663504	0.000569044	0.000479189	0.000394115	0.000315667	0.000221551	0.000153253	9.47539e-005	5.58562e-005	2.87259e-005	1.12156e-005	3.58902e-006	1.08976e-006	4.61138e-007	5.66623e-007	1.3755e-007	3.99652e-007	4.51645e-007	1.3358e-007	1.16348e-007	1.16684e-007	1.15476e-007	1.17599e-007	1.74857e-007	1.82667e-007	1.05849e-007	7.27266e-008	8.28628e-008	7.08613e-008	6.33234e-008	6.42442e-008	6.50729e-008	6.9582e-008	6.1171e-008	5.1423e-008	

76	0.156	16	0	task-3:0.064	task-0:0.06	task-1:0.016	task-2:0.03	|	0.0550558	0.119081	0.116079	0.0161205	0.0798471	0.0573286	0.0111397	0.0110905	0.0177482	0.0149133	0.0074832	0.00843804	0.00633197	0.00544891	0.00586473	0.00622369	0.00504513	0.00449809	0.00375424	0.0029987	0.00228851	0.00171237	0.00120654	0.000919344	0.000887756	0.00065431	0.000478064	0.000430641	0.000256131	0.000197941	0.00013738	8.73109e-005	6.86894e-005	4.08069e-005	3.12922e-005	1.91986e-005	9.30744e-006	5.95672e-006	2.20794e-006	1.84753e-006	9.8099e-007	6.71254e-007	5.56214e-007	3.52481e-007	1.44517e-007	9.81789e-008	8.55789e-008	5.65627e-008	2.78581e-008	1.14879e-008	5.78616e-009	3.31377e-009	7.36052e-010	3.9672e-010	2.01674e-010	9.68008e-011	4.10233e-011	1.50952e-011	4.74222e-012	1.17583e-012	2.08913e-013	3.4958e-013	9.08841e-014	4.28174e-014	3.32672e-014	1.87593e-014	1.05953e-014	5.31558e-015	0	4.20221e-015	2.83305e-015	1.905e-015	3.52506e-015	3.37117e-015	2.54297e-015	0	

140	0.283	16	0	task-3:0.032	task-0:0.116	task-1:0.056	task-2:0.028	|	0.0738862	0.0995479	0.0978266	0.0714156	0.0589552	0.0629532	0.0500368	0.0543489	0.0532427	0.047264	0.0446329	0.0427411	0.0384153	0.0351047	0.0312216	0.0278384	0.0230419	0.0176063	0.0119584	0.00692009	0.0034597	0.00168881	0.000949066	0.000759866	0.00118775	0.000586198	0.000592692	0.000569012	0.00045226	0.00047918	0.000464799	0.000448098	0.000454887	0.000419975	0.000323924	0.000303777	0.00027378	0.000241119	0.000189914	0.000144622	0.000103844	8.40012e-005	6.25796e-005	4.77972e-005	3.52175e-005	2.44799e-005	1.59177e-005	9.55613e-006	5.63777e-006	3.35156e-006	2.85146e-006	1.53493e-006	9.56479e-007	5.85712e-007	3.60254e-007	2.65676e-007	2.08796e-007	1.65665e-007	1.058e-007	8.50231e-008	4.88761e-008	2.56693e-008	3.38307e-008	1.26152e-008	1.13388e-008	1.04008e-008	9.77312e-009	1.35242e-008	1.10992e-008	7.76206e-009	5.89049e-009	4.96807e-009	4.31477e-009	3.7952e-009	3.01737e-009	2.48748e-009	1.97602e-009	1.51299e-009	1.10123e-009	7.66478e-010	4.82011e-010	2.84286e-010	1.54534e-010	7.39111e-011	3.0322e-011	9.66142e-012	2.56564e-012	5.31077e-013	8.23167e-014	8.85604e-015	0	0	0	0	0	0	0	0	0	0	0	0	0	0	0	0	0	0	2.41582e-015	1.30714e-013	9.03856e-014	3.73919e-015	5.412e-014	5.28641e-014	0	0	0	0	0	0	0	0	1.95025e-015	3.01162e-015	2.82194e-015	0	0	0	0	2.43701e-015	0	0	3.11501e-015	0	0	0	0	0	0	0	

125	0.255	16	0	task-3:0.038	task-0:0.144	task-1:0.212	task-2:0.032	|	0.0585101	0.11961	0.117932	0.092705	0.0565196	0.0568186	0.0568889	0.0537175	0.0534885	0.0526739	0.0499088	0.0424383	0.0313463	0.0307885	0.0271411	0.0233959	0.0179958	0.015225	0.0415907	0.0429075	0.0225073	0.0233764	0.03129	0.0304238	0.0240243	0.0172765	0.0166693	0.0193857	0.019357	0.01806	0.0172689	0.0170725	0.0169248	0.0172244	0.0179369	0.017961	0.0176593	0.0173208	0.0169758	0.0166098	0.0162438	0.0158852	0.015385	0.0147369	0.0139394	0.0129985	0.0118983	0.0106128	0.00914062	0.00750841	0.00579347	0.00564892	0.00497311	0.00426746	0.00524511	0.00673671	0.00713475	0.00568659	0.00493785	0.00400822	0.00316243	0.00247786	0.00188317	0.0013704	0.00100406	0.000826452	0.000889479	0.000978274	0.000399442	0.000303474	0.00024991	0.000234913	0.000187483	0.000175674	0.0006796	0.000539211	0.000135023	9.75768e-005	9.91919e-005	0.000129853	0.000260542	0.000937845	0.000296328	2.37307e-005	1.8792e-005	1.33985e-005	7.52159e-006	4.81114e-006	2.56484e-006	1.59786e-006	7.4518e-007	3.31185e-007	1.28055e-007	4.23219e-008	9.21001e-009	2.16149e-009	1.72435e-009	7.281e-010	3.10129e-010	1.18252e-010	3.97978e-011	8.99006e-012	3.93748e-012	1.68243e-012	7.47199e-013	3.64176e-013	1.7478e-013	5.50896e-014	5.75992e-014	1.10562e-014	5.46686e-015	2.63984e-015	4.20927e-015	6.35411e-015	2.04978e-014	1.05145e-013	9.89362e-014	2.76111e-013	2.84699e-013	2.70117e-013	4.08942e-013	1.68995e-013	8.30453e-014	5.89629e-014	3.80586e-014	

60	0.119	16	0	task-3:0.106	task-0:0.26	task-1:0.13	task-2:0.088	|	0.0506338	0.0911074	0.0486242	0.101112	0.0453972	0.0553034	0.0480626	0.0324363	0.0214167	0.0164762	0.0141566	0.0159135	0.0162585	0.0167364	0.0174744	0.0182408	0.0196427	0.0218335	0.025769	0.0306484	0.0347419	0.0375315	0.0380264	0.0384874	0.0387731	0.0388437	0.0423109	0.0470131	0.0486244	0.0480787	0.0480973	0.0451024	0.0433066	0.0434834	0.0444692	0.0479639	0.0479575	0.0479259	0.0491035	0.0553642	0.0555986	0.0555768	0.0554606	0.0553219	0.0552085	0.0551656	0.0549647	0.0543102	0.0511451	0.053901	0.0535321	0.05231	0.053876	0.0538965	0.053783	0.0533813	0.0539428	0.0543973	0.0544432	0.0544449	

67	0.139	16	0	task-3:0.054	task-0:0.074	task-1:0.074	task-2:0.048	|	0.0552512	0.0994543	0.0927094	0.0385184	0.062794	0.0674643	0.0402083	0.0322636	0.0216461	0.0123186	0.00896552	0.00525003	0.00804548	0.00353145	0.00605173	0.0052311	0.0022018	0.00109125	0.00160451	0.000633541	0.000517222	0.000317337	0.000147569	7.98792e-005	0.000132095	0.000229032	0.000430074	7.98308e-005	0.000111918	3.1002e-005	1.86491e-005	1.29285e-005	8.289e-006	5.917e-006	2.90066e-006	1.30807e-006	4.7463e-007	1.44639e-007	3.3487e-008	5.52626e-009	8.94514e-010	1.08612e-010	5.75339e-012	6.77775e-013	2.55817e-013	8.76746e-014	6.48551e-015	5.11494e-015	0	0	2.2148e-015	2.11637e-014	1.77732e-014	2.07159e-015	4.38915e-015	5.04926e-015	3.08057e-015	2.04159e-015	1.88279e-015	2.08343e-015	0	0	0	0	0	0	0	

82	0.173	16	0	task-3:0.048	task-0:0.044	task-1:0.032	task-2:0.032	|	0.0685154	0.119932	0.119729	0.111229	0.062903	0.0657734	0.0609354	0.0543005	0.0503791	0.0458011	0.0413965	0.0366377	0.0314435	0.0284807	0.0282239	0.0259227	0.0203331	0.0162213	0.00964746	0.00509239	0.00191559	0.000328372	0.00014124	0.000200527	2.41672e-005	9.92391e-006	5.32646e-006	1.69524e-006	9.29123e-007	2.45996e-007	3.93837e-008	1.59845e-008	1.16566e-008	9.61065e-010	8.52182e-011	7.57576e-012	1.00617e-012	1.1733e-013	1.95797e-014	4.68222e-015	1.03223e-014	0	0	0	2.38488e-015	0	0	0	0	0	0	0	0	0	0	0	0	0	0	0	0	0	0	0	3.98066e-015	5.00173e-015	5.68106e-015	3.98173e-015	0	0	0	0	0	0	0	0	0	0	0	0	0	0	

70	0.145	16	0	task-3:0.068	task-0:0.396	task-1:0.33	task-2:0.066	|	0.0739042	0.0996328	0.0982906	0.0725385	0.0593367	0.0679549	0.0648713	0.059664	0.0562147	0.0544652	0.0517958	0.0495843	0.0491773	0.0540406	0.0569391	0.0541356	0.0539044	0.0576133	0.057114	0.056412	0.0537623	0.05342	0.0549203	0.0559873	0.0555463	0.0550069	0.0546584	0.0544685	0.0546501	0.0546468	0.0546475	0.0546647	0.0546394	0.0545916	0.0544697	0.0543066	0.054083	0.0542178	0.0540778	0.0539364	0.0537571	0.0536116	0.0538596	0.0536319	0.0533472	0.0531807	0.0532284	0.0531835	0.0531186	0.0529098	0.052696	0.0524221	0.0521122	0.0517411	0.0518616	0.0518442	0.0519034	0.0519034	0.0518106	0.0517518	0.051703	0.0516657	0.0516135	0.0529591	0.0523663	0.0510751	0.0510751	0.0516792	0.0520755	0.0518995	

63	0.131	16	0	task-3:0.1	task-0:0.094	task-1:0.106	task-2:0.088	|	0.0482785	0.099981	0.0998746	0.0918676	0.0646911	0.0494608	0.0313558	0.0171532	0.0102052	0.00698633	0.00792851	0.00264328	0.00182657	0.00183675	0.001523	0.0019966	0.0128746	0.00307533	0.00506011	0.00309749	0.00083705	0.000469496	0.000149036	9.8426e-005	6.57456e-005	3.86842e-005	2.08783e-005	9.42838e-006	4.03544e-006	1.62378e-006	5.12355e-007	1.24192e-007	2.55428e-008	4.74688e-009	6.87482e-010	5.8073e-011	6.06042e-012	3.95932e-013	1.38581e-014	2.22098e-015	0	0	0	0	3.00768e-015	0	0	0	0	0	0	0	0	0	0	0	0	3.89054e-015	3.05569e-015	2.71492e-015	4.28132e-014	4.46904e-013	1.27304e-013	

65	0.133	16	0	task-3:0.22	task-0:0.364	task-1:0.258	task-2:0.404	|	0.0589905	0.119212	0.110994	0.0587204	0.0637063	0.0585267	0.0538133	0.0511124	0.046754	0.0415212	0.0390606	0.0386278	0.0378286	0.037134	0.0361392	0.0335944	0.0291829	0.0455398	0.0393241	0.020234	0.0261631	0.0301832	0.0200025	0.0184865	0.0184104	0.0188741	0.0199083	0.00563644	0.0189053	0.001979	0.000905003	0.000652427	0.000514108	0.000842585	0.000385225	0.000242034	0.000946739	0.000651011	9.3215e-005	6.05686e-005	3.41548e-005	1.71235e-005	1.18193e-005	0.000113166	0.000289282	2.80825e-006	3.71085e-007	3.21901e-008	9.13594e-009	7.91968e-009	5.14571e-009	2.62442e-009	1.04357e-009	3.27177e-006	2.15713e-006	1.35274e-005	0.00150971	7.91274e-005	2.44053e-005	6.5437e-005	0.000158913	0.000154569	3.46808e-005	1.24618e-005	2.26752e-005	

77	0.157	16	0	task-3:0.066	task-0:0.096	task-1:0.084	task-2:0.078	|	0.0676273	0.119065	0.116121	0.0661106	0.0574214	0.0563065	0.0564178	0.0566225	0.0542123	0.0528632	0.0505311	0.0412884	0.0306455	0.0203017	0.0138817	0.0120544	0.0105655	0.00909836	0.00873459	0.00825776	0.00836671	0.00773595	0.00675195	0.00554031	0.00412426	0.00350171	0.00265645	0.00191038	0.00178838	0.00157393	0.00139136	0.00124666	0.00100153	0.000485484	0.00021552	6.00132e-005	1.43237e-005	4.66453e-006	3.99713e-006	1.15941e-007	1.32192e-008	6.95473e-010	1.92132e-011	2.96169e-013	3.35477e-015	0	0	0	0	0	0	0	0	0	0	0	0	0	0	0	0	0	0	0	0	0	0	0	0	0	0	0	0	0	0	0	0	

60	0.12	16	0	task-3:0.172	task-0:0.036	task-1:0.106	task-2:0.056	|	0.0582764	0.0982165	0.0791802	0.0710615	0.0434089	0.0549724	0.0488707	0.0288895	0.0157402	0.0118552	0.00874648	0.00724226	0.0120463	0.0146468	0.0156044	0.0159509	0.0159303	0.0166856	0.0170469	0.0183765	0.022464	0.0270204	0.0255295	0.025328	0.0291806	0.0292949	0.0276662	0.0259002	0.0238223	0.0211276	0.019349	0.0161541	0.00435219	0.00810272	0.0120392	0.012693	0.0114081	0.0104279	0.00822122	0.00780328	0.00826693	0.0113331	0.0103723	0.00853885	0.00733403	0.00705853	0.00692483	0.00663482	0.00609078	0.005659	0.00527957	0.00501741	0.00445025	0.00389821	0.00333379	0.00277115	0.0022205	0.00169252	0.00125062	0.000848897	

58	0.118	16	0	task-3:0.27	task-0:0.128	task-1:0.124	task-2:0.108	|	0.0534175	0.0995486	0.0986516	0.07707	0.0418223	0.0351004	0.0149128	0.00996522	0.00705589	0.00585634	0.0063637	0.00263123	0.00246707	0.00108479	0.000447688	0.000169917	4.87638e-005	2.67884e-005	3.26735e-006	5.51915e-007	6.35224e-008	5.30337e-009	2.21073e-008	4.16192e-010	2.18819e-010	1.20758e-010	3.83225e-011	1.68358e-011	0.00650005	0.000136187	1.20048e-009	1.82787e-009	4.4813e-010	8.61393e-005	2.3843e-005	1.12148e-008	1.97403e-010	1.62537e-010	1.0377e-010	1.09285e-010	3.87918e-011	2.48988e-011	1.45789e-011	6.99413e-012	2.97636e-012	1.08719e-012	1.61582e-013	2.31015e-014	1.91427e-015	2.03568e-015	0	0	0	0	0	0	0	3.13727e-015	

82	0.166	16	0	task-3:0.028	task-0:0.064	task-1:0.048	task-2:0.018	|	0.0594154	0.119844	0.119179	0.0891166	0.0634321	0.0628578	0.0508135	0.0478366	0.0488693	0.0489774	0.0486353	0.0445285	0.0413434	0.0433852	0.0478712	0.0369544	0.0352422	0.0346079	0.0289005	0.0237766	0.0214569	0.018559	0.0152027	0.012066	0.00926186	0.00713342	0.00543408	0.00398689	0.00277492	0.00205467	0.00132361	0.000849601	0.000372682	0.000178749	8.59524e-005	4.76631e-005	2.16846e-005	8.95395e-006	3.03872e-006	7.3483e-007	1.45672e-007	2.24559e-008	4.31184e-009	1.39236e-009	9.84406e-011	2.26967e-011	1.41006e-011	3.73594e-012	2.00469e-012	3.63089e-013	2.49322e-013	2.64874e-013	8.65827e-014	8.65145e-014	5.21912e-014	2.14464e-014	2.05858e-014	1.97633e-014	1.92143e-014	2.1e-014	1.86153e-014	1.62509e-014	1.32424e-014	1.05882e-014	8.51437e-015	9.27412e-015	6.84684e-015	4.60628e-015	4.37465e-015	5.62148e-015	5.45426e-015	4.39919e-015	3.51675e-015	4.72883e-015	4.53068e-015	4.20162e-015	2.02662e-015	0	1.91271e-015	1.97219e-015	2.20018e-015	2.20688e-015	

120	0.244	16	0	task-3:0.066	task-0:0.046	task-1:0.096	task-2:0.056	|	0.0665924	0.117304	0.105418	0.0663679	0.0562287	0.0562389	0.0515642	0.0499508	0.0463207	0.0456185	0.0454006	0.0453899	0.0455836	0.0446604	0.0445672	0.044408	0.0441991	0.0437986	0.0432425	0.0412996	0.0333277	0.035603	0.0314111	0.0312795	0.032901	0.0315056	0.0280162	0.0270801	0.0272075	0.0262507	0.0249433	0.024154	0.0231604	0.0221316	0.0208905	0.0193064	0.0176472	0.0167462	0.0160755	0.0156401	0.0151625	0.0143601	0.0125642	0.00864428	0.00750527	0.00589038	0.00279434	0.00224209	0.00165541	0.0011883	0.000739325	5.48448e-005	9.89928e-005	9.77919e-010	9.48948e-005	0.000103417	7.22184e-005	0.000131528	0.000508449	5.48353e-005	2.9777e-005	1.57051e-005	7.11161e-006	2.60788e-006	7.25829e-007	1.40278e-007	1.66105e-008	1.07856e-009	2.97778e-011	2.38401e-013	0	0	0	0	0	0	0	0.02	0.02	0.02	0	0	0	0.02	0.02	0	0	0	0.02	0.02	0	0	0	0	0.02	0	1.28454e-011	0	0.02	0	0	0.000112145	0	0	0	0	0	0	0	0.0144364	0	0	0	0	1.04336e-013	0	0	0.02	0	0	

71	0.145	16	0	task-3:0.062	task-0:0.2	task-1:0.096	task-2:0.072	|	0.0744176	0.0998804	0.0984635	0.0618922	0.0742415	0.0615362	0.0518943	0.0516924	0.0503488	0.0491868	0.0500633	0.050827	0.050537	0.0481976	0.0417279	0.0308431	0.0273986	0.0268406	0.0225544	0.016917	0.0119016	0.00820823	0.00779326	0.00560836	0.0040935	0.00250916	0.00180605	4.82305e-005	5.34328e-006	2.20926e-007	4.24757e-009	2.85884e-011	5.33159e-014	3.3008e-015	0	0	0	0	0	0	0	0	0	0	0	0	0	0	0	0	0	0	0	0	0	0	0	0	0	0	0	0	0	2.79926e-015	0	0	0	0	0	0	0	

156	0.317	16	0	task-3:0.018	task-0:0.088	task-1:0.074	task-2:0.018	|	0.084442	0.099162	0.0971106	0.0641059	0.0732202	0.0722444	0.0491026	0.0432355	0.0362388	0.0299381	0.022416	0.0252072	0.0295864	0.0196285	0.0162701	0.0153984	0.0129683	0.0104816	0.00965668	0.0073956	0.00793333	0.00661707	0.00520285	0.00352766	0.0020147	0.000990035	0.000496107	0.000304899	0.000171723	0.000113578	7.56477e-005	4.83645e-005	3.47722e-005	2.28108e-005	2.40581e-005	3.00617e-005	1.25136e-005	6.26361e-006	4.59691e-006	4.07699e-006	2.97924e-006	1.14989e-006	4.15134e-007	2.31227e-007	1.54665e-007	1.16262e-007	4.53268e-008	2.27464e-008	1.14569e-008	7.66896e-009	4.98552e-009	2.13381e-009	1.12758e-009	2.30387e-009	1.69978e-009	1.52477e-009	1.2107e-009	8.43403e-010	2.3142e-010	1.54393e-010	1.17798e-010	7.0691e-011	6.39223e-011	3.09661e-011	2.15789e-011	2.47644e-011	8.30233e-012	2.9894e-012	2.02943e-012	2.35013e-012	2.30966e-012	1.80122e-012	1.15177e-012	6.0877e-013	3.42395e-013	1.92383e-013	1.09848e-013	9.02635e-014	6.69049e-014	5.01497e-014	2.46911e-014	2.61516e-014	2.66128e-014	1.87183e-014	2.05334e-014	2.11186e-014	1.59786e-014	1.19844e-014	1.17737e-014	1.09911e-014	9.15326e-015	8.88748e-015	6.59569e-015	5.28551e-015	6.60934e-015	8.23013e-015	7.92763e-015	5.88764e-015	5.72356e-015	5.20776e-015	4.83451e-015	4.47488e-015	2.3832e-015	4.03045e-015	3.87006e-015	4.0502e-015	1.89614e-015	0	0	0	0	0	0	0	0	1.90177e-015	4.10265e-015	4.15513e-015	1.89965e-015	1.98624e-015	1.96815e-015	1.91312e-015	3.95339e-015	4.00799e-015	5.78008e-015	3.84668e-015	1.97568e-015	3.88119e-015	2.05378e-015	4.01484e-015	3.95089e-015	3.94018e-015	3.93111e-015	3.94151e-015	3.94635e-015	1.96845e-015	0	0	1.88291e-015	0	1.87172e-015	1.94363e-015	1.97517e-015	1.98497e-015	3.89203e-015	3.91705e-015	3.93556e-015	3.95559e-015	3.98025e-015	4.02522e-015	4.09955e-015	4.21754e-015	4.02071e-015	3.95525e-015	3.89797e-015	2.02106e-015	

66	0.134	16	0	task-3:0.102	task-0:0.178	task-1:0.194	task-2:0.258	|	0.0582644	0.0863701	0.0326384	0.0983195	0.090643	0.0648418	0.0483303	0.0450395	0.0429098	0.0413658	0.0324713	0.0243719	0.0228416	0.0246761	0.0231798	0.0238939	0.0211966	0.0224669	0.0241554	0.0251562	0.0273183	0.0312716	0.0249552	0.0209038	0.0233791	0.0241914	0.0242879	0.0250074	0.0263456	0.0278127	0.0295765	0.0319995	0.02674	0.0307725	0.0310591	0.0312863	0.0317694	0.0321469	0.0323867	0.0325202	0.0325947	0.0329932	0.0339655	0.0394356	0.0457239	0.0479549	0.0477672	0.0476525	0.0478456	0.0480928	0.047954	0.0561169	0.0534739	0.0479503	0.0480397	0.048051	0.0365089	0.0365019	0.0486999	0.0491643	0.0497602	0.0506156	0.0507369	0.0398076	0.0405039	0.0411285	

68	0.137	16	0	task-3:0.026	task-0:0.098	task-1:0.052	task-2:0.026	|	0.0902978	0.0993884	0.0958224	0.0596245	0.075152	0.0749677	0.0612246	0.0532066	0.0485193	0.0443336	0.0505533	0.05093	0.0459069	0.0415473	0.0348584	0.0234859	0.0167947	0.00873692	0.00413818	0.00209272	0.00148969	0.000754935	0.000403241	0.000188421	0.000129039	6.77404e-005	3.06991e-005	1.39467e-005	6.35433e-006	2.97009e-006	3.86108e-006	1.12495e-006	3.86618e-007	1.5251e-007	6.11798e-008	2.28276e-008	7.19889e-009	2.4402e-009	6.65182e-010	1.47375e-010	9.31374e-011	1.41724e-011	5.36663e-012	2.40536e-012	1.21777e-012	2.9979e-013	1.30324e-013	6.76985e-014	1.78013e-014	7.46827e-015	2.30702e-015	4.78811e-015	0	0	0	0	0	0	0	0	2.51561e-015	2.51068e-015	2.89997e-015	2.11392e-015	3.37272e-015	3.6831e-015	4.39042e-015	2.31431e-015	

104	0.209	16	0	task-3:0.022	task-0:0.18	task-1:0.036	task-2:0.022	|	0.0728337	0.0999625	0.0998863	0.0917654	0.0572699	0.0568229	0.0505996	0.0525675	0.0446749	0.0385664	0.0345318	0.0302157	0.0274258	0.0244078	0.0215766	0.0191319	0.016986	0.015832	0.0153413	0.015343	0.0157006	0.0163409	0.0182475	0.0183274	0.0187643	0.0187066	0.0143434	0.012247	0.00787083	0.00704962	0.00582381	0.00509463	0.00397067	0.00342835	0.00275905	0.00216593	0.00155549	0.00122144	0.000872521	0.000632596	0.000421229	0.000310343	0.000206467	0.000134576	7.75387e-005	4.29832e-005	2.06951e-005	9.0377e-006	4.04181e-006	2.0143e-006	1.49719e-006	6.19912e-007	3.18787e-007	1.8411e-007	1.1193e-007	4.15049e-008	1.86407e-008	9.72942e-009	3.74733e-009	1.48644e-009	5.80776e-010	2.07484e-010	4.80666e-011	2.66168e-011	7.92593e-012	3.08739e-012	1.01737e-012	3.08142e-013	9.13467e-014	3.14289e-014	7.59333e-015	0	0	0	0	0	0	0	0	2.52911e-015	4.82688e-014	4.21245e-014	9.81508e-015	1.47721e-014	1.57866e-014	9.98419e-015	1.15708e-014	1.25585e-014	1.33443e-014	1.52758e-014	8.20364e-015	5.59238e-015	5.33042e-015	2.17407e-015	0	5.43868e-015	6.87411e-015	3.00769e-015	2.61897e-015	0	0	2.19136e-015	2.35796e-015	2.38802e-015	

61	0.123	16	0	task-3:0.316	task-0:0.214	task-1:0.298	task-2:0.39	|	0.0753821	0.0998843	0.0992576	0.0847771	0.0601085	0.0528668	0.0453546	0.0411877	0.0339797	0.0249535	0.0180103	0.0146085	0.0146015	0.0160242	0.0161769	0.016276	0.0167155	0.0170003	0.0181291	0.0239632	0.0271015	0.0286302	0.0294718	0.029844	0.0299327	0.0332721	0.0397809	0.0400079	0.040386	0.040386	0.0400609	0.0400342	0.0409975	0.0488335	0.0484328	0.0557873	0.0550008	0.0545626	0.0548269	0.0548269	0.0545847	0.0545848	0.0545848	0.0545455	0.054602	0.054602	0.0545595	0.0545461	0.0545461	0.0545477	0.0545477	0.0545456	0.0545465	0.0545465	0.0545456	0.0545457	0.0545457	0.0545455	0.0545456	0.0545456	0.0545455	

96	0.197	16	0	task-3:0.092	task-0:0.034	task-1:0.098	task-2:0.078	|	0.0541799	0.0498729	0.106626	0.0383504	0.033576	0.0897213	0.0690356	0.0489318	0.0505921	0.0452031	0.037257	0.0275743	0.0184919	0.010625	0.00728844	0.00638514	0.00515945	0.00539358	0.00509479	0.00579125	0.00593262	0.00593771	0.005077	0.00504443	0.00457647	0.00357582	0.00307668	0.00248466	0.00195277	0.00157499	0.00129169	0.00107606	0.000957693	0.000849258	0.000790074	0.000621626	0.000465772	0.000324184	0.00018116	0.000111064	8.76598e-005	5.34613e-005	3.38796e-005	2.95074e-005	1.30481e-005	6.36043e-006	3.55112e-006	1.61802e-006	5.81567e-007	1.74536e-007	3.9557e-008	6.13564e-009	6.72283e-010	1.58239e-010	1.65157e-011	4.9469e-012	4.35142e-012	9.35057e-013	5.34992e-014	4.4988e-015	0	0	0	2.30612e-015	0	0	0	0	0	0	0	0	0	0	0	0	0	0	2.22106e-015	0	0	0	0	0	0	0	0	0	0	0	0	0	0	0	0	0	

62	0.123	16	0	task-3:0.364	task-0:0.136	task-1:0.11	task-2:0.35	|	0.0636571	0.0996255	0.0976204	0.0767984	0.0497908	0.0521021	0.0496114	0.046073	0.0396591	0.0307253	0.0203722	0.0117132	0.00991619	0.0063443	0.00498676	0.00348591	0.0035358	0.0028524	0.00285711	0.00474124	0.00333833	0.00368222	0.00317778	0.00201356	0.00201288	0.00659296	0.00478094	0.00170235	0.00142192	0.001404	0.0011429	0.00103307	0.000805165	0.000698826	0.000635579	0.000722357	0.000667813	0.000542763	0.000490025	0.000467201	0.000471006	0.000347121	0.000252708	0.000220644	0.000190461	7.49497e-005	1.62196e-005	3.13614e-006	2.50386e-007	1.29746e-007	2.91599e-006	2.74609e-006	1.93504e-006	1.53266e-006	1.34822e-006	9.62095e-007	5.88911e-007	3.00556e-007	2.45428e-007	1.3798e-007	6.27723e-008	2.85016e-008	

63	0.127	16	0	task-3:0.248	task-0:0.28	task-1:0.218	task-2:0.33	|	0.0628745	0.0998697	0.0991727	0.0781315	0.0474972	0.0581943	0.0445782	0.039044	0.0409486	0.0367453	0.0304208	0.0282517	0.0269537	0.0243754	0.0239458	0.0273251	0.0320805	0.0360066	0.0400814	0.0422125	0.0353654	0.0354895	0.0368888	0.0393336	0.0475639	0.039128	0.0527466	0.0525283	0.0522282	0.0455954	0.0524947	0.0502507	0.0445799	0.0744829	0.0772653	0.0757346	0.0463918	0.0437218	0.0509867	0.0510716	0.0397615	0.0419728	0.0423319	0.0395165	0.0383635	0.0378561	0.0369192	0.0369679	0.0368616	0.0365015	0.0363073	0.0362406	0.0361304	0.0359548	0.0358303	0.0358382	0.0357749	0.035812	0.0358136	0.0358278	0.0358771	0.0356305	0.0355568	

111	0.224	16	0	task-3:0.066	task-0:0.12	task-1:0.066	task-2:0.07	|	0.0656142	0.116145	0.110343	0.0518294	0.0721968	0.0683195	0.0528926	0.0475832	0.0452606	0.0403675	0.0340436	0.0253966	0.0180749	0.0118498	0.00941199	0.00626108	0.00509988	0.00565346	0.00360042	0.00284589	0.00256126	0.00204572	0.00144248	0.000847262	0.000398219	0.000238102	0.000202609	0.000100884	0.00011023	6.30613e-005	5.64382e-005	4.94846e-005	3.50312e-005	2.07551e-005	1.14903e-005	7.47055e-006	4.97605e-006	2.81595e-006	3.14501e-006	1.48046e-006	1.17521e-006	1.10584e-006	8.80291e-007	9.54865e-007	9.31594e-007	7.92703e-007	6.58774e-007	5.6602e-007	4.93329e-007	4.28633e-007	3.1214e-007	2.35213e-007	1.72047e-007	1.50804e-007	1.20634e-007	1.0126e-007	8.91063e-008	6.3487e-008	5.40324e-008	4.2957e-008	3.59342e-008	3.10726e-008	2.17009e-008	1.99714e-008	1.47121e-008	1.23348e-008	9.17067e-009	5.5598e-009	2.91971e-009	1.35304e-009	6.65678e-010	2.71025e-010	8.87443e-011	2.65095e-011	1.91912e-011	1.10241e-011	5.40625e-012	2.07606e-012	2.32484e-012	8.60136e-013	4.70328e-013	2.70003e-013	1.24963e-013	5.6079e-014	5.85522e-014	1.5365e-014	1.84772e-014	1.56905e-014	6.50241e-015	0	0	0	0	0	0	0	0	0	0	0	0	0	0	0	0	0	0	0	0	0	0	

58	0.115	16	0	task-3:0.444	task-0:0.208	task-1:0.17	task-2:0.05	|	0.0554231	0.0999066	0.0995235	0.0845575	0.0406358	0.0385218	0.0229993	0.0135881	0.0120051	0.0136521	0.0141747	0.014283	0.0138514	0.0137089	0.0108185	0.0112143	0.00570544	0.00491995	0.00212041	0.00183667	0.00251772	0.00350622	0.00347402	0.00453522	0.00438269	0.004629	0.00533493	0.00583923	0.00630172	0.00678662	0.0070868	0.00722578	0.00626323	0.00571545	0.00466052	0.00367392	0.00277882	0.00181262	0.00116425	0.000705321	0.000390365	0.000180952	8.08383e-005	2.3661e-005	8.23606e-006	2.79991e-006	7.70557e-007	1.37869e-007	2.1143e-008	2.67647e-009	3.44899e-010	6.36181e-011	6.89379e-012	1.47095e-012	2.72856e-013	3.76618e-014	0	2.1273e-015	

65	0.13	16	0	task-3:0.248	task-0:0.2	task-1:0.294	task-2:0.23	|	0.0595445	0.118432	0.115945	0.0872847	0.060861	0.0614246	0.055743	0.0523746	0.0477804	0.0423895	0.0418671	0.0382213	0.0352426	0.0330208	0.0313678	0.0304603	0.0307721	0.0315733	0.033479	0.0360726	0.0328766	0.031338	0.0334805	0.0332533	0.0398447	0.0501567	0.0511992	0.0525701	0.0540187	0.0555557	0.057143	0.0586997	0.0601123	0.0612546	0.0620354	0.0610778	0.0605083	0.0601696	0.059042	0.0591164	0.0511053	0.049109	0.0497042	0.0495919	0.049336	0.0400881	0.0399905	0.0399404	0.0399086	0.0398377	0.0398013	0.0397907	0.0393857	0.0393267	0.0397178	0.0397089	0.0397131	0.0396684	0.0309375	0.031921	0.0397154	0.0397863	0.0397623	0.054752	0.0519697	

75	0.149	16	0	task-3:0.178	task-0:0.078	task-1:0.07	task-2:0.116	|	0.0689448	0.118976	0.113513	0.0576651	0.0755499	0.0683738	0.0547706	0.0526216	0.0522613	0.0486033	0.0460786	0.0450852	0.0374777	0.025686	0.0154785	0.0118125	0.0047131	0.00265094	0.00129509	0.000418573	0.000109229	0.000732898	2.46558e-005	2.81415e-005	5.33708e-005	3.51972e-005	8.924e-005	9.89424e-005	0.000158729	0.000179157	9.08131e-005	0.00021955	0.000743822	0.000166848	0.000139671	0.000557861	0.000231277	4.90662e-005	2.70648e-005	0.000117084	0.000119786	4.27435e-005	0.000126218	0.000741184	0.00120593	0.000470721	0.000184147	7.61522e-005	3.98179e-005	3.01176e-005	2.84144e-005	3.80933e-005	6.92856e-005	1.52784e-005	9.01372e-006	7.62586e-006	3.30239e-006	7.66595e-007	2.7823e-007	8.42224e-008	9.18772e-008	0.000364918	2.88995e-006	1.47066e-010	1.79079e-011	4.8984e-012	3.43794e-012	4.05305e-012	1.39719e-010	6.58384e-012	2.1509e-009	5.05587e-011	5.4055e-012	3.48371e-012	2.75478e-014	

67	0.134	16	0	task-3:0.104	task-0:0.364	task-1:0.386	task-2:0.104	|	0.0868842	0.0992896	0.0964602	0.0616328	0.0706269	0.0625077	0.0568056	0.0542053	0.0560855	0.0568633	0.0559026	0.0550971	0.0542933	0.0523856	0.0504211	0.0495428	0.049184	0.048251	0.0450305	0.0421403	0.0425938	0.0437647	0.0444061	0.0448674	0.0450653	0.0456458	0.0464007	0.0472595	0.048251	0.0493258	0.0495709	0.0501263	0.0506849	0.0512061	0.0516349	0.0410699	0.0305903	0.0340052	0.0371008	0.0425238	0.0416057	0.0383232	0.0382978	0.0350127	0.0565191	0.0540418	0.0366228	0.0367971	0.0332249	0.0615224	0.0593743	0.0463434	0.042113	0.0420251	0.04199	0.0418588	0.0418343	0.0302663	0.0184869	0.0188272	0.0300124	0.0299902	0.0274811	0.0267299	0.0393479	0.0454512	0.0443319	

74	0.151	16	0	task-3:0.024	task-0:0.046	task-1:0.04	task-2:0.054	|	0.0612983	0.119952	0.119878	0.113132	0.0687365	0.0653173	0.0597065	0.0405365	0.0366672	0.0269264	0.0181862	0.0122503	0.00995503	0.00693046	0.00491729	0.00349268	0.0031073	0.0029959	0.00213678	0.0017175	0.00135846	0.0010858	0.000422469	0.000174332	5.42724e-005	1.20957e-005	2.1639e-006	4.07155e-007	3.63722e-007	6.89506e-008	3.23273e-008	7.08186e-009	1.62756e-009	5.17212e-010	2.19302e-010	7.612e-011	4.27307e-011	1.41164e-011	5.96642e-012	2.6333e-012	2.72287e-012	1.05308e-012	9.82325e-013	2.93658e-012	6.96077e-013	4.51894e-013	4.28937e-013	2.49622e-013	1.70823e-013	1.23433e-013	8.13708e-014	4.60728e-014	2.22637e-014	8.29467e-015	6.22238e-015	3.52102e-015	3.50309e-015	3.34953e-015	3.92674e-015	3.76861e-015	4.18882e-015	4.08529e-015	4.05078e-015	2.6409e-015	2.4839e-015	5.95753e-015	6.79478e-015	1.0016e-014	7.73855e-015	9.48351e-015	9.38202e-015	9.34952e-015	9.3125e-015	7.73839e-015	

103	0.207	16	0	task-3:0.026	task-0:0.05	task-1:0.062	task-2:0.028	|	0.0595976	0.0999012	0.0994692	0.0862182	0.0480991	0.0510297	0.0443874	0.0487475	0.0449631	0.0424967	0.0365109	0.0348746	0.0370219	0.0369317	0.0367514	0.0364229	0.0364914	0.0355978	0.0341033	0.0223477	0.0182537	0.0224613	0.019372	0.0129345	0.0105749	0.00828536	0.00506178	0.00395309	0.00449277	0.00384528	0.00300153	0.00370643	0.004302	0.0035976	0.00351033	0.00341876	0.00342228	0.00315103	0.00281321	0.00265178	0.00242717	0.0022548	0.00200104	0.00174945	0.00148752	0.00125031	0.00100272	0.000768613	0.000520442	0.000321988	0.000183424	0.000102383	5.17982e-005	6.62712e-005	1.61436e-005	6.43632e-005	4.20663e-005	2.09645e-005	1.12389e-005	1.12137e-005	7.55404e-006	7.47051e-006	8.96081e-006	5.44081e-006	3.69392e-006	3.27795e-006	2.72041e-006	1.94647e-006	1.78137e-006	1.40979e-006	1.40091e-006	1.29051e-006	7.91524e-007	5.55664e-007	3.26356e-007	2.28794e-007	1.66456e-007	9.15182e-008	6.16873e-007	4.00226e-007	1.45438e-008	9.24034e-009	3.34528e-008	1.21019e-008	3.27722e-009	2.69715e-009	1.88416e-009	2.24556e-009	2.15503e-009	1.51536e-009	1.15756e-009	8.16461e-010	5.34285e-010	3.28386e-010	1.87802e-010	1.02129e-010	1.03082e-010	8.42389e-011	4.50486e-011	2.63983e-011	1.42037e-011	7.24222e-012	3.53417e-012	

81	0.164	16	0	task-3:0.036	task-0:0.074	task-1:0.064	task-2:0.04	|	0.0870536	0.119763	0.119702	0.0963032	0.0847513	0.0789705	0.055421	0.0550186	0.0494572	0.0430101	0.0374924	0.0301511	0.0239194	0.0175423	0.012158	0.00688417	0.00338268	0.00163135	0.00074749	0.000315698	0.000152095	7.13555e-005	2.19564e-005	1.12714e-005	3.95386e-006	2.53838e-006	1.19749e-006	3.48934e-007	1.49818e-007	6.49869e-008	3.49347e-008	2.01857e-008	7.28718e-009	2.12674e-009	5.95381e-010	1.15806e-010	2.42549e-011	3.18409e-012	4.28095e-013	6.4733e-014	2.27892e-014	2.84405e-015	1.63196e-014	2.05172e-014	2.98707e-015	0	0	0	0	0	0	0	0	0	0	0	0	0	1.88316e-015	0	0	0	0	0	0	0	0	0	0	0	0	0	0	0	0	0	0	0	0	0	0	

146	0.293	16	0	task-3:0.034	task-0:0.164	task-1:0.092	task-2:0.046	|	0.0599533	0.119905	0.119319	0.0806752	0.0576219	0.0575035	0.0502755	0.0495793	0.0477877	0.0458035	0.0455648	0.0456238	0.0442985	0.0422375	0.0379155	0.0338816	0.0325389	0.0320496	0.0280866	0.0212652	0.0117688	0.0125534	0.00766847	0.00841067	0.00696476	0.00730347	0.00658193	0.00592585	0.00590202	0.00592343	0.00456079	0.00411935	0.00362554	0.0038139	0.00397334	0.00366812	0.00342113	0.00316286	0.0028332	0.00246826	0.00202922	0.00160566	0.00120537	0.000884235	0.000812048	0.000871833	0.00073793	0.000650374	0.000577174	0.000528453	0.0206841	0.0204672	0.000303784	0.000228582	0.000251149	0.000242835	0.000157858	0.00011177	7.88456e-005	5.44234e-005	3.60853e-005	2.5743e-005	2.3347e-005	1.84372e-005	1.37357e-005	9.05781e-006	5.72456e-006	3.31856e-006	1.75643e-006	7.79077e-007	2.65091e-007	6.05503e-008	1.14642e-008	2.13056e-009	1.98855e-010	1.26845e-010	1.10122e-008	4.01751e-007	1.89328e-007	4.78475e-007	2.49826e-007	1.9524e-007	7.76406e-008	4.24265e-008	2.51359e-008	2.40764e-008	3.00007e-008	2.89391e-008	2.34354e-008	2.20041e-008	2.29353e-008	1.96954e-008	3.00723e-008	1.08095e-008	7.81629e-009	6.45709e-009	4.67722e-009	6.72884e-009	1.34125e-008	8.60679e-009	3.72111e-009	2.77161e-009	2.65065e-009	2.45117e-009	2.14638e-009	1.71868e-009	1.41913e-009	1.21915e-009	1.11482e-009	1.0229e-009	8.89823e-010	7.33669e-010	6.16166e-010	4.84492e-010	3.65508e-010	2.70398e-010	1.94728e-010	1.36152e-010	6.82411e-011	4.48714e-011	3.08765e-011	2.03269e-011	1.22754e-011	6.91097e-012	3.69808e-012	2.90551e-012	3.27272e-012	1.80509e-012	7.77484e-013	8.65405e-013	5.92043e-013	3.87374e-013	2.94499e-013	2.11876e-013	1.6554e-013	1.29391e-013	7.61652e-014	5.09095e-014	3.49159e-014	2.17999e-014	1.35899e-014	8.89085e-015	5.079e-015	2.73857e-015	1.37968e-014	3.93244e-014	

69	0.14	16	0	task-3:0.014	task-0:0.166	task-1:0.044	task-2:0.04	|	0.0621752	0.119838	0.119134	0.0928324	0.0562842	0.0738326	0.0669756	0.0369894	0.0522014	0.0547404	0.0414604	0.0277421	0.0245859	0.0210947	0.021922	0.0217057	0.0180718	0.0144304	0.0111481	0.00802919	0.0053252	0.00351774	0.00214095	0.00119555	0.000611723	0.000289146	0.00011952	4.29755e-005	1.33723e-005	3.7154e-006	9.78256e-007	1.83572e-006	1.99475e-007	1.30583e-007	6.42815e-008	3.01935e-008	1.33669e-008	7.71012e-009	1.80824e-009	5.87964e-010	3.28716e-010	4.36661e-011	1.53256e-011	5.0178e-012	1.32252e-012	2.98719e-013	5.45896e-014	7.77321e-015	0	1.19848e-014	2.93513e-014	1.74e-014	2.22685e-013	2.06673e-012	1.98829e-012	1.27047e-012	3.99107e-013	5.03634e-014	4.25665e-014	1.39126e-014	8.37425e-015	5.82106e-015	6.4827e-015	5.16228e-015	5.60688e-015	5.48512e-015	4.93911e-015	2.37668e-015	2.42094e-015	

85	0.17	16	0	task-3:0.024	task-0:0.118	task-1:0.056	task-2:0.03	|	0.0771169	0.0999806	0.0999153	0.0908552	0.0687938	0.0608938	0.0489512	0.0491223	0.0544333	0.0561709	0.0527153	0.0510168	0.0498707	0.0462627	0.0396002	0.0311851	0.0234861	0.0152861	0.0113393	0.00796255	0.00509061	0.00301222	0.00194517	0.00108724	0.000571161	0.000300121	0.00016907	8.57723e-005	3.13389e-005	9.16412e-006	3.12934e-006	4.58524e-007	3.21178e-008	2.22869e-009	2.40569e-010	7.01614e-011	8.06477e-012	1.31852e-012	2.93149e-013	8.3511e-014	1.29942e-013	1.6944e-014	5.91368e-015	0	0	1.14438e-014	0	5.17138e-015	3.04215e-015	1.96997e-014	3.58557e-015	8.42329e-015	3.75044e-015	3.62258e-015	5.83095e-015	3.77938e-015	0.04	0.04	5.18598e-011	6.10264e-012	0.0351349	0.0089316	2.03016e-012	3.13915e-012	1.81451e-012	1.0063e-012	4.00116e-013	6.33029e-013	9.60148e-012	8.04472e-012	1.84894e-011	1.17319e-011	8.11313e-013	1.61509e-012	1.19167e-012	6.98129e-013	8.74402e-007	0.000342507	1.79681e-010	1.47872e-012	1.5706e-012	1.47571e-012	1.63024e-012	1.67655e-012	1.69603e-012	

73	0.145	16	0	task-3:0.124	task-0:0.088	task-1:0.212	task-2:0.144	|	0.0533573	0.0966105	0.0779036	0.0625155	0.0564574	0.0390777	0.0314994	0.0233859	0.0171794	0.0135074	0.0110991	0.0102687	0.0072018	0.00749584	0.00596803	0.00362762	0.00261255	0.00168504	0.00104267	0.000643447	0.000400841	0.000258477	0.000156583	9.33805e-005	4.88239e-005	2.32827e-005	1.15559e-005	1.14002e-005	1.97379e-006	3.18203e-007	4.66983e-008	5.81085e-009	5.74479e-010	4.37297e-011	1.39982e-012	1.84177e-014	0.02	0.000316501	0.0200006	0.02	0.02	0.04	0.0200001	0.00440674	0.00440672	3.30673e-010	0.013453	4.91974e-007	3.00694e-005	0.0153088	1.60733e-005	6.54126e-007	5.72666e-008	5.87612e-005	0.0179446	0.00156514	0.0168335	0.0168335	0.000838858	0.00504905	0.00504905	7.63505e-005	0.000385341	0.000198649	0.000201804	0.000688677	0.000292236	0.000205068	0.000190632	0.0202466	0.0203959	0.0222262	0.0221872	

57	0.116	16	0	task-3:0.216	task-0:0.09	task-1:0.504	task-2:0.22	|	0.0678343	0.0909904	0.0711532	0.0759284	0.038455	0.0384335	0.0204253	0.0163318	0.0181538	0.0119444	0.0104262	0.0115473	0.0127023	0.0106878	0.0108128	0.0088795	0.00734691	0.00598089	0.00422042	0.00306613	0.00248739	0.00163171	0.00104714	0.000867177	0.000550114	0.000334551	0.000184592	0.000115984	5.83576e-005	2.8452e-005	1.3611e-005	5.29396e-006	1.69381e-006	4.69782e-007	1.35262e-007	2.73686e-008	5.12248e-009	1.0246e-009	3.55926e-010	7.32114e-010	5.03797e-011	1.95135e-011	5.63999e-012	4.94743e-012	2.46893e-012	1.68569e-012	1.73979e-012	7.99372e-013	4.62511e-013	2.54139e-013	1.25842e-013	5.05929e-014	1.85944e-014	5.36667e-015	0	0	0	

99	0.202	16	0	task-3:0.028	task-0:0.134	task-1:0.144	task-2:0.036	|	0.0653667	0.0999538	0.0994438	0.0824535	0.049675	0.0617335	0.0607407	0.0468749	0.0325764	0.0372146	0.0324584	0.0285349	0.0256043	0.0244453	0.0265482	0.026766	0.0242511	0.024419	0.0165121	0.0227414	0.0312658	0.0146525	0.00902153	0.00896306	0.00497886	0.000444899	0.00022658	0.000644992	0.00211867	0.00133388	0.000224647	0.000103209	0.000125196	0.000158339	7.55938e-005	1.86645e-005	3.19464e-006	5.23213e-007	1.22636e-007	2.80466e-008	1.0282e-008	2.35901e-009	4.0998e-010	4.90075e-011	8.93771e-012	6.22662e-013	5.06278e-014	2.67107e-014	0	0	0	0	0	0	0	0	0	0	0	0	0	0	0	0	0	0	0	0	0	0	0	0	0	0	0	0	0	0	0	0	0	0	0	0	0	0	0	0	0	0	0	0	0	0	0	0	0	0	0	

76	0.154	16	0	task-3:0.022	task-0:0.032	task-1:0.036	task-2:0.038	|	0.0690953	0.0999903	0.0999641	0.0954053	0.0574126	0.0597092	0.0520107	0.0512695	0.0459515	0.041915	0.0402998	0.0306359	0.0109145	0.00750255	0.00750995	0.00763633	0.00240593	0.00220395	0.0018378	0.00160991	0.00127795	0.000594457	0.000226276	0.000950102	0.000567555	0.0006028	0.000210393	0.000124435	9.60493e-005	5.98508e-005	4.21199e-005	2.22154e-005	2.14782e-005	1.12568e-005	6.10481e-006	3.11178e-006	1.51225e-006	6.66056e-007	2.44221e-007	7.92636e-008	3.44888e-008	1.17152e-008	3.28351e-009	6.88301e-010	2.30064e-010	4.55963e-011	1.58249e-011	7.92546e-012	2.24262e-012	5.88073e-013	1.23947e-013	3.11136e-014	3.44405e-015	3.89565e-015	0	2.34605e-015	0	0	0	0	0	0	2.15125e-015	0	0	0	0	0	0	0	0	0	0	0	0	0	

182	0.36	16	0	task-3:0.102	task-0:0.094	task-1:0.016	task-2:0.092	|	0.0565362	0.0997069	0.0978487	0.0589987	0.0359747	0.0386477	0.0291017	0.0296807	0.0339351	0.0345252	0.0328107	0.0300613	0.0271292	0.0232401	0.0189752	0.0195719	0.0167475	0.0153675	0.0110073	0.015423	0.0186181	0.0139473	0.0132581	0.0131198	0.0114252	0.0117742	0.0117103	0.0108989	0.0101007	0.0094139	0.00857016	0.00751753	0.00630612	0.00507366	0.00404292	0.00342289	0.00301398	0.00274928	0.00274952	0.00280054	0.00313241	0.00367611	0.00409	0.00471782	0.00528157	0.00572752	0.00601564	0.00618256	0.00599581	0.00577791	0.0053948	0.00495133	0.00456391	0.0041349	0.00396305	0.00368648	0.00348776	0.0031676	0.00300386	0.00268402	0.00208386	0.00174543	0.00158117	0.00133189	0.00116767	9.40685e-006	2.03938e-006	1.95554e-006	1.12191e-007	7.16601e-009	1.72616e-010	2.59002e-012	3.10452e-014	0	0	0	0	0	0	0	0	0	0.02	0.02	0	0	0	0	0.02	0.02	0	0	0	0.0199996	0	0	0	0	0	0	0	0	0	0	0	0	0	0	0	0	0	0	0	0	0	0	0	0	0	0	0	0	0	0	0	0	0	0	3.05622e-011	0.0400457	0.04	7.71114e-005	0	0	0	0	0	0	0	0	2.03813e-015	6.04867e-005	5.70619e-005	0	0	0	0	0	0	0	0	0	0	0	0	0	0	0	0	0	0	0	0	0	0	0	0	0	0	0	0	0	0	0	0	0	0	0	0	0	0	0	

76	0.152	16	0	task-3:0.05	task-0:0.2	task-1:0.11	task-2:0.03	|	0.0736086	0.0993762	0.0957835	0.0504412	0.0630135	0.0465565	0.0333135	0.0282332	0.0296648	0.0258302	0.0237044	0.0224052	0.0222387	0.024501	0.0257086	0.0227942	0.015733	0.00389437	0.00191783	0.00986313	0.00686865	0.0037417	0.00375166	0.00280729	0.00259393	0.00251509	0.00239809	0.00197741	0.00125137	0.000903906	0.000895929	0.00148254	0.00302966	0.00575635	0.00905402	0.0120792	0.0139381	0.0147869	0.0150316	0.0150833	0.015181	0.0150893	0.0150124	0.0148474	0.0315238	0.0405591	0.0437948	0.043836	0.0438513	0.0443267	0.0497151	0.0515423	0.0510854	0.0446506	0.0374894	0.034401	0.0324189	0.0309533	0.0270808	0.0255003	0.0227506	0.0195993	0.0181632	0.0172083	0.0176419	0.0175798	0.0171937	0.0119895	0.0166746	0.0158191	0.0102236	0.0092322	0.00810141	0.00681762	0.0056176	0.00446115	

67	0.137	16	0	task-3:0.038	task-0:0.174	task-1:0.08	task-2:0.02	|	0.100176	0.0998257	0.0994656	0.0755152	0.0657053	0.0483593	0.0337431	0.0331437	0.0316728	0.025306	0.0198154	0.016446	0.0122826	0.00861664	0.00573176	0.00396686	0.00311827	0.00229703	0.00171454	0.00133291	0.000944014	0.00075392	0.000445465	0.000226675	0.00011538	0.000100803	4.66643e-005	7.22594e-005	5.78681e-005	2.39656e-005	3.02673e-005	3.23879e-005	4.31006e-005	6.14243e-005	5.21963e-005	4.67216e-005	4.92804e-005	4.31739e-005	3.77671e-005	3.43586e-005	3.17623e-005	2.98233e-005	2.45347e-005	2.04439e-005	1.71822e-005	1.49373e-005	1.27644e-005	1.02503e-005	8.13631e-006	6.2619e-006	4.58837e-006	3.17425e-006	2.24484e-006	1.4638e-006	1.29558e-006	6.62767e-007	4.58341e-007	3.53031e-007	2.72371e-007	2.32931e-007	1.1635e-007	8.40537e-008	6.2893e-008	4.94589e-008	3.77261e-008	3.06682e-008	1.366e-008	

60	0.12	16	0	task-3:0.506	task-0:0.422	task-1:0.504	task-2:0.426	|	0.0649443	0.096833	0.0845172	0.0473008	0.0512462	0.0478253	0.0506863	0.0538705	0.0541934	0.0536415	0.0537112	0.0536379	0.0531868	0.0528438	0.052139	0.0514739	0.050592	0.0492948	0.0479112	0.0470568	0.0482866	0.0487592	0.0493478	0.0502566	0.0514788	0.0527007	0.0536416	0.0545103	0.0545711	0.0545475	0.0545567	0.0545567	0.0545463	0.0545494	0.0545494	0.0545457	0.0545469	0.0545469	0.0545456	0.054546	0.054546	0.0545455	0.0545457	0.0545457	0.0545455	0.0545455	0.0545455	0.0545455	0.0545455	0.0545455	0.0545455	0.0545455	0.0545455	0.0545455	0.0545455	0.0545455	0.0545455	0.0545455	0.0545455	0.0545455	

64	0.128	16	0	task-3:0.066	task-0:0.046	task-1:0.048	task-2:0.052	|	0.108253	0.0988743	0.0965815	0.0506189	0.0458455	0.0235624	0.0126558	0.00651209	0.00747766	0.00265087	0.00613423	0.0075808	0.00102088	0.000499697	0.000338009	0.000144746	0.000155597	0.000138726	3.17786e-005	1.58426e-005	1.06558e-005	9.48172e-006	6.79491e-006	1.14186e-006	4.05983e-007	1.96703e-007	7.61364e-008	2.33903e-008	5.91702e-009	1.22005e-009	2.01552e-010	4.78322e-011	3.97934e-012	2.52167e-013	1.31443e-014	2.07331e-015	0	2.07838e-014	0	0	0	0	0	0	0	0	0	0	0	2.74322e-015	0	0	0	0	0	0	0	0	0	0	0	0	0	0	

60	0.121	16	0	task-3:0.162	task-0:0.276	task-1:0.202	task-2:0.132	|	0.0583912	0.119084	0.113502	0.0763458	0.0500558	0.0490095	0.0428982	0.0379584	0.0322167	0.0267548	0.022258	0.0216843	0.0239896	0.0243285	0.0240985	0.0241913	0.024386	0.025333	0.0278566	0.0311279	0.0337251	0.0353577	0.0364438	0.0373147	0.0381668	0.0389165	0.0395034	0.0398152	0.0399161	0.0395402	0.0370983	0.031295	0.031164	0.031017	0.0308552	0.0306815	0.0305015	0.0303248	0.030164	0.030048	0.03	0.0299393	0.0182164	0.0179978	0.0177753	0.0175605	0.0173699	0.0172244	0.0171484	0.0171665	0.032233	0.0316955	0.0265278	0.0172224	0.0304826	0.0306552	0.0303813	0.0291392	0.017881	0.0301599	

64	0.13	16	0	task-3:0.256	task-0:0.248	task-1:0.122	task-2:0.222	|	0.058966	0.0997337	0.0991521	0.0863731	0.0539491	0.0488747	0.0447374	0.0412336	0.0369281	0.0249235	0.0150091	0.011634	0.0162856	0.0148565	0.010821	0.00848978	0.00710788	0.00601551	0.00526501	0.00448018	0.00414982	0.00443168	0.00521288	0.00645271	0.00827617	0.0104617	0.0126238	0.0145168	0.015885	0.0166257	0.027465	0.031619	0.0316885	0.0314158	0.0310842	0.0307247	0.0309933	0.0402575	0.0408593	0.0401518	0.032597	0.0401318	0.0400003	0.0400003	0.0400315	0.0400315	0.0487374	0.0574683	0.057287	0.0485555	0.0484494	0.0472175	0.0479026	0.0481137	0.048031	0.0480004	0.055141	0.0550144	0.0548588	0.0547126	0.0545968	0.0545455	0.0546129	0.0546129	

69	0.139	16	0	task-3:0.06	task-0:0.086	task-1:0.042	task-2:0.04	|	0.068673	0.119962	0.119891	0.107883	0.0545944	0.0802332	0.0750722	0.0493938	0.0369607	0.0315563	0.022981	0.0181908	0.0108956	0.0087341	0.00764005	0.00910195	0.0087105	0.00599554	0.00528408	0.00445581	0.00382246	0.0036071	0.00236415	0.00161881	0.00112893	0.000855129	0.000663316	0.000423108	0.00023668	0.000123591	6.01081e-005	2.46592e-005	9.57412e-006	4.27855e-006	6.9426e-007	2.17927e-007	6.82029e-008	3.38559e-008	1.2748e-008	7.44883e-008	3.18683e-008	1.25577e-008	9.84081e-009	7.34529e-009	5.37581e-009	4.4769e-009	4.05028e-009	2.26413e-009	1.5202e-009	1.03352e-009	4.86089e-010	2.64916e-010	1.49382e-010	8.85014e-011	4.32914e-011	1.78845e-011	8.41567e-012	4.58569e-012	1.43485e-012	1.21269e-012	3.58518e-013	1.44038e-013	5.23688e-014	1.87647e-014	6.18495e-015	2.5013e-015	0	0	0	

62	0.126	16	0	task-3:0.258	task-0:0.302	task-1:0.196	task-2:0.25	|	0.0772448	0.11906	0.112397	0.054242	0.0770386	0.0701025	0.0584552	0.0523605	0.0555717	0.053434	0.0435232	0.0323288	0.0223286	0.0231683	0.0196165	0.018608	0.0179181	0.0170421	0.0193863	0.0237973	0.030839	0.0362256	0.0382783	0.03867	0.0395212	0.0676238	0.060141	0.0428676	0.0436264	0.0447271	0.0418959	0.038513	0.0364445	0.0335386	0.0280265	0.0227682	0.0203552	0.0182191	0.0167864	0.0150531	0.010955	0.0094451	0.00893342	0.00767787	0.00697759	0.00606842	0.00420269	0.00524204	0.00508403	0.00387371	0.00370502	0.00360135	0.00348063	0.00392578	0.00370138	0.00295996	0.00282165	0.00308977	0.00293213	0.0024181	0.00252435	0.0216874	

84	0.169	16	0	task-3:0.03	task-0:0.078	task-1:0.046	task-2:0.04	|	0.0886405	0.0996622	0.0978707	0.0637196	0.0590323	0.0506616	0.0340074	0.0255298	0.0225436	0.018603	0.0158101	0.0192607	0.0286967	0.0364184	0.0385275	0.0365689	0.0288892	0.0282766	0.02735	0.0250462	0.0262073	0.0239364	0.0203043	0.0183826	0.017928	0.0188642	0.0181069	0.0153398	0.0115688	0.00803261	0.00512821	0.00351434	0.00233317	0.0013316	0.000728993	0.000409209	0.000226114	0.000157246	0.00010385	7.12202e-005	4.32608e-005	2.49354e-005	1.28696e-005	5.8922e-006	2.39867e-006	8.68604e-007	2.84873e-007	5.11365e-007	2.85111e-007	1.07049e-007	6.58422e-008	4.88427e-008	2.56497e-008	1.56001e-008	7.86439e-009	4.28282e-009	3.3351e-009	1.28102e-009	5.97315e-010	6.17376e-010	1.95357e-010	1.09926e-010	7.20603e-011	3.15326e-011	1.81651e-011	1.35837e-011	5.04384e-012	2.45717e-012	1.19198e-012	5.40576e-013	2.15805e-013	6.79878e-014	3.49857e-014	1.47368e-014	5.40479e-015	5.94298e-015	3.16606e-015	2.62007e-015	3.13632e-015	2.06721e-015	4.4139e-015	5.40551e-015	2.82992e-015	0	

59	0.118	16	0	task-3:0.144	task-0:0.488	task-1:0.496	task-2:0.48	|	0.0549973	0.119893	0.119552	0.102345	0.052619	0.0565972	0.0598306	0.0598109	0.0567817	0.0537727	0.0531826	0.0522252	0.0501705	0.0494676	0.0487041	0.0477312	0.0477367	0.0483947	0.0490229	0.0489649	0.0485622	0.0481979	0.048005	0.0478765	0.0479552	0.0480399	0.047934	0.0478002	0.0570823	0.04025	0.0432566	0.0563371	0.0397085	0.0471288	0.0561814	0.0487908	0.0435203	0.043261	0.0488419	0.0488384	0.0486583	0.0652208	0.065204	0.0483897	0.0485847	0.0479547	0.0779837	0.0779559	0.0435278	0.0481278	0.048163	0.0466242	0.0446267	0.0449207	0.0464143	0.0486277	0.0495381	0.0482016	0.0488848	

63	0.126	16	0	task-3:0.176	task-0:0.274	task-1:0.276	task-2:0.186	|	0.0536294	0.107394	0.0605913	0.0922462	0.0735106	0.0366173	0.0557758	0.0639084	0.0552038	0.0352693	0.0359654	0.0329565	0.0309291	0.0299365	0.0302312	0.0335441	0.0350846	0.036678	0.0384316	0.0414395	0.0441518	0.0472839	0.0503246	0.0555619	0.0601101	0.0635252	0.0654694	0.0659037	0.0647918	0.061998	0.0576922	0.0543264	0.055894	0.0556683	0.0553652	0.0566736	0.0555378	0.054422	0.0513156	0.0506098	0.0498546	0.0492147	0.0486927	0.0483387	0.0481308	0.0480383	0.0480086	0.0480034	0.0480022	0.0480005	0.048	0.048	0.0480001	0.0480001	0.048	0.048	0.048	0.048	0.048	0.048731	0.0551344	0.0551855	0.0551803	

69	0.137	16	0	task-3:0.166	task-0:0.272	task-1:0.214	task-2:0.142	|	0.0621026	0.11968	0.118765	0.0930885	0.0587404	0.0591343	0.0525516	0.0504084	0.0592096	0.062399	0.0530809	0.049215	0.0486507	0.0465331	0.0451657	0.0423836	0.0372985	0.0303785	0.0229502	0.0177462	0.0177725	0.0173342	0.0179824	0.0171205	0.0167265	0.0163413	0.0160416	0.0154141	0.0163019	0.0189859	0.0206088	0.0227356	0.02281	0.0220438	0.0246467	0.0318938	0.0377322	0.0399496	0.0413949	0.0416146	0.0415996	0.0407798	0.0421568	0.0454983	0.0486514	0.0487565	0.0474216	0.0470597	0.0466729	0.0456622	0.0442317	0.0426035	0.0459931	0.0550297	0.0544138	0.0477029	0.0422832	0.0417223	0.0415757	0.0416489	0.0415444	0.0415089	0.0428863	0.0481368	0.0548451	0.0563313	0.0540202	0.0493341	0.049486	

103	0.209	16	0	task-3:0.044	task-0:0.046	task-1:0.016	task-2:0.034	|	0.0448766	0.117427	0.109482	0.0762543	0.0844785	0.0421234	0.100014	0.0951552	0.0461927	0.0399685	0.0373209	0.0263346	0.0228157	0.0165659	0.0119479	0.00820043	0.00585374	0.00351202	0.00267785	0.00177039	0.00111305	0.000587724	0.000308907	0.000153716	9.54595e-005	7.88527e-005	0.000698642	0.000147643	0.0041392	0.000463461	0.000998017	0.000603361	0.000171564	0.000751003	0.000624438	0.000166273	0.000220233	0.000227519	0.000198972	0.000203526	0.000230152	0.000271149	0.00034608	0.000523057	0.000349504	0.000218293	0.000138058	0.000101464	7.18798e-005	3.94027e-005	1.78819e-005	6.81181e-006	1.73246e-006	2.85511e-007	4.93773e-008	6.97623e-009	1.00357e-009	8.07396e-010	7.17961e-010	6.30884e-010	4.36746e-010	3.12965e-010	2.1627e-010	1.49994e-010	9.39657e-011	5.50247e-011	4.15624e-011	2.42985e-011	1.17564e-011	4.92144e-012	1.86308e-012	5.71709e-013	1.32673e-013	2.20356e-014	0	0	1.89001e-015	8.97875e-014	8.66098e-014	8.17877e-015	5.1508e-015	6.03451e-015	0	0	0	2.52548e-015	2.14322e-015	0	0	2.63187e-015	2.48427e-015	2.23651e-015	3.17064e-015	3.17064e-015	2.11106e-015	2.34184e-015	2.34048e-015	2.03025e-015	2.21899e-015	2.2205e-015	1.9201e-015	2.05385e-015	2.11773e-015	

80	0.178	16	0	task-3:0.02	task-0:0.192	task-1:0.024	task-2:0.028	|	0.0668558	0.0999625	0.0998008	0.0891522	0.0531321	0.0565497	0.0463671	0.0410164	0.0336542	0.0294298	0.0255921	0.0229809	0.0197441	0.0200551	0.0192161	0.0175075	0.0166014	0.0153925	0.0145969	0.0121208	0.010141	0.00864663	0.00682022	0.00529466	0.00437297	0.00377219	0.00281535	0.00215077	0.00157366	0.00112578	0.000825674	0.000621252	0.00041969	0.000300043	0.000181644	0.000104758	5.74422e-005	2.76664e-005	1.21703e-005	5.58593e-006	1.76357e-006	6.42988e-007	2.41178e-007	1.05968e-007	5.00139e-008	1.62426e-008	4.95378e-009	3.06147e-009	6.03984e-010	1.15358e-010	2.34898e-011	3.95868e-008	5.60138e-012	2.40351e-012	1.02746e-012	4.03335e-013	1.56498e-013	4.43748e-014	8.47644e-015	1.84429e-014	1.08292e-014	3.02397e-015	3.08993e-015	7.35186e-015	1.08452e-014	1.22695e-014	1.12963e-014	1.11845e-014	1.20271e-014	9.90108e-015	8.6332e-015	7.50165e-015	5.6923e-015	4.40201e-015	2.2115e-015	5.63831e-015	3.0611e-015	1.89528e-015	0	0	

62	0.125	16	0	task-3:0.358	task-0:0.32	task-1:0.274	task-2:0.14	|	0.0507622	0.0918878	0.0957432	0.0998158	0.0789231	0.0724653	0.0643924	0.0554288	0.0571454	0.0571188	0.0500439	0.0364028	0.0306441	0.0299128	0.0292853	0.0264219	0.0218596	0.01953	0.0177081	0.0177419	0.0217214	0.0260114	0.027496	0.0291202	0.0435244	0.04303	0.0424485	0.0404278	0.0350195	0.0344661	0.043995	0.0451049	0.0418363	0.0419929	0.0479255	0.0504729	0.0505927	0.044086	0.0624372	0.062796	0.0413583	0.041577	0.0610665	0.0607744	0.044421	0.0416407	0.0416949	0.0415383	0.0375529	0.0414756	0.0404763	0.0376678	0.0417639	0.0421758	0.0424201	0.0425514	0.0461763	0.047533	0.0469188	0.0467547	0.0464079	0.0456338	

64	0.13	16	0	task-3:0.358	task-0:0.1	task-1:0.334	task-2:0.38	|	0.0577773	0.0759596	0.0912744	0.0542625	0.0399458	0.0235372	0.0272047	0.0275164	0.0225736	0.0201033	0.0174551	0.016046	0.0140817	0.0093392	0.00677112	0.0114143	0.0158919	0.0311508	0.0233463	0.030457	0.0416135	0.0558815	0.0607505	0.0581047	0.053216	0.0512967	0.0481907	0.0416482	0.037217	0.0308469	0.023368	0.0176234	0.013171	0.00930398	0.0065544	0.00500081	0.00380329	0.00292335	0.00236068	0.00115133	0.00092351	0.00077608	0.000551617	0.000306423	0.000158413	7.60314e-005	3.26379e-005	1.25922e-005	4.71519e-006	1.8019e-006	5.03348e-007	3.13533e-007	3.76839e-008	1.0313e-008	7.94915e-010	8.13847e-011	3.04026e-012	7.11669e-014	0	0	0	0	0	0	

84	0.17	16	0	task-3:0.048	task-0:0.206	task-1:0.024	task-2:0.016	|	0.109467	0.0996265	0.0985571	0.0614745	0.0831901	0.0696189	0.0491863	0.0390894	0.0456311	0.039896	0.0245693	0.0209667	0.0174517	0.015497	0.0145129	0.0146662	0.0148684	0.0127617	0.0108183	0.00978021	0.0079406	0.00752781	0.00783525	0.00661928	0.00587285	0.00556694	0.00486267	0.00406129	0.00338883	0.0027022	0.00191708	0.0013573	0.000932349	0.000606457	0.000554404	0.000282678	0.00019933	0.000140224	9.80018e-005	4.18666e-005	3.5334e-005	1.63054e-005	9.05192e-006	4.84569e-006	2.86582e-006	1.47112e-006	6.86346e-007	5.2042e-007	3.24571e-007	2.0845e-007	1.22673e-007	6.81525e-008	2.24112e-008	1.2507e-008	7.53817e-009	4.48461e-009	2.48961e-009	1.36e-009	4.52991e-010	3.78001e-010	1.49064e-010	7.7621e-011	3.54548e-011	1.63511e-011	6.81755e-012	4.20629e-012	2.23497e-012	1.41438e-012	8.28915e-013	7.25794e-013	3.71535e-013	2.20864e-013	1.39709e-013	9.01475e-014	4.52168e-014	3.13026e-014	1.81927e-014	1.16286e-014	6.06243e-015	5.09509e-015	3.48808e-015	0	0	1.89381e-015	

78	0.157	16	0	task-3:0.038	task-0:0.056	task-1:0.072	task-2:0.028	|	0.0540846	0.0466344	0.106171	0.0646737	0.0465659	0.0296686	0.0263738	0.0272347	0.0257255	0.025393	0.028906	0.0283297	0.0251197	0.0258217	0.0244694	0.0211307	0.0179301	0.0162074	0.0143398	0.0122941	0.0100839	0.00803543	0.00594538	0.00424885	0.00357355	0.00246481	0.00184786	0.00117162	0.000686821	0.000402374	0.000204205	0.000118807	5.00716e-005	1.67032e-005	4.79457e-006	1.9755e-006	4.3226e-007	5.54051e-008	5.30971e-009	1.14458e-008	1.27762e-009	2.75474e-010	7.33977e-011	4.00694e-011	5.82709e-011	7.21315e-012	4.03474e-012	2.2872e-012	1.457e-012	6.23135e-013	2.90148e-013	1.03392e-013	6.97978e-014	3.00444e-014	1.43407e-014	7.84667e-015	3.91408e-015	0	5.16349e-014	0	8.71346e-015	2.17214e-015	9.38288e-014	4.33143e-013	1.13156e-013	1.04558e-014	2.48762e-015	2.48102e-015	0	0	0	0	0	0	3.77733e-015	0	0	0	

