36	0.031	0	0	task-3:0.03	task-0:0.065	task-1:0	task-2:0.105	|	0.0267909	0.0263089	0.0251421	0.0237331	0.0222833	0.0211003	0.0191549	0.0164918	0.0160407	0.0148414	0.0141018	0.0133323	0.0127134	0.0124702	0.012158	0.011523	0.0106809	0.0101226	0.00980509	0.00947748	0.00936736	0.00913838	0.00869367	0.00789143	0.00666604	0.00473769	0.00830643	0.00825899	0.00337712	0.00312893	0.00302717	0.00297837	0.00292113	0.00283222	0.00271978	0.00251011	0.00226494	

58	0.109	0	0	task-3:0.005	task-0:0.0275	task-1:0.0275	task-2:0.01	|	0.0271085	0.0263168	0.0242681	0.0218573	0.020484	0.0180582	0.0148096	0.0138565	0.0127947	0.0124564	0.0117969	0.0105997	0.00922805	0.00926834	0.00867139	0.008322	0.00805787	0.00788086	0.0077022	0.00761315	0.00740847	0.00699729	0.00627048	0.0053553	0.00658428	0.00593881	0.00455438	0.00447629	0.00442857	0.00433555	0.00422808	0.00415116	0.00403292	0.00396097	0.00390364	0.00386623	0.00386167	0.00385093	0.00383046	0.00379999	0.00377386	0.00373022	0.00365179	0.00354561	0.00334637	0.0031091	0.00460668	0.00300577	0.00299229	0.00296576	0.00292698	0.00287255	0.0028129	0.00279676	0.00278043	0.0027475	0.00268307	0.00255989	0.00246176	

20	0.031	0	0	task-3:0.0316667	task-0:0.0833333	task-1:0.11	task-2:0.0283333	|	0.0258121	0.0254061	0.0243392	0.0223848	0.0199095	0.0184086	0.0156496	0.0112972	0.00912144	0.00820016	0.00725338	0.00690657	0.00629212	0.00534843	0.0040732	0.00418186	0.00322038	0.00303125	0.00290936	0.00268387	0.00229209	

17	0.047	0	0	task-3:0.5	task-0:0.0375	task-1:0.0125	task-2:0.0425	|	0.0228967	0.022541	0.021589	0.0197925	0.0174044	0.0154289	0.0119082	0.00761406	0.00808641	0.0138861	0.00469943	0.0044118	0.00421581	0.00414243	0.0040028	0.00372829	0.00322599	0.0024121	

66	0.28	0	0	task-3:0.01	task-0:0.045	task-1:0.5	task-2:0.006	|	0.0262934	0.0256983	0.0241563	0.0221756	0.0208158	0.0184908	0.0157933	0.0141342	0.0132664	0.0123111	0.0106675	0.00838358	0.00831858	0.0150594	0.00631691	0.00617306	0.00608315	0.00600702	0.00590997	0.00581575	0.00562685	0.00527797	0.00499433	0.00537767	0.00475967	0.00469014	0.00462022	0.00455932	0.00450626	0.00441207	0.00429404	0.00420263	0.00410681	0.00410359	0.004095	0.00407852	0.00405276	0.00402579	0.00397045	0.00390671	0.00386737	0.00384332	0.00379397	0.00371188	0.00364501	0.00355695	0.00349621	0.00342236	0.00339173	0.00336837	0.0033218	0.00325415	0.00323629	0.00323184	0.00322501	0.00320955	0.00318389	0.00316315	0.00315079	0.00312994	0.00310283	0.00305529	0.00301961	0.00296619	0.0028652	0.00268242	0.00238765	

79	0.343	0	0	task-3:0.0075	task-0:0.0466667	task-1:0.5	task-2:0.00166667	|	0.0237318	0.0233655	0.0224041	0.0209086	0.0190564	0.015922	0.0120961	0.0118516	0.010934	0.0100847	0.00994632	0.00971527	0.00929301	0.00871064	0.00812667	0.00784539	0.00775153	0.00762223	0.00745334	0.00726888	0.00705698	0.00685414	0.00679681	0.00673369	0.0066199	0.00648051	0.00635455	0.00632352	0.00629682	0.00623705	0.00611655	0.00588849	0.00548715	0.00552502	0.00757273	0.00498565	0.00493873	0.00490244	0.00487736	0.00484118	0.00480729	0.00476271	0.00467773	0.00458067	0.00449469	0.00438071	0.00420936	0.00412417	0.00499728	0.00396472	0.00393022	0.0039006	0.00386506	0.00381097	0.00374157	0.00371492	0.00371241	0.00370034	0.00367556	0.00363272	0.00358325	0.00348651	0.00330306	0.00386143	0.00323907	0.00317984	0.00317105	0.00315527	0.00313668	0.00313323	0.00312788	0.00311701	0.00309634	0.00306047	0.00300414	0.0029121	0.00273645	0.00274438	0.00517735	0.00247355	

39	0.172	0	0	task-3:0.5	task-0:0.0335714	task-1:0.406429	task-2:0.366429	|	0.0257121	0.0252431	0.0239574	0.021557	0.0177596	0.0140608	0.0114772	0.0105835	0.0101248	0.00966902	0.00954755	0.00935315	0.00897079	0.00827234	0.00715126	0.00625998	0.0114325	0.00618611	0.00665792	0.00549828	0.00541851	0.00531475	0.00525815	0.00518607	0.00510055	0.00492824	0.00459853	0.00402079	0.00540164	0.00424354	0.00366988	0.00357254	0.0035173	0.00347909	0.00344872	0.0034002	0.0033139	0.00314952	0.00289048	0.00244119	

15	0.078	0	0	task-3:0.37875	task-0:0.1225	task-1:0.04625	task-2:0.505	|	0.0222065	0.0219714	0.0212841	0.0197753	0.016942	0.0125222	0.00856313	0.00792507	0.00710764	0.00627103	0.00554732	0.00527273	0.00475252	0.00386954	0.00261652	0.0020794	

57	0.265	0	0	task-3:0.005	task-0:0.03	task-1:0.02	task-2:0.388333	|	0.0251262	0.0248499	0.0240782	0.0225911	0.0203831	0.0166779	0.0122289	0.0110876	0.0127897	0.00953786	0.00931145	0.008903	0.00836288	0.00787946	0.00757458	0.00740446	0.00715958	0.00675132	0.00637004	0.00617138	0.00613861	0.006116	0.0060623	0.00595706	0.00579592	0.00560292	0.00527393	0.00504466	0.0049828	0.00485178	0.00479835	0.00471931	0.00462135	0.0045316	0.00441798	0.00424749	0.0040589	0.00402989	0.00395718	0.00393351	0.00388924	0.00382274	0.00374882	0.0036117	0.00341277	0.00320991	0.00373793	0.0030944	0.00305895	0.00301089	0.00296816	0.00291248	0.00285175	0.00283008	0.00278976	0.0027091	0.00255319	0.00226737	

23	0.203	0	0	task-3:0.0095	task-0:0.036	task-1:0.5	task-2:0.349	|	0.0249828	0.0247284	0.0240634	0.0228747	0.0214052	0.0204427	0.0184099	0.0148003	0.0110116	0.0164892	0.00938753	0.00865609	0.00862048	0.00853508	0.00835033	0.00799319	0.00737728	0.00652887	0.00520382	0.00360794	0.00259096	0.0152761	0.00612335	0.00217673	

22	0.234	0	0	task-3:0.475	task-0:0.0777273	task-1:0.035	task-2:0.495	|	0.0250708	0.0248797	0.0243229	0.0231116	0.0208297	0.0167843	0.0121656	0.0128828	0.0102454	0.00995792	0.00953948	0.00877417	0.00752893	0.00639594	0.0133427	0.00576222	0.00570544	0.00556753	0.00529703	0.00478671	0.00390895	0.00266228	0.00182977	

39	0.421	0	0	task-3:0.5	task-0:0.0583333	task-1:0.07875	task-2:0.000833333	|	0.025784	0.0252237	0.0238104	0.0221569	0.0209176	0.0186635	0.0153004	0.0126766	0.0124602	0.0111706	0.0107178	0.0100309	0.00933312	0.00872073	0.00831673	0.00804158	0.00797954	0.00793414	0.00784685	0.00771889	0.00762624	0.00750598	0.00728889	0.00700941	0.00675024	0.00661452	0.006344	0.00586212	0.00565959	0.00540627	0.00526462	0.00520943	0.0051498	0.00502143	0.00476141	0.00426358	0.00339458	0.00304077	0.0232382	0.00227648	

33	0.39	0	0	task-3:0.353462	task-0:0.0546154	task-1:0.0330769	task-2:0.0184615	|	0.0246666	0.0243962	0.0236656	0.0222683	0.0202059	0.0185789	0.0162599	0.0135362	0.0122714	0.0118246	0.0110082	0.0103874	0.00998466	0.00943758	0.00895567	0.00818383	0.00703405	0.00643347	0.0058582	0.00570381	0.0054073	0.00488209	0.0043866	0.00420978	0.00406865	0.00398779	0.00386824	0.00373225	0.00348641	0.00306645	0.00282221	0.00442362	0.00251723	0.0024433	

38	0.468	0	0	task-3:0.5	task-0:0.0907143	task-1:0.0242857	task-2:0.388929	|	0.0251892	0.0249615	0.0243077	0.0229358	0.0206486	0.0180302	0.0149175	0.0138918	0.0133258	0.0123527	0.0120932	0.0117124	0.0110941	0.0103177	0.0090664	0.00704228	0.00443327	0.0182349	0.00415226	0.00442366	0.00366297	0.0036167	0.00356594	0.00352212	0.00347544	0.00342485	0.00335376	0.00331855	0.00327583	0.00320827	0.00311709	0.00299933	0.0027883	0.00311162	0.00282913	0.00257295	0.00255314	0.00252851	0.00248436	

20	0.281	0	0	task-3:0.5	task-0:0.0646667	task-1:0.011	task-2:0.495	|	0.0224733	0.0221887	0.0214396	0.0200713	0.0180845	0.0162745	0.0133044	0.00973683	0.0103474	0.00787415	0.00685719	0.00669099	0.00631683	0.00559569	0.00441892	0.00397671	0.00661326	0.00296768	0.00288873	0.00273927	0.00248418	

29	0.437	0	0	task-3:0.405938	task-0:0.084375	task-1:0.0021875	task-2:0.358438	|	0.0262748	0.025888	0.0248491	0.0231214	0.0209986	0.0174145	0.0131623	0.0102814	0.01266	0.00874476	0.00805272	0.00781003	0.0073691	0.00660027	0.00589513	0.00545449	0.00515942	0.00486373	0.004541	0.00417417	0.00390298	0.00357526	0.00315982	0.00316515	0.00347714	0.00270315	0.00266376	0.00261004	0.00253852	0.00247251	

25	0.297	0	0	task-3:0.357941	task-0:0.0958824	task-1:0.0182353	task-2:0.357353	|	0.0274105	0.0270369	0.0259751	0.0238573	0.0205561	0.0152767	0.01328	0.01054	0.009798	0.00878481	0.00761603	0.00687735	0.00581221	0.00472613	0.00475626	0.00426591	0.00396252	0.00378818	0.00370217	0.00357609	0.00348902	0.00338035	0.0031603	0.00281894	0.00255506	0.00228598	

63	0.874	0	0	task-3:0.00222222	task-0:0.0477778	task-1:0.0108333	task-2:0.495	|	0.0283295	0.0274504	0.0252382	0.0228162	0.021125	0.0188808	0.0162529	0.0146543	0.0131599	0.0110919	0.00956856	0.012214	0.00850088	0.00835149	0.00805625	0.00750878	0.00658577	0.00533405	0.00915601	0.00498273	0.00493041	0.00478554	0.00474207	0.00468524	0.00466408	0.00464198	0.00460409	0.00456018	0.00450224	0.00441964	0.00436426	0.00432113	0.00423919	0.0041175	0.00409353	0.00407901	0.00405112	0.004016	0.00400652	0.00399361	0.00396893	0.00392838	0.00387131	0.00376424	0.00356597	0.00334128	0.00653388	0.0032501	0.0032374	0.00321917	0.00320415	0.00319366	0.00316046	0.00312871	0.0031128	0.00309394	0.00305235	0.00297071	0.00281684	0.00256965	0.00409239	0.00488419	0.00255359	0.00235639	

14	0.187	0	0	task-3:0.5	task-0:0.130526	task-1:0.475789	task-2:0.495	|	0.0240088	0.0232889	0.0213739	0.0184439	0.0152806	0.0112334	0.00908516	0.00833656	0.00748403	0.00656846	0.006065	0.0054043	0.00431888	0.00297728	0.00242145	

20	0.358	0	0	task-3:0.013	task-0:0.07425	task-1:0.5	task-2:0.505	|	0.025409	0.0246709	0.0228805	0.0206006	0.0187156	0.0172329	0.0142364	0.00956422	0.00796352	0.0153864	0.00526076	0.00506601	0.00468877	0.00402594	0.00354784	0.0036712	0.0030704	0.00298973	0.00283747	0.00257408	0.00230045	

1628	116.954	18	12	task-3:0.5	task-0:0.102381	task-1:0.00404762	task-2:0.000714286	|	0.0226441	0.0224226	0.0218092	0.0206402	0.0188715	0.0161285	0.0135908	0.0142896	0.0118557	0.0108691	0.0107239	0.0103876	0.00972718	0.00862604	0.00762003	0.0135109	0.00712695	0.00706097	0.00694038	0.00679806	0.00668149	0.00645937	0.00606823	0.00640069	0.00628158	0.00565458	0.00560117	0.00557561	0.00552623	0.00548509	0.00546152	0.00541207	0.0053146	0.00513541	0.00484228	0.00579303	0.00650585	0.00464203	0.00458312	0.00456641	0.00455681	0.00454928	0.00453871	0.00452202	0.00449114	0.00443967	0.00436973	0.00513146	0.00436312	0.00435043	0.00433797	0.00432879	0.004323	0.00431669	0.00429958	0.00428325	0.00425276	0.0042843	0.00422969	0.00422312	0.00422227	0.00421846	0.00421055	0.00419122	0.00418796	0.00418669	0.00417658	0.00416795	0.00416517	0.00416538	0.00415808	0.00414933	0.00414795	0.00414606	0.00414574	0.00414003	0.00413063	0.00412357	0.00410963	0.00408267	0.00403222	0.0039423	0.00379032	0.00564287	0.0140921	0.00358938	0.00358616	0.00358533	0.0035836	0.00358012	0.00357324	0.00356001	0.00358365	0.0035643	0.0035375	0.00353556	0.00353287	0.0035277	0.00351815	0.00350278	0.00349221	0.00353378	0.00347895	0.00347752	0.00347467	0.00346906	0.00346488	0.00346076	0.00345975	0.00345932	0.00345839	0.00345648	0.00345262	0.00344431	0.00343153	0.00351329	0.00342677	0.00342645	0.00342573	0.00342432	0.00342175	0.00342336	0.00345806	0.00341768	0.00341745	0.00341694	0.00341584	0.00341361	0.00340914	0.00340021	0.00338251	0.0033477	0.00397136	0.00339523	0.00333009	0.00332832	0.00332686	0.00332534	0.00332458	0.00332435	0.00332331	0.00332151	0.00332019	0.00331889	0.00331668	0.00331279	0.00330495	0.00328941	0.00325983	0.00337288	0.00372829	0.00322507	0.00322378	0.00322149	0.00321941	0.00321518	0.00320679	0.00320904	0.00324467	0.00319366	0.00319287	0.00319118	0.00318768	0.00318055	0.00316623	0.00313774	0.00327449	0.0039965	0.00309933	0.00309499	0.00309455	0.00309366	0.00309192	0.00308864	0.00308509	0.00308786	0.00308263	0.00308158	0.00308027	0.00307915	0.00307772	0.00307459	0.00306831	0.00306204	0.00311106	0.00305729	0.0030567	0.00305548	0.00305299	0.00304792	0.00303772	0.00301729	0.00298403	0.00437479	0.00297847	0.00297635	0.00297559	0.00297439	0.0029727	0.00297005	0.00296616	0.00296547	0.00296449	0.00296313	0.00296279	0.0029622	0.00296101	0.00295863	0.00295388	0.0029445	0.00293489	0.0029635	0.00292811	0.00292737	0.00292582	0.00292306	0.00292023	0.00291529	0.00291821	0.00291496	0.00291339	0.0029115	0.00291113	0.00291028	0.00290797	0.00290336	0.00290154	0.0029043	0.00289677	0.00289621	0.00289501	0.00289253	0.00288735	0.00287781	0.00293542	0.00287672	0.00287579	0.00287403	0.00287273	0.00287012	0.00286489	0.00285869	0.00290156	0.00285511	0.00285414	0.00285236	0.00285134	0.00284969	0.00284658	0.00284677	0.00284351	0.00284296	0.002843	0.00284237	0.00284099	0.00283954	0.00283879	0.00283805	0.00283614	0.00283239	0.00283055	0.00283153	0.0028268	0.00282624	0.00282507	0.00282267	0.00281778	0.00281851	0.00281855	0.00281169	0.0028111	0.00280979	0.00280697	0.00280162	0.00280919	0.00280065	0.00279989	0.00279836	0.00279693	0.00279433	0.00278921	0.00278009	0.0027896	0.00281215	0.00276833	0.00276743	0.00276578	0.00276498	0.00276403	0.00276188	0.0027583	0.00275784	0.00275621	0.00275427	0.0027529	0.0027514	0.00274872	0.00274364	0.00274207	0.00273816	0.0027376	0.00273697	0.0027358	0.00273289	0.00273071	0.00272639	0.00272232	0.00272843	0.00271903	0.00271797	0.00271664	0.00271555	0.00271373	0.00270981	0.00270165	0.00268518	0.00265468	0.00322893	0.00277674	0.00263316	0.00263283	0.00263241	0.00263184	0.00263022	0.00262743	0.00262855	0.00262656	0.00262553	0.00262398	0.00262339	0.00262294	0.00262163	0.00261937	0.00261826	0.00261674	0.0026134	0.00260663	0.00260233	0.00262428	0.00259541	0.00259468	0.00259309	0.00258979	0.00258315	0.00258338	0.0025971	0.00257342	0.00257277	0.00257127	0.00256808	0.00256173	0.00257832	0.00255954	0.00255766	0.00255748	0.00255643	0.00255415	0.00255195	0.00254757	0.00255041	0.00254782	0.00254253	0.00254207	0.00254086	0.00253805	0.00253205	0.00252013	0.00259653	0.00256915	0.00250848	0.00250796	0.00250662	0.00250417	0.00250561	0.00250367	0.00250281	0.00250159	0.0025013	0.00250091	0.00250031	0.00249861	

16	0.358	0	0	task-3:0.184091	task-0:0.145909	task-1:0.5	task-2:0.505	|	0.0264895	0.0262225	0.0254416	0.0237291	0.0205436	0.0157452	0.0112423	0.00874611	0.00696118	0.00676017	0.00644386	0.00585542	0.00487784	0.00353495	0.00250693	0.00297606	0.00198876	

70	1.295	0	0	task-3:0.473261	task-0:0.0447826	task-1:0.0106522	task-2:0.495	|	0.025843	0.0257416	0.0254568	0.0248899	0.0240557	0.0233196	0.022016	0.0200203	0.0192328	0.0181034	0.0176436	0.0167931	0.0154424	0.0131292	0.0126038	0.0189674	0.0103727	0.010228	0.00993707	0.00938908	0.00859904	0.0095839	0.0083943	0.00832292	0.00818931	0.00800158	0.00781235	0.00764671	0.00749374	0.00738971	0.00730634	0.00717669	0.0070614	0.00686972	0.0065277	0.00634459	0.00641311	0.00605198	0.00599283	0.00589473	0.00573336	0.00543474	0.00503868	0.00586239	0.00494296	0.00493245	0.00491002	0.00486758	0.00480803	0.00475309	0.00464356	0.00444465	0.00430455	0.00442645	0.00414093	0.0041031	0.00403882	0.00395812	0.00386113	0.00367524	0.00333855	0.00298436	0.00894399	0.00280984	0.0027849	0.00275608	0.00273854	0.00270334	0.00264008	0.00254142	0.00238639	

32	0.686	0	0	task-3:0.375833	task-0:0.070625	task-1:0.5	task-2:0.394167	|	0.0250541	0.0242439	0.0223499	0.0202664	0.0188157	0.0174026	0.0146999	0.010709	0.00702618	0.0390991	0.00657073	0.00699672	0.005952	0.00582896	0.00569392	0.005445	0.00497662	0.00416617	0.00599107	0.00380028	0.00366775	0.00365567	0.00362	0.00354509	0.0034228	0.00329134	0.00305495	0.00282115	0.00310659	0.00267289	0.00262163	0.00255261	0.00249516	

39	0.89	0	0	task-3:0.0036	task-0:0.0308	task-1:0.4858	task-2:0.505	|	0.0300767	0.0290796	0.0264276	0.0231777	0.0210383	0.0179545	0.0151	0.0137717	0.0125197	0.0110594	0.00992292	0.00897462	0.00907283	0.00857337	0.00843643	0.00824717	0.00800902	0.00766785	0.00717666	0.00660279	0.00660863	0.00617006	0.00602897	0.00600869	0.0059817	0.00591788	0.00580009	0.00563542	0.00550584	0.0054528	0.00534217	0.00512506	0.00472588	0.00404984	0.00302936	0.00359205	0.0370127	0.00329242	0.00384391	0.0017872	

47	1.061	0	0	task-3:0.5	task-0:0.0453846	task-1:0.000384615	task-2:0.406731	|	0.0272968	0.0267963	0.0255004	0.0237772	0.0225677	0.0203167	0.0170483	0.0146487	0.0147866	0.0147068	0.0136987	0.0136286	0.0134589	0.0131497	0.0127732	0.0122457	0.0117525	0.0112851	0.0105717	0.00939048	0.0083522	0.00879575	0.00699153	0.0066971	0.00618895	0.00576555	0.00560169	0.00551545	0.00539575	0.00518723	0.0050224	0.00505407	0.00475135	0.00465286	0.00450397	0.00433907	0.00414724	0.00382567	0.00332584	0.00409067	0.00331114	0.00299219	0.00292344	0.00284991	0.00281145	0.00275272	0.00263949	0.00243771	

34	0.734	0	0	task-3:0.005	task-0:0.0624074	task-1:0.5	task-2:0.495	|	0.0250541	0.0246948	0.023665	0.0215191	0.0180028	0.0143039	0.0110593	0.0122811	0.00953341	0.00901352	0.00865926	0.00837362	0.00796182	0.00747726	0.00686144	0.00582638	0.00649169	0.00653465	0.00484728	0.00468706	0.00457142	0.00453383	0.00445493	0.0042976	0.00399914	0.00347196	0.0029559	0.00852797	0.00281685	0.00263117	0.00259553	0.0025832	0.00256086	0.00251465	0.00241871	

42	0.983	0	0	task-3:0.00821429	task-0:0.100714	task-1:0.391071	task-2:0.505	|	0.0266251	0.0260642	0.0245648	0.0222315	0.0198384	0.0159062	0.0115917	0.0113453	0.0126376	0.00971241	0.00956304	0.00939148	0.00911968	0.00882714	0.00831978	0.00751557	0.00690612	0.00674906	0.00646443	0.00621971	0.00607006	0.00585344	0.00551288	0.00511109	0.0048814	0.00465561	0.00451709	0.00436639	0.00416903	0.00391628	0.003835	0.00382411	0.00378637	0.00370547	0.003555	0.00334066	0.00327424	0.00310052	0.00305968	0.0029796	0.00283173	0.00256596	0.00211142	

9	0.265	0	0	task-3:0.5	task-0:0.0596552	task-1:0.5	task-2:0.10431	|	0.0259046	0.0250421	0.0227858	0.0194294	0.0152849	0.0124352	0.00849689	0.00443359	0.00376644	0.00249918	

143	3.416	0	1	task-3:0.5	task-0:0.0193333	task-1:0.00316667	task-2:0.000666667	|	0.0274217	0.0271346	0.0263872	0.0251565	0.0233656	0.0216904	0.0187601	0.0147241	0.0177152	0.013935	0.013449	0.0130337	0.0122391	0.0110135	0.00914218	0.00743073	0.025887	0.00688094	0.00680437	0.00675166	0.00666384	0.00653781	0.00643814	0.00625115	0.00592457	0.00622143	0.00633276	0.00555647	0.00553186	0.00549079	0.00544478	0.005425	0.00538403	0.0053062	0.00519375	0.00503972	0.00559184	0.0050028	0.00499626	0.00498545	0.00497367	0.00496992	0.0049613	0.00494482	0.00492297	0.00489849	0.00486886	0.00483713	0.0048135	0.00478402	0.0047528	0.0047279	0.00470966	0.0046731	0.00460198	0.00446914	0.00423639	0.00489223	0.0103263	0.00413222	0.00396491	0.00390949	0.00390476	0.0038954	0.00387708	0.00384207	0.00389978	0.00382316	0.00381113	0.00380956	0.00380611	0.00379526	0.00378147	0.00377961	0.00377718	0.00377237	0.00375928	0.00374106	0.00374715	0.00372937	0.00372668	0.00372203	0.00370956	0.00368644	0.00368754	0.0036821	0.00365591	0.00365308	0.00364788	0.00363645	0.00361122	0.00356275	0.00356747	0.00410627	0.00348967	0.00348537	0.0034773	0.0034678	0.0034502	0.00342167	0.00350151	0.00341645	0.00341183	0.00340345	0.00339398	0.00337508	0.00333755	0.00326366	0.00312041	0.00296825	0.00969689	0.00358321	0.0165971	0.00313023	0.00397376	0.00287096	0.00284057	0.00284018	0.00284058	0.00283557	0.00282778	0.00282556	0.00282226	0.00281229	0.00279951	0.00277412	0.00272404	0.0028008	0.00372489	0.00265072	0.00264613	0.00264001	0.00263962	0.0026407	0.00263692	0.00263069	0.00262672	0.00262076	0.00260888	0.00258524	0.00253845	0.00256051	0.00396183	0.00246188	

58	1.311	0	0	task-3:0.465645	task-0:0.0464516	task-1:0.5	task-2:0.405968	|	0.0268681	0.0262155	0.0245804	0.0223752	0.0200695	0.018348	0.015262	0.0107952	0.00950266	0.0211025	0.00687946	0.00673902	0.00646579	0.00596945	0.00515741	0.00437434	0.0118699	0.00408802	0.00401528	0.003981	0.00391458	0.0037935	0.00372804	0.00366055	0.00361412	0.00359014	0.00357032	0.00353914	0.00351054	0.00346223	0.00341826	0.00337562	0.00333049	0.00324856	0.00324486	0.00317245	0.00315376	0.00312823	0.00308653	0.00301737	0.00296561	0.00297884	0.00291181	0.00289418	0.00287272	0.00284765	0.00281723	0.00276701	0.00274587	0.00271562	0.00270444	0.00269368	0.00267603	0.00265231	0.00260975	0.00258797	0.00255688	0.00252836	0.0024738	

16	0.453	0	0	task-3:0.248906	task-0:0.076875	task-1:0.5	task-2:0.495	|	0.0266487	0.0262868	0.0252542	0.0230795	0.0193704	0.0150397	0.0110606	0.00932582	0.00815689	0.00664189	0.00520776	0.00430468	0.00388839	0.00367574	0.00328344	0.00265354	0.00180362	

15	0.468	0	0	task-3:0.5	task-0:0.104091	task-1:0.44697	task-2:0.495	|	0.0272745	0.0268129	0.0255206	0.0231039	0.0198994	0.0150567	0.0122056	0.00998582	0.00931342	0.00807593	0.00615796	0.0036469	0.00527992	0.00743649	0.00274471	0.00174133	

79	2.184	0	0	task-3:0.00323529	task-0:0.0720588	task-1:0.5	task-2:0.440441	|	0.0274943	0.0269508	0.0254597	0.0229197	0.0198975	0.015473	0.0126287	0.0128235	0.0120978	0.0119927	0.0118442	0.0115443	0.0110291	0.0105494	0.00994933	0.00948935	0.00929723	0.0090715	0.00863944	0.00791299	0.00728922	0.00767304	0.00694229	0.00674765	0.00663313	0.00653251	0.00642032	0.00626882	0.00603524	0.00591885	0.0058008	0.0056273	0.0055487	0.00549436	0.0053841	0.00515858	0.00487628	0.00440175	0.00400521	0.0178521	0.00378694	0.00376573	0.00374898	0.0037374	0.00372231	0.00368161	0.00362752	0.00355958	0.00352013	0.0037629	0.00346001	0.00343977	0.00342337	0.00341088	0.00339292	0.00334007	0.00332359	0.00329979	0.00324584	0.00325494	0.00324389	0.00322533	0.00320818	0.00320757	0.00320662	0.00320383	0.00320291	0.00318713	0.00315681	0.00311037	0.0031248	0.00306554	0.00305409	0.00304924	0.00304006	0.00301537	0.00296614	0.00287111	0.00270889	0.00241752	

3075	583.8	33	77	task-3:0.5	task-0:0.0155714	task-1:0.000142857	task-2:0	|	0.0269482	0.0267724	0.0262529	0.0250867	0.022806	0.0190584	0.0150426	0.0123128	0.0106306	0.0215497	0.0105016	0.0115925	0.00931278	0.00921045	0.00906025	0.00894272	0.00873048	0.00838802	0.00790951	0.00767466	0.00768659	0.00748385	0.00745539	0.00741347	0.00736326	0.0073277	0.00728591	0.00723608	0.00713353	0.00694063	0.00660022	0.00612275	0.00973946	0.00602783	0.00598268	0.00597899	0.00597068	0.00595703	0.00594648	0.00593508	0.0059109	0.00586703	0.00581017	0.00570278	0.00570132	0.00580225	0.00554926	0.005537	0.00551305	0.00546936	0.00544687	0.00542252	0.00541219	0.00539297	0.00537332	0.00535592	0.00532131	0.00525443	0.00516464	0.00542103	0.00514401	0.00509649	0.00509358	0.00508853	0.005078	0.00505704	0.00501746	0.00494888	0.00495265	0.00549928	0.00485053	0.00484397	0.0048338	0.00482526	0.00481738	0.00480193	0.00477724	0.00478628	0.00477187	0.00477024	0.00476678	0.00476118	0.0047565	0.00475245	0.00474831	0.00474399	0.00473474	0.00471623	0.00468166	0.00469681	0.00482857	0.00463378	0.00463063	0.00462433	0.0046122	0.0045998	0.0046049	0.00459003	0.00458627	0.00458144	0.00457706	0.00457648	0.00457414	0.00456978	0.00456461	0.00456054	0.00456077	0.0045595	0.00455657	0.00455292	0.00455102	0.00454707	0.00453954	0.00452647	0.00451667	0.0045358	0.00450615	0.00450328	0.00449865	0.00449406	0.00448975	0.00448087	0.00446332	0.00443023	0.00459002	0.00456341	0.00439588	0.00439431	0.00439095	0.00438429	0.00437222	0.00439522	0.00436697	0.00436076	0.00436024	0.00435872	0.00435542	0.00434928	0.00434141	0.00433879	0.00434369	0.00432947	0.00432786	0.00432553	0.00432296	0.00432198	0.00431958	0.00431439	0.00430406	0.0042852	0.00443904	0.00428318	0.00428256	0.00428126	0.00427998	0.00427938	0.00427808	0.00427542	0.0042701	0.00425973	0.00424023	0.00426974	0.00458203	0.00421268	0.00421126	0.00420961	0.00420795	0.00420716	0.00420528	0.004202	0.00419889	0.00419608	0.00419462	0.00419386	0.00419212	0.00418879	0.00418385	0.00417455	0.00421088	0.00417219	0.00416743	0.00416718	0.00416669	0.00416569	0.00416379	0.0041605	0.00415754	0.00415785	0.0041548	0.00415364	0.00415248	0.00415102	0.00414978	0.00414759	0.00414509	0.00414035	0.00415044	0.00413904	0.00413851	0.00413746	0.00413676	0.00413615	0.00413535	0.0041348	0.00413357	0.00413225	0.00413095	0.00412932	0.00412738	0.00412674	0.00412581	0.0041249	0.00412317	0.0041215	0.00411954	0.00411744	0.00411424	0.00410809	0.00410792	0.00413812	0.00409817	0.00409745	0.00409593	0.00409282	0.00408651	0.00407391	0.00404902	0.00400119	0.00434178	0.00868389	0.00407699	0.00420768	0.00392553	0.00392497	0.00392421	0.00392304	0.00392198	0.00391975	0.00391528	0.0039066	0.00399444	0.00390566	0.00390538	0.00390486	0.00390468	0.0039045	0.00390418	0.00390365	0.00390299	0.00390208	0.00390143	0.00390041	0.0038989	0.00389783	0.00389689	0.00389647	0.00389566	0.00389472	0.00389316	0.00389214	0.00389121	0.00389067	0.00389	0.00388933	0.00388903	0.00388853	0.00388777	0.00388718	0.00388609	0.00388376	0.00387908	0.00386972	0.00385112	0.00381441	0.00413435	0.00732403	0.00391972	0.00424117	0.00375475	0.00375422	0.00375387	0.00375322	0.00375239	0.00375177	0.0037516	0.00375108	0.00375022	0.00374937	0.00374828	0.00374603	0.00374159	0.00375209	0.00375306	0.00373623	0.00373589	0.00373511	0.00373342	0.00373003	0.00372706	0.00376498	0.00372407	0.00372374	0.00372303	0.00372157	0.00371858	0.00371256	0.00370053	0.00372307	0.00436596	0.00368083	0.00368023	0.00368	0.00367948	0.00367836	0.0036764	0.00367909	0.00367575	0.00367541	0.00367487	0.00367452	0.0036738	0.00367258	0.00367087	0.0036675	0.00367776	0.00366662	0.00366481	0.00366466	0.00366418	0.00366318	0.00366179	0.00365897	0.00365331	0.00365142	0.00380164	0.00364338	0.00364306	0.00364238	0.003641	0.00363816	0.00363479	0.00366384	0.00363273	0.00363232	0.0036316	0.0036309	0.00363022	0.00362895	0.0036282	0.00362749	0.003627	0.00362667	0.00362626	0.00362527	0.00362322	0.00361933	0.00364026	0.00361872	0.00361842	0.0036179	0.00361758	0.00361698	0.00361578	0.00361336	0.00360853	0.00360015	0.00376292	0.00359901	0.00359861	0.00359801	0.00359751	0.00359698	0.0035961	0.00359513	0.00359314	0.00358909	0.00358094	0.00356465	0.00357496	0.00534442	0.00353908	0.00353663	0.00353501	0.00353473	0.00353437	0.00353364	0.00353214	0.00352912	0.00352307	0.00353194	0.00364376	0.00351353	0.00351323	0.00351258	0.00351121	0.00350837	0.00350255	0.00349088	0.00347629	0.00474515	0.00346907	0.00346857	0.00346829	0.00346765	0.00346645	0.00346648	0.00346536	0.00346503	0.0034644	0.00346346	0.00346289	0.00346235	0.00346155	0.00346123	0.00346098	0.00346052	0.00346024	0.00345997	0.00345978	0.00345954	0.00345904	0.00345865	0.00345809	0.00345717	0.00345643	0.00345599	0.00345568	0.00345506	0.00345434	0.00345323	0.00345097	0.00344717	0.00346352	0.00344613	0.00344518	0.00344514	0.00344507	0.00344493	0.0034447	0.00344438	0.00344379	0.00344329	0.0034427	0.00344195	0.00344036	0.00343716	0.00343871	0.00345822	0.00343234	0.00343206	0.00343143	0.00343009	0.00342743	0.00343324	0.00342764	0.00342476	0.00342456	0.00342399	0.00342268	0.00342003	0.00342032	0.00343126	0.00341614	0.00341587	0.00341524	0.00341392	0.00341124	0.00341273	0.00342063	0.00340735	0.00340708	0.00340645	0.00340509	0.00340241	0.00340954	0.00340196	0.00340007	0.0033999	0.00339938	0.00339822	0.00339637	0.0033926	0.00338505	0.00341567	0.00354838	0.00337433	0.00337405	0.00337344	0.00337209	0.00336923	0.00336335	0.00335176	0.00361168	0.00335131	0.003351	0.00335066	0.00335061	0.0033505	0.00335028	0.00334988	0.00334912	0.00334755	0.00334454	0.00335837	0.00334408	0.00334379	0.00334339	0.00334319	0.00334297	0.00334274	0.00334209	0.00334072	0.00333907	0.00334144	0.00333836	0.00333828	0.0033381	0.00333774	0.00333702	0.00333557	0.00333354	0.00333989	0.00333271	0.00333234	0.00333181	0.00333147	0.00333133	0.00333082	0.00332976	0.00332876	0.00332851	0.00332805	0.00332796	0.00332775	0.00332732	0.00332644	0.00332465	0.00332101	0.00331367	0.00329887	0.0032693	0.00321078	0.00760787	0.00321209	0.00321532	0.00321001	0.0032099	0.00320946	0.00320862	0.00320822	0.00320758	0.00320733	0.0032071	0.00320673	0.00320607	0.00320475	0.00320256	0.0031984	0.00319046	0.00325995	0.00327772	0.00318164	0.0031814	0.00318081	0.00317965	0.00317941	0.00317869	0.00317802	0.0031778	0.00317734	0.00317628	0.00317423	0.00317822	0.00317335	0.00317254	0.00317242	0.003172	0.00317132	0.00317096	0.00317087	0.0031705	0.00317019	0.00316996	0.00316971	0.0031693	0.00316834	0.00316653	0.00317045	0.003166	0.00316567	0.0031652	0.00316487	0.00316472	0.0031643	0.0031636	0.00316324	0.00316315	0.00316278	0.00316257	0.00316244	0.00316222	0.00316183	0.00316116	0.00316024	0.00315838	0.00315975	0.00315953	0.00315588	0.00315564	0.00315505	0.00315374	0.00315115	0.00315792	0.00315145	0.00314897	0.00314878	0.00314822	0.00314729	0.00314756	0.00314678	0.00314637	0.00314604	0.00314573	0.00314562	0.00314528	0.00314492	0.00314467	0.00314443	0.0031439	0.00314269	0.00314028	0.00314456	0.00314214	0.00313764	0.00313743	0.00313684	0.00313555	0.00313358	0.00313518	0.00313417	0.00313114	0.00313091	0.00313055	0.0031298	0.00312829	0.00312525	0.00314381	0.00312483	0.00312448	0.00312418	0.00312397	0.00312372	0.00312323	0.00312212	0.00312001	0.0031258	0.00311957	0.00311922	0.00311895	0.00311877	0.00311851	0.00311805	0.00311724	0.00311666	0.00311604	

19	0.624	0	0	task-3:0.446528	task-0:0.0769444	task-1:0.4075	task-2:0.393889	|	0.0247724	0.0244775	0.023647	0.0220047	0.0195204	0.0152728	0.00961602	0.0109816	0.0104919	0.00561309	0.00509146	0.00503917	0.0049757	0.00485484	0.00463918	0.00427316	0.00381699	0.00342016	0.00296834	0.00236708	

242	8.128	2	2	task-3:0.49027	task-0:0.005	task-1:0.000810811	task-2:0	|	0.026195	0.0260168	0.0255258	0.0246083	0.0232937	0.0208804	0.0173036	0.0159874	0.0204179	0.0140543	0.0136311	0.0133291	0.0131964	0.0129421	0.0124477	0.011627	0.0110065	0.0118145	0.0100766	0.00986692	0.009617	0.00931416	0.0090446	0.00854135	0.00795029	0.00852818	0.00769748	0.00762709	0.00753776	0.00747896	0.00736668	0.00715077	0.00676338	0.00616671	0.00533803	0.0128565	0.00871956	0.00485049	0.00481238	0.00480017	0.00478974	0.00477801	0.00476517	0.00475234	0.00473866	0.00473402	0.00472921	0.00472007	0.00470696	0.00469322	0.00466775	0.00462446	0.00454197	0.00449231	0.005617	0.00441623	0.00439433	0.00438961	0.00438033	0.00436306	0.0043322	0.0042844	0.00423288	0.00480589	0.00420438	0.00419351	0.00418848	0.00418724	0.00418463	0.00417977	0.00417226	0.00415974	0.00413729	0.00414664	0.00411968	0.00411648	0.00411439	0.00410739	0.00409516	0.00408309	0.00406002	0.00402096	0.00417047	0.00401623	0.00401125	0.0040029	0.00399592	0.00398725	0.00397192	0.00394778	0.00398208	0.00394271	0.00393719	0.00392795	0.00392248	0.00391463	0.0038978	0.00389746	0.00389544	0.00389153	0.00387936	0.0038702	0.00385289	0.00387469	0.00384911	0.00384751	0.00384388	0.00383624	0.00381796	0.00381559	0.00380904	0.00379706	0.00378743	0.00376738	0.00377278	0.00374994	0.00374645	0.00374509	0.00374258	0.0037321	0.00372426	0.00371773	0.0037063	0.0036851	0.00370497	0.0036821	0.00367661	0.00366887	0.00366778	0.00366761	0.00366275	0.00365383	0.00364384	0.00363001	0.00360403	0.00361142	0.0036629	0.00356691	0.00356168	0.00355636	0.00355197	0.00354603	0.00352991	0.00353187	0.00352932	0.00352412	0.00351366	0.00349279	0.00345172	0.00344426	0.00405583	0.00339262	0.00337662	0.00337429	0.00336973	0.00336772	0.00336438	0.00335321	0.0033424	0.00332095	0.00327872	0.00343978	0.00341226	0.00323472	0.00322695	0.00322461	0.00322136	0.00321485	0.00320181	0.00317589	0.00312469	0.0032609	0.0040322	0.00306045	0.00305047	0.0030453	0.00304404	0.00304152	0.00303647	0.00303239	0.00302081	0.00302097	0.00300447	0.00300619	0.00300545	0.00300472	0.00299904	0.00298806	0.00297552	0.00294835	0.00289453	0.0027896	0.00472156	0.00278869	0.0027929	0.00276243	0.00276003	0.00275563	0.00275056	0.00275056	0.00275062	0.00275094	0.00275225	0.00275279	0.00275173	0.0027493	0.00274082	0.00273317	0.00271778	0.00268705	0.00262613	0.00250688	0.00228136	

25	0.842	0	0	task-3:0.5	task-0:0.0465789	task-1:0.466842	task-2:0.370789	|	0.0246956	0.0241312	0.0227869	0.021057	0.0191794	0.0177731	0.0149821	0.010693	0.00808586	0.0251373	0.00690949	0.00668027	0.00656669	0.00633886	0.00592135	0.00522559	0.00428888	0.01084	0.00415285	0.0040935	0.00404616	0.00394985	0.00376253	0.00340702	0.0027835	0.00183509	

14	0.359	0	0	task-3:0.034359	task-0:0.0917949	task-1:0.5	task-2:0.11141	|	0.0277908	0.0273045	0.0260067	0.0237302	0.0208148	0.019059	0.0158932	0.011221	0.00959721	0.00782084	0.00734866	0.00656111	0.00551369	0.00401208	0.00247787	

54	1.685	0	0	task-3:0.003125	task-0:0.0445	task-1:0.5	task-2:0.505	|	0.0252561	0.0249379	0.024133	0.0228329	0.0213579	0.0203791	0.0182835	0.0150825	0.014479	0.012948	0.0120866	0.0118626	0.0114774	0.0106913	0.00930038	0.00722748	0.0130731	0.00690762	0.00602169	0.00597508	0.00589148	0.00572122	0.00540424	0.0048801	0.00535142	0.00460766	0.00446376	0.00445198	0.00443896	0.00440986	0.00435883	0.00430019	0.00424512	0.00414896	0.00402816	0.00382479	0.00346676	0.00326172	0.00596757	0.00295728	0.00291924	0.00289752	0.00287836	0.00284998	0.00282772	0.00279673	0.00275647	0.00271889	0.00266781	0.00262418	0.00261213	0.00258975	0.00255493	0.00251444	0.00243601	

21	0.655	0	0	task-3:0.5	task-0:0.0980488	task-1:0.5	task-2:0.368293	|	0.0273851	0.0268005	0.0253456	0.0233758	0.0215863	0.0201188	0.017046	0.0118583	0.00878298	0.0188821	0.00608691	0.00574896	0.00541983	0.00503494	0.00444957	0.00399264	0.00368602	0.00356517	0.00338207	0.00318267	0.00283673	0.0022563	

26	0.858	0	0	task-3:0.5	task-0:0.0613095	task-1:0.183929	task-2:0.505	|	0.023218	0.0229598	0.0222401	0.0207814	0.0184923	0.0160919	0.0125924	0.00963171	0.0171632	0.0091076	0.00883265	0.00859313	0.00851054	0.00839515	0.0082359	0.00792728	0.00734068	0.00641303	0.00808852	0.00614113	0.0059999	0.00585149	0.00567638	0.00533922	0.00471634	0.00365312	0.00213587	

29	1.03	0	0	task-3:0.39314	task-0:0.0806977	task-1:0.00127907	task-2:0.387674	|	0.0283418	0.0278145	0.0264257	0.0240349	0.020923	0.0192406	0.016518	0.0122659	0.00988415	0.0085402	0.0083563	0.00816787	0.00781307	0.00724985	0.00655469	0.00551317	0.00448324	0.00583221	0.00404592	0.0039303	0.00387859	0.00379617	0.00364095	0.00337201	0.00296434	0.00328999	0.00310007	0.00258913	0.00251202	0.0024825	

15	0.593	0	0	task-3:0.5	task-0:0.0778409	task-1:0.244659	task-2:0.495	|	0.0270068	0.0265802	0.0253342	0.0226499	0.0180604	0.0132202	0.0110718	0.00812912	0.00525261	0.00504374	0.00369484	0.0035048	0.00316342	0.00276073	0.00252516	0.00219407	

20	0.765	0	0	task-3:0.5	task-0:0.0444444	task-1:0.142778	task-2:0.438667	|	0.0257759	0.0253342	0.0242216	0.022541	0.0206419	0.0194632	0.0169294	0.0126959	0.00945092	0.0193929	0.00829444	0.00805244	0.00784134	0.00764427	0.00725718	0.00656143	0.00548191	0.00386125	0.00754981	0.010298	0.00242456	

32	1.155	0	0	task-3:0.405326	task-0:0.0441304	task-1:0.00728261	task-2:0.00358696	|	0.0257923	0.0256166	0.0251064	0.0240025	0.0220014	0.0191417	0.0168077	0.0157399	0.0152586	0.0146491	0.0133991	0.0114662	0.00875097	0.012835	0.00790065	0.00768402	0.00743232	0.00724835	0.006949	0.00635289	0.00531689	0.00386818	0.00869016	0.00350794	0.00324903	0.00323934	0.00321907	0.00317716	0.00310187	0.00298594	0.00281444	0.002502	0.00200122	

17	0.608	0	0	task-3:0.5	task-0:0.0375532	task-1:0.5	task-2:0.375957	|	0.0238061	0.0236558	0.0232186	0.0222714	0.0205057	0.0174663	0.014101	0.0134333	0.0122496	0.0118437	0.0110941	0.00982584	0.00773596	0.0048878	0.00547844	0.0263388	0.0026932	0.00248044	

23	0.858	0	0	task-3:0.423542	task-0:0.0297917	task-1:0.355729	task-2:0.397396	|	0.0253018	0.0250019	0.0241397	0.0223434	0.0194344	0.0148295	0.0096496	0.0123616	0.00766428	0.00728756	0.00695552	0.00633078	0.00563661	0.00516674	0.00447822	0.00414396	0.00385436	0.00363546	0.00350602	0.00326423	0.00300704	0.0028424	0.00254661	0.00212665	

16	0.639	0	0	task-3:0.464796	task-0:0.0694898	task-1:0.5	task-2:0.472143	|	0.0254908	0.0249967	0.0236762	0.021575	0.0191483	0.01544	0.0120371	0.00842755	0.00677666	0.0115615	0.00626516	0.00610912	0.00587446	0.00541385	0.00457493	0.00324098	0.00181173	

28	0.998	0	0	task-3:0.008	task-0:0.0317	task-1:0.5	task-2:0.495	|	0.025553	0.0252453	0.0243656	0.0225619	0.0193995	0.0147239	0.0119977	0.0108628	0.0106589	0.010291	0.00973669	0.00925968	0.00879593	0.00833358	0.00818199	0.00803233	0.00773516	0.00718626	0.00635395	0.0053944	0.0212766	0.0050824	0.00497282	0.0048297	0.00464899	0.00441263	0.00400003	0.00337454	0.00245156	

51	2.137	0	0	task-3:0.5	task-0:0.0480392	task-1:0.00176471	task-2:0.505	|	0.0268189	0.0262816	0.024884	0.0225095	0.0200116	0.0188606	0.0162707	0.0119721	0.00891364	0.0120405	0.0079094	0.00781879	0.00763565	0.00729861	0.00675323	0.00614937	0.00651604	0.00579376	0.00567909	0.00565065	0.00558386	0.0054573	0.00528172	0.00518008	0.00511212	0.00505032	0.0049923	0.00491402	0.00483471	0.0047398	0.00465327	0.0045203	0.00428142	0.00473468	0.00428893	0.0040525	0.00403468	0.00400179	0.00395009	0.00387909	0.00381771	0.0037843	0.00376773	0.00375119	0.00371577	0.00364344	0.00350091	0.00323128	0.00275228	0.00358098	0.0154731	0.0024629	

344	17.799	2	3	task-3:0.00653846	task-0:0.0364423	task-1:0.00134615	task-2:0.000192308	|	0.027927	0.0275813	0.0267007	0.0255561	0.0248366	0.0233662	0.0207469	0.0171002	0.0179541	0.0162944	0.014222	0.0140016	0.0137849	0.0133726	0.0126555	0.0115562	0.0105551	0.0239118	0.0111229	0.0218794	0.0100017	0.00996593	0.0099051	0.00979566	0.00966108	0.00940163	0.00892191	0.00897412	0.0169292	0.00856738	0.00869452	0.00814606	0.00812927	0.00809604	0.00803654	0.00804302	0.0080083	0.00799788	0.0079766	0.00794317	0.00791496	0.0078794	0.00781018	0.00778621	0.00775583	0.00771043	0.00769896	0.0076895	0.00767012	0.00763144	0.007556	0.00741269	0.0074072	0.00860224	0.00719757	0.00717764	0.00716687	0.00715826	0.00714577	0.00713108	0.00710164	0.00704804	0.00703614	0.00701393	0.0069776	0.0069695	0.00695617	0.00693189	0.00692329	0.00690799	0.00687742	0.00684491	0.00682446	0.00681806	0.00681241	0.0068031	0.0067918	0.00677149	0.0067614	0.00674972	0.00673031	0.00670061	0.00665868	0.00657684	0.00646437	0.00771375	0.00642761	0.00641719	0.00640448	0.00639812	0.00639309	0.00638811	0.00637693	0.00635457	0.00631464	0.00633309	0.00628514	0.00627622	0.00627668	0.00627429	0.00626845	0.00625851	0.00625038	0.00624366	0.00623533	0.00622321	0.00620098	0.00617698	0.00614457	0.00615572	0.00613533	0.00612951	0.00611902	0.00610777	0.00609913	0.00609264	0.00607963	0.00606339	0.00605467	0.00605035	0.00604072	0.00601926	0.00598167	0.00600215	0.00595784	0.00595042	0.00593324	0.00589578	0.00582786	0.00577744	0.00573931	0.00572222	0.00571091	0.00569487	0.00566771	0.00563137	0.00561283	0.00559448	0.00558688	0.00558115	0.0055721	0.00555139	0.00551339	0.00547769	0.00545345	0.00544674	0.00543951	0.0054254	0.00540113	0.00536449	0.00535446	0.00535285	0.00534795	0.00533789	0.0053208	0.00530461	0.00527341	0.00525448	0.00523164	0.00521551	0.0052073	0.00519108	0.00515795	0.00509846	0.00501836	0.00558272	0.00499745	0.00498892	0.00497248	0.00494113	0.00488772	0.0049773	0.00486792	0.0048655	0.00485952	0.00484669	0.0048203	0.00476726	0.00466283	0.00447669	0.00553547	0.00678646	0.00432631	0.00431867	0.00430955	0.00429135	0.00426348	0.0042306	0.00421841	0.00419224	0.00418053	0.00417568	0.00416877	0.00415377	0.00412463	0.00407242	0.00422495	0.00405685	0.00405347	0.00404684	0.00403406	0.00401273	0.00399026	0.00396498	0.0040577	0.00395592	0.00395277	0.00394618	0.00393506	0.0039132	0.00387402	0.00381732	0.00387152	0.00455302	0.00374613	0.00373539	0.00372614	0.00370817	0.00367572	0.0036234	0.00354908	0.00399385	0.00353387	0.00352698	0.00352608	0.00352323	0.00351694	0.00350823	0.00349583	0.00349104	0.00348998	0.00348769	0.00348293	0.00347485	0.0034674	0.00346132	0.00345436	0.00343934	0.00342322	0.00339254	0.00333845	0.00334068	0.00401724	0.00324048	0.00323311	0.00322305	0.00321707	0.00321407	0.00320612	0.00319055	0.00316747	0.00312284	0.00310314	0.00360861	0.00304864	0.00304494	0.00303725	0.00302172	0.0029912	0.00293679	0.00285269	0.00414694	0.00284207	0.00283744	0.0028293	0.00282151	0.00280571	0.00277414	0.00271208	0.00290426	0.00301546	0.00263724	0.00263313	0.00262516	0.0026133	0.00259675	0.0025774	0.00260271	0.00256967	0.00256531	0.00255763	0.00255025	0.00253767	0.00252636	0.00252267	0.00251664	0.00251182	0.00250888	0.00250612	0.00250213	0.00249396	

84	3.65	0	0	task-3:0.000566038	task-0:0.0234906	task-1:0.000943396	task-2:0.438113	|	0.0246764	0.0245337	0.0241171	0.023206	0.0215177	0.0187893	0.0157266	0.0142333	0.0153324	0.0127319	0.0122055	0.0120364	0.011875	0.0115465	0.0109397	0.010011	0.0115138	0.00963875	0.00951311	0.00931375	0.00894856	0.00829529	0.00723878	0.0107422	0.00962262	0.00655875	0.00622991	0.00616802	0.00613752	0.00608073	0.00598668	0.00585432	0.00583363	0.00580208	0.00573794	0.0056125	0.00537872	0.00557677	0.00525363	0.00523479	0.00522366	0.00518666	0.0051121	0.0049793	0.00496857	0.00484935	0.00482385	0.00481252	0.00479055	0.00473663	0.0046283	0.00442378	0.00441012	0.00518341	0.0041456	0.00412179	0.00407953	0.00404978	0.00400567	0.00391389	0.00373541	0.00340557	0.00511785	0.00377557	0.00322124	0.00315641	0.00313026	0.00310287	0.00309472	0.00309665	0.00308307	0.00305924	0.00303678	0.00302996	0.00302639	0.00301983	0.00300093	0.0029616	0.00288351	0.00273547	0.00278398	0.00398311	0.00253811	0.00252025	0.002499	

15	0.593	0	0	task-3:0.030463	task-0:0.0692593	task-1:0.5	task-2:0.313426	|	0.0244856	0.0239528	0.0225918	0.0203347	0.0180579	0.0168583	0.0140624	0.0092882	0.00519408	0.00839409	0.00428388	0.00290341	0.00277181	0.00268506	0.00252276	0.0022904	

84	3.978	0	0	task-3:0.5	task-0:0.0289091	task-1:0.003	task-2:0.495	|	0.0286653	0.0282964	0.0273396	0.0260061	0.0249195	0.022856	0.0197953	0.0191131	0.0182214	0.0172712	0.0172041	0.0170374	0.0165996	0.0156915	0.0140669	0.0119119	0.0145038	0.0117273	0.0114741	0.0112911	0.0109437	0.010441	0.00957832	0.00933564	0.0115012	0.00844174	0.00836368	0.0082003	0.00787688	0.00728535	0.00627402	0.00733007	0.0160467	0.00555807	0.00546607	0.00520409	0.00519084	0.00516466	0.00511356	0.00501611	0.00486088	0.00545189	0.00483944	0.00482944	0.00481322	0.00479809	0.00479196	0.00478243	0.00477737	0.00477109	0.00475728	0.00473158	0.00469455	0.00467721	0.0046565	0.00464071	0.00462935	0.0046081	0.00456532	0.00448314	0.00432989	0.00427587	0.00692817	0.00410486	0.00407792	0.00407093	0.00405915	0.00404313	0.00402468	0.00399572	0.00397923	0.00395814	0.00393674	0.0038941	0.00381076	0.00365259	0.00336729	0.0028952	0.00429658	0.0236623	0.00911198	0.03857	0.00275734	0.00544581	0.00230128	

65	3.167	0	0	task-3:0.473125	task-0:0.0566071	task-1:0.000357143	task-2:0.409018	|	0.0263136	0.0261415	0.0256648	0.0247093	0.0232828	0.0221934	0.0206329	0.0183994	0.0168228	0.0158154	0.0138552	0.0111631	0.0116885	0.0100619	0.00970077	0.00912674	0.00862211	0.00788118	0.00708462	0.00756099	0.00675353	0.0065814	0.00645354	0.00639018	0.00629192	0.00619018	0.00605054	0.00588402	0.0057693	0.00566123	0.00551731	0.00534533	0.00523014	0.00520554	0.00513996	0.00500807	0.00479267	0.00468488	0.00455024	0.00451106	0.00447636	0.00445865	0.00440994	0.00431305	0.00415249	0.00410455	0.00398844	0.00395559	0.00394529	0.00392653	0.00388698	0.00382495	0.00377573	0.00368102	0.00350801	0.00328025	0.00449815	0.00323381	0.00318201	0.00315854	0.00314135	0.00310703	0.00304336	0.00292186	0.00270084	0.00232781	

11	0.546	0	0	task-3:0.5	task-0:0.0805263	task-1:0.5	task-2:0.459474	|	0.0287855	0.027838	0.0253638	0.0222093	0.0190809	0.0155744	0.0115942	0.00880949	0.0054243	0.00322791	0.010129	0.00229772	

18	0.983	0	0	task-3:0.5	task-0:0.0608621	task-1:0.5	task-2:0.469483	|	0.0250761	0.0248251	0.0240853	0.0224303	0.0192095	0.0138729	0.00803218	0.0109403	0.00586837	0.00529779	0.00501943	0.00496667	0.00485319	0.00463469	0.00424436	0.00363481	0.00301313	0.00266549	0.00242823	

94	4.727	0	0	task-3:0.000677966	task-0:0.00889831	task-1:0.389661	task-2:0.439831	|	0.0251459	0.0247615	0.0237657	0.0223097	0.0207673	0.0181162	0.0148827	0.0140173	0.0132065	0.0128623	0.0126638	0.0123328	0.0118362	0.0114649	0.0112101	0.0108692	0.0102778	0.00960619	0.0085473	0.00911966	0.00844934	0.00754622	0.00744119	0.00731718	0.00706794	0.006621	0.00597837	0.00649313	0.00961149	0.0056672	0.00557392	0.0054738	0.00547225	0.00546695	0.00545527	0.00543278	0.00539551	0.00535126	0.00529645	0.00526129	0.00519209	0.00505887	0.00482384	0.00522016	0.00491037	0.004593	0.00457595	0.00454464	0.00449596	0.00445407	0.00442242	0.00441486	0.00441241	0.00440602	0.00439506	0.00438467	0.00438149	0.00437239	0.00435416	0.00432257	0.00428549	0.00421259	0.00409515	0.0042393	0.0040637	0.0039847	0.00397626	0.00396418	0.00393915	0.00388918	0.00379223	0.00361385	0.003688	0.00611123	0.00340668	0.00333848	0.00332843	0.00332406	0.00331752	0.00330243	0.00327159	0.00321007	0.00309046	0.00286659	0.00350781	0.00944599	0.00255514	0.00255076	0.00255103	0.0025478	0.00254087	0.00252747	0.00250454	0.0025012	0.0024836	

30	1.404	0	0	task-3:0.00308333	task-0:0.0284167	task-1:0.5	task-2:0.378333	|	0.026146	0.0255036	0.02387	0.021467	0.0189809	0.0172585	0.0139195	0.00958372	0.0108046	0.00752818	0.00713937	0.00646744	0.00538035	0.0041222	0.00699378	0.00422319	0.00335393	0.00332305	0.00327083	0.00318018	0.003042	0.0029246	0.00289519	0.00284313	0.00279838	0.00276935	0.00273222	0.00267995	0.00261634	0.00253588	0.00239015	

