8	0.027	32	0	task-3:0.174	task-0:0.21	task-1:0.492	task-2:0.25	|	0.0461303	0.0799951	0.0789305	0.0703729	0.0714019	0.0431189	0.0514346	0.0322344	

11	0.04	32	0	task-3:0.124	task-0:0.16	task-1:0.31	task-2:0.128	|	0.0852374	0.08	0.0799955	0.0737887	0.0896135	0.0806873	0.0649735	0.0530352	0.0464373	0.0433021	0.0340929	

9	0.041	32	0	task-3:0.208	task-0:0.08	task-1:0.124	task-2:0.068	|	0.0563786	0.14	0.139998	0.12891	0.0577336	0.0567876	0.0449107	0.045528	0.0399525	

15	0.064	32	0	task-3:0.122	task-0:0.178	task-1:0.314	task-2:0.184	|	0.093145	0.0799999	0.0799983	0.0788538	0.0585496	0.0511823	0.0476125	0.0475488	0.0495303	0.0501371	0.0480068	0.0468014	0.0451043	0.0400175	0.0316838	

13	0.058	32	0	task-3:0.074	task-0:0.066	task-1:0.176	task-2:0.204	|	0.12426	0.0799997	0.0799961	0.0759077	0.059216	0.0494245	0.0509645	0.0504351	0.0485209	0.0459302	0.0433911	0.041861	0.0396344	

9	0.038	32	0	task-3:0.5	task-0:0.076	task-1:0.504	task-2:0.5	|	0.0598475	0.08	0.0799993	0.07884	0.0611353	0.0700427	0.0435729	0.0438907	0.031537	

11	0.043	32	0	task-3:0.152	task-0:0.248	task-1:0.224	task-2:0.148	|	0.0709909	0.14	0.139999	0.135982	0.0584352	0.0519706	0.0476916	0.0483782	0.0466024	0.0419875	0.0370433	

11	0.038	32	0	task-3:0.156	task-0:0.208	task-1:0.37	task-2:0.124	|	0.0643012	0.139997	0.139918	0.117951	0.0585089	0.0576699	0.0518578	0.0476244	0.0465671	0.0433685	0.0391067	

8	0.029	32	0	task-3:0.47	task-0:0.148	task-1:0.426	task-2:0.468	|	0.0534719	0.08	0.0799988	0.0787723	0.0466286	0.0743111	0.0575044	0.0311204	

5	0.016	32	0	task-3:0.5	task-0:0.21	task-1:0.478	task-2:0.5	|	0.0553683	0.0755776	0.0723194	0.0513603	0.0390964	

15	0.047	32	0	task-3:0.164	task-0:0.18	task-1:0.222	task-2:0.152	|	0.0514973	0.0799999	0.0799992	0.0790002	0.0542843	0.04916	0.0481825	0.0506065	0.0494464	0.0471779	0.0456054	0.0445844	0.0425631	0.0404655	0.038676	

14	0.047	32	0	task-3:0.204	task-0:0.12	task-1:0.286	task-2:0.14	|	0.0558873	0.14	0.139999	0.137875	0.0493626	0.0504731	0.048868	0.0487934	0.0480037	0.0450789	0.0432219	0.0430932	0.041143	0.0356094	

13	0.057	32	0	task-3:0.118	task-0:0.148	task-1:0.504	task-2:0.284	|	0.0521457	0.139984	0.138397	0.0535907	0.0476559	0.0621233	0.0586346	0.0512772	0.0463112	0.0442638	0.0444422	0.0429788	0.0389293	

15	0.054	32	0	task-3:0.332	task-0:0.296	task-1:0.236	task-2:0.314	|	0.052835	0.14	0.139999	0.134714	0.0674577	0.064643	0.0489354	0.0494239	0.0495823	0.0469112	0.0451046	0.0450757	0.0442036	0.0412648	0.0382779	

13	0.041	32	0	task-3:0.108	task-0:0.224	task-1:0.356	task-2:0.25	|	0.0590692	0.08	0.0799998	0.0795372	0.0457818	0.0451989	0.0496255	0.0518074	0.0520449	0.0508898	0.0475397	0.0424713	0.0364833	

11	0.036	32	0	task-3:0.208	task-0:0.39	task-1:0.502	task-2:0.056	|	0.0727252	0.0799999	0.079999	0.0790988	0.0538329	0.049408	0.0493363	0.047943	0.0459648	0.0423759	0.0397421	

15	0.05	32	0	task-3:0.256	task-0:0.174	task-1:0.092	task-2:0.412	|	0.0727975	0.139993	0.139818	0.0927077	0.0670353	0.0618116	0.0504884	0.0486743	0.0503409	0.0448142	0.0448423	0.0457535	0.043458	0.0400251	0.0371611	

10	0.031	32	0	task-3:0.5	task-0:0.244	task-1:0.312	task-2:0.13	|	0.0525711	0.139975	0.127162	0.0782781	0.0714254	0.0826024	0.0725064	0.0655635	0.052313	0.0304579	

8	0.026	32	0	task-3:0.102	task-0:0.098	task-1:0.236	task-2:0.21	|	0.117743	0.08	0.0799989	0.0786197	0.0499469	0.0553902	0.0427013	0.0303798	

15	0.048	32	0	task-3:0.184	task-0:0.268	task-1:0.208	task-2:0.454	|	0.0618723	0.14	0.139996	0.13125	0.0550331	0.0535039	0.0472345	0.0468924	0.0468918	0.0446017	0.0426088	0.04141	0.0421452	0.0421839	0.0393821	

8	0.028	32	0	task-3:0.5	task-0:0.126	task-1:0.504	task-2:0.362	|	0.0677971	0.14	0.139998	0.134199	0.054628	0.0558974	0.0451001	0.0395182	

18	0.067	32	0	task-3:0.27	task-0:0.348	task-1:0.304	task-2:0.15	|	0.0564254	0.14	0.139999	0.139247	0.0644524	0.0689791	0.0572485	0.0568609	0.0572657	0.0534382	0.0499249	0.0483485	0.049135	0.0486192	0.0466265	0.0436569	0.040612	0.0392989	

10	0.037	32	0	task-3:0.074	task-0:0.158	task-1:0.26	task-2:0.224	|	0.0579757	0.139997	0.139787	0.100602	0.0559691	0.0548222	0.047661	0.046532	0.0437906	0.0384857	

17	0.074	32	0	task-3:0.072	task-0:0.068	task-1:0.104	task-2:0.156	|	0.0927402	0.08	0.0799998	0.0786703	0.0781412	0.0704545	0.0584462	0.0582571	0.0569919	0.0556236	0.0549531	0.0547785	0.0532671	0.0515158	0.04965	0.0434755	0.0336801	

12	0.039	32	0	task-3:0.278	task-0:0.06	task-1:0.1	task-2:0.106	|	0.053752	0.14	0.14	0.138157	0.0563333	0.0547681	0.0634784	0.0569446	0.0430377	0.044948	0.0444843	0.0379632	

15	0.049	32	0	task-3:0.106	task-0:0.17	task-1:0.176	task-2:0.252	|	0.0978162	0.0799986	0.0799872	0.075299	0.0754378	0.058065	0.0513545	0.0516193	0.0512377	0.0502521	0.0487413	0.0472012	0.0449675	0.0423955	0.0393153	

3000	9.412	32	0	task-3:0.212	task-0:0.5	task-1:0.464	task-2:0.04	|	0.068187	0.08	0.0799986	0.0783028	0.0603058	0.0551332	0.0492822	0.0475615	0.0471574	0.0460031	0.0454502	0.0444951	0.0432108	0.0427613	0.0429264	0.0433656	0.0440088	0.0447774	0.0457563	0.0486915	0.0501771	0.0505511	0.050587	0.0504916	0.0506394	0.0506477	0.0506285	0.0506103	0.0505886	0.0505624	0.0506463	0.0506574	0.0492176	0.0479146	0.0468763	0.0461666	0.0457577	0.0428751	0.0427212	0.0437541	0.0543662	0.0541394	0.0537246	0.0529228	0.051383	0.0494824	0.05371	0.0550899	0.0491343	0.0472743	0.0482896	0.0482152	0.047445	0.04712	0.0470436	0.0468961	0.0467715	0.0466588	0.0465411	0.0463813	0.0462259	0.0460925	0.0460097	0.0456701	0.0460936	0.0461117	0.0460768	0.0460417	0.0460178	0.0460022	0.046006	0.0460034	0.0460034	0.0460034	0.0460013	0.0460009	0.0460003	0.046	0.0460003	0.0460003	0.0460002	0.0460002	0.0460002	0.0460001	0.0460001	0.046	0.046	0.046	0.046	0.046	0.046	0.046	0.046	0.046	0.046	0.046	0.046	0.046	0.046	0.046	0.046	0.046	0.046	0.046	0.046	0.046	0.046	0.046	0.046	0.046	0.046	0.046	0.046	0.046	0.046	0.046	0.046	0.046	0.046	0.046	0.046	0.046	0.046	0.046	0.046	0.046	0.046	0.046	0.046	0.046	0.046	0.046	0.046	0.046	0.046	0.046	0.046	0.046	0.046	0.046	0.046	0.046	0.046	0.046	0.046	0.046	0.046	0.046	0.046	0.046	0.046	0.046	0.046	0.046	0.046	0.046	0.046	0.046	0.046	0.046	0.046	0.046	0.046	0.046	0.046	0.046	0.046	0.046	0.046	0.046	0.046	0.046	0.046	0.046	0.046	0.046	0.046	0.046	0.046	0.046	0.046	0.046	0.046	0.046	0.046	0.046	0.046	0.046	0.046	0.046	0.046	0.046	0.046	0.046	0.046	0.046	0.046	0.046	0.046	0.046	0.046	0.046	0.046	0.046	0.046	0.046	0.046	0.046	0.046	0.046	0.046	0.046	0.046	0.046	0.046	0.046	0.046	0.046	0.046	0.046	0.046	0.046	0.046	0.046	0.046	0.046	0.046	0.046	0.046	0.046	0.046	0.046	0.046	0.046	0.046	0.046	0.046	0.046	0.046	0.046	0.046	0.046	0.046	0.046	0.046	0.046	0.046	0.046	0.046	0.046	0.046	0.046	0.046	0.046	0.046	0.046	0.046	0.046	0.046	0.046	0.046	0.046	0.046	0.046	0.046	0.046	0.046	0.046	0.046	0.046	0.046	0.046	0.046	0.046	0.046	0.046	0.046	0.046	0.046	0.046	0.046	0.046	0.046	0.046	0.046	0.046	0.046	0.046	0.046	0.046	0.046	0.046	0.046	0.046	0.046	0.046	0.046	0.046	0.046	0.046	0.046	0.046	0.046	0.046	0.046	0.046	0.046	0.046	0.046	0.046	0.046	0.046	0.046	0.046	0.046	0.046	0.046	0.046	0.046	0.046	0.046	0.046	0.046	0.046	0.046	0.046	0.046	0.046	0.046	0.046	0.046	0.046	0.046	0.046	0.046	0.046	0.046	0.046	0.046	0.046	0.046	0.046	0.046	0.046	0.046	0.046	0.046	0.046	0.046	0.046	0.046	0.046	0.046	0.046	0.046	0.046	0.046	0.046	0.046	0.046	0.046	0.046	0.046	0.046	0.046	0.046	0.046	0.046	0.046	0.046	0.046	0.046	0.046	0.046	0.046	0.046	0.046	0.046	0.046	0.046	0.046	0.046	0.046	0.046	0.046	0.046	0.046	0.046	0.046	0.046	0.046	0.046	0.046	0.046	0.046	0.046	0.046	0.046	0.046	0.046	0.046	0.046	0.046	0.046	0.046	0.046	0.046	0.046	0.046	0.046	0.046	0.046	0.046	0.046	0.046	0.046	0.046	0.046	0.046	0.046	0.046	0.046	0.046	0.046	0.046	0.046	0.046	0.046	0.046	0.046	0.046	0.046	0.046	0.046	0.046	0.046	0.046	0.046	0.046	0.046	0.046	0.046	0.046	0.046	0.046	0.046	0.046	0.046	0.046	0.046	0.046	0.046	0.046	0.046	0.046	0.046	0.046	0.046	0.046	0.046	0.046	0.046	0.046	0.046	0.046	0.046	0.046	0.046	0.046	0.046	0.046	0.046	0.046	0.046	0.046	0.046	0.046	0.046	0.046	0.046	0.046	0.046	0.046	0.046	0.046	0.046	0.046	0.046	0.046	0.046	0.046	0.046	0.046	0.046	0.046	0.046	0.046	0.046	0.046	0.046	0.046	0.046	0.046	0.046	0.046	0.046	0.046	0.046	0.046	0.046	0.046	0.046	0.046	0.046	0.046	0.046	0.046	0.046	0.046	0.046	0.046	0.046	0.046	0.046	0.046	0.046	0.046	0.046	0.046	0.046	0.046	0.046	0.046	0.046	0.046	0.046	0.046	0.046	0.046	0.046	0.046	0.046	0.046	0.046	0.046	0.046	0.046	0.046	0.046	0.046	0.046	0.046	0.046	0.046	0.046	0.046	0.046	0.046	0.046	0.046	0.046	0.046	0.046	0.046	0.046	0.046	0.046	0.046	0.046	0.046	0.046	0.046	0.046	0.046	0.046	0.046	0.046	0.046	0.046	0.046	0.046	0.046	0.046	0.046	0.046	0.046	0.046	0.046	0.046	0.046	0.046	0.046	0.046	0.046	0.046	0.046	0.046	0.046	0.046	0.046	0.046	0.046	0.046	0.046	0.046	0.046	0.046	0.046	0.046	0.046	0.046	0.046	0.046	0.046	0.046	0.046	0.046	0.046	0.046	0.046	0.046	0.046	0.046	0.046	0.046	0.046	0.046	0.046	0.046	0.046	0.046	0.046	0.046	0.046	0.046	0.046	0.046	0.046	0.046	0.046	0.046	0.046	0.046	0.046	0.046	0.046	0.046	0.046	0.046	0.046	0.046	0.046	0.046	0.046	0.046	0.046	0.046	0.046	0.046	0.046	0.046	0.046	0.046	0.046	0.046	0.046	0.046	0.046	0.046	0.046	0.046	0.046	0.046	0.046	0.046	0.046	0.046	0.046	0.046	0.046	0.046	0.046	0.046	0.046	0.046	0.046	0.046	0.046	0.046	0.046	0.046	0.046	0.046	0.046	0.046	0.046	0.046	0.046	0.046	0.046	0.046	0.046	0.046	0.046	0.046	0.046	0.046	0.046	0.046	0.046	0.046	0.046	0.046	0.046	0.046	0.046	0.046	0.046	0.046	0.046	0.046	0.046	0.046	0.046	0.046	0.046	0.046	0.046	0.046	0.046	0.046	0.046	0.046	0.046	0.046	0.046	0.046	0.046	0.046	0.046	0.046	0.046	0.046	0.046	0.046	0.046	0.046	0.046	0.046	0.046	0.046	0.046	0.046	0.046	0.046	0.046	0.046	0.046	0.046	0.046	0.046	0.046	0.046	0.046	0.046	0.046	0.046	0.046	0.046	0.046	0.046	0.046	0.046	0.046	0.046	0.046	0.046	0.046	0.046	0.046	0.046	0.046	0.046	0.046	0.046	0.046	0.046	0.046	0.046	0.046	0.046	0.046	0.046	0.046	0.046	0.046	0.046	0.046	0.046	0.046	0.046	0.046	0.046	0.046	0.046	0.046	0.046	0.046	0.046	0.046	0.046	0.046	0.046	0.046	0.046	0.046	0.046	0.046	0.046	0.046	0.046	0.046	0.046	0.046	0.046	0.046	0.046	0.046	0.046	0.046	0.046	0.046	0.046	0.046	0.046	0.046	0.046	0.046	0.046	0.046	0.046	0.046	0.046	0.046	0.046	0.046	0.046	0.046	0.046	0.046	0.046	0.046	0.046	0.046	0.046	0.046	0.046	0.046	0.046	0.046	0.046	0.046	0.046	0.046	0.046	0.046	0.046	0.046	0.046	0.046	0.046	0.046	0.046	0.046	0.046	0.046	0.046	0.046	0.046	0.046	0.046	0.046	0.046	0.046	0.046	0.046	0.046	0.046	0.046	0.046	0.046	0.046	0.046	0.046	0.046	0.046	0.046	0.046	0.046	0.046	0.046	0.046	0.046	0.046	0.046	0.046	0.046	0.046	0.046	0.046	0.046	0.046	0.046	0.046	0.046	0.046	0.046	0.046	0.046	0.046	0.046	0.046	0.046	0.046	0.046	0.046	0.046	0.046	0.046	0.046	0.046	0.046	0.046	0.046	0.046	0.046	0.046	0.046	0.046	0.046	0.046	0.046	0.046	0.046	0.046	0.046	0.046	0.046	0.046	0.046	0.046	0.046	0.046	0.046	0.046	0.046	0.046	0.046	0.046	0.046	0.046	0.046	0.046	0.046	0.046	0.046	0.046	0.046	0.046	0.046	0.046	0.046	0.046	0.046	0.046	0.046	0.046	0.046	0.046	0.046	0.046	0.046	0.046	0.046	0.046	0.046	0.046	0.046	0.046	0.046	0.046	0.046	0.046	0.046	0.046	0.046	0.046	0.046	0.046	0.046	0.046	0.046	0.046	0.046	0.046	0.046	0.046	0.046	0.046	0.046	0.046	0.046	0.046	0.046	0.046	0.046	0.046	0.046	0.046	0.046	0.046	0.046	0.046	0.046	0.046	0.046	0.046	0.046	0.046	0.046	0.046	0.046	0.046	0.046	0.046	0.046	0.046	0.046	0.046	0.046	0.046	0.046	0.046	0.046	0.046	0.046	0.046	0.046	0.046	0.046	0.046	0.046	0.046	0.046	0.046	0.046	0.046	0.046	0.046	0.046	0.046	0.046	0.046	0.046	0.046	0.046	0.046	0.046	0.046	0.046	0.046	0.046	0.046	0.046	0.046	0.046	0.046	0.046	0.046	0.046	0.046	0.046	0.046	0.046	0.046	0.046	0.046	0.046	0.046	0.046	0.046	0.046	0.046	0.046	0.046	0.046	0.046	0.046	0.046	0.046	0.046	0.046	0.046	0.046	0.046	0.046	0.046	0.046	0.046	0.046	0.046	0.046	0.046	0.046	0.046	0.046	0.046	0.046	0.046	0.046	0.046	0.046	0.046	0.046	0.046	0.046	0.046	0.046	0.046	0.046	0.046	0.046	0.046	0.046	0.046	0.046	0.046	0.046	0.046	0.046	0.046	0.046	0.046	0.046	0.046	0.046	0.046	0.046	0.046	0.046	0.046	0.046	0.046	0.046	0.046	0.046	0.046	0.046	0.046	0.046	0.046	0.046	0.046	0.046	0.046	0.046	0.046	0.046	0.046	0.046	0.046	0.046	0.046	0.046	0.046	0.046	0.046	0.046	0.046	0.046	0.046	0.046	0.046	0.046	0.046	0.046	0.046	0.046	0.046	0.046	0.046	0.046	0.046	0.046	0.046	0.046	0.046	0.046	0.046	0.046	0.046	0.046	0.046	0.046	0.046	0.046	0.046	0.046	0.046	0.046	0.046	0.046	0.046	0.046	0.046	0.046	0.046	0.046	0.046	0.046	0.046	0.046	0.046	0.046	0.046	0.046	0.046	0.046	0.046	0.046	0.046	0.046	0.046	0.046	0.046	0.046	0.046	0.046	0.046	0.046	0.046	0.046	0.046	0.046	0.046	0.046	0.046	0.046	0.046	0.046	0.046	0.046	0.046	0.046	0.046	0.046	0.046	0.046	0.046	0.046	0.046	0.046	0.046	0.046	0.046	0.046	0.046	0.046	0.046	0.046	0.046	0.046	0.046	0.046	0.046	0.046	0.046	0.046	0.046	0.046	0.046	0.046	0.046	0.046	0.046	0.046	0.046	0.046	0.046	0.046	0.046	0.046	0.046	0.046	0.046	0.046	0.046	0.046	0.046	0.046	0.046	0.046	0.046	0.046	0.046	0.046	0.046	0.046	0.046	0.046	0.046	0.046	0.046	0.046	0.046	0.046	0.046	0.046	0.046	0.046	0.046	0.046	0.046	0.046	0.046	0.046	0.046	0.046	0.046	0.046	0.046	0.046	0.046	0.046	0.046	0.046	0.046	0.046	0.046	0.046	0.046	0.046	0.046	0.046	0.046	0.046	0.046	0.046	0.046	0.046	0.046	0.046	0.046	0.046	0.046	0.046	0.046	0.046	0.046	0.046	0.046	0.046	0.046	0.046	0.046	0.046	0.046	0.046	0.046	0.046	0.046	0.046	0.046	0.046	0.046	0.046	0.046	0.046	0.046	0.046	0.046	0.046	0.046	0.046	0.046	0.046	0.046	0.046	0.046	0.046	0.046	0.046	0.046	0.046	0.046	0.046	0.046	0.046	0.046	0.046	0.046	0.046	0.046	0.046	0.046	0.046	0.046	0.046	0.046	0.046	0.046	0.046	0.046	0.046	0.046	0.046	0.046	0.046	0.046	0.046	0.046	0.046	0.046	0.046	0.046	0.046	0.046	0.046	0.046	0.046	0.046	0.046	0.046	0.046	0.046	0.046	0.046	0.046	0.046	0.046	0.046	0.046	0.046	0.046	0.046	0.046	0.046	0.046	0.046	0.046	0.046	0.046	0.046	0.046	0.046	0.046	0.046	0.046	0.046	0.046	0.046	0.046	0.046	0.046	0.046	0.046	0.046	0.046	0.046	0.046	0.046	0.046	0.046	0.046	0.046	0.046	0.046	0.046	0.046	0.046	0.046	0.046	0.046	0.046	0.046	0.046	0.046	0.046	0.046	0.046	0.046	0.046	0.046	0.046	0.046	0.046	0.046	0.046	0.046	0.046	0.046	0.046	0.046	0.046	0.046	0.046	0.046	0.046	0.046	0.046	0.046	0.046	0.046	0.046	0.046	0.046	0.046	0.046	0.046	0.046	0.046	0.046	0.046	0.046	0.046	0.046	0.046	0.046	0.046	0.046	0.046	0.046	0.046	0.046	0.046	0.046	0.046	0.046	0.046	0.046	0.046	0.046	0.046	0.046	0.046	0.046	0.046	0.046	0.046	0.046	0.046	0.046	0.046	0.046	0.046	0.046	0.046	0.046	0.046	0.046	0.046	0.046	0.046	0.046	0.046	0.046	0.046	0.046	0.046	0.046	0.046	0.046	0.046	0.046	0.046	0.046	0.046	0.046	0.046	0.046	0.046	0.046	0.046	0.046	0.046	0.046	0.046	0.046	0.046	0.046	0.046	0.046	0.046	0.046	0.046	0.046	0.046	0.046	0.046	0.046	0.046	0.046	0.046	0.046	0.046	0.046	0.046	0.046	0.046	0.046	0.046	0.046	0.046	0.046	0.046	0.046	0.046	0.046	0.046	0.046	0.046	0.046	0.046	0.046	0.046	0.046	0.046	0.046	0.046	0.046	0.046	0.046	0.046	0.046	0.046	0.046	0.046	0.046	0.046	0.046	0.046	0.046	0.046	0.046	0.046	0.046	0.046	0.046	0.046	0.046	0.046	0.046	0.046	0.046	0.046	0.046	0.046	0.046	0.046	0.046	0.046	0.046	0.046	0.046	0.046	0.046	0.046	0.046	0.046	0.046	0.046	0.046	0.046	0.046	0.046	0.046	0.046	0.046	0.046	0.046	0.046	0.046	0.046	0.046	0.046	0.046	0.046	0.046	0.046	0.046	0.046	0.046	0.046	0.046	0.046	0.046	0.046	0.046	0.046	0.046	0.046	0.046	0.046	0.046	0.046	0.046	0.046	0.046	0.046	0.046	0.046	0.046	0.046	0.046	0.046	0.046	0.046	0.046	0.046	0.046	0.046	0.046	0.046	0.046	0.046	0.046	0.046	0.046	0.046	0.046	0.046	0.046	0.046	0.046	0.046	0.046	0.046	0.046	0.046	0.046	0.046	0.046	0.046	0.046	0.046	0.046	0.046	0.046	0.046	0.046	0.046	0.046	0.046	0.046	0.046	0.046	0.046	0.046	0.046	0.046	0.046	0.046	0.046	0.046	0.046	0.046	0.046	0.046	0.046	0.046	0.046	0.046	0.046	0.046	0.046	0.046	0.046	0.046	0.046	0.046	0.046	0.046	0.046	0.046	0.046	0.046	0.046	0.046	0.046	0.046	0.046	0.046	0.046	0.046	0.046	0.046	0.046	0.046	0.046	0.046	0.046	0.046	0.046	0.046	0.046	0.046	0.046	0.046	0.046	0.046	0.046	0.046	0.046	0.046	0.046	0.046	0.046	0.046	0.046	0.046	0.046	0.046	0.046	0.046	0.046	0.046	0.046	0.046	0.046	0.046	0.046	0.046	0.046	0.046	0.046	0.046	0.046	0.046	0.046	0.046	0.046	0.046	0.046	0.046	0.046	0.046	0.046	0.046	0.046	0.046	0.046	0.046	0.046	0.046	0.046	0.046	0.046	0.046	0.046	0.046	0.046	0.046	0.046	0.046	0.046	0.046	0.046	0.046	0.046	0.046	0.046	0.046	0.046	0.046	0.046	0.046	0.046	0.046	0.046	0.046	0.046	0.046	0.046	0.046	0.046	0.046	0.046	0.046	0.046	0.046	0.046	0.046	0.046	0.046	0.046	0.046	0.046	0.046	0.046	0.046	0.046	0.046	0.046	0.046	0.046	0.046	0.046	0.046	0.046	0.046	0.046	0.046	0.046	0.046	0.046	0.046	0.046	0.046	0.046	0.046	0.046	0.046	0.046	0.046	0.046	0.046	0.046	0.046	0.046	0.046	0.046	0.046	0.046	0.046	0.046	0.046	0.046	0.046	0.046	0.046	0.046	0.046	0.046	0.046	0.046	0.046	0.046	0.046	0.046	0.046	0.046	0.046	0.046	0.046	0.046	0.046	0.046	0.046	0.046	0.046	0.046	0.046	0.046	0.046	0.046	0.046	0.046	0.046	0.046	0.046	0.046	0.046	0.046	0.046	0.046	0.046	0.046	0.046	0.046	0.046	0.046	0.046	0.046	0.046	0.046	0.046	0.046	0.046	0.046	0.046	0.046	0.046	0.046	0.046	0.046	0.046	0.046	0.046	0.046	0.046	0.046	0.046	0.046	0.046	0.046	0.046	0.046	0.046	0.046	0.046	0.046	0.046	0.046	0.046	0.046	0.046	0.046	0.046	0.046	0.046	0.046	0.046	0.046	0.046	0.046	0.046	0.046	0.046	0.046	0.046	0.046	0.046	0.046	0.046	0.046	0.046	0.046	0.046	0.046	0.046	0.046	0.046	0.046	0.046	0.046	0.046	0.046	0.046	0.046	0.046	0.046	0.046	0.046	0.046	0.046	0.046	0.046	0.046	0.046	0.046	0.046	0.046	0.046	0.046	0.046	0.046	0.046	0.046	0.046	0.046	0.046	0.046	0.046	0.046	0.046	0.046	0.046	0.046	0.046	0.046	0.046	0.046	0.046	0.046	0.046	0.046	0.046	0.046	0.046	0.046	0.046	0.046	0.046	0.046	0.046	0.046	0.046	0.046	0.046	0.046	0.046	0.046	0.046	0.046	0.046	0.046	0.046	0.046	0.046	0.046	0.046	0.046	0.046	0.046	0.046	0.046	0.046	0.046	0.046	0.046	0.046	0.046	0.046	0.046	0.046	0.046	0.046	0.046	0.046	0.046	0.046	0.046	0.046	0.046	0.046	0.046	0.046	0.046	0.046	0.046	0.046	0.046	0.046	0.046	0.046	0.046	0.046	0.046	0.046	0.046	0.046	0.046	0.046	0.046	0.046	0.046	0.046	0.046	0.046	0.046	0.046	0.046	0.046	0.046	0.046	0.046	0.046	0.046	0.046	0.046	0.046	0.046	0.046	0.046	0.046	0.046	0.046	0.046	0.046	0.046	0.046	0.046	0.046	0.046	0.046	0.046	0.046	0.046	0.046	0.046	0.046	0.046	0.046	0.046	0.046	0.046	0.046	0.046	0.046	0.046	0.046	0.046	0.046	0.046	0.046	0.046	0.046	0.046	0.046	0.046	0.046	0.046	0.046	0.046	0.046	0.046	0.046	0.046	0.046	0.046	0.046	0.046	0.046	0.046	0.046	0.046	0.046	0.046	0.046	0.046	0.046	0.046	0.046	0.046	0.046	0.046	0.046	0.046	0.046	0.046	0.046	0.046	0.046	0.046	0.046	0.046	0.046	0.046	0.046	0.046	0.046	0.046	0.046	0.046	0.046	0.046	0.046	0.046	0.046	0.046	0.046	0.046	0.046	0.046	0.046	0.046	0.046	0.046	0.046	0.046	0.046	0.046	0.046	0.046	0.046	0.046	0.046	0.046	0.046	0.046	0.046	0.046	0.046	0.046	0.046	0.046	0.046	0.046	0.046	0.046	0.046	0.046	0.046	0.046	0.046	0.046	0.046	0.046	0.046	0.046	0.046	0.046	0.046	0.046	0.046	0.046	0.046	0.046	0.046	0.046	0.046	0.046	0.046	0.046	0.046	0.046	0.046	0.046	0.046	0.046	0.046	0.046	0.046	0.046	0.046	0.046	0.046	0.046	0.046	0.046	0.046	0.046	0.046	0.046	0.046	0.046	0.046	0.046	0.046	0.046	0.046	0.046	0.046	0.046	0.046	0.046	0.046	0.046	0.046	0.046	0.046	0.046	0.046	0.046	0.046	0.046	0.046	0.046	0.046	0.046	0.046	0.046	0.046	0.046	0.046	0.046	0.046	0.046	0.046	0.046	0.046	0.046	0.046	0.046	0.046	0.046	0.046	0.046	0.046	0.046	0.046	0.046	0.046	0.046	0.046	0.046	0.046	0.046	0.046	0.046	0.046	0.046	0.046	0.046	0.046	0.046	0.046	0.046	0.046	0.046	0.046	0.046	0.046	0.046	0.046	0.046	0.046	0.046	0.046	0.046	0.046	0.046	0.046	0.046	0.046	0.046	0.046	0.046	0.046	0.046	0.046	0.046	0.046	0.046	0.046	0.046	0.046	0.046	0.046	0.046	0.046	0.046	0.046	0.046	0.046	0.046	0.046	0.046	0.046	0.046	0.046	0.046	0.046	0.046	0.046	0.046	0.046	0.046	0.046	0.046	0.046	0.046	0.046	0.046	0.046	0.046	0.046	0.046	0.046	0.046	0.046	0.046	0.046	0.046	0.046	0.046	0.046	0.046	0.046	0.046	0.046	0.046	0.046	0.046	0.046	0.046	0.046	0.046	0.046	0.046	0.046	0.046	0.046	0.046	0.046	0.046	0.046	0.046	0.046	0.046	0.046	0.046	0.046	0.046	0.046	0.046	0.046	0.046	0.046	0.046	0.046	0.046	0.046	0.046	0.046	0.046	0.046	0.046	0.046	0.046	0.046	0.046	0.046	0.046	0.046	0.046	0.046	0.046	0.046	0.046	0.046	0.046	0.046	0.046	0.046	0.046	0.046	0.046	0.046	0.046	0.046	0.046	0.046	0.046	0.046	0.046	0.046	0.046	0.046	0.046	0.046	0.046	0.046	0.046	0.046	0.046	0.046	0.046	0.046	0.046	0.046	0.046	0.046	0.046	0.046	0.046	0.046	0.046	0.046	0.046	0.046	0.046	0.046	0.046	0.046	0.046	0.046	0.046	0.046	0.046	0.046	0.046	0.046	0.046	0.046	0.046	0.046	0.046	0.046	0.046	0.046	0.046	0.046	0.046	0.046	0.046	0.046	0.046	0.046	0.046	0.046	0.046	0.046	0.046	0.046	0.046	0.046	0.046	0.046	0.046	0.046	0.046	0.046	0.046	0.046	0.046	0.046	0.046	0.046	0.046	0.046	0.046	0.046	0.046	0.046	0.046	0.046	0.046	0.046	0.046	0.046	0.046	0.046	0.046	0.046	0.046	0.046	0.046	0.046	0.046	0.046	0.046	0.046	0.046	0.046	0.046	0.046	0.046	0.046	0.046	0.046	0.046	0.046	0.046	0.046	0.046	0.046	0.046	0.046	0.046	0.046	0.046	0.046	0.046	0.046	0.046	0.046	0.046	0.046	0.046	0.046	0.046	0.046	0.046	0.046	0.046	0.046	0.046	0.046	0.046	0.046	0.046	0.046	0.046	0.046	0.046	0.046	0.046	0.046	0.046	0.046	0.046	0.046	0.046	0.046	0.046	0.046	0.046	0.046	0.046	0.046	0.046	0.046	0.046	0.046	0.046	0.046	0.046	0.046	0.046	0.046	0.046	0.046	0.046	0.046	0.046	0.046	0.046	0.046	0.046	0.046	0.046	0.046	0.046	0.046	0.046	0.046	0.046	0.046	0.046	0.046	0.046	0.046	0.046	0.046	0.046	0.046	0.046	0.046	0.046	0.046	0.046	0.046	0.046	0.046	0.046	0.046	0.046	0.046	0.046	0.046	0.046	0.046	0.046	0.046	0.046	0.046	0.046	0.046	0.046	0.046	0.046	0.046	0.046	0.046	0.046	0.046	0.046	0.046	0.046	0.046	0.046	0.046	0.046	0.046	0.046	0.046	0.046	0.046	0.046	0.046	0.046	0.046	0.046	0.046	0.046	0.046	0.046	0.046	0.046	0.046	0.046	0.046	0.046	0.046	0.046	0.046	0.046	0.046	0.046	0.046	0.046	0.046	0.046	0.046	0.046	0.046	0.046	0.046	0.046	0.046	0.046	0.046	0.046	0.046	0.046	0.046	0.046	0.046	0.046	0.046	0.046	0.046	0.046	0.046	0.046	0.046	0.046	0.046	0.046	0.046	0.046	0.046	0.046	0.046	0.046	0.046	0.046	0.046	0.046	0.046	0.046	0.046	0.046	0.046	0.046	0.046	0.046	0.046	0.046	0.046	0.046	0.046	0.046	0.046	0.046	0.046	0.046	0.046	0.046	0.046	0.046	0.046	0.046	0.046	0.046	0.046	0.046	0.046	0.046	0.046	0.046	0.046	0.046	0.046	0.046	0.046	0.046	0.046	0.046	0.046	0.046	0.046	0.046	0.046	0.046	0.046	0.046	0.046	0.046	0.046	0.046	0.046	0.046	0.046	0.046	0.046	0.046	0.046	0.046	0.046	0.046	0.046	0.046	0.046	0.046	0.046	0.046	0.046	0.046	0.046	0.046	0.046	0.046	0.046	0.046	0.046	0.046	0.046	0.046	0.046	0.046	0.046	0.046	0.046	0.046	0.046	0.046	0.046	0.046	0.046	0.046	0.046	0.046	0.046	0.046	0.046	0.046	0.046	0.046	0.046	0.046	0.046	0.046	0.046	0.046	0.046	0.046	0.046	0.046	0.046	0.046	0.046	0.046	0.046	0.046	0.046	0.046	0.046	0.046	0.046	0.046	0.046	0.046	0.046	0.046	0.046	0.046	0.046	0.046	0.046	0.046	0.046	0.046	0.046	0.046	0.046	0.046	0.046	0.046	0.046	0.046	0.046	0.046	0.046	0.046	0.046	0.046	0.046	0.046	0.046	0.046	0.046	0.046	0.046	0.046	0.046	0.046	0.046	0.046	0.046	0.046	0.046	0.046	0.046	0.046	0.046	0.046	0.046	0.046	

7	0.022	32	0	task-3:0.5	task-0:0.294	task-1:0.144	task-2:0.5	|	0.0750406	0.08	0.0799993	0.0780721	0.0669392	0.0543983	0.0374781	

13	0.04	32	0	task-3:0.014	task-0:0.15	task-1:0.13	task-2:0.052	|	0.121185	0.0799999	0.0799984	0.0757111	0.107136	0.0947657	0.0629084	0.0582287	0.0553786	0.0501902	0.0480303	0.0426357	0.0379194	

16	0.049	32	0	task-3:0.124	task-0:0.14	task-1:0.242	task-2:0.05	|	0.0577849	0.0799998	0.079992	0.073436	0.102986	0.09313	0.0691493	0.0609301	0.0624494	0.0588823	0.0541554	0.0520431	0.0501047	0.0467879	0.0416054	0.0370114	

13	0.041	32	0	task-3:0.118	task-0:0.11	task-1:0.302	task-2:0.076	|	0.112255	0.08	0.0799992	0.079505	0.0487938	0.0888558	0.0770228	0.0664478	0.0524726	0.0487289	0.0477642	0.042229	0.0380237	

15	0.047	32	0	task-3:0.076	task-0:0.02	task-1:0.09	task-2:0.5	|	0.0746367	0.08	0.08	0.0799571	0.0548331	0.138172	0.138403	0.107263	0.0651419	0.0637762	0.0640565	0.0651897	0.0470945	0.0411946	0.0302908	

18	0.056	32	0	task-3:0.092	task-0:0.222	task-1:0.236	task-2:0.068	|	0.0676294	0.14	0.139998	0.133412	0.066656	0.0650864	0.0689832	0.0678432	0.0612921	0.0545672	0.0487846	0.0468376	0.0460206	0.0448194	0.0436734	0.0431899	0.0422574	0.0390645	

35	0.107	32	0	task-3:0.414	task-0:0.44	task-1:0.354	task-2:0.436	|	0.0469099	0.08	0.0799981	0.0771584	0.0552849	0.0458099	0.0467127	0.0491404	0.0481873	0.0456393	0.0443282	0.043831	0.0433827	0.0446254	0.0454154	0.0451145	0.044554	0.0443195	0.0449373	0.0433438	0.0432785	0.0427258	0.0418857	0.041227	0.0408457	0.0402505	0.0403562	0.0432776	0.0441249	0.0444315	0.0445333	0.0445715	0.0446105	0.0439461	0.0392327	

12	0.037	32	0	task-3:0.124	task-0:0.062	task-1:0.244	task-2:0.168	|	0.0626015	0.139999	0.139963	0.11529	0.0540075	0.0520102	0.0472875	0.048166	0.0470377	0.0448855	0.0413577	0.0330086	

13	0.04	32	0	task-3:0.04	task-0:0.212	task-1:0.048	task-2:0.146	|	0.0665128	0.139935	0.138572	0.0774627	0.0660961	0.0642369	0.0526204	0.0583435	0.0497345	0.0456842	0.0450465	0.0417666	0.0377688	

13	0.041	32	0	task-3:0.106	task-0:0.282	task-1:0.43	task-2:0.234	|	0.0526935	0.08	0.0799999	0.0796099	0.0548552	0.0511947	0.0497188	0.0506726	0.0507703	0.0507175	0.047323	0.0433154	0.0392038	

13	0.041	32	0	task-3:0.156	task-0:0.19	task-1:0.26	task-2:0.132	|	0.0961072	0.08	0.0799997	0.0788964	0.0670033	0.0704347	0.0526881	0.0523915	0.0518726	0.0470676	0.0447126	0.041551	0.0378086	

17	0.053	32	0	task-3:0.348	task-0:0.426	task-1:0.278	task-2:0.376	|	0.0776104	0.08	0.0799981	0.0774036	0.069998	0.0613434	0.0514917	0.0495286	0.051102	0.0502278	0.0476203	0.0477593	0.0478408	0.0472937	0.0466145	0.0442619	0.039866	

10	0.031	32	0	task-3:0.052	task-0:0.202	task-1:0.314	task-2:0.5	|	0.0492918	0.08	0.0799999	0.0795289	0.0468681	0.0799393	0.062746	0.0457771	0.0411803	0.0342349	

15	0.048	32	0	task-3:0.214	task-0:0.182	task-1:0.184	task-2:0.072	|	0.0620273	0.14	0.139999	0.138373	0.0661871	0.0701256	0.0678365	0.060382	0.0524502	0.0533501	0.0463346	0.0438696	0.0442741	0.0411809	0.0368461	

9	0.029	32	0	task-3:0.134	task-0:0.08	task-1:0.28	task-2:0.5	|	0.050682	0.14	0.139912	0.0432772	0.076324	0.0645925	0.0436389	0.0402485	0.0359138	

16	0.052	32	0	task-3:0.068	task-0:0.168	task-1:0.124	task-2:0.132	|	0.12044	0.0799991	0.079982	0.0765174	0.0917452	0.0978425	0.0561641	0.0646343	0.0616302	0.0517747	0.0580022	0.056921	0.0480289	0.0457616	0.0429565	0.037641	

11	0.035	32	0	task-3:0.078	task-0:0.102	task-1:0.324	task-2:0.312	|	0.117838	0.08	0.079999	0.0768708	0.0973973	0.0723277	0.0451433	0.044891	0.0440637	0.0419434	0.0385675	

15	0.047	32	0	task-3:0.14	task-0:0.158	task-1:0.282	task-2:0.07	|	0.137646	0.0799955	0.0799155	0.0538832	0.0832829	0.0570549	0.0429526	0.0463142	0.0473043	0.0465745	0.046561	0.0461751	0.0443372	0.0419332	0.0382604	

17	0.052	32	0	task-3:0.16	task-0:0.166	task-1:0.166	task-2:0.084	|	0.0788997	0.139994	0.13997	0.115691	0.0671704	0.0569143	0.0733862	0.0760913	0.0708995	0.0638956	0.0560469	0.0525617	0.0498223	0.047805	0.0450719	0.0416149	0.0387035	

13	0.04	32	0	task-3:0.156	task-0:0.158	task-1:0.3	task-2:0.044	|	0.065083	0.14	0.14	0.139747	0.0977328	0.0656618	0.0566621	0.0604123	0.0600141	0.0541748	0.0480678	0.0425362	0.0383316	

8	0.026	32	0	task-3:0.27	task-0:0.19	task-1:0.166	task-2:0.122	|	0.0614096	0.14	0.139991	0.13055	0.054644	0.0527914	0.045242	0.0386303	

8	0.025	32	0	task-3:0.126	task-0:0.232	task-1:0.504	task-2:0.222	|	0.0940705	0.08	0.0799996	0.079097	0.0603966	0.0574079	0.0430789	0.0397303	

22	0.069	32	0	task-3:0.078	task-0:0.184	task-1:0.214	task-2:0.132	|	0.0776109	0.0799999	0.0799979	0.0782712	0.055543	0.0467273	0.0476501	0.048085	0.047904	0.048597	0.0487738	0.0479119	0.0467349	0.045928	0.0458488	0.0468741	0.0494225	0.0522143	0.0522394	0.0441528	0.0416141	0.0222001	

19	0.059	32	0	task-3:0.196	task-0:0.276	task-1:0.256	task-2:0.158	|	0.0564824	0.08	0.079999	0.0789485	0.0454989	0.0422502	0.0411516	0.0423781	0.042152	0.0430943	0.0436671	0.0443756	0.0454935	0.0447715	0.0426144	0.041102	0.0408985	0.0401702	0.0371765	

10	0.031	32	0	task-3:0.5	task-0:0.232	task-1:0.298	task-2:0.29	|	0.131048	0.0799999	0.079999	0.0774651	0.071118	0.05203	0.0451269	0.0444552	0.0424157	0.0381823	

12	0.038	32	0	task-3:0.058	task-0:0.11	task-1:0.23	task-2:0.214	|	0.0781402	0.08	0.0799968	0.0760326	0.0741026	0.0690809	0.0568217	0.0479882	0.0413759	0.0441387	0.0440175	0.0287583	

11	0.035	32	0	task-3:0.102	task-0:0.158	task-1:0.272	task-2:0.134	|	0.0538773	0.14	0.139981	0.10533	0.0716533	0.0664291	0.0504495	0.0526887	0.0517273	0.044208	0.0356526	

15	0.047	32	0	task-3:0.106	task-0:0.196	task-1:0.25	task-2:0.19	|	0.138924	0.0799987	0.079991	0.0756774	0.0814075	0.0614211	0.0540011	0.0536722	0.0519526	0.0502779	0.0479878	0.0457707	0.041953	0.0421832	0.0393071	

9	0.03	32	0	task-3:0.5	task-0:0.206	task-1:0.504	task-2:0.084	|	0.0551795	0.08	0.0799972	0.0761081	0.0793265	0.0843621	0.0529092	0.0433627	0.0388591	

8	0.026	32	0	task-3:0.5	task-0:0.142	task-1:0.248	task-2:0.234	|	0.0680857	0.14	0.139994	0.133625	0.0542245	0.0520412	0.0452065	0.0383263	

3	0.009	32	0	task-3:0.5	task-0:0.5	task-1:0.504	task-2:0.5	|	0.0545185	0.0780677	0.0370492	

15	0.047	32	0	task-3:0.106	task-0:0.17	task-1:0.202	task-2:0.206	|	0.132595	0.0799927	0.0798786	0.0576993	0.124263	0.107074	0.0670733	0.0554367	0.0527567	0.0517602	0.0505788	0.0498702	0.0470952	0.0441115	0.0391998	

16	0.049	32	0	task-3:0.37	task-0:0.336	task-1:0.228	task-2:0.258	|	0.0728153	0.08	0.0799999	0.0797293	0.0484071	0.0789837	0.0538661	0.0463744	0.0464142	0.0477454	0.0473526	0.0464567	0.0456526	0.0437799	0.0411111	0.0393367	

