23	0.001	0	0	task-0:0.098	|	0.333651	0.242529	0.196295	0.1419	0.110532	0.0933542	0.0776675	0.0692065	0.0653065	0.056767	0.0522042	0.041956	0.0256083	0.013976	0.0807015	0.0104264	0.00983989	0.00931637	0.00880454	0.00816909	0.00737197	0.00592277	0.00407452	0.00211065	

25	0.001	0	0	task-0:0.08	|	0.23714	0.197334	0.154899	0.111553	0.0893293	0.080115	0.0694136	0.058886	0.0538993	0.041669	0.0254865	0.0157424	0.0672925	0.0103444	0.00956353	0.00888763	0.00836495	0.00753073	0.00646269	0.00514366	0.00485435	0.00388378	0.00358713	0.00326961	0.0027162	0.00202144	

26	0	0	0	task-0:0.096	|	0.287966	0.224283	0.172332	0.105065	0.110055	0.0645059	0.0576601	0.0497174	0.044233	0.0426546	0.0354681	0.0303762	0.0226946	0.0128998	0.00983054	0.0342755	0.00542604	0.00485306	0.00447371	0.0044014	0.00425072	0.00396758	0.00360313	0.00330789	0.00295608	0.00277077	0.00233846	

20	0.001	0	0	task-0:0.084	|	0.31511	0.223284	0.182096	0.115145	0.0826734	0.0736035	0.053434	0.049557	0.0435027	0.0373086	0.0260037	0.0138684	0.0267643	0.0349466	0.00686892	0.0053525	0.00505865	0.00458495	0.00378369	0.00271232	0.00219882	

30	0.001	0	0	task-0:0.078	|	0.34769	0.270883	0.208298	0.157691	0.139628	0.115325	0.0894111	0.0792826	0.056387	0.0356108	0.05358	0.0288519	0.0279793	0.0258701	0.021976	0.0163103	0.0131072	0.0172573	0.0108792	0.00911954	0.00849889	0.00815948	0.00746704	0.00625511	0.00521914	0.0042712	0.00398216	0.00381469	0.00348238	0.00289829	0.00229128	

22	0	0	0	task-0:0.082	|	0.211979	0.183391	0.12417	0.0619259	0.0325779	0.0541906	0.0456562	0.0185339	0.0127404	0.0123511	0.0116753	0.0107738	0.00917635	0.00762688	0.00596661	0.00464036	0.00490898	0.00393031	0.00346307	0.00321413	0.00294997	0.00255719	0.00203939	

23	0.001	0	0	task-0:0.08	|	0.254292	0.21502	0.166955	0.122654	0.0982407	0.0878169	0.059812	0.0460326	0.0447786	0.0330973	0.0311534	0.0270037	0.0198209	0.0106641	0.0137353	0.0150251	0.00484326	0.00430201	0.00376147	0.00369261	0.00354831	0.00326842	0.00282106	0.00222448	

23	0.001	0	0	task-0:0.092	|	0.245419	0.200032	0.156741	0.107267	0.0866392	0.0686631	0.0612497	0.0518048	0.0471861	0.0371968	0.0220689	0.0135104	0.0769794	0.00913012	0.00828993	0.00768652	0.00745464	0.00701816	0.00633943	0.00542353	0.00406391	0.00265632	0.00437538	0.00210537	

29	0.001	0	0	task-0:0.078	|	0.231084	0.175717	0.146619	0.126352	0.0943066	0.078769	0.0744692	0.0564577	0.0444656	0.0339496	0.0341526	0.0284652	0.0237214	0.0229507	0.0212498	0.0183073	0.0141434	0.0100416	0.0106949	0.00777977	0.00666179	0.00634228	0.00622454	0.00600381	0.00571845	0.00538331	0.00463129	0.00348347	0.00307256	0.00244144	

24	0.001	0	0	task-0:0.09	|	0.312035	0.269916	0.194374	0.132127	0.102131	0.07824	0.0716137	0.0640365	0.0520124	0.0389528	0.0213746	0.0212355	0.0401756	0.00919894	0.0079894	0.00712065	0.00697518	0.00665878	0.00608653	0.00523924	0.00427832	0.00397222	0.00302025	0.00257141	0.0024406	

23	0	0	0	task-0:0.082	|	0.200561	0.174061	0.129857	0.0885204	0.0712611	0.0547876	0.0463754	0.0427778	0.035129	0.0236487	0.0224787	0.0181921	0.0133049	0.0125871	0.0109946	0.00835751	0.00756349	0.00577342	0.00530392	0.00507497	0.00476237	0.00407556	0.00291082	0.00147552	

24	0.001	0	0	task-0:0.076	|	0.215608	0.183767	0.138914	0.106756	0.0730787	0.0754289	0.0573924	0.0475707	0.0430304	0.040104	0.0341787	0.0255375	0.0230881	0.0185245	0.0174939	0.0157285	0.0125813	0.00798098	0.00459094	0.0243959	0.00333852	0.00306837	0.00277707	0.00265709	0.00244942	

21	0	0	0	task-0:0.092	|	0.270418	0.184961	0.138434	0.0999504	0.0818979	0.0753647	0.0647644	0.0590267	0.0534337	0.0438171	0.027929	0.0213902	0.0431794	0.012907	0.0120472	0.0110034	0.0100444	0.00903531	0.00760766	0.00601417	0.00385126	0.00182548	

30	0.001	0	0	task-0:0.08	|	0.287683	0.210658	0.175722	0.144603	0.111124	0.105289	0.0956543	0.0772486	0.0565596	0.0525671	0.047584	0.0383522	0.0378636	0.0360086	0.0335965	0.0302163	0.0230639	0.0169641	0.0185918	0.0130859	0.0123001	0.0113461	0.0100521	0.00839782	0.0062949	0.00610719	0.00460926	0.00429284	0.00370443	0.00275334	0.00165394	

22	0.001	0	0	task-0:0.088	|	0.223914	0.162777	0.131132	0.0770558	0.070584	0.0455763	0.0349056	0.0325913	0.0270606	0.0202421	0.0128593	0.0214012	0.011793	0.0100071	0.00927369	0.00814678	0.00665414	0.00507366	0.00467559	0.00370304	0.00349732	0.0031047	0.00243765	

21	0.001	0	0	task-0:0.09	|	0.228149	0.19164	0.154186	0.108351	0.0845926	0.0681274	0.056629	0.04719	0.0436714	0.0353223	0.0294641	0.0237059	0.020436	0.0171751	0.0152059	0.0117836	0.00701633	0.00509551	0.0164825	0.0029583	0.00257368	0.00226597	

26	0.001	0	0	task-0:0.078	|	0.336319	0.221961	0.225194	0.183372	0.143567	0.103844	0.0845031	0.0771611	0.0646526	0.0565303	0.0519484	0.040782	0.0252718	0.0317987	0.0162883	0.0139562	0.0135712	0.0121677	0.00940081	0.00643752	0.00449539	0.00841592	0.00321709	0.00283261	0.00263374	0.00257569	0.00245899	

20	0	0	0	task-0:0.086	|	0.215572	0.186999	0.121451	0.048177	0.112576	0.0766175	0.026405	0.0157729	0.0144892	0.0136503	0.0123308	0.0102163	0.00844798	0.00587178	0.00352248	0.0085499	0.00284016	0.00279809	0.00273924	0.00263101	0.00243725	

25	0.001	0	0	task-0:0.084	|	0.241122	0.195766	0.153577	0.121265	0.0876077	0.0754588	0.0632726	0.0542231	0.0477963	0.04413	0.0357406	0.0223834	0.0164484	0.0409777	0.0102948	0.00955332	0.00887191	0.00836223	0.00783432	0.00710244	0.00577973	0.00444132	0.00294498	0.00413291	0.00275368	0.00243571	

32	0.001	0	0	task-0:0.084	|	0.388661	0.315587	0.259634	0.183138	0.133257	0.135267	0.093139	0.0817371	0.059415	0.0547962	0.0450502	0.0372603	0.0348476	0.0327468	0.0288554	0.0229812	0.0220364	0.0204705	0.0175576	0.0166315	0.015885	0.0149948	0.0138747	0.0113458	0.00735164	0.00566167	0.014414	0.00356219	0.00332661	0.00307025	0.00285945	0.00256756	0.00225098	

22	0.001	0	0	task-0:0.084	|	0.230433	0.198571	0.146669	0.0949487	0.0695644	0.072991	0.0433663	0.040504	0.0341665	0.0262007	0.0211439	0.0214192	0.0171069	0.0148581	0.0140958	0.0125657	0.00993539	0.00624938	0.00513476	0.00966286	0.00305781	0.00263794	0.00241743	

24	0.001	0	0	task-0:0.084	|	0.241613	0.19699	0.152662	0.109149	0.0896971	0.0784364	0.0686154	0.0584694	0.0533713	0.0417813	0.0249199	0.0297933	0.0193275	0.0122769	0.01149	0.0101303	0.0091313	0.00746533	0.00526709	0.0046544	0.00397576	0.00304757	0.00289087	0.00258692	0.00206276	

24	0.001	0	0	task-0:0.086	|	0.240525	0.190557	0.153621	0.135573	0.100007	0.0832923	0.0768418	0.0570601	0.0442119	0.0375039	0.032161	0.0295173	0.0256379	0.0231224	0.0216796	0.0180246	0.0132813	0.0103938	0.0110157	0.00768854	0.00736269	0.00669578	0.00549001	0.00365451	0.00160914	

26	0.001	0	0	task-0:0.08	|	0.26602	0.2274	0.168399	0.12335	0.0974193	0.087519	0.069904	0.0596346	0.0549668	0.0454936	0.0404663	0.0391597	0.0332167	0.0272068	0.023964	0.020021	0.0194936	0.0188157	0.0176769	0.0161821	0.0134751	0.0107978	0.00677718	0.00257919	0.00257201	0.00770655	0.00109565	

24	0	0	0	task-0:0.098	|	0.263142	0.226126	0.149017	0.0905525	0.0870649	0.0668094	0.0549092	0.0472081	0.0433864	0.0361419	0.0268293	0.0256671	0.0221969	0.0190521	0.0176995	0.0159894	0.0135784	0.0104125	0.00975128	0.00802168	0.00743405	0.00662914	0.00535835	0.00353245	0.0019406	

22	0.001	0	0	task-0:0.08	|	0.332196	0.256415	0.196208	0.134673	0.0971419	0.0978372	0.0854528	0.0758732	0.0582665	0.0381248	0.0341804	0.0422547	0.0203596	0.0161366	0.0157641	0.0149823	0.0137319	0.0118566	0.0085694	0.00451993	0.00380352	0.0182301	0.00201513	

30	0.001	0	0	task-0:0.076	|	0.230993	0.186249	0.147231	0.0995098	0.087526	0.0752784	0.0602859	0.057759	0.0542699	0.0485465	0.0399663	0.0286174	0.0227669	0.0234888	0.0159578	0.0151604	0.0134614	0.0105307	0.00956159	0.00732492	0.00690281	0.00673583	0.00645135	0.00571621	0.00452848	0.00381243	0.00306909	0.00285849	0.00277175	0.00261426	0.00228297	

24	0.001	0	0	task-0:0.084	|	0.203316	0.174149	0.142178	0.104161	0.0847371	0.0784197	0.0578456	0.0476786	0.0386581	0.0355547	0.0319442	0.0267751	0.0229437	0.0165508	0.0121737	0.0160725	0.0087978	0.00844167	0.00773569	0.00680028	0.00559674	0.00386409	0.00299063	0.00387596	0.00204434	

18	0	0	0	task-0:0.088	|	0.243962	0.210784	0.134111	0.0542829	0.0281771	0.0500882	0.0435292	0.0148143	0.0108843	0.0105619	0.00990457	0.00880508	0.00727274	0.00529983	0.00478394	0.0040907	0.00293717	0.00276894	0.00244013	

25	0.001	0	0	task-0:0.08	|	0.232556	0.179926	0.148248	0.128619	0.0955938	0.0796013	0.0746431	0.0554775	0.042552	0.0353598	0.0319545	0.0271978	0.0243631	0.023092	0.0216137	0.0195257	0.0151922	0.00912892	0.0138805	0.00688762	0.00485792	0.00466939	0.00422196	0.00343991	0.00259821	0.00164059	

23	0.001	0	0	task-0:0.086	|	0.189341	0.159729	0.131982	0.0907147	0.0767603	0.0619616	0.0530087	0.0465378	0.0429548	0.0343331	0.0208703	0.018628	0.0301788	0.00998527	0.00913045	0.00837042	0.00799742	0.00753209	0.00702125	0.00593066	0.0041692	0.00307555	0.00428316	0.0022527	

28	0.001	0	0	task-0:0.074	|	0.305582	0.213274	0.176518	0.107458	0.0718823	0.0960571	0.0550123	0.0502126	0.0360655	0.0337893	0.0284001	0.0217928	0.0159697	0.0201568	0.0135802	0.0114586	0.0111688	0.0109253	0.0103983	0.00949456	0.00817496	0.00632051	0.00575267	0.00462984	0.00442902	0.00412846	0.00357392	0.00267603	0.00181952	

27	0	0	0	task-0:0.098	|	0.214283	0.185077	0.140598	0.105152	0.0843112	0.0760344	0.0628474	0.054025	0.050198	0.0399964	0.0331479	0.0269844	0.0243954	0.023874	0.0208421	0.0166981	0.0158585	0.0143789	0.0124422	0.0117638	0.0105732	0.00855316	0.00579928	0.00414728	0.0118482	0.00339354	0.00289757	0.00240551	

21	0.001	0	0	task-0:0.082	|	0.320429	0.273861	0.179701	0.067141	0.195604	0.0646149	0.0301698	0.0248575	0.0244598	0.0238675	0.0224666	0.0199132	0.0159393	0.0101267	0.0111831	0.0098509	0.00526768	0.00496394	0.00443481	0.00388652	0.00298165	0.00177888	

27	0.001	0	0	task-0:0.072	|	0.225037	0.194046	0.12923	0.0632823	0.0439769	0.0669112	0.0283731	0.0267681	0.023959	0.0218219	0.0215032	0.0190891	0.0158715	0.0146419	0.0141949	0.0125725	0.0103205	0.00954313	0.00919307	0.00825505	0.00738641	0.00691565	0.00662638	0.00607516	0.00506081	0.00406532	0.00259477	0.00125489	

30	0.002	0	0	task-0:0.106	|	0.287906	0.207813	0.15089	0.110517	0.0903765	0.0811588	0.0576477	0.0419566	0.0440016	0.0331601	0.0317822	0.0290453	0.0248527	0.0192391	0.0173085	0.0142073	0.0136151	0.0127312	0.0111592	0.0087656	0.00589052	0.00794759	0.0051682	0.00465585	0.00417721	0.00410712	0.00395738	0.00367866	0.00323243	0.00264305	0.00195651	

23	0.001	0	0	task-0:0.084	|	0.22179	0.18902	0.144046	0.117714	0.0882908	0.0763756	0.0655394	0.0561859	0.0501934	0.0466134	0.0377849	0.0232252	0.0182619	0.0362947	0.0110512	0.0102607	0.00948112	0.00890015	0.00844319	0.00769303	0.00628661	0.00478743	0.0027763	0.00119168	

28	0.001	0	0	task-0:0.106	|	0.310416	0.230849	0.175157	0.138335	0.128937	0.09374	0.0820488	0.0684348	0.059549	0.0525685	0.0475894	0.0428267	0.0396398	0.0326796	0.0212944	0.011429	0.0528814	0.00930481	0.00902574	0.00865093	0.00807177	0.00722481	0.00627507	0.00520578	0.00430991	0.00434947	0.00341067	0.00297951	0.00246683	

23	0.002	0	0	task-0:0.092	|	0.273583	0.219591	0.172628	0.117661	0.0870599	0.0917497	0.0556688	0.0474474	0.0392392	0.0367341	0.0314345	0.0223813	0.0133292	0.0312056	0.0117475	0.0097717	0.00914388	0.0079793	0.00667837	0.00545499	0.00480512	0.00399195	0.00286403	0.00183821	

24	0.002	0	0	task-0:0.082	|	0.232283	0.175372	0.145043	0.124811	0.0915062	0.0755218	0.0719902	0.0537636	0.0415732	0.031316	0.0322663	0.0257705	0.0218051	0.0211509	0.0196003	0.0167914	0.0129924	0.010559	0.0190009	0.00662188	0.00613694	0.00566393	0.00468605	0.003127	0.0014732	

22	0.002	0	0	task-0:0.086	|	0.22165	0.173893	0.139412	0.0877907	0.0841746	0.0621023	0.0507212	0.0483785	0.0454318	0.0401333	0.0323581	0.022282	0.0103374	0.0129417	0.0221871	0.00450648	0.00377489	0.00313102	0.00307953	0.00302246	0.0029044	0.00269333	0.00238348	

27	0.002	0	0	task-0:0.086	|	0.285109	0.24527	0.152137	0.0665934	0.122904	0.0717179	0.250797	0.0468354	0.0409501	0.0339177	0.0323609	0.0299316	0.0264605	0.0197048	0.0109547	0.0149992	0.0126144	0.00514547	0.00470783	0.00422998	0.00416531	0.00403297	0.00379754	0.00340945	0.00327454	0.00309082	0.00274301	0.00244295	

23	0.002	0	0	task-0:0.084	|	0.255443	0.217262	0.158181	0.0984105	0.0682581	0.0895908	0.0413128	0.0386849	0.0331928	0.02877	0.0244041	0.0222322	0.0195845	0.0164723	0.0113029	0.00589144	0.0157875	0.00654864	0.00337729	0.0028744	0.00280194	0.00273514	0.00260882	0.00240578	

31	0.001	0	0	task-0:0.082	|	0.195276	0.16667	0.130613	0.106303	0.0736948	0.0690894	0.0584734	0.0476061	0.0459666	0.0432445	0.038083	0.0300717	0.0211786	0.017653	0.0236013	0.0120428	0.0102625	0.0101123	0.00990597	0.00945175	0.00863507	0.00791555	0.0078642	0.00741032	0.00641205	0.00522021	0.00457855	0.00378906	0.00362239	0.00339191	0.00298163	0.00234814	

24	0.001	0	0	task-0:0.094	|	0.293526	0.243701	0.174823	0.0927932	0.0654575	0.11656	0.0466689	0.048482	0.0239026	0.021878	0.0197731	0.0183445	0.0174762	0.0154669	0.011644	0.00777178	0.00992697	0.00632934	0.00479514	0.00449389	0.00433154	0.00401628	0.00347814	0.00272906	0.00203641	

21	0	0	0	task-0:0.066	|	0.207886	0.178869	0.13093	0.0918791	0.0611557	0.0786906	0.0511873	0.0443831	0.036136	0.0342259	0.028639	0.0194237	0.0187003	0.0131362	0.0111949	0.0106534	0.00943544	0.00719618	0.00414328	0.00438577	0.0143429	0.00196834	

21	0.001	0	0	task-0:0.07	|	0.224845	0.192654	0.134955	0.0791735	0.0659813	0.0758615	0.0443366	0.0357492	0.0305629	0.0291235	0.0249931	0.0173831	0.0108795	0.0223197	0.00878329	0.0086335	0.00834595	0.00774135	0.006617	0.00481445	0.00254907	0.00162562	

24	0.001	0	0	task-0:0.084	|	0.225569	0.178939	0.14354	0.111768	0.075869	0.069458	0.0580871	0.0469692	0.0454692	0.0429726	0.0384513	0.031765	0.0210044	0.0206485	0.0163672	0.0113932	0.0107636	0.00942856	0.00755476	0.00521256	0.00406447	0.00599973	0.00290959	0.00254272	0.00232607	

22	0.001	0	0	task-0:0.104	|	0.338958	0.287706	0.186603	0.139336	0.0858747	0.0741968	0.0642832	0.062061	0.0490059	0.036847	0.0198914	0.0197831	0.0340425	0.00880718	0.0077388	0.00700152	0.00688093	0.00661231	0.00612123	0.00537157	0.00437241	0.00328157	0.00249952	

27	0.001	0	0	task-0:0.084	|	0.352027	0.269978	0.352892	0.178882	0.227433	0.112884	0.0944505	0.0660662	0.0676626	0.0560134	0.0450747	0.04156	0.0383136	0.0332045	0.0245659	0.0241179	0.0170714	0.0156437	0.0132478	0.0101063	0.00921245	0.00745508	0.00707184	0.00632934	0.00534132	0.00416507	0.00254938	0.00227667	

21	0.001	0	0	task-0:0.086	|	0.304016	0.260461	0.179382	0.123964	0.10222	0.0862463	0.0748451	0.0617821	0.056419	0.0439599	0.028027	0.0210539	0.0460827	0.0138677	0.0106366	0.0101455	0.00917061	0.00747715	0.00502581	0.00276682	0.008041	0.00240501	

27	0.001	0	0	task-0:0.08	|	0.285781	0.241744	0.167961	0.119258	0.0929651	0.078984	0.0732852	0.0596185	0.0543534	0.0426132	0.0261614	0.0219472	0.0343817	0.0118141	0.0108855	0.00997581	0.00939935	0.00891229	0.00820231	0.00674691	0.00463512	0.00496645	0.00320487	0.00295636	0.00296277	0.00288152	0.00265796	0.00222274	

31	0.001	0	0	task-0:0.084	|	0.365323	0.301067	0.22068	0.177381	0.136847	0.129676	0.0833739	0.074082	0.0554235	0.048057	0.0387082	0.0335209	0.0305323	0.027309	0.0216184	0.0167185	0.0151848	0.013102	0.0113447	0.0106608	0.0103262	0.00964597	0.00847496	0.00682886	0.00539507	0.00565995	0.00496342	0.00447116	0.00401571	0.00370636	0.00316258	0.00235463	

24	0.001	0	0	task-0:0.082	|	0.266984	0.216962	0.165238	0.11513	0.0899218	0.0830535	0.0670407	0.0563913	0.0477825	0.0330545	0.0266232	0.0227065	0.0182383	0.0171944	0.0150692	0.0113925	0.00699909	0.011397	0.00567921	0.00510848	0.00436337	0.00402868	0.00372207	0.00318027	0.00249261	

22	0.001	0	0	task-0:0.106	|	0.273688	0.234555	0.14734	0.0546924	0.17075	0.0556873	0.0276623	0.0224505	0.0221082	0.0214813	0.0201034	0.0173785	0.0128358	0.00864711	0.0152145	0.00734102	0.00636627	0.00600538	0.00573275	0.00521009	0.00433266	0.00312447	0.00238244	

26	0.001	0	0	task-0:0.084	|	0.332206	0.284635	0.186628	0.114049	0.101425	0.0821176	0.0664046	0.0585909	0.0534797	0.0445569	0.0340837	0.0306449	0.0272121	0.0235269	0.0222202	0.0206596	0.0183237	0.0145128	0.013517	0.0111401	0.010309	0.00921783	0.00732472	0.00474976	0.00287288	0.0114917	0.00217541	

26	0.002	0	0	task-0:0.088	|	0.249991	0.214792	0.140801	0.0912778	0.100536	0.0658369	0.0591378	0.0447524	0.0415828	0.0345882	0.0231094	0.0117787	0.0445493	0.0100568	0.00790636	0.00740337	0.00727952	0.00699846	0.00647934	0.00568895	0.00469898	0.00383568	0.00383384	0.00295364	0.00284307	0.00262997	0.00228759	

24	0.002	0	0	task-0:0.082	|	0.285199	0.178633	0.176726	0.153087	0.112151	0.0872663	0.073833	0.0602752	0.053094	0.0465764	0.0429768	0.0347187	0.0219594	0.0219947	0.0198319	0.0111213	0.0104199	0.00925382	0.00832403	0.00719565	0.00542377	0.00364425	0.00366011	0.00318208	0.00210092	

34	0.002	0	0	task-0:0.084	|	0.297096	0.185504	0.183362	0.155371	0.118064	0.0906843	0.0745412	0.0685118	0.052625	0.0447197	0.0365373	0.0345274	0.0305564	0.0241284	0.0180279	0.0206002	0.015696	0.0133774	0.0130162	0.0126547	0.0118856	0.0105431	0.00862032	0.00684433	0.00711796	0.00630186	0.00566832	0.00511476	0.00474083	0.0040773	0.00308338	0.00399633	0.00285836	0.00251111	0.00227732	

23	0	0	0	task-0:0.086	|	0.275355	0.236281	0.146466	0.0538573	0.174965	0.0478255	0.0269913	0.0236694	0.0226551	0.0211477	0.018916	0.0151443	0.0122738	0.00996044	0.00932059	0.00843952	0.00765746	0.00754086	0.00727309	0.00677639	0.00600702	0.00493264	0.00356943	0.00189256	

