30	0.008	0	0	task-3:0.018	task-0:0.068	task-1:0.012	task-2:0.012	|	0.0611378	0.0587744	0.0526639	0.0414316	0.0267307	0.017292	0.0136122	0.0147597	0.0116374	0.0107942	0.0106569	0.0104328	0.0100026	0.00950758	0.00884934	0.00795605	0.00658759	0.00486405	0.0116326	0.00470047	0.00451443	0.00443002	0.00429145	0.00407645	0.00397555	0.00377606	0.00340972	0.00279455	0.00352417	0.00516503	0.00211662	

44	0.012	0	0	task-3:0.02	task-0:0.068	task-1:0.028	task-2:0.024	|	0.0817799	0.0721873	0.053861	0.047104	0.0408126	0.0293687	0.0198138	0.0176526	0.0154851	0.0141117	0.0136136	0.0129025	0.0117399	0.0102813	0.00845008	0.0121655	0.00803621	0.00764355	0.00751506	0.00729681	0.00686709	0.0061682	0.00575164	0.00541484	0.00517358	0.00505154	0.00492481	0.00469262	0.00430238	0.00394841	0.0039132	0.00374579	0.00371909	0.00367052	0.00364413	0.00362738	0.00359077	0.00351569	0.00336503	0.00309595	0.00274949	0.00579825	0.00254535	0.0025061	0.00246791	

28	0.007	0	0	task-3:0.026	task-0:0.07	task-1:0.014	task-2:0.004	|	0.103444	0.0913568	0.053443	0.0476192	0.0368195	0.0332262	0.0283831	0.0271022	0.0241913	0.0189991	0.0122778	0.0190417	0.00983486	0.00945939	0.00870729	0.00745067	0.00588245	0.013602	0.00587308	0.0057578	0.00544252	0.00539985	0.00530645	0.00513572	0.00483599	0.00457301	0.00408948	0.00328907	0.0021934	

23	0.006	0	0	task-3:0.04	task-0:0.066	task-1:0.03	task-2:0.026	|	0.0837268	0.0743352	0.055619	0.0482554	0.0416994	0.0293131	0.0186668	0.0190586	0.0150028	0.0136899	0.0134148	0.0132905	0.0130286	0.0125783	0.0119875	0.0112805	0.0104217	0.00958986	0.00895514	0.00852343	0.00778007	0.00648203	0.00453651	0.00238653	

24	0.006	0	0	task-3:0.036	task-0:0.088	task-1:0.03	task-2:0.024	|	0.0463042	0.0447629	0.0404612	0.0325516	0.0225129	0.0160781	0.0167407	0.0133441	0.0129289	0.0124915	0.0116922	0.0106265	0.00975476	0.00991782	0.00851765	0.00809701	0.00776775	0.0071109	0.00592543	0.00411393	0.00267266	0.0237572	0.00257126	0.00258984	0.00205218	

22	0.006	0	0	task-3:0.034	task-0:0.088	task-1:0.034	task-2:0.062	|	0.0714191	0.0625421	0.0486941	0.0435111	0.0347357	0.0238525	0.0194287	0.0162496	0.015258	0.0136768	0.0118129	0.011389	0.011168	0.010141	0.0099512	0.00959234	0.00887461	0.00783937	0.0060895	0.00372244	0.00582074	0.0247811	0.00242151	

35	0.009	0	0	task-3:0.03	task-0:0.114	task-1:0.01	task-2:0.018	|	0.0603632	0.0587441	0.053749	0.0427497	0.0270066	0.0191076	0.0182126	0.0167185	0.016352	0.0158395	0.0149857	0.0136111	0.0117494	0.00893758	0.00751624	0.040438	0.00703397	0.0137676	0.00564822	0.00617088	0.00491327	0.00484972	0.00474226	0.00454995	0.0042486	0.00373842	0.0032526	0.00361791	0.00300643	0.00296605	0.0029099	0.00288161	0.00283454	0.00274382	0.00258902	0.00237603	

28	0.007	0	0	task-3:0.034	task-0:0.062	task-1:0.014	task-2:0.03	|	0.0394541	0.0375263	0.0339359	0.0290937	0.0221396	0.0149559	0.0175435	0.0132481	0.0127068	0.0121993	0.0120806	0.0118186	0.0112852	0.0102662	0.00848056	0.00591729	0.0199339	0.00562124	0.00543636	0.00528805	0.00509479	0.00486549	0.00466157	0.00427966	0.00361999	0.00263795	0.00704665	0.00635873	0.00189409	

39	0.011	0	0	task-3:0.008	task-0:0.07	task-1:0.02	task-2:0.024	|	0.0452357	0.0427685	0.0370174	0.0314609	0.0264023	0.0197976	0.0162198	0.0175248	0.0133976	0.0129528	0.0123076	0.01147	0.0106411	0.0092346	0.00802829	0.00854514	0.00720837	0.00690253	0.00659306	0.00629602	0.00605881	0.00572137	0.00530918	0.00493376	0.00465802	0.00458576	0.00447993	0.00440591	0.0042783	0.00409371	0.00393392	0.00368196	0.00351392	0.00340046	0.00332976	0.00321171	0.00307979	0.00290238	0.00258397	0.00207218	

35	0.01	0	0	task-3:0.018	task-0:0.072	task-1:0.012	task-2:0.018	|	0.0688752	0.0660846	0.0592639	0.0474933	0.0315036	0.0199465	0.0203596	0.0175939	0.0162692	0.0152305	0.014339	0.0129497	0.0106517	0.00786311	0.0170942	0.00739148	0.00724445	0.00708392	0.00675614	0.006163	0.00531632	0.00614645	0.00505575	0.00495194	0.00481488	0.00474649	0.00467538	0.00454948	0.00439823	0.00417522	0.00399176	0.00365218	0.00308167	0.00346024	0.00447987	0.0024319	

29	0.008	0	0	task-3:0.126	task-0:0.07	task-1:0.014	task-2:0.024	|	0.0559043	0.0461715	0.0353068	0.0326882	0.0270381	0.0186026	0.020134	0.0128479	0.0120671	0.0107397	0.00881882	0.00662347	0.0124515	0.0108318	0.00442733	0.00426451	0.00418576	0.00404217	0.00383923	0.0036057	0.00350908	0.00349141	0.00345359	0.00337658	0.00322763	0.00295858	0.0025173	0.00322378	0.00279968	0.00212148	

43	0.011	0	0	task-3:0.026	task-0:0.076	task-1:0.012	task-2:0.024	|	0.0591917	0.0570097	0.0504872	0.0432798	0.0357624	0.0287633	0.0207544	0.0165883	0.0153088	0.0147269	0.0143003	0.0137407	0.0132075	0.012193	0.0105337	0.00971335	0.00997245	0.00810486	0.00771469	0.00739111	0.00676541	0.00629629	0.00587393	0.0057454	0.00553754	0.0052802	0.00481649	0.00454891	0.00433352	0.0041637	0.00408794	0.00403862	0.00395187	0.00386485	0.00372628	0.00360579	0.00349519	0.0033623	0.00318747	0.00309871	0.00300909	0.00286291	0.00270931	0.00243393	

25	0.007	0	0	task-3:0.024	task-0:0.094	task-1:0.012	task-2:0.042	|	0.0516704	0.0499075	0.0451482	0.0363152	0.0249325	0.0170956	0.015001	0.0159108	0.0131176	0.012775	0.0120831	0.0108341	0.00864544	0.00539493	0.0141869	0.0076585	0.00474176	0.00329853	0.0032192	0.00310293	0.0029849	0.00281519	0.00266347	0.00260737	0.00255967	0.00248223	

27	0.007	0	0	task-3:0.036	task-0:0.062	task-1:0.01	task-2:0.034	|	0.0654499	0.051124	0.0329411	0.0306725	0.0258482	0.0180499	0.0104559	0.00691119	0.0136981	0.00957837	0.00472441	0.00456675	0.0044744	0.00440293	0.00426934	0.00402641	0.00363235	0.00374633	0.00363313	0.00316913	0.00312777	0.00306653	0.00296647	0.00287579	0.00270633	0.00262391	0.00261311	0.00244615	

37	0.01	0	0	task-3:0.09	task-0:0.068	task-1:0.01	task-2:0.03	|	0.0950567	0.081454	0.0475076	0.0403382	0.0348216	0.0287399	0.0244835	0.0205799	0.0159223	0.0136741	0.0130196	0.0120335	0.0115616	0.0112673	0.0108255	0.010182	0.00961333	0.00861051	0.00740053	0.00717525	0.00658307	0.00613928	0.00601811	0.00589059	0.00563314	0.00522022	0.00485318	0.00472316	0.00459186	0.0044498	0.00437613	0.00424508	0.00400432	0.00363369	0.0030375	0.00292311	0.00743	0.0023037	

29	0.008	0	0	task-3:0.036	task-0:0.072	task-1:0.016	task-2:0.03	|	0.0548623	0.0531692	0.048148	0.0379737	0.0249098	0.0190187	0.0183024	0.0140181	0.0135185	0.0128343	0.0118576	0.0107302	0.0088078	0.00730372	0.0122126	0.00615937	0.00574852	0.00564284	0.00541849	0.00499325	0.00427871	0.0041959	0.00529895	0.00338176	0.00331176	0.00319192	0.00306231	0.00291946	0.00271375	0.00235136	

29	0.008	0	0	task-3:0.074	task-0:0.088	task-1:0.026	task-2:0.018	|	0.0572245	0.0551109	0.0493855	0.0384937	0.0240663	0.0153475	0.0142841	0.0132995	0.0112762	0.0110193	0.0105072	0.00956657	0.00795181	0.00745896	0.0130642	0.00581545	0.00568107	0.00545781	0.00509376	0.00445089	0.00343877	0.00593252	0.00339876	0.00280528	0.00276776	0.00270504	0.00263045	0.0025756	0.00254702	0.00249477	

37	0.01	0	0	task-3:0.036	task-0:0.076	task-1:0.082	task-2:0.022	|	0.0500121	0.0475262	0.0420296	0.0332578	0.0220204	0.0144257	0.0157354	0.0112672	0.0103348	0.0101952	0.00992933	0.00947003	0.0088139	0.00760055	0.00589466	0.00903751	0.00536141	0.00487551	0.00484364	0.00475767	0.00457742	0.00426717	0.00390017	0.00403381	0.00379181	0.00377756	0.00375032	0.00371117	0.00365099	0.00357382	0.00349727	0.00345168	0.00338055	0.00327692	0.00317205	0.00297172	0.00261932	0.00242066	

34	0.009	0	0	task-3:0.022	task-0:0.068	task-1:0.018	task-2:0.02	|	0.0593089	0.0570826	0.0503678	0.0429611	0.0355329	0.0283398	0.0202329	0.0163986	0.0147257	0.0141772	0.0136384	0.0132165	0.0128147	0.0120318	0.0112171	0.0103691	0.00958371	0.0081525	0.00592013	0.00478982	0.0231456	0.00357361	0.0033416	0.00328457	0.00323457	0.00315747	0.00310276	0.0030719	0.00301546	0.00295143	0.00285998	0.00282257	0.00276099	0.00264179	0.00243667	

33	0.009	0	0	task-3:0.03	task-0:0.068	task-1:0.01	task-2:0.042	|	0.0972381	0.087856	0.0630204	0.0524481	0.0458818	0.0378307	0.0332939	0.0265817	0.0191951	0.0203518	0.0164951	0.0157664	0.0149802	0.0143736	0.0136069	0.0124707	0.0114955	0.0103647	0.00837699	0.00558104	0.00894644	0.0154547	0.00338701	0.00320093	0.00317135	0.00311851	0.00306805	0.00298685	0.00293646	0.00289711	0.00283114	0.00274671	0.0026026	0.00242364	

28	0.008	0	0	task-3:0.02	task-0:0.07	task-1:0.01	task-2:0.04	|	0.0476364	0.0425802	0.036305	0.03253	0.0252761	0.0156343	0.0161412	0.0122787	0.0101044	0.00978797	0.00931676	0.00849717	0.00729059	0.00556952	0.0118817	0.00546039	0.00525003	0.00516788	0.00508895	0.00494263	0.00468099	0.00445011	0.00408508	0.00346109	0.00281261	0.00965812	0.00258474	0.00253122	0.0024944	

39	0.01	0	0	task-3:0.018	task-0:0.068	task-1:0.012	task-2:0.096	|	0.0669511	0.0531811	0.0352657	0.0328688	0.0278119	0.019512	0.011302	0.0253021	0.0108538	0.0100777	0.00928528	0.00918706	0.00889232	0.00829428	0.00750309	0.0070825	0.00667222	0.00649717	0.00631181	0.00614535	0.00586705	0.00555276	0.0049883	0.00421758	0.00617251	0.00388818	0.00378171	0.00374358	0.00366422	0.00354403	0.0034009	0.00326116	0.00302627	0.0031208	0.00284639	0.00279462	0.00275311	0.00267088	0.00254457	0.00244327	

29	0.008	0	0	task-3:0.03	task-0:0.07	task-1:0.02	task-2:0.018	|	0.0350185	0.0336547	0.0308371	0.0263241	0.0204359	0.0139997	0.0169135	0.0118543	0.0114343	0.0105775	0.00929256	0.00860591	0.0082961	0.00772856	0.0074575	0.00720893	0.00673431	0.00586017	0.00448836	0.00588799	0.00905348	0.00314389	0.00306797	0.00299754	0.00289605	0.00274286	0.00267388	0.00258778	0.00254916	0.00247434	

19	0.006	0	0	task-3:0.028	task-0:0.066	task-1:0.03	task-2:0.038	|	0.0813405	0.0665153	0.0401771	0.0361832	0.0319763	0.0252377	0.0181555	0.0170745	0.0153166	0.0142888	0.0135516	0.0127954	0.0118147	0.0108236	0.0101341	0.0093635	0.00802793	0.0059026	0.00332427	0.00185018	

28	0.008	0	0	task-3:0.024	task-0:0.086	task-1:0.192	task-2:0.022	|	0.0526388	0.0501902	0.0444887	0.0347918	0.0231435	0.016123	0.0153683	0.0125327	0.011544	0.0113913	0.0111212	0.0105739	0.00955091	0.00779823	0.00522454	0.00993893	0.0141108	0.00321324	0.00310843	0.00306411	0.00302789	0.00295577	0.00283815	0.00268161	0.00263029	0.00260417	0.00257057	0.00251688	0.00245654	

38	0.01	0	0	task-3:0.02	task-0:0.088	task-1:0.014	task-2:0.02	|	0.0511057	0.0489395	0.043191	0.0355404	0.0277345	0.0193712	0.0174548	0.0146312	0.014122	0.0131835	0.0116169	0.00964755	0.0146942	0.00863616	0.00758325	0.00746874	0.00727152	0.00689073	0.00626472	0.00557001	0.00563751	0.00525372	0.00509092	0.0048733	0.00470231	0.0044215	0.00406394	0.00385968	0.00365659	0.00362641	0.00357017	0.0035242	0.00347796	0.00338621	0.0032169	0.00292308	0.00259076	0.00333763	0.00246605	

40	0.01	0	0	task-3:0.016	task-0:0.066	task-1:0.024	task-2:0.028	|	0.0561715	0.0485603	0.0396623	0.036525	0.0297555	0.0192591	0.0165824	0.015136	0.0111176	0.0106275	0.0100978	0.00942236	0.00881407	0.00778335	0.00739537	0.00734311	0.00622591	0.00605235	0.00580329	0.00546793	0.00513244	0.00455094	0.0044993	0.00449667	0.00383259	0.00376722	0.00366956	0.00352791	0.00348009	0.00338139	0.0032444	0.00312997	0.00294971	0.00288448	0.00276703	0.00270446	0.00268296	0.0026651	0.00262859	0.00255648	0.00241831	

30	0.008	0	0	task-3:0.036	task-0:0.058	task-1:0.02	task-2:0.012	|	0.053177	0.0514222	0.046392	0.0360617	0.0215302	0.0175412	0.0147865	0.0132243	0.0125719	0.0122373	0.0116604	0.010825	0.0100567	0.009412	0.00856228	0.00790217	0.00754453	0.0073654	0.00716138	0.00676382	0.00604545	0.00495886	0.0059029	0.00481211	0.0040612	0.00400432	0.00389282	0.00367903	0.00329012	0.00265214	0.00185724	

21	0.005	0	0	task-3:0.026	task-0:0.064	task-1:0.142	task-2:0.036	|	0.0520531	0.0499261	0.0448351	0.0360734	0.0254915	0.0181287	0.0159996	0.0161506	0.0132416	0.0128898	0.0121732	0.0108635	0.00873158	0.0110254	0.00831253	0.00800002	0.00782733	0.00747901	0.00681557	0.00565665	0.00394543	0.00229203	

31	0.009	0	0	task-3:0.018	task-0:0.064	task-1:0.014	task-2:0.018	|	0.0479349	0.0453167	0.0401804	0.0331459	0.0231675	0.0140836	0.0202611	0.0124443	0.0119343	0.0114448	0.0111646	0.0106058	0.009547	0.00773608	0.00759183	0.00870206	0.00555777	0.00539273	0.00517958	0.00492993	0.00470813	0.00430235	0.00363692	0.00424683	0.00460515	0.00292519	0.00288356	0.0028232	0.0027332	0.00268808	0.00259805	0.0024432	

35	0.01	0	0	task-3:0.03	task-0:0.094	task-1:0.02	task-2:0.022	|	0.0541395	0.051799	0.045374	0.0379641	0.0309025	0.0230754	0.0170521	0.0165106	0.0139019	0.013353	0.0128738	0.0120225	0.0105485	0.00894718	0.0136329	0.00816022	0.00778364	0.00730234	0.00715345	0.00687276	0.00635606	0.00566389	0.00542438	0.0051595	0.00500057	0.00479142	0.00452439	0.00420331	0.00364426	0.00345159	0.00412844	0.00290596	0.00284557	0.00273871	0.00260907	0.00242499	

23	0.007	0	0	task-3:0.038	task-0:0.084	task-1:0.014	task-2:0.024	|	0.0687484	0.0640014	0.0546173	0.0448837	0.0303305	0.0166732	0.0235522	0.0144388	0.0130896	0.0125683	0.0115908	0.00995741	0.00740683	0.00560914	0.0275765	0.00465669	0.00458606	0.00415367	0.00408541	0.00398592	0.00379451	0.00343359	0.00282282	0.00216792	

32	0.009	0	0	task-3:0.018	task-0:0.094	task-1:0.012	task-2:0.022	|	0.0697502	0.0571501	0.0396235	0.0369576	0.0318528	0.0245254	0.019147	0.0155588	0.0141947	0.013389	0.0125471	0.0123745	0.0120102	0.0113233	0.0101616	0.0086587	0.00642733	0.00734153	0.025329	0.00416059	0.00404988	0.00379791	0.00373678	0.00366842	0.00355671	0.00336537	0.00309277	0.00308981	0.00292806	0.00287938	0.00278344	0.00260202	0.00228125	

37	0.01	0	0	task-3:0.028	task-0:0.07	task-1:0.012	task-2:0.02	|	0.089362	0.0736799	0.0383311	0.0333027	0.029481	0.0235471	0.0197104	0.0167243	0.0152427	0.0131077	0.0110822	0.0127608	0.0105981	0.0102646	0.0100791	0.00971965	0.00903973	0.00835529	0.00750756	0.00605428	0.00422074	0.0126252	0.00409943	0.00391239	0.00384128	0.00377191	0.00363712	0.00340851	0.00316177	0.00297435	0.00303133	0.00280573	0.00275396	0.00267683	0.00260992	0.00257732	0.00251267	0.00238814	

21	0.005	0	0	task-3:0.018	task-0:0.094	task-1:0.138	task-2:0.04	|	0.05544	0.0523663	0.0461568	0.0377756	0.0260429	0.0159223	0.0206755	0.0130957	0.0125982	0.0115755	0.00974255	0.00693849	0.00487076	0.0284095	0.00485186	0.00747913	0.00328703	0.00324445	0.0031593	0.00299491	0.0026943	0.00219515	

19	0.005	0	0	task-3:0.048	task-0:0.064	task-1:0.016	task-2:0.034	|	0.0561742	0.0508047	0.042916	0.0371061	0.026514	0.0146923	0.0214105	0.0117139	0.0110087	0.0105621	0.0102075	0.00976806	0.00934915	0.00856067	0.00740164	0.00559001	0.00327243	0.0138922	0.011996	0.00223074	

28	0.007	0	0	task-3:0.03	task-0:0.108	task-1:0.012	task-2:0.016	|	0.0772647	0.0652818	0.0455767	0.0420721	0.0381855	0.0311299	0.0223063	0.0200972	0.0160416	0.0150147	0.0139936	0.0123934	0.0104259	0.0108354	0.0103611	0.00875181	0.00857435	0.00822892	0.00761458	0.00717532	0.00672989	0.00662263	0.00638635	0.00591025	0.00503552	0.00363838	0.00377413	0.0218551	0.00236571	

34	0.009	0	0	task-3:0.122	task-0:0.046	task-1:0.022	task-2:0.074	|	0.0538633	0.0447469	0.0347704	0.0321835	0.0266415	0.0184759	0.0171103	0.0125212	0.0117015	0.0114474	0.0111967	0.0105884	0.00973521	0.00910989	0.00867276	0.00800266	0.00748162	0.00712113	0.00703375	0.00692952	0.00672064	0.00632622	0.00564187	0.00492471	0.00615623	0.00463168	0.00454671	0.00446205	0.0044298	0.00436074	0.0042229	0.00396028	0.00349055	0.00274049	0.00231095	

35	0.009	0	0	task-3:0.028	task-0:0.06	task-1:0.01	task-2:0.018	|	0.075421	0.0645658	0.0471356	0.0426672	0.0361047	0.0261822	0.0188691	0.0137211	0.0184527	0.0116578	0.0110303	0.0108153	0.0107166	0.0105102	0.0101018	0.00932195	0.00795145	0.00593259	0.00535953	0.0186189	0.00382728	0.00363251	0.00354267	0.00348703	0.00345461	0.00339346	0.00332849	0.00323884	0.0031776	0.00310978	0.00301005	0.00289518	0.00281121	0.00269616	0.00250671	0.00232765	

29	0.008	0	0	task-3:0.028	task-0:0.066	task-1:0.014	task-2:0.018	|	0.0627515	0.0583426	0.0498786	0.0406926	0.0263296	0.0149549	0.0215784	0.0122092	0.0110406	0.0106972	0.0100508	0.00895336	0.00720499	0.00719578	0.0118458	0.00520552	0.00508628	0.00490811	0.00465082	0.00444451	0.00409498	0.003885	0.00380694	0.00359632	0.00352764	0.00345252	0.00331137	0.00304313	0.00257959	0.00188625	

26	0.008	0	0	task-3:0.022	task-0:0.09	task-1:0.016	task-2:0.036	|	0.0899638	0.0770041	0.0488349	0.0425318	0.0380133	0.0286723	0.018602	0.0180952	0.0137695	0.0131672	0.0124108	0.0115077	0.0107221	0.00951745	0.00749686	0.00484899	0.0218866	0.00429126	0.0038686	0.00371847	0.00367269	0.00360798	0.00354433	0.00342997	0.00321241	0.00282804	0.00222633	

21	0.006	0	0	task-3:0.018	task-0:0.106	task-1:0.052	task-2:0.028	|	0.0563512	0.0536311	0.0474379	0.0373725	0.0248918	0.0168874	0.0160081	0.0138708	0.0118127	0.0115539	0.0110354	0.0100697	0.00846739	0.00599703	0.00329927	0.0236633	0.0058333	0.0483027	0.00341823	0.00394201	0.0025146	0.00247699	

22	0.006	0	0	task-3:0.04	task-0:0.084	task-1:0.082	task-2:0.026	|	0.0460675	0.0443881	0.0398924	0.0314838	0.0206149	0.0136776	0.0168016	0.0109994	0.0106789	0.0101468	0.00936008	0.00868581	0.00822027	0.00798456	0.00778676	0.00753005	0.00712266	0.00640101	0.00532548	0.00372865	0.00458123	0.0171496	0.00236511	

32	0.01	0	0	task-3:0.024	task-0:0.062	task-1:0.03	task-2:0.014	|	0.0549893	0.0519601	0.0455032	0.0360734	0.0230402	0.0134514	0.0103825	0.0147567	0.00968159	0.00932598	0.00898942	0.00872384	0.00825112	0.00739086	0.00599987	0.00704488	0.00622006	0.00472075	0.00463914	0.00447818	0.00417492	0.00367861	0.00378337	0.00367826	0.00319319	0.00314913	0.00308251	0.00297638	0.00290138	0.00275736	0.0025533	0.00261455	0.00242377	

38	0.011	0	0	task-3:0.022	task-0:0.052	task-1:0.01	task-2:0.012	|	0.0537085	0.0495737	0.0430969	0.0375235	0.0279513	0.0195098	0.0192334	0.0165861	0.0151279	0.0146461	0.0143518	0.0138316	0.013121	0.012308	0.0109279	0.00960597	0.00940437	0.00893268	0.00872541	0.00843664	0.00814022	0.00778307	0.00738176	0.00696378	0.00673024	0.00633664	0.00563597	0.00474788	0.00647316	0.00457633	0.00451763	0.0044383	0.00431678	0.0041819	0.00400078	0.00376432	0.00335702	0.00269305	0.00219926	

40	0.011	0	0	task-3:0.02	task-0:0.066	task-1:0.104	task-2:0.028	|	0.0651201	0.0607686	0.0523978	0.0434569	0.029606	0.0165241	0.0243007	0.0148348	0.0136421	0.0130539	0.0119332	0.0100688	0.00729155	0.0112419	0.00635023	0.00575987	0.00566093	0.00552274	0.00534376	0.00519879	0.00490804	0.00438783	0.00368594	0.00582726	0.00357532	0.00353689	0.00348362	0.00340588	0.00333168	0.00322043	0.00304813	0.00292872	0.00285054	0.00279467	0.00272839	0.0026745	0.00264288	0.00259469	0.00253802	0.00250111	0.00243024	

35	0.009	0	0	task-3:0.026	task-0:0.08	task-1:0.026	task-2:0.03	|	0.0586475	0.056609	0.0510101	0.0401267	0.0252023	0.0160757	0.0154448	0.0135458	0.0120664	0.0118152	0.0112991	0.0103225	0.00866832	0.00894564	0.00757238	0.00734013	0.0069992	0.00641222	0.00551673	0.0057407	0.00490966	0.0047475	0.0047204	0.00465635	0.00453615	0.00434522	0.00412131	0.00370997	0.00316749	0.00423832	0.00298007	0.00295701	0.00290477	0.00279646	0.00258744	0.00221824	

34	0.009	0	0	task-3:0.026	task-0:0.076	task-1:0.014	task-2:0.03	|	0.054715	0.0506416	0.0441217	0.0384449	0.028801	0.020636	0.0194061	0.0173721	0.0158712	0.0152547	0.0145768	0.0134681	0.0120492	0.00965568	0.00629267	0.0134261	0.0076109	0.00475492	0.00413279	0.00403291	0.00388949	0.00375967	0.00362103	0.00340332	0.00319027	0.00290842	0.0030595	0.00279352	0.00277402	0.00273648	0.00265581	0.002608	0.00256818	0.00250744	0.00242833	

32	0.009	0	0	task-3:0.032	task-0:0.068	task-1:0.012	task-2:0.03	|	0.0483773	0.0466682	0.041992	0.0331813	0.0216859	0.0144646	0.0172474	0.011587	0.0112633	0.0108351	0.0103706	0.00973715	0.00910636	0.00836372	0.00765577	0.00645176	0.00595	0.00714291	0.00492807	0.00476758	0.00458658	0.00439034	0.00419637	0.00384369	0.00352748	0.00375848	0.00328456	0.00321973	0.00311294	0.00299455	0.00283333	0.00254114	0.00205751	

41	0.011	0	0	task-3:0.164	task-0:0.08	task-1:0.014	task-2:0.016	|	0.0694286	0.0611644	0.0485663	0.0435807	0.0348431	0.0246571	0.0207909	0.0180059	0.0166619	0.0152232	0.0135334	0.0117221	0.0142384	0.010352	0.0098682	0.00949386	0.00883073	0.0077019	0.0066347	0.00748138	0.00610766	0.00587754	0.00563373	0.00545915	0.00533197	0.00518869	0.00501449	0.00494247	0.00482123	0.00460579	0.00429874	0.00379733	0.00339668	0.00463622	0.00310113	0.00304955	0.0029849	0.00289915	0.002762	0.00264869	0.00253776	0.00248714	

20	0.005	0	0	task-3:0.03	task-0:0.092	task-1:0.256	task-2:0.024	|	0.0847735	0.0700505	0.0418648	0.0372569	0.0327839	0.0246413	0.015247	0.0184154	0.0127638	0.012182	0.0113917	0.0107317	0.0100761	0.00888828	0.00692652	0.00428352	0.0129654	0.0108549	0.00306337	0.0025031	0.00247082	

23	0.006	0	0	task-3:0.028	task-0:0.08	task-1:0.01	task-2:0.07	|	0.0480209	0.0424828	0.0359679	0.0326563	0.0260312	0.016655	0.015761	0.0132604	0.0104042	0.0100078	0.00952245	0.00881516	0.00808016	0.00698457	0.00560312	0.0109484	0.00530103	0.00507631	0.00498511	0.00479937	0.00444179	0.0038043	0.00280395	0.00154784	

39	0.011	0	0	task-3:0.022	task-0:0.076	task-1:0.06	task-2:0.03	|	0.0718785	0.0608414	0.044415	0.0406464	0.034149	0.0254607	0.0204976	0.0166117	0.014845	0.0139099	0.0132037	0.0125134	0.0117057	0.010641	0.009692	0.00936611	0.00890287	0.0085092	0.00821134	0.00773008	0.00691255	0.00608152	0.00646726	0.00567626	0.00549603	0.00525986	0.00507528	0.00480338	0.00449382	0.00430964	0.00410174	0.00373035	0.00363183	0.00345439	0.00324583	0.0031994	0.00314669	0.00303812	0.00283138	0.00247454	

37	0.01	0	0	task-3:0.016	task-0:0.068	task-1:0.02	task-2:0.032	|	0.0470975	0.0436355	0.0382668	0.0331367	0.0244682	0.0168654	0.0176827	0.0144626	0.0132464	0.012876	0.01273	0.0124313	0.0119227	0.0112354	0.0105189	0.010023	0.00913773	0.00806522	0.00823465	0.00720138	0.00681869	0.00670444	0.00657694	0.00635558	0.00611297	0.0057532	0.00530526	0.00463272	0.00374859	0.00698141	0.00363502	0.00358256	0.00351806	0.00341979	0.00331805	0.00312082	0.00276373	0.00226269	

31	0.008	0	0	task-3:0.026	task-0:0.066	task-1:0.18	task-2:0.02	|	0.075753	0.0612212	0.0384951	0.035271	0.0303827	0.0236425	0.0186281	0.0133672	0.0106794	0.0151527	0.00928233	0.00875625	0.00854934	0.00813255	0.00740178	0.006139	0.00610601	0.00712354	0.004704	0.00460139	0.00441227	0.00408831	0.00355767	0.00409272	0.00332002	0.00312649	0.00310632	0.00306511	0.00298275	0.00282409	0.00253439	0.00205242	

33	0.009	0	0	task-3:0.212	task-0:0.058	task-1:0.024	task-2:0.024	|	0.0723685	0.0603383	0.0426035	0.0397578	0.0350037	0.0275564	0.0207059	0.0132103	0.0201069	0.0112705	0.0106238	0.0103476	0.0102757	0.0101208	0.00984442	0.00945689	0.00899816	0.00815362	0.00698977	0.0054533	0.0100994	0.00489006	0.00474744	0.00467519	0.00456957	0.00449658	0.00436887	0.00416326	0.00393313	0.00357034	0.00295981	0.00257625	0.0111674	0.00213238	

50	0.013	0	0	task-3:0.02	task-0:0.068	task-1:0.014	task-2:0.02	|	0.0709523	0.0574749	0.0383032	0.0355318	0.0304328	0.0234151	0.0184905	0.0152627	0.0140762	0.0132714	0.0124758	0.0122268	0.0117331	0.0108363	0.00949281	0.00879632	0.00821385	0.00788666	0.00771393	0.0076183	0.00745144	0.00721052	0.0069736	0.00657092	0.00594461	0.00570323	0.00537158	0.00517553	0.00508731	0.0050078	0.00487494	0.00475382	0.00457175	0.00437006	0.00415699	0.00395136	0.00373566	0.00342431	0.00306257	0.00391354	0.00293493	0.00290332	0.00286545	0.00286054	0.00284676	0.00282071	0.00277499	0.00270745	0.00263518	0.00252968	0.00247681	

30	0.008	0	0	task-3:0.022	task-0:0.07	task-1:0.016	task-2:0.02	|	0.0600334	0.0580378	0.0524465	0.0411913	0.0248326	0.0149592	0.0134144	0.0137172	0.0111572	0.0108507	0.010293	0.00939772	0.00839311	0.00726437	0.00734682	0.00670451	0.00657221	0.00631373	0.00585009	0.0050918	0.00549713	0.0046093	0.00450578	0.00443504	0.00429417	0.00402725	0.00356029	0.00292545	0.00420367	0.00366275	0.0023677	

35	0.009	0	0	task-3:0.02	task-0:0.062	task-1:0.02	task-2:0.038	|	0.0641076	0.0535715	0.0401632	0.0369736	0.0302345	0.0194737	0.0102106	0.00741209	0.0198105	0.00662612	0.00633987	0.00619177	0.00595156	0.00565969	0.00547229	0.00513281	0.00467089	0.00435056	0.00475464	0.00401411	0.00393817	0.00384282	0.00371963	0.00365589	0.00355768	0.00339069	0.00319671	0.00312195	0.0030131	0.0029711	0.0029014	0.00280413	0.00264752	0.00265446	0.00251812	0.00248729	

33	0.009	0	0	task-3:0.028	task-0:0.084	task-1:0.03	task-2:0.024	|	0.0598917	0.0581647	0.05285	0.0429057	0.030602	0.0214015	0.0186259	0.0163632	0.0149937	0.0144751	0.0137097	0.0124339	0.0106917	0.00827315	0.0146507	0.00831348	0.00907656	0.00757903	0.00748492	0.00729841	0.00696473	0.00636447	0.00585723	0.00568878	0.00543112	0.00525585	0.00512914	0.00491548	0.00452562	0.0039181	0.00296682	0.00264774	0.0153056	0.00196174	

