20	0	0	0	task-0:0.132	|	0.279512	0.239469	0.150144	0.0692157	0.0714636	0.0427257	0.0345471	0.0290679	0.0196978	0.0140751	0.0139184	0.010506	0.0094846	0.00819869	0.00716583	0.00615161	0.00489519	0.00309706	0.00279906	0.0100132	0.00148092	

22	0.001	0	0	task-0:0.16	|	0.263377	0.224306	0.163661	0.0825708	0.0514253	0.0439673	0.0256016	0.0199128	0.0179101	0.0154237	0.012207	0.0100617	0.0091427	0.00860248	0.00797814	0.00682645	0.00487807	0.00383912	0.00366733	0.00284337	0.00268995	0.00253782	0.00240198	

20	0.001	0	0	task-0:0.138	|	0.302738	0.204674	0.184861	0.144692	0.0884539	0.0522126	0.0507804	0.0348185	0.0303799	0.0229252	0.0137351	0.00969466	0.00917292	0.00655987	0.00596178	0.00512476	0.00452343	0.00389888	0.0034165	0.00265808	0.00175809	

20	0	0	0	task-0:0.144	|	0.232225	0.167659	0.130792	0.0810679	0.0503182	0.042007	0.0361963	0.0300986	0.0270459	0.0226764	0.0174484	0.0137696	0.0122136	0.011129	0.00983653	0.00901419	0.00737975	0.00497517	0.00357038	0.0125187	0.00240197	

21	0.001	0	0	task-0:0.148	|	0.239196	0.20319	0.126412	0.0476876	0.0436384	0.0376528	0.0196902	0.0162242	0.0154403	0.013956	0.0125635	0.0108386	0.00996696	0.00857136	0.00644753	0.00498007	0.00574663	0.00394517	0.00355392	0.00312783	0.00281579	0.00247852	

15	0	0	0	task-0:0.144	|	0.298246	0.257162	0.157394	0.0594217	0.0741571	0.0307609	0.0257153	0.0221304	0.0154881	0.0083319	0.00527598	0.0410839	0.00322654	0.00310337	0.00286681	0.00242572	

26	0.001	0	0	task-0:0.156	|	0.363163	0.24183	0.230826	0.15442	0.12972	0.0913829	0.084441	0.0706127	0.0535077	0.0389099	0.0289625	0.0235594	0.0230133	0.0213843	0.0182824	0.0136684	0.0111245	0.00951397	0.00858149	0.00792878	0.00757878	0.00679261	0.00567058	0.00491829	0.00406375	0.0032538	0.0021135	

15	0.001	0	0	task-0:0.146	|	0.217696	0.187117	0.118968	0.0562808	0.0597309	0.0307233	0.0263346	0.0208174	0.0132627	0.00888221	0.0151619	0.00591888	0.00545603	0.00466623	0.00364354	0.00245423	

17	0.001	0	0	task-0:0.142	|	0.281112	0.238105	0.152804	0.0750668	0.0567725	0.0388298	0.0342847	0.0274134	0.0173747	0.0135042	0.0165081	0.00775411	0.00698811	0.00607232	0.00533589	0.00458912	0.00338804	0.00182709	

21	0.001	0	0	task-0:0.142	|	0.29104	0.236706	0.168421	0.102852	0.0716603	0.0505557	0.0296204	0.0278782	0.0201537	0.0132874	0.0121213	0.0103233	0.00791574	0.00678382	0.00537165	0.00463404	0.0043258	0.0037947	0.00351865	0.00326942	0.00282674	0.00214947	

24	0	0	0	task-0:0.152	|	0.363748	0.272804	0.216624	0.129694	0.113466	0.0886704	0.0697439	0.0522779	0.033476	0.021347	0.0329672	0.0142159	0.0128434	0.0114308	0.00949976	0.00899259	0.00816097	0.00708921	0.00580199	0.0050674	0.00402592	0.0029846	0.00305099	0.00257364	0.0022576	

14	0.001	0	0	task-0:0.156	|	0.304732	0.2562	0.17201	0.0850079	0.0744822	0.0450049	0.03989	0.0284056	0.0127583	0.0145778	0.0225977	0.00314292	0.00297721	0.00269955	0.00233662	

18	0	0	0	task-0:0.15	|	0.205427	0.171415	0.119029	0.0506989	0.0296546	0.0486058	0.0216311	0.0174199	0.0158679	0.0135331	0.0108766	0.00980123	0.00904986	0.00779442	0.00667827	0.00566295	0.00444285	0.00299049	0.00157009	

25	0.001	0	0	task-0:0.138	|	0.25735	0.20877	0.14483	0.0869005	0.0630793	0.046861	0.0426578	0.0363529	0.0272632	0.021294	0.0168605	0.0162318	0.0143605	0.0136405	0.0124073	0.0110111	0.0102732	0.00859743	0.00615579	0.00503618	0.00886124	0.0036265	0.00340794	0.00303147	0.00253864	0.00176861	

20	0.001	0	0	task-0:0.118	|	0.280505	0.242138	0.151223	0.0599155	0.059049	0.0308571	0.027742	0.0251746	0.0209013	0.014252	0.0107248	0.00892945	0.00771071	0.00708859	0.00661898	0.00574789	0.00458261	0.00299903	0.00265516	0.0221252	0.00165915	

19	0	0	0	task-0:0.14	|	0.23687	0.187368	0.141509	0.0742087	0.0482281	0.0485639	0.0294484	0.0249963	0.0213392	0.0166879	0.0133859	0.00893915	0.00909825	0.0117859	0.0049573	0.00466391	0.00418208	0.0037342	0.00315773	0.00225291	

18	0.001	0	0	task-0:0.146	|	0.205802	0.153139	0.129579	0.0870155	0.0476926	0.0447408	0.0291405	0.02009	0.0176141	0.0148595	0.0103953	0.00714172	0.0130098	0.0058364	0.00546438	0.00485293	0.00413245	0.00313238	0.00183614	

24	0.001	0	0	task-0:0.154	|	0.314417	0.19795	0.173857	0.134135	0.0881107	0.0665526	0.0535179	0.0451429	0.0362719	0.0263307	0.0179852	0.0196324	0.0147458	0.013418	0.0118197	0.010582	0.00868794	0.00679833	0.00631644	0.00621602	0.00599321	0.00561768	0.00491529	0.00377612	0.00246247	

19	0	0	0	task-0:0.144	|	0.215037	0.16594	0.126468	0.0639574	0.0255067	0.0351731	0.02807	0.01067	0.010037	0.00885339	0.00691189	0.00556521	0.00480443	0.00430282	0.00411542	0.00405886	0.00387517	0.00355499	0.00298655	0.00211806	

24	0.001	0	0	task-0:0.148	|	0.223247	0.170746	0.129841	0.0699703	0.0441072	0.0595341	0.0275004	0.021597	0.0194855	0.0169436	0.0138619	0.0130042	0.0109347	0.00802502	0.00689246	0.00596528	0.00502493	0.00464729	0.00444118	0.0040196	0.00348611	0.00283643	0.00265583	0.00256444	0.0023881	

15	0.001	0	0	task-0:0.132	|	0.313412	0.236752	0.170756	0.100778	0.0585743	0.0310535	0.034462	0.0240009	0.0136151	0.0120882	0.0105572	0.00783101	0.00438695	0.00273366	0.0476392	0.00146561	

24	0.001	0	0	task-0:0.156	|	0.250763	0.212828	0.132448	0.0529051	0.0590195	0.0284547	0.0232048	0.021688	0.019245	0.0173635	0.0151278	0.013854	0.0125072	0.0105585	0.00884515	0.00804092	0.00789361	0.00748492	0.00668799	0.0052296	0.00424874	0.00316603	0.00301974	0.00280199	0.00247588	

22	0.001	0	0	task-0:0.16	|	0.263377	0.224306	0.163661	0.0825708	0.0514253	0.0439673	0.0256016	0.0199128	0.0179101	0.0154237	0.012207	0.0100617	0.0091427	0.00860248	0.00797814	0.00682645	0.00487807	0.00383912	0.00366733	0.00284337	0.00268995	0.00253782	0.00240198	

20	0.001	0	0	task-0:0.138	|	0.302738	0.204674	0.184861	0.144692	0.0884539	0.0522126	0.0507804	0.0348185	0.0303799	0.0229252	0.0137351	0.00969466	0.00917292	0.00655987	0.00596178	0.00512476	0.00452343	0.00389888	0.0034165	0.00265808	0.00175809	

20	0.001	0	0	task-0:0.144	|	0.232225	0.167659	0.130792	0.0810679	0.0503182	0.042007	0.0361963	0.0300986	0.0270459	0.0226764	0.0174484	0.0137696	0.0122136	0.011129	0.00983653	0.00901419	0.00737975	0.00497517	0.00357038	0.0125187	0.00240197	

21	0.001	0	0	task-0:0.148	|	0.239196	0.20319	0.126412	0.0476876	0.0436384	0.0376528	0.0196902	0.0162242	0.0154403	0.013956	0.0125635	0.0108386	0.00996696	0.00857136	0.00644753	0.00498007	0.00574663	0.00394517	0.00355392	0.00312783	0.00281579	0.00247852	

15	0.001	0	0	task-0:0.144	|	0.298246	0.257162	0.157394	0.0594217	0.0741571	0.0307609	0.0257153	0.0221304	0.0154881	0.0083319	0.00527598	0.0410839	0.00322654	0.00310337	0.00286681	0.00242572	

26	0.001	0	0	task-0:0.156	|	0.363163	0.24183	0.230826	0.15442	0.12972	0.0913829	0.084441	0.0706127	0.0535077	0.0389099	0.0289625	0.0235594	0.0230133	0.0213843	0.0182824	0.0136684	0.0111245	0.00951397	0.00858149	0.00792878	0.00757878	0.00679261	0.00567058	0.00491829	0.00406375	0.0032538	0.0021135	

15	0.001	0	0	task-0:0.146	|	0.217696	0.187117	0.118968	0.0562808	0.0597309	0.0307233	0.0263346	0.0208174	0.0132627	0.00888221	0.0151619	0.00591888	0.00545603	0.00466623	0.00364354	0.00245423	

17	0.001	0	0	task-0:0.142	|	0.281112	0.238105	0.152804	0.0750668	0.0567725	0.0388298	0.0342847	0.0274134	0.0173747	0.0135042	0.0165081	0.00775411	0.00698811	0.00607232	0.00533589	0.00458912	0.00338804	0.00182709	

21	0.001	0	0	task-0:0.142	|	0.29104	0.236706	0.168421	0.102852	0.0716603	0.0505557	0.0296204	0.0278782	0.0201537	0.0132874	0.0121213	0.0103233	0.00791574	0.00678382	0.00537165	0.00463404	0.0043258	0.0037947	0.00351865	0.00326942	0.00282674	0.00214947	

24	0.001	0	0	task-0:0.156	|	0.250763	0.212828	0.132448	0.0529051	0.0590195	0.0284547	0.0232048	0.021688	0.019245	0.0173635	0.0151278	0.013854	0.0125072	0.0105585	0.00884515	0.00804092	0.00789361	0.00748492	0.00668799	0.0052296	0.00424874	0.00316603	0.00301974	0.00280199	0.00247588	

26	0.002	0	0	task-0:0.16	|	0.3414	0.286083	0.184877	0.0915233	0.0655225	0.0483687	0.0430914	0.0343956	0.0259026	0.0162973	0.0171759	0.0110431	0.00973047	0.00965642	0.00932917	0.00868215	0.00751564	0.00574504	0.00470899	0.00380972	0.00360266	0.00338392	0.0032705	0.00317258	0.0029766	0.00250222	0.00211931	

22	0.002	0	0	task-0:0.164	|	0.269092	0.228821	0.149812	0.0766184	0.0673502	0.0411339	0.0356598	0.0269314	0.0214196	0.0174234	0.0159998	0.0135138	0.0104871	0.00931491	0.00902916	0.00827634	0.00693862	0.00495216	0.00409115	0.00365752	0.00279262	0.00260959	0.00244708	

16	0.001	0	0	task-0:0.136	|	0.246115	0.204826	0.138075	0.0766662	0.0634885	0.0420614	0.036569	0.0298029	0.0194541	0.0114627	0.0335486	0.00813234	0.00762763	0.00672936	0.00550543	0.00368289	0.00210226	

26	0.001	0	0	task-0:0.148	|	0.320255	0.248035	0.176423	0.0994757	0.0592743	0.0405707	0.0375375	0.0286095	0.023734	0.0219642	0.019161	0.0164778	0.0136129	0.0130185	0.0118072	0.0105462	0.00905702	0.00838705	0.00729718	0.00566826	0.00429375	0.00453486	0.00364967	0.00324207	0.00288158	0.0025988	0.00227718	

19	0.001	0	0	task-0:0.126	|	0.225374	0.194901	0.124774	0.0531358	0.041043	0.0321129	0.0253202	0.0221117	0.0187014	0.014166	0.0104639	0.00641406	0.00992644	0.0114722	0.00411728	0.00402847	0.00387417	0.00342682	0.00285608	0.00198008	

23	0.002	0	0	task-0:0.154	|	0.373748	0.242961	0.251053	0.144421	0.127837	0.0869376	0.079602	0.0651033	0.0434622	0.0294173	0.0449103	0.0176202	0.014601	0.0124667	0.0102272	0.00796539	0.0054336	0.00804186	0.00450931	0.00440492	0.00418091	0.00368694	0.00287598	0.00179536	

18	0.001	0	0	task-0:0.146	|	0.247674	0.212727	0.131747	0.0550634	0.0642062	0.0277151	0.0241955	0.0182575	0.0128258	0.0105442	0.00785827	0.00698655	0.00557548	0.00386335	0.00435066	0.00297339	0.00284196	0.00275494	0.00246076	

20	0.001	0	0	task-0:0.148	|	0.260486	0.185549	0.173327	0.136037	0.0936998	0.0708905	0.0592009	0.0475826	0.0414632	0.0305501	0.0164151	0.00966566	0.0645643	0.00774336	0.00651776	0.00618239	0.00581882	0.00524101	0.00438153	0.00305513	0.00193089	

18	0.001	0	0	task-0:0.168	|	0.285389	0.223883	0.154026	0.0912091	0.06894	0.0483493	0.0410786	0.0323065	0.0215354	0.0103505	0.026701	0.00705888	0.00611425	0.00610725	0.00594089	0.00557372	0.00490355	0.00379435	0.00233774	

22	0.001	0	0	task-0:0.156	|	0.210222	0.176647	0.131398	0.0678989	0.0383025	0.0375126	0.0251459	0.0160156	0.0143085	0.0122349	0.00876988	0.00515645	0.0158105	0.00463806	0.00455768	0.00437505	0.0040212	0.00359909	0.00284853	0.00270349	0.00256273	0.0025133	0.00230496	

20	0.001	0	0	task-0:0.14	|	0.234774	0.184984	0.151042	0.0931888	0.054014	0.0623203	0.0369238	0.0298445	0.026644	0.0231353	0.0197186	0.0173379	0.0134297	0.0102041	0.00857826	0.00709949	0.00657582	0.00570037	0.00455297	0.00305221	0.00135804	

16	0.001	0	0	task-0:0.154	|	0.18587	0.163767	0.112124	0.0506943	0.0255053	0.0347892	0.0172508	0.0119527	0.011433	0.0103944	0.0084203	0.00555282	0.00442577	0.00618436	0.00273463	0.00257171	0.00227557	

24	0.001	0	0	task-0:0.146	|	0.275822	0.23317	0.146238	0.0773966	0.0698375	0.0607259	0.0562049	0.0496562	0.042292	0.0302071	0.0195227	0.0214216	0.015392	0.0138923	0.0129357	0.0122018	0.010891	0.00905107	0.00782332	0.00664115	0.00559491	0.00392847	0.00276029	0.00469544	0.00194363	

17	0.001	0	0	task-0:0.14	|	0.238259	0.178577	0.13608	0.0844045	0.0568271	0.0434748	0.039251	0.033079	0.0279968	0.0213562	0.0158041	0.0142942	0.011363	0.0106065	0.0091953	0.00716982	0.00463109	0.0023718	

19	0.001	0	0	task-0:0.15	|	0.266828	0.213005	0.167012	0.0935758	0.0502093	0.0304865	0.030357	0.0170661	0.0118579	0.0107638	0.00933635	0.00700579	0.00469245	0.00964432	0.00440007	0.0042578	0.00405672	0.00367937	0.0030265	0.00207216	

19	0.001	0	0	task-0:0.14	|	0.23687	0.187368	0.141509	0.0742087	0.0482281	0.0485639	0.0294484	0.0249963	0.0213392	0.0166879	0.0133859	0.00893915	0.00909825	0.0117859	0.0049573	0.00466391	0.00418208	0.0037342	0.00315773	0.00225291	

16	0.001	0	0	task-0:0.146	|	0.307839	0.237674	0.165549	0.0948275	0.0559538	0.0284462	0.0392111	0.0178028	0.0161697	0.0130645	0.00838318	0.00600229	0.00808184	0.00345001	0.00322354	0.0028101	0.00215154	

18	0.001	0	0	task-0:0.146	|	0.205802	0.153139	0.129579	0.0870155	0.0476926	0.0447408	0.0291405	0.02009	0.0176141	0.0148595	0.0103953	0.00714172	0.0130098	0.0058364	0.00546438	0.00485293	0.00413245	0.00313238	0.00183614	

24	0.098	0	0	task-0:0.154	|	0.314417	0.19795	0.173857	0.134135	0.0881107	0.0665526	0.0535179	0.0451429	0.0362719	0.0263307	0.0179852	0.0196324	0.0147458	0.013418	0.0118197	0.010582	0.00868794	0.00679833	0.00631644	0.00621602	0.00599321	0.00561768	0.00491529	0.00377612	0.00246247	

20	0.001	0	0	task-0:0.146	|	0.223813	0.192498	0.119901	0.0472155	0.0325053	0.0303339	0.0225257	0.0194539	0.0176297	0.0149759	0.0126893	0.010562	0.00853365	0.00656521	0.00547709	0.00557171	0.0041626	0.00378981	0.00346111	0.0030312	0.00242088	

17	0.001	0	0	task-0:0.158	|	0.328225	0.285412	0.178525	0.0656639	0.0675069	0.0329612	0.0299073	0.0249748	0.0165602	0.00714783	0.00373524	0.0131068	0.00345129	0.00339695	0.00327975	0.00305224	0.00263496	0.00196957	

17	0.001	0	0	task-0:0.158	|	0.328225	0.285412	0.178525	0.0656639	0.0675069	0.0329612	0.0299073	0.0249748	0.0165602	0.00714783	0.00373524	0.0131068	0.00345129	0.00339695	0.00327975	0.00305224	0.00263496	0.00196957	

26	0.002	0	0	task-0:0.144	|	0.337121	0.296547	0.199575	0.109263	0.074639	0.0671491	0.054782	0.0505299	0.0425118	0.0300072	0.0204465	0.022075	0.0150947	0.0134649	0.0127072	0.011525	0.0101494	0.00922498	0.00760166	0.0056556	0.00488486	0.00436018	0.00347012	0.00328883	0.00313723	0.00272946	0.00229226	

20	0.001	0	0	task-0:0.146	|	0.267994	0.227013	0.15779	0.0717706	0.0463541	0.0423823	0.0305323	0.0272276	0.0201372	0.011915	0.00947103	0.00669431	0.00551409	0.00516684	0.00494612	0.00447106	0.00402964	0.00334472	0.0030956	0.00262776	0.00198161	

22	0.001	0	0	task-0:0.146	|	0.322744	0.188402	0.169161	0.124884	0.0958378	0.0709266	0.057747	0.0414398	0.0313316	0.024285	0.0201928	0.0189379	0.0171592	0.0143733	0.0116141	0.00777353	0.00655111	0.0105585	0.00389726	0.00358352	0.00313015	0.00279233	0.0023715	

20	0.001	0	0	task-0:0.142	|	0.350303	0.274677	0.198705	0.115081	0.0848064	0.0468656	0.0494608	0.0303075	0.0259914	0.0214745	0.0164617	0.0139143	0.01181	0.00907977	0.00685682	0.00708536	0.00518683	0.00488348	0.00437702	0.00360262	0.00242743	

19	0.002	0	0	task-0:0.126	|	0.225374	0.194901	0.124774	0.0531358	0.041043	0.0321129	0.0253202	0.0221117	0.0187014	0.014166	0.0104639	0.00641406	0.00992644	0.0114722	0.00411728	0.00402847	0.00387417	0.00342682	0.00285608	0.00198008	

23	0.002	0	0	task-0:0.154	|	0.373748	0.242961	0.251053	0.144421	0.127837	0.0869376	0.079602	0.0651033	0.0434622	0.0294173	0.0449103	0.0176202	0.014601	0.0124667	0.0102272	0.00796539	0.0054336	0.00804186	0.00450931	0.00440492	0.00418091	0.00368694	0.00287598	0.00179536	

