8	0.031	4	0	task-3:0.055	task-0:0.36	task-1:0.165	task-2:0.135	|	0.0671866	0.0452005	0.0452261	0.0429335	0.0430041	0.0436849	0.0437044	0.0370938	

9	0.015	4	0	task-3:0.055	task-0:0.305	task-1:0.195	task-2:0.135	|	0.0464705	0.0562821	0.0562869	0.0478748	0.0469316	0.0447964	0.0445191	0.0450364	0.0391515	

9	0.016	4	0	task-3:0.055	task-0:0.305	task-1:0.165	task-2:0.135	|	0.0673127	0.0454779	0.0455175	0.0448946	0.0454149	0.042156	0.0421464	0.0402688	0.0385807	

8	0.031	4	0	task-3:0.055	task-0:0.305	task-1:0.165	task-2:0.135	|	0.0632582	0.0454935	0.0455102	0.0453629	0.0424939	0.0414355	0.0420353	0.0393498	

8	0.015	4	0	task-3:0.055	task-0:0.305	task-1:0.165	task-2:0.135	|	0.0626638	0.0454945	0.0455183	0.0456622	0.0456555	0.042116	0.0419886	0.0378687	

9	0.016	4	0	task-3:0.06	task-0:0.305	task-1:0.16	task-2:0.135	|	0.0637938	0.0454866	0.0455107	0.0461767	0.0437424	0.042381	0.0430984	0.0409661	0.036972	

10	0.031	4	0	task-3:0.055	task-0:0.305	task-1:0.165	task-2:0.135	|	0.0646247	0.0454883	0.0455203	0.0458116	0.0451341	0.0422328	0.0424008	0.0410184	0.0405876	0.03965	

9	0.016	4	0	task-3:0.02	task-0:0.305	task-1:0.165	task-2:0.135	|	0.0651268	0.0454635	0.0455304	0.0451268	0.0432664	0.041993	0.0421651	0.0404311	0.0393439	

8	0.016	4	0	task-3:0.055	task-0:0.305	task-1:0.165	task-2:0.135	|	0.0641847	0.0454872	0.0455046	0.0453996	0.0454241	0.0415988	0.0414212	0.0390177	

7	0.016	4	0	task-3:0.055	task-0:0.275	task-1:0.165	task-2:0.135	|	0.0521445	0.0572504	0.0570497	0.0461871	0.0459059	0.0400173	0.0383598	

6	0.015	4	0	task-3:0.055	task-0:0.325	task-1:0.165	task-2:0.135	|	0.050694	0.0572568	0.0566148	0.0471191	0.0445606	0.0379974	

6	0.016	4	0	task-3:0.055	task-0:0.33	task-1:0.165	task-2:0.135	|	0.0429436	0.0572582	0.0572598	0.0408638	0.0440239	0.0379024	

7	0.031	4	0	task-3:0.055	task-0:0.305	task-1:0.16	task-2:0.135	|	0.053712	0.057261	0.0572647	0.0407637	0.0554284	0.0529994	0.0294377	

7	0.016	4	0	task-3:0.055	task-0:0.305	task-1:0.165	task-2:0.135	|	0.0505877	0.0567621	0.0570546	0.0405438	0.0462468	0.0406986	0.0285415	

6	0.015	4	0	task-3:0.055	task-0:0.2	task-1:0.165	task-2:0.135	|	0.0539264	0.0572628	0.0572471	0.0465939	0.0434233	0.0387732	

4	0.016	4	0	task-3:0.055	task-0:0.18	task-1:0.165	task-2:0.06	|	0.0564786	0.0571637	0.0565246	0.0349554	

6	0.015	4	0	task-3:0.055	task-0:0.205	task-1:0.165	task-2:0.135	|	0.0460468	0.057242	0.0565982	0.0416477	0.0451763	0.0373727	

6	0.016	4	0	task-3:0.055	task-0:0.305	task-1:0.165	task-2:0.135	|	0.0453967	0.0572573	0.0571921	0.0469284	0.0450792	0.039611	

4	0.016	4	0	task-3:0.055	task-0:0.48	task-1:0.28	task-2:0.085	|	0.0577679	0.0572624	0.0572978	0.0381192	

7	0.015	4	0	task-3:0.055	task-0:0.36	task-1:0.165	task-2:0.135	|	0.049519	0.0571914	0.0560685	0.0451958	0.0467931	0.0413954	0.0381912	

4	0	4	0	task-3:0.055	task-0:0.45	task-1:0.39	task-2:0.075	|	0.0478951	0.0572633	0.057354	0.036606	

6	0.015	4	0	task-3:0.055	task-0:0.345	task-1:0.165	task-2:0.135	|	0.0482452	0.0563236	0.055029	0.0457816	0.0429801	0.038256	

5	0	4	0	task-3:0.055	task-0:0.165	task-1:0.355	task-2:0.11	|	0.0466265	0.056378	0.0549765	0.0421852	0.0275443	

6	0.016	4	0	task-3:0.055	task-0:0.265	task-1:0.165	task-2:0.135	|	0.0502717	0.0571103	0.0552505	0.0462819	0.0434053	0.0378079	

4	0	4	0	task-3:0.055	task-0:0.565	task-1:0.35	task-2:0.085	|	0.0501804	0.0572678	0.0572095	0.0389453	

7	0.031	4	0	task-3:0.055	task-0:0.305	task-1:0.165	task-2:0.135	|	0.0554204	0.0572604	0.0573039	0.0469483	0.0570388	0.0543143	0.0337208	

5	0	4	0	task-3:0.055	task-0:0.175	task-1:0.295	task-2:0.095	|	0.0536497	0.0555796	0.0549004	0.0463651	0.034266	

8	0.016	4	0	task-3:0.055	task-0:0.365	task-1:0.165	task-2:0.135	|	0.0573197	0.0570937	0.0556289	0.0470319	0.053267	0.0512934	0.0410228	0.0395722	

6	0.016	4	0	task-3:0.055	task-0:0.24	task-1:0.165	task-2:0.135	|	0.0534124	0.0571973	0.0555522	0.0458459	0.0461616	0.0375009	

4	0.015	4	0	task-3:0.055	task-0:0.095	task-1:0.36	task-2:0.125	|	0.0545625	0.0572676	0.0571412	0.0354889	

7	0.016	4	0	task-3:0.055	task-0:0.305	task-1:0.165	task-2:0.135	|	0.0506305	0.0549476	0.0549718	0.0467987	0.0405136	0.0406728	0.0363446	

10	0.031	4	0	task-3:0.015	task-0:0.115	task-1:0.04	task-2:0.135	|	0.0486325	0.057261	0.0572697	0.0478622	0.0558901	0.0540164	0.0429706	0.0458881	0.0435437	0.0375244	

10	0.031	4	0	task-3:0.02	task-0:0.115	task-1:0.165	task-2:0.07	|	0.0542694	0.0572275	0.0562388	0.0468065	0.0441497	0.0403699	0.0409398	0.0496133	0.0445351	0.0336695	

6	0.016	4	0	task-3:0.055	task-0:0.33	task-1:0.165	task-2:0.135	|	0.047771	0.0569567	0.0562555	0.0472168	0.0446886	0.0365713	

6	0.015	4	0	task-3:0.055	task-0:0.31	task-1:0.165	task-2:0.135	|	0.0483722	0.0571148	0.0558283	0.0469471	0.0426244	0.0366823	

5	0.016	4	0	task-3:0.055	task-0:0.105	task-1:0.305	task-2:0.1	|	0.0476325	0.0569717	0.0549487	0.0450649	0.0267567	

10	0.031	4	0	task-3:0.025	task-0:0.135	task-1:0.15	task-2:0.135	|	0.0452397	0.0572568	0.0571969	0.047077	0.0475701	0.0414425	0.0435259	0.0476716	0.0417235	0.0342395	

9	0.031	4	0	task-3:0.055	task-0:0.05	task-1:0.165	task-2:0.125	|	0.0547016	0.0572701	0.0572978	0.0474282	0.0477672	0.0406822	0.046259	0.0462918	0.0374447	

10	0.016	4	0	task-3:0.03	task-0:0.17	task-1:0.16	task-2:0.135	|	0.0549535	0.0572623	0.0572837	0.0476015	0.0564914	0.0545173	0.0424043	0.0466589	0.0427376	0.0308401	

10	0.015	4	0	task-3:0.015	task-0:0.175	task-1:0.155	task-2:0.135	|	0.0532081	0.05726	0.0572439	0.0453197	0.0478682	0.0413618	0.0402954	0.0480507	0.0412327	0.0347159	

6	0.016	4	0	task-3:0.055	task-0:0.36	task-1:0.165	task-2:0.135	|	0.0439476	0.057264	0.0572706	0.0472613	0.0445109	0.0359297	

6	0.016	4	0	task-3:0.055	task-0:0.33	task-1:0.165	task-2:0.135	|	0.0483327	0.0572481	0.0570727	0.0462157	0.04467	0.0375478	

7	0	4	0	task-3:0.055	task-0:0.355	task-1:0.165	task-2:0.135	|	0.0534226	0.057259	0.0572246	0.045615	0.0481579	0.0410177	0.0351724	

5	0.016	4	0	task-3:0.055	task-0:0.21	task-1:0.32	task-2:0.095	|	0.0563236	0.0567247	0.0549085	0.0457511	0.0369445	

6	0.015	4	0	task-3:0.055	task-0:0.245	task-1:0.165	task-2:0.135	|	0.0456829	0.0572422	0.0569244	0.0415613	0.0457694	0.0386067	

6	0	4	0	task-3:0.055	task-0:0.365	task-1:0.165	task-2:0.135	|	0.0521326	0.0571773	0.0556977	0.0459396	0.043416	0.0384817	

6	0.015	4	0	task-3:0.055	task-0:0.285	task-1:0.165	task-2:0.135	|	0.0448548	0.0572341	0.0561912	0.0465765	0.0420139	0.0359054	

6	0.016	4	0	task-3:0.055	task-0:0.31	task-1:0.165	task-2:0.135	|	0.0546562	0.05725	0.0571676	0.0462538	0.0447186	0.0393621	

7	0.016	4	0	task-3:0.055	task-0:0.305	task-1:0.165	task-2:0.135	|	0.0603184	0.05711	0.0552261	0.0438755	0.045663	0.0448395	0.0323547	

6	0.015	4	0	task-3:0.055	task-0:0.26	task-1:0.165	task-2:0.135	|	0.0475348	0.0572595	0.0572321	0.041752	0.0454739	0.0393724	

7	0.031	4	0	task-3:0.055	task-0:0.345	task-1:0.165	task-2:0.135	|	0.05579	0.0572235	0.0561274	0.0449893	0.0460925	0.0412395	0.031471	

7	0.016	4	0	task-3:0.055	task-0:0.365	task-1:0.165	task-2:0.135	|	0.0490852	0.0572581	0.057226	0.046755	0.0468587	0.0408528	0.0341895	

6	0.016	4	0	task-3:0.055	task-0:0.265	task-1:0.165	task-2:0.135	|	0.049399	0.0571644	0.0559084	0.0441099	0.0426198	0.0393431	

7	0.015	4	0	task-3:0.055	task-0:0.305	task-1:0.165	task-2:0.135	|	0.0581014	0.0570679	0.0558537	0.044436	0.0455848	0.042089	0.0230975	

6	0	4	0	task-3:0.055	task-0:0.125	task-1:0.165	task-2:0.135	|	0.0489705	0.0571806	0.0562514	0.0468571	0.0461921	0.0392268	

4	0	4	0	task-3:0.055	task-0:0.44	task-1:0.36	task-2:0.105	|	0.0488782	0.0572535	0.0569331	0.0346948	

4	0	4	0	task-3:0.055	task-0:0.525	task-1:0.365	task-2:0.09	|	0.0502421	0.0572631	0.0573332	0.0387821	

4	0.016	4	0	task-3:0.055	task-0:0.535	task-1:0.35	task-2:0.05	|	0.0469672	0.0571901	0.0560437	0.0389764	

7	0.015	4	0	task-3:0.055	task-0:0.305	task-1:0.165	task-2:0.135	|	0.048394	0.0572589	0.0572658	0.0455893	0.0532092	0.0496964	0.0299983	

6	0.015	4	0	task-3:0.055	task-0:0.295	task-1:0.165	task-2:0.135	|	0.0439582	0.0568609	0.0551613	0.043974	0.0415218	0.0396349	

