23	0.037	16	0	task-3:0.428	task-0:0.446	task-1:0.532	task-2:0.6	|	0.0579119	0.117563	0.10982	0.068256	0.066027	0.0640707	0.0565381	0.0544934	0.0542273	0.0541208	0.0539176	0.0537387	0.0533651	0.0524241	0.0517577	0.0507417	0.0497727	0.0484834	0.046816	0.0449377	0.0430122	0.0410389	0.0391335	

115	0.189	16	0	task-3:0.126	task-0:0.356	task-1:0.184	task-2:0.05	|	0.0557859	0.119949	0.119894	0.114315	0.0578589	0.0786242	0.0690206	0.0568244	0.061161	0.0611676	0.0574682	0.0559022	0.0562393	0.0557005	0.0544801	0.0536158	0.0527833	0.0503977	0.0495225	0.0501014	0.0577886	0.0565895	0.0498554	0.0497452	0.049342	0.0489232	0.0481753	0.0477992	0.0472607	0.0472037	0.0472968	0.0465319	0.0462415	0.0460259	0.0458329	0.0455931	0.0453709	0.0452632	0.0451287	0.0449511	0.0449233	0.0449209	0.0447696	0.0447574	0.0447064	0.0447515	0.0448517	0.0449332	0.0447866	0.0445647	0.0443915	0.0437165	0.0434152	0.0434368	0.0432703	0.0430899	0.0428704	0.0428245	0.0424981	0.0422914	0.0419639	0.0417401	0.0415802	0.0415268	0.0415284	0.0416236	0.041771	0.0418818	0.0420283	0.0422093	0.0424549	0.0426133	0.0428657	0.0430911	0.0433642	0.0435809	0.0437473	0.0436763	0.0437107	0.0437943	0.0438978	0.0439767	0.0440375	0.044003	0.044014	0.0440236	0.0440261	0.0440175	0.043964	0.0439379	0.0438974	0.0438461	0.0437818	0.043712	0.0436376	0.0435702	0.0435147	0.0434379	0.0433133	0.0431823	0.0430309	0.042855	0.0426414	0.0423928	0.0422983	0.0421478	0.0419817	0.0419763	0.0419742	0.0417987	0.0416047	0.041351	0.0409313	0.0401408	0.0384032	

37	0.06	16	0	task-3:0.37	task-0:0.508	task-1:0.438	task-2:0.43	|	0.0661327	0.0999338	0.0997096	0.0790266	0.0789477	0.0676235	0.0567511	0.0561159	0.0562225	0.0557824	0.055302	0.0552243	0.0547744	0.0543971	0.0542962	0.0537549	0.0531915	0.0530774	0.0527001	0.0521566	0.0518832	0.0513786	0.0507887	0.0499224	0.0488482	0.0476923	0.0465702	0.0455141	0.0444458	0.043874	0.044408	0.0485715	0.0456186	0.0420218	0.0439068	0.0420424	0.0392068	

51	0.081	16	0	task-3:0.27	task-0:0.452	task-1:0.238	task-2:0.124	|	0.0596435	0.0999115	0.0998466	0.0907619	0.0620069	0.0625601	0.0559232	0.0574963	0.0554267	0.0551832	0.0549053	0.0532202	0.0524228	0.0516276	0.0508078	0.0497304	0.0486677	0.0476299	0.0467227	0.0460747	0.0456745	0.0451502	0.042875	0.0406435	0.0508299	0.0464715	0.0549698	0.0940753	0.0937562	0.0563109	0.0516328	0.0511103	0.0567357	0.0543075	0.0500823	0.0485581	0.0472259	0.0465277	0.0458851	0.0821899	0.0822825	0.053506	0.0455443	0.0454179	0.0405153	0.0655886	0.0657442	0.0419558	0.0423264	0.0422874	0.0372463	

32	0.051	16	0	task-3:0.246	task-0:0.436	task-1:0.276	task-2:0.188	|	0.0730754	0.0997047	0.0989991	0.0829887	0.054449	0.0525864	0.0570157	0.0559975	0.0506987	0.049854	0.0498796	0.0502294	0.0497258	0.048443	0.0470526	0.0454568	0.0444445	0.0440494	0.0432336	0.0424977	0.0419924	0.0417218	0.0425834	0.0439299	0.0458395	0.0447957	0.0413289	0.0403056	0.0406795	0.0411896	0.0400154	0.0381857	

1039	1.658	16	0	task-3:0.58	task-0:0.368	task-1:0.34	task-2:0.37	|	0.0638107	0.0994422	0.0971067	0.0727264	0.0569446	0.0579908	0.0564108	0.0553577	0.054981	0.0551532	0.0550859	0.0546327	0.0544223	0.0545535	0.0544629	0.0543324	0.0543829	0.0544011	0.0543197	0.0542918	0.0542828	0.0542212	0.0541542	0.0540356	0.0538808	0.0536669	0.0534282	0.0533168	0.0534532	0.0741152	0.0627157	0.0531695	0.0531695	0.0528031	0.052542	0.0525718	0.0525951	0.0524412	0.052242	0.0522633	0.0520805	0.0519384	0.0520492	0.0519958	0.0518992	0.0517898	0.0517656	0.0517781	0.0517951	0.0517678	0.05172	0.0516744	0.0516625	0.051685	0.0517241	0.0517643	0.0518282	0.0519036	0.0519845	0.0520723	0.0519237	0.0608363	0.0637148	0.0520076	0.0519464	0.0518145	0.0508936	0.0565619	0.0510369	0.051662	0.0516473	0.0502927	0.0504703	0.0500706	0.049704	0.0511758	0.0514325	0.0514019	0.0513685	0.0513325	0.0512935	0.0511358	0.0510038	0.0513734	0.0515962	0.0516301	0.0516429	0.0509164	0.048981	0.0510934	0.0513482	0.0514319	0.051449	0.0513851	0.0513411	0.0512765	0.0512057	0.0511293	0.0510682	0.0509267	0.0507463	0.0524625	0.0505315	0.0584755	0.0506427	0.0543361	0.0504417	0.0502713	0.0481197	0.0479852	0.050094	0.050184	0.0501365	0.049941	0.0498341	0.0497595	0.0497196	0.0496535	0.0490399	0.0469229	0.0469214	0.046874	0.046944	0.0467875	0.0466401	0.0464912	0.0463317	0.047848	0.0465374	0.0475322	0.0480314	0.0472794	0.0458147	0.0459839	0.0458306	0.0459469	0.0461737	0.0464682	0.0465996	0.0473958	0.0486637	0.0490133	0.0473479	0.0479935	0.0485271	0.0490375	0.048796	0.047865	0.0462929	0.0461539	0.0460936	0.0460802	0.0460902	0.0459892	0.0457049	0.0454329	0.0454628	0.045413	0.044095	0.0447799	0.0444351	0.0445378	0.0444658	0.0444096	0.0443175	0.0442815	0.0572583	0.048203	0.0573167	0.0573594	0.0481952	0.0443293	0.0439653	0.0438934	0.0438537	0.0438192	0.0475269	0.046775	0.0437046	0.057475	0.0574661	0.0471561	0.0471197	0.047046	0.0458273	0.0574188	0.0574062	0.0432141	0.0438297	0.0429523	0.0428719	0.0431886	0.0447213	0.0426928	0.0437524	0.0560129	0.0447201	0.0443014	0.045359	0.0463513	0.0574068	0.0535882	0.0533862	0.0531526	0.0527387	0.052083	0.0512839	0.0504317	0.0496003	0.0488446	0.0482097	0.0477218	0.04739	0.0472064	0.0471493	0.0471882	0.0608293	0.0608154	0.0573303	0.0608083	0.0608097	0.0608093	0.060783	0.0607649	0.0607383	0.0607147	0.0606887	0.0606588	0.0606245	0.0605854	0.0605424	0.0604978	0.0604539	0.0603685	0.0602714	0.0602174	0.0601495	0.0600799	0.0600996	0.0586658	0.060041	0.0601302	0.0600928	0.0538277	0.0600255	0.0600265	0.0592385	0.0572292	0.0572035	0.0507934	0.0507686	0.0515996	0.05159	0.049657	0.0512307	0.051227	0.0499246	0.0497412	0.0497533	0.0496607	0.0496331	0.0496341	0.0496365	0.0496304	0.049622	0.0496127	0.0495923	0.0495851	0.0495868	0.049596	0.0496125	0.0496388	0.0496809	0.0496433	0.0647556	0.0598881	0.059861	0.0591848	0.0597752	0.059754	0.0447482	0.0494843	0.049473	0.0494644	0.0494594	0.0494594	0.0494664	0.0494838	0.0495161	0.0494759	0.0493958	0.0493524	0.0493305	0.0493191	0.0493166	0.0493227	0.049337	0.0493027	0.0492948	0.0492917	0.0492953	0.0492628	0.0492125	0.0491589	0.0491258	0.0491041	0.0490849	0.049053	0.0490149	0.0489831	0.0489546	0.0489269	0.0488954	0.0488621	0.0488325	0.0488049	0.0487757	0.0487461	0.0487175	0.0486893	0.0486618	0.0486348	0.0486084	0.0485827	0.0485584	0.048535	0.0485128	0.0484908	0.0484698	0.0484502	0.0484324	0.0484178	0.048407	0.0484011	0.0484005	0.0484078	0.0484248	0.0491257	0.0485004	0.0485688	0.0492379	0.0593196	0.0592688	0.0591389	0.059045	0.0591196	0.059315	0.0593037	0.0592278	0.059276	0.0593819	0.059529	0.0595096	0.0595804	0.0596755	0.0598022	0.0599705	0.060194	0.0604908	0.0608858	0.0607141	0.060487	0.0601198	0.0598974	0.0596747	0.0592761	0.058729	0.0580728	0.057494	0.0571385	0.056985	0.0560434	0.0556056	0.0546752	0.0550678	0.0561393	0.0562671	0.0536782	0.0567914	0.057294	0.054035	0.0536909	0.0537582	0.0516152	0.0559579	0.0565459	0.0543621	0.0529552	0.0530629	0.0470565	0.0469011	0.0533348	0.0531182	0.053115	0.0530151	0.0528608	0.0526707	0.0525403	0.0524976	0.0524488	0.052536	0.0526717	0.0526776	0.0526654	0.0525559	0.0524475	0.0523756	0.0595505	0.0592667	0.0519196	0.0517747	0.0515075	0.0512136	0.0509134	0.0505981	0.0505526	0.050919	0.0506477	0.0502425	0.0497837	0.0500926	0.0499215	0.0484079	0.0473021	0.0468498	0.0470141	0.0476305	0.0488572	0.0504109	0.051282	0.0511259	0.050456	0.0499424	0.0495138	0.0491794	0.0489054	0.0486687	0.0485003	0.0483839	0.0483567	0.0483845	0.0484022	0.0484109	0.048428	0.0484609	0.0485015	0.0485457	0.0486	0.0486677	0.0487516	0.0488563	0.0489884	0.0491575	0.0493773	0.0493453	0.0494392	0.0494067	0.0493215	0.0493005	0.0493084	0.0493207	0.0493383	0.0493643	0.0494372	0.0501903	0.0499902	0.0496009	0.0496315	0.0621744	0.0620958	0.0493139	0.0491733	0.0489873	0.0619001	0.0618618	0.0483093	0.0683537	0.0682793	0.0681922	0.0648472	0.0608754	0.0606533	0.0600205	0.0593224	0.0591445	0.0534662	0.0533806	0.0550376	0.0548551	0.0523242	0.053444	0.05332	0.0516134	0.0508953	0.0504064	0.0500939	0.0497871	0.0492597	0.0488215	0.0485568	0.0481521	0.0477747	0.0474795	0.0471728	0.0468826	0.046614	0.0463785	0.0461582	0.0459574	0.045782	0.0455415	0.0452627	0.0450326	0.0448271	0.0446318	0.044409	0.0442046	0.0440191	0.0438482	0.0436869	0.0435358	0.0433625	0.0432164	0.0430737	0.042946	0.0428292	0.0427265	0.0425831	0.0424553	0.0423401	0.0422348	0.0421385	0.0420507	0.041978	0.0419149	0.0418642	0.0417576	0.0416856	0.0416203	0.0415247	0.0414479	0.0413756	0.0413088	0.0412505	0.0412051	0.0411615	0.041131	0.0411123	0.0410992	0.0411036	0.0411254	0.0411675	0.0412369	0.041343	0.0415003	0.0417055	0.0420069	0.0424175	0.0429695	0.0427675	0.0404383	0.040316	0.0401833	0.0401082	0.0467583	0.0466432	0.0459021	0.0450514	0.0423841	0.0420885	0.044005	0.0437793	0.0434348	0.0432405	0.0431161	0.0430211	0.0429779	0.0430166	0.0430582	0.0431244	0.0431962	0.0432867	0.043416	0.0435868	0.0438052	0.0437794	0.0438804	0.0440118	0.0441735	0.0443704	0.0446056	0.0448915	0.0439272	0.0419912	0.0418711	0.0417342	0.0415977	0.0594427	0.0595096	0.0595096	0.0594743	0.0578601	0.0594551	0.0594442	0.0571376	0.0589585	0.0589568	0.0488694	0.0583259	0.0583138	0.0516292	0.050953	0.0509526	0.046867	0.046902	0.047996	0.048014	0.0471719	0.0470218	0.0469925	0.0469032	0.0468606	0.0468429	0.0468603	0.046854	0.0468387	0.046818	0.046797	0.0467685	0.0467335	0.0466926	0.0466424	0.0465845	0.0465169	0.0465014	0.046514	0.0465329	0.0465589	0.0465937	0.0466383	0.0466945	0.0467634	0.0468464	0.0469443	0.0470559	0.0471806	0.0473168	0.0474633	0.0476073	0.0477453	0.0478664	0.0479614	0.0480275	0.0480641	0.0480748	0.0480668	0.0480406	0.0480216	0.0479908	0.047955	0.047916	0.0478712	0.0478222	0.045292	0.0446841	0.0445532	0.0444139	0.0451154	0.0487309	0.048578	0.0484082	0.0438107	0.0436599	0.0436089	0.043495	0.043333	0.0446571	0.0471291	0.0470822	0.0470606	0.0435091	0.0433628	0.0432263	0.0431011	0.0430307	0.0479631	0.0478699	0.0478337	0.04777	0.0476665	0.0475562	0.0510623	0.0503114	0.0471542	0.0471171	0.0471511	0.0471203	0.0470602	0.0469883	0.0469062	0.0468725	0.046812	0.0467459	0.0466679	0.0465865	0.046493	0.046387	0.0463399	0.0463222	0.0463088	0.046251	0.0461666	0.0460711	0.0459656	0.0458519	0.0457345	0.0456082	0.0454724	0.0453358	0.0452725	0.0452157	0.0451586	0.0450999	0.0450313	0.044957	0.0449407	0.0448941	0.0448416	0.0448268	0.0448315	0.0448164	0.0447913	0.0447641	0.0447472	0.0447374	0.0447286	0.0447136	0.0446951	0.0446761	0.0446605	0.0446473	0.0446343	0.044619	0.0446026	0.0445873	0.0445729	0.0445592	0.0445449	0.0445299	0.0445143	0.0444988	0.044484	0.0444699	0.0444555	0.0444408	0.0444257	0.0444101	0.0443954	0.0443819	0.0443678	0.0443532	0.0443382	0.0443232	0.0443095	0.044295	0.0442812	0.0442671	0.0442529	0.0442399	0.0442269	0.0442144	0.0442018	0.0441891	0.0441764	0.0441648	0.0441526	0.0441411	0.0441285	0.0441151	0.0441021	0.0440902	0.0440773	0.0440649	0.0440521	0.044039	0.044026	0.0440137	0.0552855	0.0552845	0.0597916	0.0597916	0.0596737	0.055284	0.055284	0.0552855	0.055288	0.0552921	0.0552986	0.0553086	0.0553237	0.0553358	0.0553484	0.0553666	0.0553926	0.0554299	0.0554834	0.05556	0.0555339	0.0554575	0.0554246	0.055407	0.0553919	0.0553813	0.0553789	0.0553845	0.0553996	0.0554268	0.0553845	0.0553766	0.0553754	0.0553827	0.0553414	0.0553247	0.0553132	0.0553074	0.0553083	0.0553174	0.0553378	0.0552957	0.0552848	0.0552796	0.0552815	0.0552923	0.0552518	0.0552372	0.0552275	0.0552237	0.0552287	0.0552442	0.0552042	0.0551914	0.0551837	0.0551822	0.0551445	0.0550613	0.0550301	0.0549939	0.0549662	0.0436663	0.043649	0.0534089	0.0533786	0.0482505	0.044387	0.044387	0.044089	0.044089	0.043472	0.0434687	0.0435729	0.0435642	0.0434565	0.0434672	0.0434656	0.0434352	0.0434407	0.0434404	0.0434329	0.0434383	0.0434362	0.0434298	0.04343	0.0434293	0.0434285	0.0434282	0.0434276	0.0434271	0.0434266	0.0434266	0.0434267	0.0434266	0.0434266	0.0434259	0.0434248	0.0434235	0.043422	0.0434202	0.043418	0.0434154	0.0434123	0.0434087	0.0434043	0.0433992	0.0433931	0.043386	0.0433776	0.0433654	0.0433579	0.0433529	0.043345	0.0433391	0.043334	0.0433304	0.0433301	0.0433272	0.0433279	0.0433196	0.043308	0.0432989	0.0432934	0.0432848	0.0432744	0.0432651	0.0432565	0.0432489	0.0432401	0.0432301	0.0432191	0.0432079	0.0431965	0.0431907	0.0431841	0.0431771	0.0431692	0.0431614	0.0431537	0.0431465	0.0431391	0.0431312	0.0431222	0.0431122	0.0431056	0.0431026	0.043099	0.0430953	0.0430919	0.0430903	0.043091	0.0430938	0.043098	0.043104	0.0431121	0.0431229	0.0431371	0.0431568	0.0431827	0.0432164	0.0432587	0.0433105	0.0433719	0.0434477	0.0435406	0.0436547	0.0437955	0.0439699	0.0442196	0.0441945	0.0440918	0.0440918	0.0441321	0.0442094	0.0443057	0.0444149	0.0445497	0.044719	0.0449308	0.0448896	0.0449694	0.0450694	0.045197	0.0453599	0.0455633	0.0458347	0.0458143	0.0459379	0.0461053	0.0463101	0.0462838	0.0461666	0.0460502	0.0459139	0.0457584	0.0457285	0.0457825	0.0457775	0.0457165	0.0456398	0.0456117	0.0456043	0.0455956	0.045586	0.0455755	0.045509	0.0454076	0.0453138	0.0451905	0.0450557	0.0448997	0.0447131	0.0444907	0.0442273	0.0441762	0.0440429	0.0438479	0.0436345	0.0430477	0.0431805	0.043173	0.0430803	0.0430126	0.0429451	0.0428538	0.042746	0.0426191	0.0424685	0.0423073	0.0421267	0.0419179	0.0416825	0.0414715	0.0411814	0.0408844	0.0412409	0.0424823	0.0547641	0.056152	0.0558115	0.0521748	0.0521348	0.0521464	0.0522234	0.0522872	0.0523652	0.0523796	0.0524436	0.0525319	0.052552	0.0525485	0.0363801	

20	0.032	16	0	task-3:0.384	task-0:0.416	task-1:0.55	task-2:0.198	|	0.0687404	0.119682	0.118854	0.0875134	0.0572954	0.0553575	0.0591656	0.0574647	0.0550001	0.053817	0.0531577	0.0520011	0.0490183	0.0475819	0.0444656	0.0431052	0.0429502	0.0420875	0.0427295	0.0384232	

26	0.041	16	0	task-3:0.386	task-0:0.396	task-1:0.48	task-2:0.448	|	0.0777473	0.119618	0.119314	0.102587	0.0553721	0.0568944	0.0554944	0.0551178	0.0552837	0.0548315	0.0542783	0.0535249	0.0526169	0.0518954	0.0510224	0.0500184	0.0488758	0.0475114	0.0462942	0.0451655	0.04422	0.0432719	0.0422372	0.0415405	0.0406415	0.0395143	

23	0.037	16	0	task-3:0.502	task-0:0.512	task-1:0.404	task-2:0.33	|	0.0628304	0.119663	0.118743	0.0634588	0.0857319	0.0735091	0.0547427	0.0515212	0.0539962	0.0544639	0.052686	0.0508405	0.0519675	0.0501647	0.0490247	0.0478672	0.0466039	0.0460284	0.0455192	0.0446551	0.0430688	0.0410848	0.0389498	

26	0.041	16	0	task-3:0.386	task-0:0.396	task-1:0.48	task-2:0.448	|	0.0777473	0.119618	0.119314	0.102587	0.0553721	0.0568944	0.0554944	0.0551178	0.0552837	0.0548315	0.0542783	0.0535249	0.0526169	0.0518954	0.0510224	0.0500184	0.0488758	0.0475114	0.0462942	0.0451655	0.04422	0.0432719	0.0422372	0.0415405	0.0406415	0.0395143	

51	0.081	16	0	task-3:0.334	task-0:0.362	task-1:0.15	task-2:0.274	|	0.0579723	0.119528	0.117139	0.065294	0.0788195	0.063691	0.0547657	0.0549749	0.052883	0.0527218	0.0518086	0.0519502	0.0530635	0.0521005	0.0515516	0.051397	0.0515207	0.0516568	0.0513541	0.0510101	0.050774	0.0506314	0.0506057	0.0505609	0.0504579	0.0503298	0.05008	0.0496952	0.0492139	0.0487793	0.0481109	0.0476346	0.0470165	0.0464585	0.0460717	0.0455564	0.045216	0.0450408	0.0449743	0.0448186	0.0445798	0.0442953	0.043914	0.0435321	0.0430768	0.0426275	0.0422376	0.0417307	0.0409437	0.0400097	0.0389539	

20	0.032	16	0	task-3:0.382	task-0:0.354	task-1:0.36	task-2:0.482	|	0.0672361	0.119975	0.119907	0.103213	0.0595712	0.0581193	0.0534254	0.0538414	0.0539408	0.0527482	0.0527727	0.0515859	0.0500232	0.0483711	0.04658	0.0449671	0.0438684	0.0423751	0.0414502	0.0396178	

60	0.095	16	0	task-3:0.386	task-0:0.394	task-1:0.502	task-2:0.308	|	0.0612577	0.0998253	0.099048	0.0820243	0.0529065	0.0548155	0.0542865	0.0544445	0.0545285	0.0541294	0.0528911	0.0524851	0.0528525	0.0532501	0.0529491	0.0525951	0.0524696	0.0525263	0.0526425	0.0525356	0.0523472	0.0521969	0.0521341	0.0522381	0.0523227	0.0523016	0.0518991	0.0520015	0.0575515	0.0526356	0.0487715	0.0463183	0.0455966	0.0444921	0.0443415	0.0451879	0.0450311	0.0451806	0.0459583	0.0455468	0.0451082	0.0447097	0.044437	0.0444484	0.0443536	0.044194	0.0440708	0.044027	0.0436082	0.0433275	0.0429242	0.0424024	0.0418012	0.0413595	0.0412624	0.0412411	0.0410237	0.0406456	0.0403417	0.0399018	

29	0.046	16	0	task-3:0.44	task-0:0.47	task-1:0.494	task-2:0.366	|	0.057927	0.119852	0.119302	0.0968322	0.0555786	0.0561322	0.0562365	0.0555888	0.0566282	0.0564761	0.0553865	0.054774	0.0543258	0.0539058	0.0535215	0.0530354	0.0523849	0.0516398	0.050796	0.0498395	0.0486453	0.0473665	0.0465316	0.0454164	0.044224	0.042878	0.0414286	0.0425671	0.0398341	

26	0.041	16	0	task-3:0.324	task-0:0.466	task-1:0.506	task-2:0.326	|	0.0658608	0.119736	0.119321	0.0964275	0.0654445	0.060406	0.0546596	0.0551645	0.0577915	0.0538373	0.0546544	0.0545655	0.0527282	0.05241	0.0519756	0.05107	0.0509252	0.0501265	0.0486174	0.047433	0.0463672	0.0452607	0.043547	0.0419034	0.0404903	0.0392167	

21	0.033	16	0	task-3:0.46	task-0:0.372	task-1:0.5	task-2:0.486	|	0.0631673	0.0998894	0.0995252	0.0849004	0.0626159	0.0699322	0.0622428	0.0569504	0.0556448	0.0555602	0.0551276	0.0543024	0.0527145	0.0508038	0.048198	0.0465164	0.0446225	0.0431881	0.0414775	0.0404382	0.0391198	

20	0.032	16	0	task-3:0.382	task-0:0.354	task-1:0.36	task-2:0.482	|	0.0672361	0.119975	0.119907	0.103213	0.0595712	0.0581193	0.0534254	0.0538414	0.0539408	0.0527482	0.0527727	0.0515859	0.0500232	0.0483711	0.04658	0.0449671	0.0438684	0.0423751	0.0414502	0.0396178	

79	0.125	16	0	task-3:0.354	task-0:0.528	task-1:0.41	task-2:0.224	|	0.0618015	0.0999786	0.0999149	0.0945743	0.0532727	0.0749922	0.0606232	0.0534311	0.0552267	0.0539652	0.0527482	0.0519795	0.0507964	0.0506575	0.0502437	0.0499252	0.0496793	0.0494543	0.0499874	0.0496308	0.0499209	0.0507532	0.0510872	0.049559	0.048802	0.0484786	0.0484474	0.0483932	0.048504	0.049138	0.0502299	0.0502189	0.0501422	0.0503039	0.0497738	0.0488589	0.0480916	0.0476465	0.0473425	0.0470789	0.0468525	0.0466224	0.0465276	0.0464575	0.0463491	0.0462834	0.0462016	0.0460921	0.0459879	0.0458917	0.0458121	0.0457118	0.0455952	0.0454714	0.0453422	0.0452289	0.0450861	0.0449138	0.0447765	0.044596	0.0444034	0.0441938	0.0438875	0.0434998	0.0430107	0.0425637	0.0421673	0.0416509	0.0411996	0.0408481	0.0405979	0.0404461	0.0402796	0.0404059	0.0402498	0.0403425	0.0402918	0.0401458	0.039976	

20	0.032	16	0	task-3:0.382	task-0:0.354	task-1:0.36	task-2:0.482	|	0.0672361	0.119975	0.119907	0.103213	0.0595712	0.0581193	0.0534254	0.0538414	0.0539408	0.0527482	0.0527727	0.0515859	0.0500232	0.0483711	0.04658	0.0449671	0.0438684	0.0423751	0.0414502	0.0396178	

109	0.173	16	0	task-3:0.012	task-0:0.512	task-1:0.364	task-2:0.116	|	0.0962722	0.0999486	0.0998185	0.092316	0.0546322	0.0878538	0.0717305	0.0553905	0.0558309	0.0560458	0.054621	0.0556993	0.0556948	0.0545561	0.0546307	0.054613	0.0542409	0.0540237	0.0538872	0.0537494	0.053561	0.0532032	0.0527128	0.0521124	0.0505954	0.0693029	0.0620728	0.051604	0.0516844	0.0478481	0.0475166	0.0486244	0.0485433	0.0484219	0.0483857	0.0482537	0.0479252	0.0478852	0.0478846	0.047704	0.0475748	0.0475427	0.0474731	0.0473842	0.0472919	0.0471915	0.0470683	0.0468928	0.0467201	0.0465009	0.046294	0.0460733	0.0458889	0.0457793	0.0453825	0.0451393	0.0447998	0.0444721	0.0444998	0.0443226	0.0442682	0.0442417	0.044191	0.0441566	0.0440922	0.0442281	0.0441654	0.0442071	0.0441981	0.0440726	0.0441642	0.0441846	0.0440308	0.0439887	0.0439694	0.0439508	0.0439598	0.0439624	0.0439818	0.0439461	0.0439084	0.0438528	0.0467043	0.0466126	0.0436974	0.0436672	0.0440318	0.0439461	0.0434784	0.0433345	0.0431972	0.043106	0.0430591	0.0429762	0.0429504	0.0428968	0.0427979	0.0426731	0.0425254	0.0423659	0.0422011	0.0420171	0.0417972	0.0415406	0.0412486	0.0409214	0.0404813	0.0400446	0.0396162	

20	0.032	16	0	task-3:0.382	task-0:0.354	task-1:0.36	task-2:0.482	|	0.0672361	0.119975	0.119907	0.103213	0.0595712	0.0581193	0.0534254	0.0538414	0.0539408	0.0527482	0.0527727	0.0515859	0.0500232	0.0483711	0.04658	0.0449671	0.0438684	0.0423751	0.0414502	0.0396178	

60	0.095	16	0	task-3:0.386	task-0:0.394	task-1:0.502	task-2:0.308	|	0.0612577	0.0998253	0.099048	0.0820243	0.0529065	0.0548155	0.0542865	0.0544445	0.0545285	0.0541294	0.0528911	0.0524851	0.0528525	0.0532501	0.0529491	0.0525951	0.0524696	0.0525263	0.0526425	0.0525356	0.0523472	0.0521969	0.0521341	0.0522381	0.0523227	0.0523016	0.0518991	0.0520015	0.0575515	0.0526356	0.0487715	0.0463183	0.0455966	0.0444921	0.0443415	0.0451879	0.0450311	0.0451806	0.0459583	0.0455468	0.0451082	0.0447097	0.044437	0.0444484	0.0443536	0.044194	0.0440708	0.044027	0.0436082	0.0433275	0.0429242	0.0424024	0.0418012	0.0413595	0.0412624	0.0412411	0.0410237	0.0406456	0.0403417	0.0399018	

41	0.066	16	0	task-3:0.164	task-0:0.408	task-1:0.378	task-2:0.218	|	0.052796	0.0999072	0.0995396	0.0873785	0.0539235	0.055079	0.0546812	0.0544951	0.0545281	0.0545308	0.0543007	0.0541928	0.0539488	0.0539661	0.0539759	0.0538006	0.0534745	0.0531925	0.0528358	0.0523206	0.0522125	0.0536166	0.0522395	0.0528883	0.0534668	0.0512338	0.0505721	0.0493395	0.0493422	0.0487937	0.0478896	0.0469652	0.045966	0.0446889	0.0434292	0.0424598	0.041804	0.041799	0.0410173	0.0402279	0.0397697	

21	0.034	16	0	task-3:0.46	task-0:0.372	task-1:0.5	task-2:0.486	|	0.0631673	0.0998894	0.0995252	0.0849004	0.0626159	0.0699322	0.0622428	0.0569504	0.0556448	0.0555602	0.0551276	0.0543024	0.0527145	0.0508038	0.048198	0.0465164	0.0446225	0.0431881	0.0414775	0.0404382	0.0391198	

79	0.126	16	0	task-3:0.354	task-0:0.528	task-1:0.41	task-2:0.224	|	0.0618015	0.0999786	0.0999149	0.0945743	0.0532727	0.0749922	0.0606232	0.0534311	0.0552267	0.0539652	0.0527482	0.0519795	0.0507964	0.0506575	0.0502437	0.0499252	0.0496793	0.0494543	0.0499874	0.0496308	0.0499209	0.0507532	0.0510872	0.049559	0.048802	0.0484786	0.0484474	0.0483932	0.048504	0.049138	0.0502299	0.0502189	0.0501422	0.0503039	0.0497738	0.0488589	0.0480916	0.0476465	0.0473425	0.0470789	0.0468525	0.0466224	0.0465276	0.0464575	0.0463491	0.0462834	0.0462016	0.0460921	0.0459879	0.0458917	0.0458121	0.0457118	0.0455952	0.0454714	0.0453422	0.0452289	0.0450861	0.0449138	0.0447765	0.044596	0.0444034	0.0441938	0.0438875	0.0434998	0.0430107	0.0425637	0.0421673	0.0416509	0.0411996	0.0408481	0.0405979	0.0404461	0.0402796	0.0404059	0.0402498	0.0403425	0.0402918	0.0401458	0.039976	

75	0.121	16	0	task-3:0.19	task-0:0.384	task-1:0.2	task-2:0.066	|	0.0599986	0.099559	0.0985164	0.0735856	0.0641474	0.0613765	0.0553549	0.0547649	0.0552984	0.0546315	0.0549945	0.0547013	0.0543322	0.0546298	0.054663	0.0543157	0.0539148	0.0531607	0.0510851	0.0500778	0.0511622	0.0495181	0.0498628	0.0488733	0.0483756	0.0493549	0.0488872	0.0489805	0.0488706	0.0567586	0.0560775	0.0479329	0.0461576	0.0451445	0.0557636	0.0552713	0.0454128	0.057928	0.0576128	0.0568016	0.0561834	0.0546925	0.0508054	0.0465521	0.0485995	0.0485883	0.0463032	0.0468848	0.0468567	0.0460114	0.0459823	0.0458394	0.0450066	0.0446709	0.0454205	0.0457243	0.0456799	0.0458088	0.045813	0.0459842	0.046089	0.0459471	0.0458576	0.0459175	0.0454664	0.0448968	0.0445382	0.0442384	0.0438393	0.0433985	0.042844	0.0420858	0.041227	0.0401324	0.0387466	

109	0.174	16	0	task-3:0.184	task-0:0.482	task-1:0.458	task-2:0.188	|	0.0569341	0.119047	0.11676	0.071175	0.0587036	0.058576	0.0544127	0.0540769	0.0535014	0.0528927	0.052776	0.0526087	0.0518496	0.0514414	0.0512113	0.0507698	0.0501725	0.049605	0.0490012	0.0484247	0.0478335	0.0471766	0.0464437	0.0454731	0.0444462	0.0435213	0.0424497	0.0418287	0.0412812	0.0407171	0.040272	0.0401212	0.040035	0.0400098	0.0400556	0.0402342	0.0404713	0.040887	0.0412576	0.0424371	0.0426756	0.0428715	0.0429165	0.0429235	0.0429587	0.0428634	0.0428706	0.0430371	0.0433984	0.0439349	0.0446352	0.0444348	0.0439952	0.0439227	0.0439563	0.0438481	0.0437291	0.0436943	0.043717	0.0436679	0.0436284	0.0434094	0.0434683	0.0434946	0.0435025	0.0435694	0.0436448	0.0437697	0.0439165	0.044214	0.0444673	0.0449241	0.0448938	0.0449937	0.0451712	0.0449867	0.0446111	0.0444976	0.044483	0.044427	0.0443599	0.04424	0.0442219	0.0442619	0.044311	0.0442018	0.0441302	0.0440079	0.0438816	0.0437608	0.0436773	0.0435849	0.0434481	0.0432662	0.0430706	0.04285	0.0425946	0.042302	0.0419554	0.0416216	0.0414384	0.0411397	0.0410836	0.0408516	0.0406658	0.0404424	0.0401959	0.0400361	0.0397956	

20	0.033	16	0	task-3:0.416	task-0:0.346	task-1:0.45	task-2:0.462	|	0.0558185	0.11982	0.119445	0.104956	0.0558255	0.0738007	0.0664489	0.0563386	0.0543473	0.0539913	0.0532769	0.0532014	0.0530958	0.0524401	0.0509898	0.0487001	0.0464968	0.0445558	0.0419108	0.038949	

33	0.053	16	0	task-3:0.57	task-0:0.418	task-1:0.384	task-2:0.436	|	0.0532312	0.119955	0.11988	0.11268	0.0566283	0.0637771	0.0627292	0.0535117	0.0577151	0.0600611	0.0547389	0.0539554	0.053967	0.0527272	0.0525936	0.0517391	0.0507843	0.0499544	0.0488128	0.0476059	0.0463274	0.0456969	0.0440838	0.0454745	0.0422372	0.0444988	0.043946	0.0415162	0.0412373	0.0409524	0.0404756	0.0400366	0.039531	

17	0.027	16	0	task-3:0.414	task-0:0.354	task-1:0.394	task-2:0.432	|	0.0556304	0.0999412	0.0997819	0.0880573	0.0591019	0.0585681	0.0542183	0.0539785	0.0530513	0.052404	0.0517924	0.0505712	0.0488766	0.0467881	0.0443806	0.0417998	0.0393162	

51	0.081	16	0	task-3:0.088	task-0:0.344	task-1:0.404	task-2:0.128	|	0.0747448	0.0999888	0.0999513	0.0930034	0.0584353	0.0537791	0.0538903	0.0532901	0.0532765	0.0526259	0.0516779	0.0506786	0.0500249	0.0495792	0.0498761	0.0493274	0.0489268	0.0489677	0.0487352	0.0486887	0.0487094	0.0486713	0.048346	0.0479689	0.0477339	0.0474564	0.0471053	0.0466014	0.043678	0.0854053	0.0614677	0.0434705	0.0472247	0.0462128	0.0455544	0.0466488	0.060493	0.059604	0.051888	0.0476349	0.0490791	0.0485912	0.0484481	0.0489492	0.0467031	0.0450833	0.0435195	0.0431666	0.0423974	0.0407101	0.0383485	

29	0.046	16	0	task-3:0.26	task-0:0.496	task-1:0.29	task-2:0.28	|	0.07399	0.0998798	0.0997452	0.0863942	0.0667734	0.0644051	0.0554723	0.056772	0.0553257	0.0569866	0.0568794	0.0551771	0.0551048	0.0549415	0.0544981	0.0542792	0.0538073	0.0533011	0.0525955	0.0518731	0.0512481	0.0502006	0.0486939	0.0464735	0.0418046	0.0404792	0.0411239	0.0405227	0.0396611	

113	0.184	16	0	task-3:0.078	task-0:0.432	task-1:0.33	task-2:0.124	|	0.0542953	0.0999542	0.0997938	0.087502	0.0580551	0.0547089	0.0547155	0.0544806	0.0539196	0.0534383	0.0530729	0.0525665	0.0518056	0.0516013	0.0519556	0.0521942	0.0516552	0.0514074	0.0513513	0.0513479	0.0510464	0.0505933	0.0501061	0.049813	0.0502326	0.0497724	0.0493295	0.0887301	0.0777112	0.0517076	0.051531	0.0500411	0.049774	0.0484859	0.0485784	0.0486893	0.0484255	0.0483575	0.0483106	0.0482366	0.0482137	0.0481828	0.0481413	0.0480915	0.0480651	0.048038	0.0480033	0.0479495	0.0479192	0.0479971	0.0482291	0.0484027	0.0486221	0.0488354	0.0488051	0.0486322	0.0484429	0.0483849	0.0483606	0.0483491	0.0483385	0.0483079	0.0482217	0.0484605	0.0485525	0.0486101	0.0486153	0.0485889	0.0485206	0.0484022	0.0482727	0.0481439	0.0480146	0.0479085	0.0478332	0.0477413	0.0476414	0.0475415	0.0474115	0.0473458	0.0472136	0.0470659	0.0469545	0.0467844	0.0465842	0.0464937	0.0464869	0.046571	0.0466325	0.046475	0.0463042	0.0460838	0.0457506	0.0453311	0.0446302	0.0435433	0.0430901	0.042498	0.0419027	0.0412902	0.0409906	0.0410466	0.0414638	0.0423523	0.0417282	0.0406728	0.0403933	0.040444	0.0403676	0.0402534	0.0401553	0.0400898	0.0398899	

36	0.059	16	0	task-3:0.39	task-0:0.428	task-1:0.524	task-2:0.434	|	0.0704735	0.0999936	0.0999872	0.0963283	0.0643705	0.060978	0.0559724	0.0569248	0.0565994	0.0565597	0.0555988	0.0558066	0.0558668	0.055229	0.0544672	0.0537319	0.0534061	0.0532647	0.0529785	0.052526	0.0518665	0.0515334	0.0504642	0.0501043	0.0499103	0.0492943	0.0440926	0.040219	0.0478632	0.0468807	0.0429968	0.0428656	0.0445659	0.0453253	0.04047	0.0391688	

24	0.039	16	0	task-3:0.398	task-0:0.424	task-1:0.492	task-2:0.442	|	0.0842812	0.0999271	0.099796	0.0927133	0.0555128	0.0555348	0.0583004	0.0570055	0.0542731	0.0535834	0.0521785	0.051223	0.0497927	0.0485385	0.0467525	0.0453997	0.0447969	0.043381	0.0428233	0.0418607	0.0409113	0.0407178	0.0404416	0.039686	

42	0.068	16	0	task-3:0.436	task-0:0.366	task-1:0.298	task-2:0.428	|	0.094106	0.0996825	0.0991402	0.0800281	0.0682575	0.0614626	0.0547322	0.0553648	0.0543199	0.0544379	0.0545329	0.0539879	0.0537501	0.0537191	0.0535242	0.0531035	0.0526748	0.0520822	0.0513354	0.0503908	0.0492977	0.0477343	0.0462548	0.0452881	0.0440126	0.0430415	0.0423721	0.0429479	0.041787	0.0418496	0.0423486	0.0428831	0.0422488	0.0423942	0.043054	0.0435097	0.0438524	0.0439746	0.0432702	0.0449075	0.0447138	0.0355606	

29	0.047	16	0	task-3:0.26	task-0:0.496	task-1:0.29	task-2:0.28	|	0.07399	0.0998798	0.0997452	0.0863942	0.0667734	0.0644051	0.0554723	0.056772	0.0553257	0.0569866	0.0568794	0.0551771	0.0551048	0.0549415	0.0544981	0.0542792	0.0538073	0.0533011	0.0525955	0.0518731	0.0512481	0.0502006	0.0486939	0.0464735	0.0418046	0.0404792	0.0411239	0.0405227	0.0396611	

36	0.058	16	0	task-3:0.39	task-0:0.428	task-1:0.524	task-2:0.434	|	0.0704735	0.0999936	0.0999872	0.0963283	0.0643705	0.060978	0.0559724	0.0569248	0.0565994	0.0565597	0.0555988	0.0558066	0.0558668	0.055229	0.0544672	0.0537319	0.0534061	0.0532647	0.0529785	0.052526	0.0518665	0.0515334	0.0504642	0.0501043	0.0499103	0.0492943	0.0440926	0.040219	0.0478632	0.0468807	0.0429968	0.0428656	0.0445659	0.0453253	0.04047	0.0391688	

22	0.036	16	0	task-3:0.538	task-0:0.46	task-1:0.404	task-2:0.412	|	0.0573659	0.119967	0.119882	0.108126	0.0615755	0.0637726	0.0533491	0.0630602	0.0591049	0.0521974	0.0538715	0.0538672	0.051721	0.0513273	0.0508646	0.0492515	0.0475343	0.0455825	0.0434389	0.0419079	0.0404776	0.0392009	

358	0.575	16	0	task-3:0.11	task-0:0.41	task-1:0.412	task-2:0.108	|	0.0576318	0.0999831	0.0999627	0.0980348	0.0652067	0.0667645	0.0634014	0.0556767	0.0573218	0.0557631	0.0547325	0.0546606	0.0540181	0.0536794	0.053448	0.0531587	0.0529625	0.0527692	0.0526245	0.05251	0.0523717	0.052011	0.0508044	0.0505579	0.0510059	0.0515229	0.0518477	0.0520148	0.0522568	0.0525871	0.0531201	0.0534643	0.0535313	0.0534275	0.0531372	0.117248	0.11567	0.0525805	0.0525699	0.053278	0.0531304	0.0516774	0.0514496	0.0511718	0.05085	0.0504853	0.0501216	0.0497196	0.0493487	0.0489741	0.048688	0.0484499	0.0483676	0.0483595	0.0482896	0.0481741	0.0480337	0.0478401	0.0475971	0.0473679	0.0469899	0.0469421	0.0473964	0.047781	0.0482935	0.0491183	0.0515284	0.0500945	0.050509	0.0518862	0.0557384	0.0548561	0.0445229	0.0538772	0.0523029	0.0524804	0.052387	0.0518066	0.0519182	0.0517488	0.051621	0.0516158	0.0515452	0.0515398	0.0515093	0.0514044	0.0512843	0.0511257	0.0509136	0.0506963	0.0504641	0.0502027	0.0498848	0.0495385	0.0491581	0.0491854	0.0489223	0.0486826	0.0484824	0.048309	0.0481357	0.0479577	0.0477756	0.0475212	0.0473052	0.04706	0.0471083	0.0472321	0.0474007	0.0502747	0.0468101	0.0593788	0.0605976	0.0597895	0.059148	0.0579797	0.0472797	0.0472358	0.0511808	0.0504918	0.0468669	0.0476741	0.0476873	0.0463662	0.0465017	0.0463969	0.0466059	0.0466005	0.0464555	0.0464435	0.0465318	0.0465488	0.046564	0.0466747	0.0468007	0.0469486	0.0471529	0.0474398	0.0478385	0.0477581	0.0474936	0.0474943	0.0475035	0.0473737	0.0472375	0.0471182	0.0469849	0.0468312	0.0466665	0.0465681	0.0464557	0.0463808	0.0463024	0.0461901	0.0460762	0.0459683	0.045891	0.0458022	0.0457779	0.0458393	0.0460143	0.0463332	0.0469327	0.0462639	0.0463127	0.0464983	0.0458647	0.0453732	0.0453662	0.0453265	0.0453554	0.0454074	0.0452689	0.0451287	0.0450899	0.0450336	0.0449873	0.0449241	0.0448372	0.0447313	0.044736	0.044706	0.0446394	0.0445624	0.0445623	0.0445978	0.044603	0.0445855	0.0445606	0.0445332	0.0445033	0.0444658	0.0444084	0.0443444	0.0442925	0.0442195	0.0441472	0.044073	0.0440032	0.043912	0.0438728	0.0438037	0.0437659	0.0437447	0.0437036	0.0436498	0.0436023	0.0435535	0.0434971	0.043512	0.0435082	0.0434924	0.0434761	0.0434766	0.0434649	0.0434377	0.0434111	0.0433744	0.04334	0.0433013	0.0432932	0.0432942	0.0433102	0.0432845	0.0432623	0.0432542	0.0432383	0.0432205	0.0431985	0.043173	0.0431438	0.0431463	0.0431352	0.0430944	0.0430813	0.0430894	0.0430539	0.0430003	0.0429523	0.0429071	0.0428571	0.0428001	0.0427312	0.0426516	0.0425633	0.0424706	0.0423672	0.0422587	0.0421483	0.0420403	0.0419403	0.0418637	0.0417979	0.0417809	0.0418125	0.0415825	0.0412957	0.0412432	0.0412376	0.0411994	0.0412162	0.0411736	0.0412027	0.0412874	0.041415	0.041388	0.0412945	0.0412251	0.0412263	0.0412703	0.0412859	0.0413293	0.041356	0.0413852	0.04144	0.0414695	0.0414133	0.0413473	0.0412956	0.0412768	0.0412905	0.0413156	0.0413173	0.0412944	0.0412882	0.0412969	0.0413082	0.0413223	0.0413096	0.0412906	0.0412837	0.0412816	0.0412798	0.0412753	0.0412934	0.0412791	0.0412657	0.0412537	0.0412582	0.0412584	0.0412573	0.0412571	0.0412617	0.0412753	0.0412725	0.0412636	0.0411881	0.0412439	0.0412721	0.0412693	0.0412651	0.0412679	0.0412733	0.04128	0.0412792	0.0412837	0.0412885	0.0412452	0.0412588	0.0413083	0.0413165	0.0412879	0.0412739	0.0412651	0.0412629	0.0412691	0.0412707	0.0412668	0.041264	0.0412607	0.0412572	0.0412535	0.0412498	0.0412365	0.0412344	0.0412241	0.0412106	0.0412043	0.0412015	0.041189	0.0411694	0.0411468	0.0411189	0.0408405	0.0407169	0.0405903	0.0407209	0.0407591	0.0407868	0.0408219	0.0408653	0.0405359	0.0403916	0.0402824	0.040183	0.0400957	0.0400206	0.0399563	

358	0.581	16	0	task-3:0.11	task-0:0.41	task-1:0.412	task-2:0.108	|	0.0576318	0.0999831	0.0999627	0.0980348	0.0652067	0.0667645	0.0634014	0.0556767	0.0573218	0.0557631	0.0547325	0.0546606	0.0540181	0.0536794	0.053448	0.0531587	0.0529625	0.0527692	0.0526245	0.05251	0.0523717	0.052011	0.0508044	0.0505579	0.0510059	0.0515229	0.0518477	0.0520148	0.0522568	0.0525871	0.0531201	0.0534643	0.0535313	0.0534275	0.0531372	0.117248	0.11567	0.0525805	0.0525699	0.053278	0.0531304	0.0516774	0.0514496	0.0511718	0.05085	0.0504853	0.0501216	0.0497196	0.0493487	0.0489741	0.048688	0.0484499	0.0483676	0.0483595	0.0482896	0.0481741	0.0480337	0.0478401	0.0475971	0.0473679	0.0469899	0.0469421	0.0473964	0.047781	0.0482935	0.0491183	0.0515284	0.0500945	0.050509	0.0518862	0.0557384	0.0548561	0.0445229	0.0538772	0.0523029	0.0524804	0.052387	0.0518066	0.0519182	0.0517488	0.051621	0.0516158	0.0515452	0.0515398	0.0515093	0.0514044	0.0512843	0.0511257	0.0509136	0.0506963	0.0504641	0.0502027	0.0498848	0.0495385	0.0491581	0.0491854	0.0489223	0.0486826	0.0484824	0.048309	0.0481357	0.0479577	0.0477756	0.0475212	0.0473052	0.04706	0.0471083	0.0472321	0.0474007	0.0502747	0.0468101	0.0593788	0.0605976	0.0597895	0.059148	0.0579797	0.0472797	0.0472358	0.0511808	0.0504918	0.0468669	0.0476741	0.0476873	0.0463662	0.0465017	0.0463969	0.0466059	0.0466005	0.0464555	0.0464435	0.0465318	0.0465488	0.046564	0.0466747	0.0468007	0.0469486	0.0471529	0.0474398	0.0478385	0.0477581	0.0474936	0.0474943	0.0475035	0.0473737	0.0472375	0.0471182	0.0469849	0.0468312	0.0466665	0.0465681	0.0464557	0.0463808	0.0463024	0.0461901	0.0460762	0.0459683	0.045891	0.0458022	0.0457779	0.0458393	0.0460143	0.0463332	0.0469327	0.0462639	0.0463127	0.0464983	0.0458647	0.0453732	0.0453662	0.0453265	0.0453554	0.0454074	0.0452689	0.0451287	0.0450899	0.0450336	0.0449873	0.0449241	0.0448372	0.0447313	0.044736	0.044706	0.0446394	0.0445624	0.0445623	0.0445978	0.044603	0.0445855	0.0445606	0.0445332	0.0445033	0.0444658	0.0444084	0.0443444	0.0442925	0.0442195	0.0441472	0.044073	0.0440032	0.043912	0.0438728	0.0438037	0.0437659	0.0437447	0.0437036	0.0436498	0.0436023	0.0435535	0.0434971	0.043512	0.0435082	0.0434924	0.0434761	0.0434766	0.0434649	0.0434377	0.0434111	0.0433744	0.04334	0.0433013	0.0432932	0.0432942	0.0433102	0.0432845	0.0432623	0.0432542	0.0432383	0.0432205	0.0431985	0.043173	0.0431438	0.0431463	0.0431352	0.0430944	0.0430813	0.0430894	0.0430539	0.0430003	0.0429523	0.0429071	0.0428571	0.0428001	0.0427312	0.0426516	0.0425633	0.0424706	0.0423672	0.0422587	0.0421483	0.0420403	0.0419403	0.0418637	0.0417979	0.0417809	0.0418125	0.0415825	0.0412957	0.0412432	0.0412376	0.0411994	0.0412162	0.0411736	0.0412027	0.0412874	0.041415	0.041388	0.0412945	0.0412251	0.0412263	0.0412703	0.0412859	0.0413293	0.041356	0.0413852	0.04144	0.0414695	0.0414133	0.0413473	0.0412956	0.0412768	0.0412905	0.0413156	0.0413173	0.0412944	0.0412882	0.0412969	0.0413082	0.0413223	0.0413096	0.0412906	0.0412837	0.0412816	0.0412798	0.0412753	0.0412934	0.0412791	0.0412657	0.0412537	0.0412582	0.0412584	0.0412573	0.0412571	0.0412617	0.0412753	0.0412725	0.0412636	0.0411881	0.0412439	0.0412721	0.0412693	0.0412651	0.0412679	0.0412733	0.04128	0.0412792	0.0412837	0.0412885	0.0412452	0.0412588	0.0413083	0.0413165	0.0412879	0.0412739	0.0412651	0.0412629	0.0412691	0.0412707	0.0412668	0.041264	0.0412607	0.0412572	0.0412535	0.0412498	0.0412365	0.0412344	0.0412241	0.0412106	0.0412043	0.0412015	0.041189	0.0411694	0.0411468	0.0411189	0.0408405	0.0407169	0.0405903	0.0407209	0.0407591	0.0407868	0.0408219	0.0408653	0.0405359	0.0403916	0.0402824	0.040183	0.0400957	0.0400206	0.0399563	

14	0.023	16	0	task-3:0.41	task-0:0.374	task-1:0.486	task-2:0.488	|	0.0657997	0.118601	0.117017	0.0951652	0.0572976	0.0605758	0.0603621	0.055169	0.0537468	0.0522529	0.0479034	0.0440004	0.0414082	0.0396421	

104	0.168	16	0	task-3:0.2	task-0:0.412	task-1:0.374	task-2:0.128	|	0.0736606	0.0999473	0.099868	0.0929516	0.0556721	0.0544937	0.0538349	0.0548386	0.0535502	0.0540173	0.0539149	0.053003	0.0534854	0.0534307	0.0529056	0.0527377	0.0524888	0.0522665	0.0521883	0.052064	0.051833	0.0515735	0.051322	0.050772	0.0506699	0.0496838	0.0489395	0.0482044	0.0474117	0.0471798	0.046696	0.0460456	0.0455956	0.0452166	0.0447515	0.0443974	0.0440026	0.0436978	0.043482	0.0432339	0.043145	0.0432778	0.0437645	0.0434224	0.0435064	0.044534	0.0440574	0.0441938	0.0443249	0.0446064	0.0446147	0.0448407	0.0450438	0.0453715	0.0457272	0.0462281	0.0469599	0.0478931	0.0548706	0.0532844	0.0420881	0.0420179	0.0525777	0.0519063	0.0416927	0.0435401	0.0429578	0.0411766	0.0411672	0.0419928	0.0428985	0.0437641	0.0445645	0.0452194	0.0455472	0.0453484	0.0455322	0.0455835	0.0455799	0.0450806	0.0449151	0.0452202	0.0450556	0.0445577	0.0442799	0.044138	0.0440129	0.0439194	0.0437728	0.043613	0.0436134	0.0437978	0.0444323	0.0461698	0.0475055	0.0416723	0.0417457	0.0404927	0.0406901	0.0411331	0.0407436	0.0407605	0.0404376	0.0396022	

43	0.069	16	0	task-3:0.112	task-0:0.528	task-1:0.348	task-2:0.084	|	0.0961851	0.0992857	0.0976823	0.0582814	0.0922714	0.0787966	0.0609476	0.0561075	0.0578247	0.0572165	0.0548328	0.0572026	0.0571051	0.0548047	0.053177	0.0531122	0.0528867	0.0521444	0.0518841	0.0512831	0.0505425	0.0497868	0.048908	0.0459339	0.0455536	0.0477079	0.0470783	0.0470754	0.0467345	0.0463939	0.0460703	0.0458273	0.0455142	0.0450727	0.0447208	0.0443092	0.043845	0.0431827	0.0426534	0.0417675	0.0406867	0.040002	0.0392153	

14	0.022	16	0	task-3:0.41	task-0:0.374	task-1:0.486	task-2:0.488	|	0.0657997	0.118601	0.117017	0.0951652	0.0572976	0.0605758	0.0603621	0.055169	0.0537468	0.0522529	0.0479034	0.0440004	0.0414082	0.0396421	

104	0.166	16	0	task-3:0.2	task-0:0.412	task-1:0.374	task-2:0.128	|	0.0736606	0.0999473	0.099868	0.0929516	0.0556721	0.0544937	0.0538349	0.0548386	0.0535502	0.0540173	0.0539149	0.053003	0.0534854	0.0534307	0.0529056	0.0527377	0.0524888	0.0522665	0.0521883	0.052064	0.051833	0.0515735	0.051322	0.050772	0.0506699	0.0496838	0.0489395	0.0482044	0.0474117	0.0471798	0.046696	0.0460456	0.0455956	0.0452166	0.0447515	0.0443974	0.0440026	0.0436978	0.043482	0.0432339	0.043145	0.0432778	0.0437645	0.0434224	0.0435064	0.044534	0.0440574	0.0441938	0.0443249	0.0446064	0.0446147	0.0448407	0.0450438	0.0453715	0.0457272	0.0462281	0.0469599	0.0478931	0.0548706	0.0532844	0.0420881	0.0420179	0.0525777	0.0519063	0.0416927	0.0435401	0.0429578	0.0411766	0.0411672	0.0419928	0.0428985	0.0437641	0.0445645	0.0452194	0.0455472	0.0453484	0.0455322	0.0455835	0.0455799	0.0450806	0.0449151	0.0452202	0.0450556	0.0445577	0.0442799	0.044138	0.0440129	0.0439194	0.0437728	0.043613	0.0436134	0.0437978	0.0444323	0.0461698	0.0475055	0.0416723	0.0417457	0.0404927	0.0406901	0.0411331	0.0407436	0.0407605	0.0404376	0.0396022	

43	0.069	16	0	task-3:0.112	task-0:0.528	task-1:0.348	task-2:0.084	|	0.0961851	0.0992857	0.0976823	0.0582814	0.0922714	0.0787966	0.0609476	0.0561075	0.0578247	0.0572165	0.0548328	0.0572026	0.0571051	0.0548047	0.053177	0.0531122	0.0528867	0.0521444	0.0518841	0.0512831	0.0505425	0.0497868	0.048908	0.0459339	0.0455536	0.0477079	0.0470783	0.0470754	0.0467345	0.0463939	0.0460703	0.0458273	0.0455142	0.0450727	0.0447208	0.0443092	0.043845	0.0431827	0.0426534	0.0417675	0.0406867	0.040002	0.0392153	

14	0.023	16	0	task-3:0.41	task-0:0.374	task-1:0.486	task-2:0.488	|	0.0657997	0.118601	0.117017	0.0951652	0.0572976	0.0605758	0.0603621	0.055169	0.0537468	0.0522529	0.0479034	0.0440004	0.0414082	0.0396421	

123	0.2	16	0	task-3:0.244	task-0:0.368	task-1:0.198	task-2:0.21	|	0.095857	0.0998553	0.0996022	0.0841557	0.0746217	0.0623562	0.056059	0.0559615	0.0555916	0.0552441	0.0549789	0.0548374	0.0547926	0.0547028	0.0546277	0.054555	0.0544796	0.0544105	0.0542642	0.0540515	0.0539636	0.056353	0.0540085	0.0588898	0.0544669	0.0535936	0.0535294	0.0531635	0.0531217	0.0529926	0.0530278	0.0529659	0.0528397	0.0528034	0.0527394	0.0526822	0.0517525	0.0517981	0.0525601	0.0526599	0.0525485	0.0523615	0.0520876	0.0507371	0.0602744	0.0597068	0.0593504	0.0580925	0.057933	0.0594824	0.0597839	0.057768	0.0528975	0.052121	0.0529668	0.0509413	0.041482	0.0498094	0.0492883	0.0416914	0.0413529	0.0417784	0.0405759	0.0418217	0.0434843	0.0446623	0.044914	0.043433	0.0437094	0.0452863	0.0456954	0.0460299	0.0472196	0.0483885	0.0496691	0.0502331	0.0504396	0.0504372	0.0503005	0.0501039	0.0501353	0.0500911	0.0500762	0.0500789	0.0501799	0.0502646	0.0502898	0.0502841	0.0502481	0.0502084	0.0501839	0.0499714	0.0489046	0.0496685	0.0482259	0.0451773	0.0449034	0.0444681	0.0440201	0.0437165	0.0435505	0.0435533	0.0439177	0.0441311	0.043787	0.0436287	0.0434518	0.0432644	0.0430727	0.0428982	0.0426473	0.0423465	0.0419889	0.0416038	0.0413185	0.0412899	0.0412131	0.0411202	0.0411351	0.0412384	0.0414302	0.0400477	0.0395322	

14	0.023	16	0	task-3:0.41	task-0:0.374	task-1:0.486	task-2:0.488	|	0.0657997	0.118601	0.117017	0.0951652	0.0572976	0.0605758	0.0603621	0.055169	0.0537468	0.0522529	0.0479034	0.0440004	0.0414082	0.0396421	

48	0.078	16	0	task-3:0.17	task-0:0.428	task-1:0.162	task-2:0.244	|	0.0555616	0.119153	0.117263	0.0833149	0.056608	0.0560639	0.0553506	0.0544303	0.0540909	0.0545591	0.0542213	0.0544509	0.054248	0.0540727	0.0539677	0.053786	0.0536988	0.0535389	0.053291	0.0529971	0.052615	0.0519156	0.0512459	0.0572703	0.0517517	0.0590189	0.050435	0.0485743	0.0484391	0.0483128	0.0480481	0.0470575	0.0473767	0.0469614	0.0460783	0.0449193	0.0438667	0.0428734	0.0429442	0.0433369	0.0434071	0.0436766	0.046648	0.0447067	0.041449	0.0407177	0.0404692	0.0395106	

25	0.041	16	0	task-3:0.396	task-0:0.444	task-1:0.34	task-2:0.378	|	0.0778748	0.0999852	0.0999611	0.0931667	0.0688488	0.0643954	0.0531699	0.0569358	0.0575152	0.0547678	0.0558332	0.0562074	0.0544017	0.0533037	0.0529269	0.0511098	0.0493552	0.0478925	0.0474566	0.0449089	0.0436212	0.0432085	0.0422142	0.0410895	0.0399731	

27	0.043	16	0	task-3:0.494	task-0:0.422	task-1:0.316	task-2:0.444	|	0.0727006	0.0999731	0.09992	0.0960987	0.0546033	0.0648105	0.05419	0.0556295	0.0552951	0.0541832	0.0541154	0.0529839	0.0518701	0.0518869	0.0514847	0.0509587	0.0504291	0.0498603	0.0493483	0.0488681	0.0484393	0.0481245	0.0479789	0.0477527	0.0470192	0.0447292	0.0393413	

48	0.077	16	0	task-3:0.17	task-0:0.428	task-1:0.162	task-2:0.244	|	0.0555616	0.119153	0.117263	0.0833149	0.056608	0.0560639	0.0553506	0.0544303	0.0540909	0.0545591	0.0542213	0.0544509	0.054248	0.0540727	0.0539677	0.053786	0.0536988	0.0535389	0.053291	0.0529971	0.052615	0.0519156	0.0512459	0.0572703	0.0517517	0.0590189	0.050435	0.0485743	0.0484391	0.0483128	0.0480481	0.0470575	0.0473767	0.0469614	0.0460783	0.0449193	0.0438667	0.0428734	0.0429442	0.0433369	0.0434071	0.0436766	0.046648	0.0447067	0.041449	0.0407177	0.0404692	0.0395106	

21	0.034	16	0	task-3:0.462	task-0:0.464	task-1:0.472	task-2:0.462	|	0.0615646	0.119736	0.119372	0.103154	0.0546325	0.0544152	0.0531202	0.052637	0.0521039	0.0498301	0.0487466	0.0482572	0.0475607	0.0466252	0.0455508	0.0441862	0.042782	0.0417392	0.0409412	0.0401659	0.0396008	

48	0.077	16	0	task-3:0.17	task-0:0.428	task-1:0.162	task-2:0.244	|	0.0555616	0.119153	0.117263	0.0833149	0.056608	0.0560639	0.0553506	0.0544303	0.0540909	0.0545591	0.0542213	0.0544509	0.054248	0.0540727	0.0539677	0.053786	0.0536988	0.0535389	0.053291	0.0529971	0.052615	0.0519156	0.0512459	0.0572703	0.0517517	0.0590189	0.050435	0.0485743	0.0484391	0.0483128	0.0480481	0.0470575	0.0473767	0.0469614	0.0460783	0.0449193	0.0438667	0.0428734	0.0429442	0.0433369	0.0434071	0.0436766	0.046648	0.0447067	0.041449	0.0407177	0.0404692	0.0395106	

20	0.032	16	0	task-3:0.406	task-0:0.47	task-1:0.392	task-2:0.288	|	0.0751691	0.099842	0.0994023	0.0871609	0.055689	0.0725408	0.0673316	0.057032	0.0533275	0.0555761	0.054941	0.0523472	0.0518835	0.0513258	0.0488496	0.0458007	0.0429908	0.0419215	0.0407504	0.0386851	

73	0.116	16	0	task-3:0.44	task-0:0.452	task-1:0.446	task-2:0.348	|	0.0823783	0.09734	0.0828357	0.05504	0.0562564	0.0552148	0.0549575	0.0562828	0.0571382	0.0567192	0.0561539	0.055451	0.0548876	0.0545849	0.054791	0.0547544	0.0545122	0.054424	0.0542926	0.0538172	0.0518817	0.0516526	0.051647	0.078218	0.0709933	0.0627397	0.0562117	0.0546718	0.0511198	0.0495934	0.0486111	0.0505851	0.0494304	0.0484862	0.0483911	0.0478201	0.0472175	0.0464094	0.0463345	0.0458627	0.0451372	0.0440986	0.0429806	0.0444658	0.0446801	0.0440611	0.0440028	0.0436216	0.0433989	0.0438445	0.0439911	0.0438095	0.0435786	0.043475	0.0437118	0.0442689	0.0442607	0.044531	0.044902	0.0428081	0.0495728	0.0467085	0.0426933	0.0444017	0.042716	0.0424972	0.0423575	0.0420226	0.0419339	0.0416146	0.0412982	0.0405309	0.0393792	

48	0.076	16	0	task-3:0.17	task-0:0.428	task-1:0.162	task-2:0.244	|	0.0555616	0.119153	0.117263	0.0833149	0.056608	0.0560639	0.0553506	0.0544303	0.0540909	0.0545591	0.0542213	0.0544509	0.054248	0.0540727	0.0539677	0.053786	0.0536988	0.0535389	0.053291	0.0529971	0.052615	0.0519156	0.0512459	0.0572703	0.0517517	0.0590189	0.050435	0.0485743	0.0484391	0.0483128	0.0480481	0.0470575	0.0473767	0.0469614	0.0460783	0.0449193	0.0438667	0.0428734	0.0429442	0.0433369	0.0434071	0.0436766	0.046648	0.0447067	0.041449	0.0407177	0.0404692	0.0395106	

35	0.055	16	0	task-3:0.258	task-0:0.48	task-1:0.456	task-2:0.414	|	0.0777352	0.0999145	0.0994519	0.0822826	0.0565141	0.053879	0.0578066	0.0573907	0.0543694	0.0540044	0.0539874	0.0536033	0.0533796	0.0530337	0.0527162	0.0525445	0.0523924	0.0519276	0.0512486	0.0504926	0.0494762	0.0468984	0.0467786	0.0477672	0.0472441	0.0465203	0.0457761	0.0453129	0.0448662	0.0442605	0.0436207	0.041164	0.0412658	0.0438293	0.0396018	

