142	0.281	4	0	task-3:0.102	task-0:0.128	task-1:0.202	task-2:0.114	|	0.0546015	0.0939007	0.0919862	0.0701098	0.0544068	0.0639579	0.0642117	0.0538034	0.0531233	0.0529423	0.0502689	0.0495898	0.0486925	0.0484016	0.0481246	0.0475865	0.0471883	0.046736	0.0460694	0.0451003	0.0439779	0.0426697	0.0412109	0.0401946	0.0394917	0.0389042	0.0372546	0.0352425	0.0353427	0.0336158	0.0328192	0.0322296	0.0314697	0.0314037	0.0308237	0.029832	0.0289507	0.0284393	0.0268852	0.025391	0.0236979	0.0214635	0.0201098	0.0196448	0.025181	0.0263661	0.0280581	0.0341675	0.0439703	0.0460076	0.0445413	0.0538814	0.0545798	0.0490189	0.0520799	0.064989	0.07204	0.0891928	0.06064	0.0490397	0.0376411	0.0398976	0.0313678	0.0310596	0.0301607	0.0301235	0.0290354	0.0293879	0.0286571	0.0276694	0.0269137	0.0262361	0.026071	0.025544	0.0252863	0.0249536	0.0246293	0.0243835	0.024272	0.0242382	0.0242412	0.0243853	0.0245623	0.0248668	0.0250899	0.0248121	0.0249408	0.0250256	0.0250076	0.02503	0.0250019	0.0250255	0.0250243	0.0249411	0.0248942	0.0247888	0.0246608	0.0244958	0.0243001	0.0240788	0.023928	0.0237976	0.0236398	0.0234725	0.023354	0.0236099	0.0239631	0.0245119	0.025569	0.0251251	0.0253651	0.0252821	0.0251644	0.0251955	0.0249966	0.0247352	0.0245262	0.024485	0.0243873	0.0242999	0.0242173	0.0241326	0.0240389	0.0239718	0.0239083	0.023836	0.0237568	0.0236572	0.0236147	0.0236072	0.0235621	0.0234961	0.0234247	0.0234172	0.0234475	0.0234463	0.0234343	0.0234233	0.0234205	0.0234245	0.0234238	0.0234064	

68	0.156	4	0	task-3:0.488	task-0:0.478	task-1:0.692	task-2:0.482	|	0.0551116	0.0638672	0.0581214	0.0545279	0.0545448	0.055283	0.0552845	0.0547048	0.0545822	0.0546425	0.0546054	0.0545723	0.0545036	0.0552125	0.0602383	0.0567756	0.0525578	0.0499118	0.0489923	0.0487677	0.0489612	0.0496329	0.0508486	0.0523497	0.0535517	0.0541048	0.0543959	0.0545315	0.0545681	0.0545767	0.0545654	0.0545488	0.0545475	0.0545473	0.0545454	0.054547	0.054547	0.0545456	0.0545453	0.0545452	0.0545459	0.0545595	0.0540425	0.0541031	0.0898402	0.0896454	0.0518684	0.0545503	0.0545503	0.0544353	0.0508781	0.0508715	0.0536647	0.0536877	0.0525701	0.0526923	0.0534453	0.0535799	0.0535469	0.0535379	0.0535423	0.053128	0.0531007	0.0532749	0.0531718	0.0529966	0.0526567	0.0524505	

76	0.14	4	0	task-3:0.488	task-0:0.478	task-1:0.424	task-2:0.482	|	0.0548708	0.095948	0.0940374	0.0636074	0.0555617	0.0555618	0.0552502	0.0551442	0.0548212	0.0545804	0.05473	0.0546849	0.0546642	0.0546642	0.0546226	0.0546317	0.0546306	0.0546533	0.0546759	0.0546997	0.0549495	0.0529906	0.0525412	0.0543222	0.0542879	0.0531714	0.0527846	0.0532276	0.053719	0.0541967	0.0545609	0.0547566	0.0548622	0.0549142	0.0549318	0.0549557	0.0549884	0.0550129	0.0550332	0.0550515	0.0550649	0.0550815	0.0550925	0.055086	0.0550501	0.0549692	0.0548243	0.0545985	0.0543512	0.0540904	0.0538144	0.0534985	0.0530985	0.0526171	0.0484118	0.0493012	0.0517932	0.0515078	0.0510709	0.0505319	0.0499349	0.0499578	0.049707	0.0493875	0.0489936	0.0485335	0.0486274	0.0483983	0.0480767	0.0476858	0.0475861	0.0476823	0.0476229	0.0474446	0.047059	0.0466543	

68	0.109	4	0	task-3:0.488	task-0:0.478	task-1:0.692	task-2:0.482	|	0.0551116	0.0638672	0.0581214	0.0545279	0.0545448	0.055283	0.0552845	0.0547048	0.0545822	0.0546425	0.0546054	0.0545723	0.0545036	0.0552125	0.0602383	0.0567756	0.0525578	0.0499118	0.0489923	0.0487677	0.0489612	0.0496329	0.0508486	0.0523497	0.0535517	0.0541048	0.0543959	0.0545315	0.0545681	0.0545767	0.0545654	0.0545488	0.0545475	0.0545473	0.0545454	0.054547	0.054547	0.0545456	0.0545453	0.0545452	0.0545459	0.0545595	0.0540425	0.0541031	0.0898402	0.0896454	0.0518684	0.0545503	0.0545503	0.0544353	0.0508781	0.0508715	0.0536647	0.0536877	0.0525701	0.0526923	0.0534453	0.0535799	0.0535469	0.0535379	0.0535423	0.053128	0.0531007	0.0532749	0.0531718	0.0529966	0.0526567	0.0524505	

89	0.172	4	0	task-3:0.488	task-0:0.43	task-1:0.52	task-2:0.482	|	0.062895	0.0885153	0.0817378	0.0551158	0.0608999	0.0604614	0.0549721	0.0570222	0.0569216	0.0546414	0.05545	0.0554498	0.0546295	0.0548068	0.054792	0.0545538	0.0546991	0.0547237	0.0546977	0.054937	0.0556779	0.0990555	0.0989553	0.0517978	0.0555231	0.0560176	0.0558591	0.0515815	0.0515074	0.0544921	0.0543637	0.052604	0.051436	0.0513319	0.0512556	0.0511527	0.0507472	0.0508325	0.0506309	0.0502349	0.0501215	0.0504253	0.0512329	0.0522755	0.053313	0.054223	0.0540411	0.0534356	0.0533423	0.0535418	0.0537343	0.0539468	0.0542231	0.0544956	0.0547361	0.0549597	0.0551901	0.0554346	0.055728	0.0561356	0.0567604	0.0563952	0.0566202	0.0570035	0.0589633	0.0580437	0.0556018	0.0553078	0.0553458	0.0550677	0.0546579	0.054299	0.0539462	0.0536157	0.053295	0.052943	0.0525612	0.0523301	0.0519541	0.0518396	0.0514556	0.0511913	0.0509749	0.0508636	0.0502889	0.0498471	0.0493727	0.0486496	0.0481184	

126	0.218	4	0	task-3:0.318	task-0:0.244	task-1:0.332	task-2:0.312	|	0.0735401	0.0884527	0.0859606	0.0577807	0.0627793	0.0633784	0.0562235	0.0522618	0.050726	0.0488268	0.0473601	0.0453689	0.0415143	0.043813	0.0504068	0.0436494	0.0391898	0.0480456	0.044533	0.0412485	0.0414006	0.0414069	0.0407079	0.0404818	0.0407071	0.0405646	0.0403682	0.040802	0.0405721	0.040587	0.0406799	0.0409421	0.0404863	0.0404015	0.0403969	0.0403883	0.0403123	0.0403274	0.0401772	0.0398956	0.0395151	0.0390592	0.0386501	0.0383385	0.037977	0.0376182	0.0372558	0.0370766	0.0367929	0.0367212	0.036846	0.034989	0.03403	0.0333155	0.0325116	0.0316762	0.0309134	0.030312	0.0301118	0.0327168	0.1	0.1	0.100621	0.0714889	0.071316	0.0424999	0.100469	0.100463	0.0969234	0.0422589	0.0416822	0.054944	0.0530469	0.0365017	0.0345835	0.0380944	0.0365568	0.0319062	0.0266372	0.0245197	0.0239133	0.0233815	0.0203089	0.0166255	0.0144723	0.0157809	0.0145621	0.0126094	0.0138377	0.0133788	0.0120294	0.0113818	0.011036	0.0106751	0.01016	0.00952519	0.00888605	0.00818088	0.00741339	0.00660184	0.00591602	0.00550978	0.00511846	0.00648118	0.00511357	0.00424911	0.00424539	0.00416828	0.00440459	0.00427258	0.0042569	0.00432702	0.00441242	0.00442766	0.00441882	0.00443445	0.00447296	0.00404676	0.00376229	0.00352561	0.00315974	0.00300633	0.00296422	0.00297329	0.00296969	0.00292298	

116	0.141	4	0	task-3:0.272	task-0:0.256	task-1:0.308	task-2:0.314	|	0.0624131	0.070056	0.0646572	0.0548356	0.0549033	0.0552669	0.0559111	0.0548995	0.0549872	0.0549645	0.0546144	0.0546084	0.054505	0.0544852	0.0548901	0.0565002	0.055928	0.0548269	0.0546583	0.0545018	0.0540578	0.0528895	0.0516416	0.0509332	0.050613	0.0509026	0.0519777	0.0506989	0.0508375	0.0515036	0.0525464	0.0536963	0.05376	0.0513277	0.0498169	0.0488956	0.0483767	0.0481938	0.0481058	0.0483603	0.0478775	0.0470326	0.0458258	0.0455375	0.0446296	0.0437922	0.0428079	0.0412615	0.0389421	0.035879	0.0333647	0.0306779	0.0295746	0.0286608	0.0275496	0.0279364	0.0273374	0.0261044	0.0262262	0.0276323	0.0304631	0.0271639	0.0279645	0.0298665	0.0327497	0.0306256	0.0306243	0.0302729	0.0300439	0.0300965	0.0281418	0.0273828	0.0425593	0.0856993	0.0658681	0.0826219	0.100656	0.108928	0.093663	0.108416	0.117519	0.106813	0.104611	0.10977	0.102526	0.0613776	0.0574914	0.0922346	0.0955597	0.0657212	0.0768108	0.0787578	0.076154	0.0741138	0.072544	0.0713004	0.0877873	0.0651279	0.0639697	0.0675331	0.113914	0.0991434	0.067308	0.0885217	0.081628	0.0681678	0.062855	0.0621822	0.0745488	0.071307	0.0584559	0.0608534	0.0652472	0.0697345	0.0755522	0.0694649	

124	0.172	4	0	task-3:0.066	task-0:0.126	task-1:0.148	task-2:0.154	|	0.0577514	0.0913815	0.0858062	0.0585594	0.0654405	0.0646664	0.0554876	0.0580476	0.0584061	0.0552767	0.0530763	0.0522854	0.0506559	0.0491726	0.0487451	0.0484153	0.0481993	0.0477758	0.0478338	0.0477375	0.0481346	0.0493878	0.0488904	0.0489936	0.0482112	0.0486208	0.0481171	0.0471766	0.0474728	0.0473822	0.0472177	0.0469955	0.0467142	0.0463939	0.0455191	0.0443553	0.0431691	0.0419443	0.0407885	0.0395764	0.0383967	0.0371474	0.0358727	0.0358704	0.0354142	0.0340441	0.0330412	0.0326726	0.0326556	0.0321274	0.0314097	0.0306005	0.0296428	0.0286378	0.0279122	0.0270677	0.0254767	0.0228019	0.0207094	0.0192178	0.0179692	0.0160541	0.0146896	0.0149916	0.0128089	0.0121942	0.0112312	0.0104866	0.00950892	0.00849133	0.00761423	0.0069794	0.00617486	0.00532424	0.00573797	0.00500013	0.00448618	0.00446932	0.00426773	0.00402167	0.00405792	0.00435382	0.00428346	0.00433967	0.00439309	0.00420716	0.00413102	0.00403764	0.00382444	0.00366309	0.00349513	0.00323563	0.00299812	0.00274219	0.00242398	0.00217356	0.00193084	0.00177866	0.00165009	0.00151359	0.00141158	0.00129954	0.00114338	0.00100534	0.000948241	0.00218444	0.00135392	0.00166298	0.00123658	0.00101881	0.00145499	0.00120189	0.00102897	0.00105252	0.000964559	0.000912887	0.00094121	0.000904076	0.000890998	0.000829988	0.000750051	0.000683009	0.000626609	0.000586292	

124	0.14	4	0	task-3:0.066	task-0:0.126	task-1:0.148	task-2:0.154	|	0.0577514	0.0913815	0.0858062	0.0585594	0.0654405	0.0646664	0.0554876	0.0580476	0.0584061	0.0552767	0.0530763	0.0522854	0.0506559	0.0491726	0.0487451	0.0484153	0.0481993	0.0477758	0.0478338	0.0477375	0.0481346	0.0493878	0.0488904	0.0489936	0.0482112	0.0486208	0.0481171	0.0471766	0.0474728	0.0473822	0.0472177	0.0469955	0.0467142	0.0463939	0.0455191	0.0443553	0.0431691	0.0419443	0.0407885	0.0395764	0.0383967	0.0371474	0.0358727	0.0358704	0.0354142	0.0340441	0.0330412	0.0326726	0.0326556	0.0321274	0.0314097	0.0306005	0.0296428	0.0286378	0.0279122	0.0270677	0.0254767	0.0228019	0.0207094	0.0192178	0.0179692	0.0160541	0.0146896	0.0149916	0.0128089	0.0121942	0.0112312	0.0104866	0.00950892	0.00849133	0.00761423	0.0069794	0.00617486	0.00532424	0.00573797	0.00500013	0.00448618	0.00446932	0.00426773	0.00402167	0.00405792	0.00435382	0.00428346	0.00433967	0.00439309	0.00420716	0.00413102	0.00403764	0.00382444	0.00366309	0.00349513	0.00323563	0.00299812	0.00274219	0.00242398	0.00217356	0.00193084	0.00177866	0.00165009	0.00151359	0.00141158	0.00129954	0.00114338	0.00100534	0.000948241	0.00218444	0.00135392	0.00166298	0.00123658	0.00101881	0.00145499	0.00120189	0.00102897	0.00105252	0.000964559	0.000912887	0.00094121	0.000904076	0.000890998	0.000829988	0.000750051	0.000683009	0.000626609	0.000586292	

124	0.125	4	0	task-3:0.066	task-0:0.126	task-1:0.148	task-2:0.154	|	0.0577514	0.0913815	0.0858062	0.0585594	0.0654405	0.0646664	0.0554876	0.0580476	0.0584061	0.0552767	0.0530763	0.0522854	0.0506559	0.0491726	0.0487451	0.0484153	0.0481993	0.0477758	0.0478338	0.0477375	0.0481346	0.0493878	0.0488904	0.0489936	0.0482112	0.0486208	0.0481171	0.0471766	0.0474728	0.0473822	0.0472177	0.0469955	0.0467142	0.0463939	0.0455191	0.0443553	0.0431691	0.0419443	0.0407885	0.0395764	0.0383967	0.0371474	0.0358727	0.0358704	0.0354142	0.0340441	0.0330412	0.0326726	0.0326556	0.0321274	0.0314097	0.0306005	0.0296428	0.0286378	0.0279122	0.0270677	0.0254767	0.0228019	0.0207094	0.0192178	0.0179692	0.0160541	0.0146896	0.0149916	0.0128089	0.0121942	0.0112312	0.0104866	0.00950892	0.00849133	0.00761423	0.0069794	0.00617486	0.00532424	0.00573797	0.00500013	0.00448618	0.00446932	0.00426773	0.00402167	0.00405792	0.00435382	0.00428346	0.00433967	0.00439309	0.00420716	0.00413102	0.00403764	0.00382444	0.00366309	0.00349513	0.00323563	0.00299812	0.00274219	0.00242398	0.00217356	0.00193084	0.00177866	0.00165009	0.00151359	0.00141158	0.00129954	0.00114338	0.00100534	0.000948241	0.00218444	0.00135392	0.00166298	0.00123658	0.00101881	0.00145499	0.00120189	0.00102897	0.00105252	0.000964559	0.000912887	0.00094121	0.000904076	0.000890998	0.000829988	0.000750051	0.000683009	0.000626609	0.000586292	

72	0.079	4	0	task-3:0.488	task-0:0.478	task-1:0.484	task-2:0.482	|	0.0744943	0.0734923	0.0701361	0.0552096	0.0651623	0.0663817	0.0593277	0.0542098	0.0615601	0.0615611	0.0557214	0.0543051	0.0543698	0.0543892	0.0537954	0.05385	0.0545834	0.0543332	0.0541263	0.0533206	0.0531349	0.0535019	0.0533159	0.0528487	0.0524966	0.0522281	0.0521797	0.0521281	0.0520976	0.0515302	0.0513957	0.0507505	0.0500081	0.0492056	0.0485983	0.0484015	0.0480051	0.0479029	0.0479143	0.0474026	0.046976	0.0467068	0.0465691	0.0465837	0.046886	0.047569	0.048571	0.0497557	0.0503071	0.0502069	0.0505493	0.0502285	0.0498459	0.0498954	0.0497821	0.0496244	0.0495824	0.0494785	0.0493204	0.0492135	0.0490948	0.0489845	0.048859	0.0487314	0.0485913	0.0484136	0.0482375	0.0481543	0.0479524	0.0477592	0.0475458	0.047294	

124	0.14	4	0	task-3:0.066	task-0:0.126	task-1:0.148	task-2:0.154	|	0.0577514	0.0913815	0.0858062	0.0585594	0.0654405	0.0646664	0.0554876	0.0580476	0.0584061	0.0552767	0.0530763	0.0522854	0.0506559	0.0491726	0.0487451	0.0484153	0.0481993	0.0477758	0.0478338	0.0477375	0.0481346	0.0493878	0.0488904	0.0489936	0.0482112	0.0486208	0.0481171	0.0471766	0.0474728	0.0473822	0.0472177	0.0469955	0.0467142	0.0463939	0.0455191	0.0443553	0.0431691	0.0419443	0.0407885	0.0395764	0.0383967	0.0371474	0.0358727	0.0358704	0.0354142	0.0340441	0.0330412	0.0326726	0.0326556	0.0321274	0.0314097	0.0306005	0.0296428	0.0286378	0.0279122	0.0270677	0.0254767	0.0228019	0.0207094	0.0192178	0.0179692	0.0160541	0.0146896	0.0149916	0.0128089	0.0121942	0.0112312	0.0104866	0.00950892	0.00849133	0.00761423	0.0069794	0.00617486	0.00532424	0.00573797	0.00500013	0.00448618	0.00446932	0.00426773	0.00402167	0.00405792	0.00435382	0.00428346	0.00433967	0.00439309	0.00420716	0.00413102	0.00403764	0.00382444	0.00366309	0.00349513	0.00323563	0.00299812	0.00274219	0.00242398	0.00217356	0.00193084	0.00177866	0.00165009	0.00151359	0.00141158	0.00129954	0.00114338	0.00100534	0.000948241	0.00218444	0.00135392	0.00166298	0.00123658	0.00101881	0.00145499	0.00120189	0.00102897	0.00105252	0.000964559	0.000912887	0.00094121	0.000904076	0.000890998	0.000829988	0.000750051	0.000683009	0.000626609	0.000586292	

72	0.078	4	0	task-3:0.488	task-0:0.478	task-1:0.484	task-2:0.482	|	0.0744943	0.0734923	0.0701361	0.0552096	0.0651623	0.0663817	0.0593277	0.0542098	0.0615601	0.0615611	0.0557214	0.0543051	0.0543698	0.0543892	0.0537954	0.05385	0.0545834	0.0543332	0.0541263	0.0533206	0.0531349	0.0535019	0.0533159	0.0528487	0.0524966	0.0522281	0.0521797	0.0521281	0.0520976	0.0515302	0.0513957	0.0507505	0.0500081	0.0492056	0.0485983	0.0484015	0.0480051	0.0479029	0.0479143	0.0474026	0.046976	0.0467068	0.0465691	0.0465837	0.046886	0.047569	0.048571	0.0497557	0.0503071	0.0502069	0.0505493	0.0502285	0.0498459	0.0498954	0.0497821	0.0496244	0.0495824	0.0494785	0.0493204	0.0492135	0.0490948	0.0489845	0.048859	0.0487314	0.0485913	0.0484136	0.0482375	0.0481543	0.0479524	0.0477592	0.0475458	0.047294	

124	0.141	4	0	task-3:0.066	task-0:0.126	task-1:0.148	task-2:0.154	|	0.0577514	0.0913815	0.0858062	0.0585594	0.0654405	0.0646664	0.0554876	0.0580476	0.0584061	0.0552767	0.0530763	0.0522854	0.0506559	0.0491726	0.0487451	0.0484153	0.0481993	0.0477758	0.0478338	0.0477375	0.0481346	0.0493878	0.0488904	0.0489936	0.0482112	0.0486208	0.0481171	0.0471766	0.0474728	0.0473822	0.0472177	0.0469955	0.0467142	0.0463939	0.0455191	0.0443553	0.0431691	0.0419443	0.0407885	0.0395764	0.0383967	0.0371474	0.0358727	0.0358704	0.0354142	0.0340441	0.0330412	0.0326726	0.0326556	0.0321274	0.0314097	0.0306005	0.0296428	0.0286378	0.0279122	0.0270677	0.0254767	0.0228019	0.0207094	0.0192178	0.0179692	0.0160541	0.0146896	0.0149916	0.0128089	0.0121942	0.0112312	0.0104866	0.00950892	0.00849133	0.00761423	0.0069794	0.00617486	0.00532424	0.00573797	0.00500013	0.00448618	0.00446932	0.00426773	0.00402167	0.00405792	0.00435382	0.00428346	0.00433967	0.00439309	0.00420716	0.00413102	0.00403764	0.00382444	0.00366309	0.00349513	0.00323563	0.00299812	0.00274219	0.00242398	0.00217356	0.00193084	0.00177866	0.00165009	0.00151359	0.00141158	0.00129954	0.00114338	0.00100534	0.000948241	0.00218444	0.00135392	0.00166298	0.00123658	0.00101881	0.00145499	0.00120189	0.00102897	0.00105252	0.000964559	0.000912887	0.00094121	0.000904076	0.000890998	0.000829988	0.000750051	0.000683009	0.000626609	0.000586292	

124	0.141	4	0	task-3:0.066	task-0:0.126	task-1:0.148	task-2:0.154	|	0.0577514	0.0913815	0.0858062	0.0585594	0.0654405	0.0646664	0.0554876	0.0580476	0.0584061	0.0552767	0.0530763	0.0522854	0.0506559	0.0491726	0.0487451	0.0484153	0.0481993	0.0477758	0.0478338	0.0477375	0.0481346	0.0493878	0.0488904	0.0489936	0.0482112	0.0486208	0.0481171	0.0471766	0.0474728	0.0473822	0.0472177	0.0469955	0.0467142	0.0463939	0.0455191	0.0443553	0.0431691	0.0419443	0.0407885	0.0395764	0.0383967	0.0371474	0.0358727	0.0358704	0.0354142	0.0340441	0.0330412	0.0326726	0.0326556	0.0321274	0.0314097	0.0306005	0.0296428	0.0286378	0.0279122	0.0270677	0.0254767	0.0228019	0.0207094	0.0192178	0.0179692	0.0160541	0.0146896	0.0149916	0.0128089	0.0121942	0.0112312	0.0104866	0.00950892	0.00849133	0.00761423	0.0069794	0.00617486	0.00532424	0.00573797	0.00500013	0.00448618	0.00446932	0.00426773	0.00402167	0.00405792	0.00435382	0.00428346	0.00433967	0.00439309	0.00420716	0.00413102	0.00403764	0.00382444	0.00366309	0.00349513	0.00323563	0.00299812	0.00274219	0.00242398	0.00217356	0.00193084	0.00177866	0.00165009	0.00151359	0.00141158	0.00129954	0.00114338	0.00100534	0.000948241	0.00218444	0.00135392	0.00166298	0.00123658	0.00101881	0.00145499	0.00120189	0.00102897	0.00105252	0.000964559	0.000912887	0.00094121	0.000904076	0.000890998	0.000829988	0.000750051	0.000683009	0.000626609	0.000586292	

129	0.14	4	0	task-3:0.146	task-0:0.066	task-1:0.106	task-2:0.22	|	0.0910104	0.0657583	0.0645323	0.057098	0.0572033	0.0545815	0.0548205	0.0548137	0.0552212	0.055368	0.0549876	0.0546658	0.0549193	0.0549244	0.0546866	0.0546659	0.0546589	0.0546105	0.05459	0.0545442	0.0544983	0.0544792	0.0544595	0.0544414	0.0544377	0.0545061	0.0548189	0.0547133	0.0544809	0.0543838	0.0542333	0.0540186	0.0535974	0.0531462	0.0528609	0.0526505	0.0525221	0.0524425	0.051864	0.0514562	0.051032	0.0506009	0.0502221	0.0499019	0.049616	0.0491757	0.048947	0.0483712	0.0480981	0.0475569	0.0468214	0.0458515	0.0445256	0.0428701	0.0408891	0.0389092	0.0362116	0.0328285	0.0285603	0.0243869	0.0219276	0.0207576	0.019206	0.0149061	0.0152763	0.0130626	0.0111951	0.0104947	0.00964806	0.00874618	0.00785033	0.00705782	0.0176121	0.0106166	0.0238189	0.0144889	0.019775	0.0267955	0.0197156	0.00858764	0.00757656	0.0091391	0.0148122	0.0114652	0.0068453	0.00573237	0.00521034	0.00477158	0.00435933	0.0038898	0.00346236	0.00345828	0.00310655	0.00283579	0.00172376	0.022588	0.0211524	0.0028887	0.00287167	0.0209248	0.0209193	0.000865156	0.00284214	0.0028406	0.00260138	0.00112184	0.00181876	0.0018079	0.00235969	0.0025895	0.00258401	0.00256061	0.00253816	0.00251662	0.00248229	0.00245073	0.00241705	0.00238264	0.00234902	0.00231944	0.00231097	0.00230302	0.00227554	0.00226899	0.00226279	0.00224169	0.00221772	0.00220322	0.00212661	

120	0.125	4	0	task-3:0.65	task-0:0.098	task-1:0.55	task-2:0.718	|	0.0624074	0.0882752	0.0832383	0.058074	0.0673858	0.0627315	0.0553509	0.0548488	0.054876	0.0545952	0.0545861	0.0545473	0.0545442	0.0545148	0.0545081	0.0545017	0.0544955	0.0546023	0.0559868	0.0555351	0.0545267	0.0539929	0.0519427	0.0510487	0.0513718	0.0519038	0.0522497	0.0524927	0.0532494	0.0533093	0.053808	0.0543553	0.0549477	0.0555321	0.0558829	0.0547181	0.0538818	0.0532364	0.0531557	0.0532122	0.0533187	0.0534957	0.0536105	0.0536996	0.0535277	0.0534162	0.0532248	0.0469358	0.0459933	0.0509205	0.0514701	0.0503772	0.0490113	0.0483603	0.0472543	0.0462204	0.0452964	0.0443435	0.0432562	0.0423469	0.0413171	0.0412439	0.0400236	0.0385739	0.038183	0.0365151	0.0347809	0.0333805	0.0300909	0.0131179	0.0188035	0.0258291	0.0213313	0.0229237	0.0257871	0.0341963	0.0298647	0.0261446	0.024103	0.0252455	0.0239128	0.0232446	0.0245895	0.0262005	0.0291776	0.0343076	0.0381011	0.0411277	0.0461907	0.0603933	0.07158	0.0970494	0.0908197	0.0972965	0.0970928	0.0956782	0.0524113	0.0577655	0.0529944	0.0496294	0.0507467	0.0457694	0.0449937	0.0458085	0.0464409	0.0472474	0.0481518	0.0492155	0.0496396	0.0503808	0.0521063	0.0535271	0.0505034	0.0508174	0.0517883	0.0536498	0.0543971	0.0519685	0.0477101	0.0491781	

205	0.219	4	0	task-3:0.194	task-0:0.19	task-1:0.06	task-2:0.284	|	0.059648	0.0891273	0.08829	0.0661603	0.055868	0.0551707	0.0560503	0.0556236	0.0546076	0.0545506	0.0549039	0.054876	0.0546795	0.0547377	0.0589017	0.0584004	0.0553106	0.0554648	0.0583104	0.0568524	0.0545398	0.0540087	0.0533649	0.0527154	0.052514	0.0525479	0.0527816	0.0530987	0.0534864	0.053883	0.054195	0.0543758	0.0544244	0.0543721	0.0542509	0.0540922	0.0538818	0.0536504	0.0533917	0.0530467	0.052597	0.0520373	0.0514064	0.0506076	0.0500304	0.0496135	0.0485952	0.0477983	0.0468653	0.0463531	0.046119	0.0444415	0.0440972	0.0427957	0.0415878	0.0409116	0.0398594	0.0383783	0.0365786	0.0348897	0.0336265	0.0333202	0.0325654	0.0318059	0.0309165	0.0301958	0.02962	0.0291317	0.0287777	0.0283136	0.0275687	0.027175	0.026842	0.0265463	0.0266179	0.0269669	0.0273782	0.0280898	0.0303056	0.0337666	0.0371654	0.0393506	0.0404135	0.040621	0.0402139	0.0390959	0.0380215	0.0366977	0.035658	0.0350446	0.034295	0.0334667	0.0332142	0.0328941	0.032388	0.0317925	0.0311285	0.0304296	0.0286364	0.0274779	0.0153126	0.0259905	0.0163441	0.0184328	0.0240448	0.0232022	0.0234652	0.0114811	0.0105783	0.0228761	0.0247782	0.0179801	0.013341	0.0171368	0.0245975	0.0345042	0.0496571	0.0492325	0.0414308	0.0436007	0.0482217	0.0467529	0.0434004	0.0406896	0.0406011	0.0421681	0.0428686	0.0419097	0.0399344	0.0376473	0.0350363	0.0333265	0.032074	0.0298202	0.0273196	0.0246546	0.0219845	0.0195909	0.019336	0.0183995	0.0178615	0.0179333	0.0172388	0.0169082	0.0166598	0.0163908	0.0160601	0.0158701	0.0154817	0.0146242	0.0117763	0.041079	0.0406107	0.00664143	0.00580295	0.00177567	0.00653464	0.000666652	0.000562117	0.0201012	0.0200317	0.0200088	0.0200022	0.0200004	0.0358821	0.0200001	0.0399639	0.0398681	0.0399726	0.0399736	0.0399596	0.0401032	0.0401036	0.0398947	0.0398496	0.0382955	0.0202254	0.0391328	0.0565213	0.0554324	0.0501685	0.0434997	0.041238	0.0412574	0.0414796	0.0437142	0.0435685	0.0420329	0.0412344	0.0412034	0.0414646	0.0421278	0.0422183	0.04205	0.0418105	0.0417122	0.0815535	0.0810858	0.0628692	0.0423447	0.0423433	0.0272562	0.0776611	0.0776572	0.0274141	

129	0.141	4	0	task-3:0.146	task-0:0.066	task-1:0.106	task-2:0.22	|	0.0910104	0.0657583	0.0645323	0.057098	0.0572033	0.0545815	0.0548205	0.0548137	0.0552212	0.055368	0.0549876	0.0546658	0.0549193	0.0549244	0.0546866	0.0546659	0.0546589	0.0546105	0.05459	0.0545442	0.0544983	0.0544792	0.0544595	0.0544414	0.0544377	0.0545061	0.0548189	0.0547133	0.0544809	0.0543838	0.0542333	0.0540186	0.0535974	0.0531462	0.0528609	0.0526505	0.0525221	0.0524425	0.051864	0.0514562	0.051032	0.0506009	0.0502221	0.0499019	0.049616	0.0491757	0.048947	0.0483712	0.0480981	0.0475569	0.0468214	0.0458515	0.0445256	0.0428701	0.0408891	0.0389092	0.0362116	0.0328285	0.0285603	0.0243869	0.0219276	0.0207576	0.019206	0.0149061	0.0152763	0.0130626	0.0111951	0.0104947	0.00964806	0.00874618	0.00785033	0.00705782	0.0176121	0.0106166	0.0238189	0.0144889	0.019775	0.0267955	0.0197156	0.00858764	0.00757656	0.0091391	0.0148122	0.0114652	0.0068453	0.00573237	0.00521034	0.00477158	0.00435933	0.0038898	0.00346236	0.00345828	0.00310655	0.00283579	0.00172376	0.022588	0.0211524	0.0028887	0.00287167	0.0209248	0.0209193	0.000865156	0.00284214	0.0028406	0.00260138	0.00112184	0.00181876	0.0018079	0.00235969	0.0025895	0.00258401	0.00256061	0.00253816	0.00251662	0.00248229	0.00245073	0.00241705	0.00238264	0.00234902	0.00231944	0.00231097	0.00230302	0.00227554	0.00226899	0.00226279	0.00224169	0.00221772	0.00220322	0.00212661	

129	0.156	4	0	task-3:0.146	task-0:0.066	task-1:0.106	task-2:0.22	|	0.0910104	0.0657583	0.0645323	0.057098	0.0572033	0.0545815	0.0548205	0.0548137	0.0552212	0.055368	0.0549876	0.0546658	0.0549193	0.0549244	0.0546866	0.0546659	0.0546589	0.0546105	0.05459	0.0545442	0.0544983	0.0544792	0.0544595	0.0544414	0.0544377	0.0545061	0.0548189	0.0547133	0.0544809	0.0543838	0.0542333	0.0540186	0.0535974	0.0531462	0.0528609	0.0526505	0.0525221	0.0524425	0.051864	0.0514562	0.051032	0.0506009	0.0502221	0.0499019	0.049616	0.0491757	0.048947	0.0483712	0.0480981	0.0475569	0.0468214	0.0458515	0.0445256	0.0428701	0.0408891	0.0389092	0.0362116	0.0328285	0.0285603	0.0243869	0.0219276	0.0207576	0.019206	0.0149061	0.0152763	0.0130626	0.0111951	0.0104947	0.00964806	0.00874618	0.00785033	0.00705782	0.0176121	0.0106166	0.0238189	0.0144889	0.019775	0.0267955	0.0197156	0.00858764	0.00757656	0.0091391	0.0148122	0.0114652	0.0068453	0.00573237	0.00521034	0.00477158	0.00435933	0.0038898	0.00346236	0.00345828	0.00310655	0.00283579	0.00172376	0.022588	0.0211524	0.0028887	0.00287167	0.0209248	0.0209193	0.000865156	0.00284214	0.0028406	0.00260138	0.00112184	0.00181876	0.0018079	0.00235969	0.0025895	0.00258401	0.00256061	0.00253816	0.00251662	0.00248229	0.00245073	0.00241705	0.00238264	0.00234902	0.00231944	0.00231097	0.00230302	0.00227554	0.00226899	0.00226279	0.00224169	0.00221772	0.00220322	0.00212661	

205	0.219	4	0	task-3:0.194	task-0:0.19	task-1:0.06	task-2:0.284	|	0.059648	0.0891273	0.08829	0.0661603	0.055868	0.0551707	0.0560503	0.0556236	0.0546076	0.0545506	0.0549039	0.054876	0.0546795	0.0547377	0.0589017	0.0584004	0.0553106	0.0554648	0.0583104	0.0568524	0.0545398	0.0540087	0.0533649	0.0527154	0.052514	0.0525479	0.0527816	0.0530987	0.0534864	0.053883	0.054195	0.0543758	0.0544244	0.0543721	0.0542509	0.0540922	0.0538818	0.0536504	0.0533917	0.0530467	0.052597	0.0520373	0.0514064	0.0506076	0.0500304	0.0496135	0.0485952	0.0477983	0.0468653	0.0463531	0.046119	0.0444415	0.0440972	0.0427957	0.0415878	0.0409116	0.0398594	0.0383783	0.0365786	0.0348897	0.0336265	0.0333202	0.0325654	0.0318059	0.0309165	0.0301958	0.02962	0.0291317	0.0287777	0.0283136	0.0275687	0.027175	0.026842	0.0265463	0.0266179	0.0269669	0.0273782	0.0280898	0.0303056	0.0337666	0.0371654	0.0393506	0.0404135	0.040621	0.0402139	0.0390959	0.0380215	0.0366977	0.035658	0.0350446	0.034295	0.0334667	0.0332142	0.0328941	0.032388	0.0317925	0.0311285	0.0304296	0.0286364	0.0274779	0.0153126	0.0259905	0.0163441	0.0184328	0.0240448	0.0232022	0.0234652	0.0114811	0.0105783	0.0228761	0.0247782	0.0179801	0.013341	0.0171368	0.0245975	0.0345042	0.0496571	0.0492325	0.0414308	0.0436007	0.0482217	0.0467529	0.0434004	0.0406896	0.0406011	0.0421681	0.0428686	0.0419097	0.0399344	0.0376473	0.0350363	0.0333265	0.032074	0.0298202	0.0273196	0.0246546	0.0219845	0.0195909	0.019336	0.0183995	0.0178615	0.0179333	0.0172388	0.0169082	0.0166598	0.0163908	0.0160601	0.0158701	0.0154817	0.0146242	0.0117763	0.041079	0.0406107	0.00664143	0.00580295	0.00177567	0.00653464	0.000666652	0.000562117	0.0201012	0.0200317	0.0200088	0.0200022	0.0200004	0.0358821	0.0200001	0.0399639	0.0398681	0.0399726	0.0399736	0.0399596	0.0401032	0.0401036	0.0398947	0.0398496	0.0382955	0.0202254	0.0391328	0.0565213	0.0554324	0.0501685	0.0434997	0.041238	0.0412574	0.0414796	0.0437142	0.0435685	0.0420329	0.0412344	0.0412034	0.0414646	0.0421278	0.0422183	0.04205	0.0418105	0.0417122	0.0815535	0.0810858	0.0628692	0.0423447	0.0423433	0.0272562	0.0776611	0.0776572	0.0274141	

70	0.078	4	0	task-3:0.438	task-0:0.428	task-1:0.506	task-2:0.448	|	0.069016	0.0874786	0.083423	0.0566527	0.070191	0.0702032	0.0574694	0.0563544	0.0557722	0.0546871	0.0546536	0.0549133	0.0548875	0.0545676	0.0546399	0.0546071	0.0544525	0.054362	0.054234	0.0540971	0.0538772	0.0539344	0.0538096	0.0540988	0.0554864	0.0546761	0.0550715	0.0554371	0.0541503	0.0532468	0.0525228	0.0526315	0.0524344	0.0518839	0.0518737	0.0511353	0.0508623	0.050446	0.0499249	0.0496042	0.049286	0.0491083	0.0490677	0.0488949	0.0491267	0.0489065	0.0487087	0.0486088	0.0484423	0.0482698	0.0480618	0.0478333	0.047591	0.0473509	0.0471366	0.0469304	0.0467933	0.0467891	0.0468443	0.0467637	0.0467575	0.0467609	0.0467817	0.0468655	0.0468828	0.046776	0.04661	0.0464107	0.0462308	0.0460019	

175	0.203	4	0	task-3:0.674	task-0:0.18	task-1:0.55	task-2:0.436	|	0.0547964	0.0994717	0.0931815	0.0679531	0.054581	0.054677	0.0551492	0.0550418	0.0545647	0.0548028	0.054805	0.0545816	0.0546189	0.0546741	0.0546094	0.0546695	0.0549219	0.0564101	0.0558603	0.0548184	0.0546237	0.0546667	0.0540669	0.0525601	0.0518545	0.0518474	0.0517861	0.0513811	0.0511493	0.0510342	0.0509519	0.0507957	0.050533	0.0504162	0.0503398	0.0502238	0.0500418	0.0498316	0.0498337	0.0497746	0.0497474	0.0497171	0.0497072	0.0497963	0.0499973	0.0499279	0.0497796	0.0497242	0.0496921	0.0521096	0.0512305	0.0480829	0.0499504	0.0499396	0.0496908	0.0475103	0.0474865	0.0488893	0.0488313	0.0479327	0.0468712	0.0467059	0.0470555	0.0478029	0.0880815	0.083829	0.0503203	0.0467826	0.0466947	0.0457253	0.0494882	0.0488142	0.045228	0.0449898	0.0448998	0.0438243	0.0439458	0.0435798	0.0428346	0.0424468	0.0419452	0.0414552	0.0410449	0.0402326	0.0395412	0.038862	0.0382545	0.0377994	0.0375897	0.0374434	0.0374438	0.037356	0.0373301	0.0373438	0.037127	0.0369541	0.0368586	0.036656	0.0364196	0.0362771	0.0361113	0.0360188	0.0358511	0.0356535	0.0355411	0.0354124	0.0352047	0.0347814	0.0344014	0.0338885	0.0333458	0.0327599	0.0321099	0.0312738	0.0302736	0.0291148	0.0278075	0.0263334	0.0246724	0.0228543	0.0209501	0.0190976	0.0172004	0.0157801	0.0151577	0.0147928	0.0145111	0.0146743	0.0151756	0.0175756	0.0210527	0.0278605	0.0435241	0.0624897	0.0623235	0.0676092	0.0671206	0.0692394	0.0715914	0.0724195	0.0717568	0.0719535	0.0719375	0.0723316	0.0727735	0.0730872	0.0730636	0.0730471	0.0731064	0.0727885	0.0727509	0.0727917	0.0728791	0.0729623	0.0730652	0.0731742	0.0732615	0.0732577	0.0730012	0.0720543	0.06937	0.0773877	0.0696502	0.0663278	0.065236	0.0652485	0.0660956	0.0641353	0.0635494	0.06282	0.0619851	0.0609818	0.0597296	0.0582625	0.0565587	

175	0.187	4	0	task-3:0.674	task-0:0.18	task-1:0.55	task-2:0.436	|	0.0547964	0.0994717	0.0931815	0.0679531	0.054581	0.054677	0.0551492	0.0550418	0.0545647	0.0548028	0.054805	0.0545816	0.0546189	0.0546741	0.0546094	0.0546695	0.0549219	0.0564101	0.0558603	0.0548184	0.0546237	0.0546667	0.0540669	0.0525601	0.0518545	0.0518474	0.0517861	0.0513811	0.0511493	0.0510342	0.0509519	0.0507957	0.050533	0.0504162	0.0503398	0.0502238	0.0500418	0.0498316	0.0498337	0.0497746	0.0497474	0.0497171	0.0497072	0.0497963	0.0499973	0.0499279	0.0497796	0.0497242	0.0496921	0.0521096	0.0512305	0.0480829	0.0499504	0.0499396	0.0496908	0.0475103	0.0474865	0.0488893	0.0488313	0.0479327	0.0468712	0.0467059	0.0470555	0.0478029	0.0880815	0.083829	0.0503203	0.0467826	0.0466947	0.0457253	0.0494882	0.0488142	0.045228	0.0449898	0.0448998	0.0438243	0.0439458	0.0435798	0.0428346	0.0424468	0.0419452	0.0414552	0.0410449	0.0402326	0.0395412	0.038862	0.0382545	0.0377994	0.0375897	0.0374434	0.0374438	0.037356	0.0373301	0.0373438	0.037127	0.0369541	0.0368586	0.036656	0.0364196	0.0362771	0.0361113	0.0360188	0.0358511	0.0356535	0.0355411	0.0354124	0.0352047	0.0347814	0.0344014	0.0338885	0.0333458	0.0327599	0.0321099	0.0312738	0.0302736	0.0291148	0.0278075	0.0263334	0.0246724	0.0228543	0.0209501	0.0190976	0.0172004	0.0157801	0.0151577	0.0147928	0.0145111	0.0146743	0.0151756	0.0175756	0.0210527	0.0278605	0.0435241	0.0624897	0.0623235	0.0676092	0.0671206	0.0692394	0.0715914	0.0724195	0.0717568	0.0719535	0.0719375	0.0723316	0.0727735	0.0730872	0.0730636	0.0730471	0.0731064	0.0727885	0.0727509	0.0727917	0.0728791	0.0729623	0.0730652	0.0731742	0.0732615	0.0732577	0.0730012	0.0720543	0.06937	0.0773877	0.0696502	0.0663278	0.065236	0.0652485	0.0660956	0.0641353	0.0635494	0.06282	0.0619851	0.0609818	0.0597296	0.0582625	0.0565587	

175	0.188	4	0	task-3:0.674	task-0:0.18	task-1:0.55	task-2:0.436	|	0.0547964	0.0994717	0.0931815	0.0679531	0.054581	0.054677	0.0551492	0.0550418	0.0545647	0.0548028	0.054805	0.0545816	0.0546189	0.0546741	0.0546094	0.0546695	0.0549219	0.0564101	0.0558603	0.0548184	0.0546237	0.0546667	0.0540669	0.0525601	0.0518545	0.0518474	0.0517861	0.0513811	0.0511493	0.0510342	0.0509519	0.0507957	0.050533	0.0504162	0.0503398	0.0502238	0.0500418	0.0498316	0.0498337	0.0497746	0.0497474	0.0497171	0.0497072	0.0497963	0.0499973	0.0499279	0.0497796	0.0497242	0.0496921	0.0521096	0.0512305	0.0480829	0.0499504	0.0499396	0.0496908	0.0475103	0.0474865	0.0488893	0.0488313	0.0479327	0.0468712	0.0467059	0.0470555	0.0478029	0.0880815	0.083829	0.0503203	0.0467826	0.0466947	0.0457253	0.0494882	0.0488142	0.045228	0.0449898	0.0448998	0.0438243	0.0439458	0.0435798	0.0428346	0.0424468	0.0419452	0.0414552	0.0410449	0.0402326	0.0395412	0.038862	0.0382545	0.0377994	0.0375897	0.0374434	0.0374438	0.037356	0.0373301	0.0373438	0.037127	0.0369541	0.0368586	0.036656	0.0364196	0.0362771	0.0361113	0.0360188	0.0358511	0.0356535	0.0355411	0.0354124	0.0352047	0.0347814	0.0344014	0.0338885	0.0333458	0.0327599	0.0321099	0.0312738	0.0302736	0.0291148	0.0278075	0.0263334	0.0246724	0.0228543	0.0209501	0.0190976	0.0172004	0.0157801	0.0151577	0.0147928	0.0145111	0.0146743	0.0151756	0.0175756	0.0210527	0.0278605	0.0435241	0.0624897	0.0623235	0.0676092	0.0671206	0.0692394	0.0715914	0.0724195	0.0717568	0.0719535	0.0719375	0.0723316	0.0727735	0.0730872	0.0730636	0.0730471	0.0731064	0.0727885	0.0727509	0.0727917	0.0728791	0.0729623	0.0730652	0.0731742	0.0732615	0.0732577	0.0730012	0.0720543	0.06937	0.0773877	0.0696502	0.0663278	0.065236	0.0652485	0.0660956	0.0641353	0.0635494	0.06282	0.0619851	0.0609818	0.0597296	0.0582625	0.0565587	

175	0.187	4	0	task-3:0.674	task-0:0.18	task-1:0.55	task-2:0.436	|	0.0547964	0.0994717	0.0931815	0.0679531	0.054581	0.054677	0.0551492	0.0550418	0.0545647	0.0548028	0.054805	0.0545816	0.0546189	0.0546741	0.0546094	0.0546695	0.0549219	0.0564101	0.0558603	0.0548184	0.0546237	0.0546667	0.0540669	0.0525601	0.0518545	0.0518474	0.0517861	0.0513811	0.0511493	0.0510342	0.0509519	0.0507957	0.050533	0.0504162	0.0503398	0.0502238	0.0500418	0.0498316	0.0498337	0.0497746	0.0497474	0.0497171	0.0497072	0.0497963	0.0499973	0.0499279	0.0497796	0.0497242	0.0496921	0.0521096	0.0512305	0.0480829	0.0499504	0.0499396	0.0496908	0.0475103	0.0474865	0.0488893	0.0488313	0.0479327	0.0468712	0.0467059	0.0470555	0.0478029	0.0880815	0.083829	0.0503203	0.0467826	0.0466947	0.0457253	0.0494882	0.0488142	0.045228	0.0449898	0.0448998	0.0438243	0.0439458	0.0435798	0.0428346	0.0424468	0.0419452	0.0414552	0.0410449	0.0402326	0.0395412	0.038862	0.0382545	0.0377994	0.0375897	0.0374434	0.0374438	0.037356	0.0373301	0.0373438	0.037127	0.0369541	0.0368586	0.036656	0.0364196	0.0362771	0.0361113	0.0360188	0.0358511	0.0356535	0.0355411	0.0354124	0.0352047	0.0347814	0.0344014	0.0338885	0.0333458	0.0327599	0.0321099	0.0312738	0.0302736	0.0291148	0.0278075	0.0263334	0.0246724	0.0228543	0.0209501	0.0190976	0.0172004	0.0157801	0.0151577	0.0147928	0.0145111	0.0146743	0.0151756	0.0175756	0.0210527	0.0278605	0.0435241	0.0624897	0.0623235	0.0676092	0.0671206	0.0692394	0.0715914	0.0724195	0.0717568	0.0719535	0.0719375	0.0723316	0.0727735	0.0730872	0.0730636	0.0730471	0.0731064	0.0727885	0.0727509	0.0727917	0.0728791	0.0729623	0.0730652	0.0731742	0.0732615	0.0732577	0.0730012	0.0720543	0.06937	0.0773877	0.0696502	0.0663278	0.065236	0.0652485	0.0660956	0.0641353	0.0635494	0.06282	0.0619851	0.0609818	0.0597296	0.0582625	0.0565587	

135	0.157	4	0	task-3:0.414	task-0:0.364	task-1:0.35	task-2:0.43	|	0.0610897	0.0772607	0.0752547	0.0595661	0.0547482	0.0547496	0.0553386	0.0548335	0.0545357	0.0545238	0.054778	0.054747	0.0546375	0.0546877	0.054725	0.0547182	0.0509189	0.0497548	0.0514442	0.0532092	0.0544108	0.0548474	0.0550137	0.0551086	0.0551844	0.0552559	0.055322	0.055375	0.0554019	0.0553921	0.0553365	0.0552341	0.0550837	0.0548998	0.0546785	0.0544304	0.0541432	0.0538106	0.0534409	0.0530434	0.0525918	0.0931926	0.0918677	0.0406485	0.0487962	0.0486977	0.0474342	0.0400915	0.039767	0.0394698	0.0498091	0.0498778	0.0486991	0.0480023	0.0479323	0.0480709	0.0481807	0.0481984	0.0484173	0.0514488	0.059781	0.0575821	0.0635451	0.0580558	0.0570144	0.0525166	0.0502015	0.0485013	0.0462766	0.0446544	0.0381302	0.0329193	0.0419647	0.0429088	0.0447325	0.0462865	0.0495062	0.0508979	0.0502221	0.0465434	0.0418525	0.0571113	0.0567975	0.0455025	0.0397762	0.0393002	0.0401494	0.043285	0.0424493	0.0430805	0.0415869	0.04222	0.0501	0.0442863	0.0462707	0.0458152	0.0539548	0.052801	0.0453198	0.0431812	0.0412028	0.0412017	0.041631	0.0425258	0.0430878	0.0442071	0.0445849	0.0441564	0.0439888	0.0441597	0.0441268	0.0448083	0.0469604	0.0512587	0.0580298	0.0631005	0.0676552	0.0646271	0.0572319	0.0531049	0.0520047	0.0514425	0.0491666	0.0462156	0.0425108	0.0411465	0.0410071	0.040765	0.0405095	0.0402764	0.0399695	0.0397	0.0393694	0.0396379	0.0395132	

60	0.062	4	0	task-3:0.488	task-0:0.478	task-1:0.462	task-2:0.482	|	0.0549264	0.109446	0.108929	0.0790703	0.0546751	0.055412	0.0551171	0.0546427	0.0553842	0.055438	0.0547645	0.0545746	0.0545932	0.0545335	0.0545276	0.0544903	0.0544153	0.0542215	0.0539187	0.0534908	0.0530408	0.0525423	0.0520037	0.0515365	0.0516127	0.0516386	0.0510175	0.0510333	0.0509389	0.0505801	0.0502066	0.0498642	0.0498416	0.0497306	0.0496113	0.0489985	0.0488213	0.0487296	0.0482742	0.0478809	0.0476886	0.0475455	0.0474341	0.0472193	0.0470341	0.0468727	0.046715	0.0465962	0.0465403	0.0465402	0.0465445	0.0465294	0.046481	0.0465201	0.0464941	0.0465168	0.0465037	0.0465712	0.04671	0.0469576	

60	0.078	4	0	task-3:0.488	task-0:0.478	task-1:0.462	task-2:0.482	|	0.0549264	0.109446	0.108929	0.0790703	0.0546751	0.055412	0.0551171	0.0546427	0.0553842	0.055438	0.0547645	0.0545746	0.0545932	0.0545335	0.0545276	0.0544903	0.0544153	0.0542215	0.0539187	0.0534908	0.0530408	0.0525423	0.0520037	0.0515365	0.0516127	0.0516386	0.0510175	0.0510333	0.0509389	0.0505801	0.0502066	0.0498642	0.0498416	0.0497306	0.0496113	0.0489985	0.0488213	0.0487296	0.0482742	0.0478809	0.0476886	0.0475455	0.0474341	0.0472193	0.0470341	0.0468727	0.046715	0.0465962	0.0465403	0.0465402	0.0465445	0.0465294	0.046481	0.0465201	0.0464941	0.0465168	0.0465037	0.0465712	0.04671	0.0469576	

149	0.125	4	0	task-3:0.628	task-0:0.478	task-1:0.346	task-2:0.566	|	0.0546357	0.0637829	0.0601262	0.0549222	0.0569311	0.0569224	0.0547226	0.0553017	0.0552995	0.0545908	0.0548705	0.0548725	0.0545779	0.0546514	0.0547166	0.0548543	0.0555853	0.0552841	0.0539475	0.054078	0.0508671	0.0503932	0.0513217	0.0522909	0.0533313	0.0539671	0.0543218	0.0544933	0.0545445	0.0545553	0.0545526	0.0545487	0.0545471	0.0545457	0.0545455	0.0545457	0.0545457	0.0545455	0.0545455	0.0545455	0.0545455	0.0487237	0.0515889	0.0768584	0.0796654	0.071994	0.0545767	0.0545388	0.0537181	0.0470699	0.0472332	0.0475467	0.0469885	0.0476031	0.0479181	0.0482655	0.0486159	0.0482449	0.0486218	0.0499051	0.050833	0.051624	0.0520879	0.0504589	0.05111	0.0530542	0.0540834	0.0544515	0.0545448	0.0545585	0.0545555	0.054551	0.0545477	0.0545458	0.0545457	0.0545457	0.0545455	0.0545455	0.0545455	0.0545455	0.0545455	0.0545455	0.0545455	0.0545455	0.0545455	0.0545452	0.0520278	0.0518226	0.051597	0.0517056	0.0468812	0.0468297	0.0482139	0.04691	0.0979625	0.0992719	0.0930346	0.0540167	0.0543004	0.0464404	0.0463519	0.0525427	0.0533195	0.0518936	0.0490281	0.0464535	0.0485704	0.0536643	0.0536346	0.0514556	0.0462403	0.0462219	0.0504147	0.0509402	0.0482781	0.0488205	0.0512444	0.0520726	0.0532934	0.0540293	0.0543777	0.0545094	0.054547	0.0545544	0.0545543	0.0545528	0.0545509	0.0545491	0.0545474	0.054546	0.0545455	0.0545455	0.0545456	0.0545456	0.0545455	0.0545455	0.0545455	0.0545455	0.0545455	0.0545455	0.0545455	0.0545455	0.0545455	0.0545455	0.0545455	0.0545455	0.0545455	0.0545455	0.0545455	

78	0.063	4	0	task-3:0.488	task-0:0.354	task-1:0.246	task-2:0.482	|	0.0546334	0.0650916	0.055176	0.0581372	0.0581491	0.0554957	0.0546568	0.0546252	0.0547473	0.0547502	0.0546566	0.0547663	0.0544613	0.0543637	0.054271	0.0538531	0.0536097	0.0531609	0.0484942	0.046677	0.0473991	0.0515262	0.0507614	0.044025	0.0421933	0.0447846	0.0408276	0.0385758	0.0377865	0.0370415	0.0395805	0.0419981	0.0375901	0.0352822	0.0333141	0.0312018	0.0290848	0.0270304	0.0254455	0.02633	0.0260828	0.024818	0.0248528	0.0259457	0.0273082	0.0261139	0.0243977	0.023071	0.0233524	0.0229689	0.0225594	0.0223138	0.0216103	0.0210038	0.0205066	0.0201076	0.0197411	0.0197906	0.0195846	0.0195625	0.0194681	0.0193886	0.0192272	0.019069	0.0188349	0.0185589	0.0182461	0.017871	0.0175806	0.0172063	0.0168418	0.016563	0.0163187	0.0160389	0.0158958	0.015686	0.0154707	0.0153978	

64	0.062	4	0	task-3:0.474	task-0:0.456	task-1:0.412	task-2:0.496	|	0.0563471	0.0972316	0.0922019	0.0651405	0.0557166	0.0556982	0.0556141	0.0556133	0.0544869	0.0544647	0.0547072	0.0547833	0.0545476	0.0544221	0.054607	0.0569764	0.0560881	0.0547375	0.0545967	0.0544448	0.0543131	0.0541457	0.0539065	0.05404	0.0545713	0.0549398	0.0551052	0.0547553	0.054576	0.0545949	0.0546119	0.0544173	0.0545676	0.0546874	0.0545715	0.0545652	0.0546405	0.0546077	0.0547243	0.0547348	0.0546278	0.0544396	0.0541829	0.0538159	0.0533048	0.0526198	0.0523946	0.051035	0.0502297	0.0494132	0.0491158	0.0483489	0.0476867	0.0471082	0.0467893	0.0462699	0.0459659	0.0459094	0.0460052	0.0460781	0.0458918	0.0458322	0.0458082	0.0458181	

128	0.094	4	0	task-3:0.382	task-0:0.312	task-1:0.358	task-2:0.482	|	0.0548667	0.104646	0.100208	0.07114	0.0536878	0.0557972	0.0548235	0.0515696	0.0542261	0.0547807	0.0518233	0.0504779	0.0498202	0.0486191	0.0473463	0.0462153	0.04527	0.0440656	0.044456	0.04257	0.042948	0.0421878	0.0410691	0.0405764	0.0395373	0.0392893	0.038356	0.0377468	0.0373365	0.036901	0.036507	0.0352248	0.0339597	0.0334676	0.0329609	0.0325862	0.0325571	0.0327212	0.0333173	0.0343303	0.0351494	0.0356982	0.0361245	0.0363439	0.0364023	0.0363818	0.0361836	0.0361666	0.0361991	0.0363646	0.0366617	0.0371608	0.0374199	0.0380716	0.0381733	0.0383953	0.039748	0.0451296	0.0446755	0.0398235	0.0392172	0.0394951	0.0390295	0.0387886	0.0394666	0.0388912	0.0387639	0.0386247	0.038327	0.0379624	0.0299172	0.0294027	0.0368319	0.0365121	0.0359641	0.0347172	0.0269974	0.0306731	0.0282612	0.0363477	0.0366948	0.0358196	0.035277	0.0346017	0.0339954	0.0336533	0.0337947	0.0347435	0.036744	0.0363691	0.0372743	0.0386634	0.0406002	0.0412856	0.0418018	0.0421492	0.0420026	0.0414435	0.0408879	0.0405299	0.0399124	0.0392616	0.0304906	0.0299107	0.0377622	0.0374703	0.0372705	0.0371958	0.0372162	0.036888	0.0312914	0.029416	0.0304857	0.0305161	0.0301453	0.0411875	0.0486604	0.0409606	0.0380096	0.0375573	0.0374337	0.0373485	0.0370418	0.0366534	0.0362309	0.0357923	0.0353964	0.0351234	

114	0.093	4	0	task-3:0.054	task-0:0.194	task-1:0.228	task-2:0.032	|	0.062484	0.0637656	0.0607624	0.0550687	0.0567509	0.056751	0.0546714	0.055025	0.0549682	0.0547412	0.056468	0.0560288	0.0549021	0.0524148	0.0519043	0.0515291	0.049677	0.0469629	0.0469108	0.0498389	0.0480751	0.0493334	0.0475101	0.0457257	0.042971	0.0442254	0.0395725	0.0366368	0.0338404	0.0309493	0.0292941	0.0276153	0.0258242	0.0252001	0.0235214	0.0228191	0.0214565	0.0205656	0.019851	0.0181657	0.0169986	0.0159579	0.0150439	0.0140258	0.0130773	0.0124107	0.0117197	0.0111957	0.0112357	0.0105656	0.0100649	0.00939393	0.00873879	0.0081526	0.00760402	0.00684399	0.00625526	0.00582716	0.00497991	0.00459156	0.00412446	0.00364533	0.00350005	0.00348084	0.00336545	0.00325263	0.00340802	0.00338647	0.00335242	0.00336137	0.00391402	0.00318833	0.00238712	0.00230951	0.00223999	0.00230214	0.00208836	0.00174119	0.00148588	0.0012831	0.00109315	0.000893185	0.000700352	0.000532372	0.000410324	0.000318233	0.000223461	0.000181657	9.4787e-005	5.55293e-005	3.08427e-005	1.56338e-005	7.3297e-006	3.21469e-006	8.82715e-007	2.15807e-007	7.88443e-008	2.62911e-008	5.05039e-009	1.72145e-009	4.27352e-010	1.15781e-010	2.65207e-011	8.1899e-011	2.83885e-011	3.39752e-012	5.55158e-012	2.48067e-012	9.03179e-013	3.87032e-013	2.53904e-013	2.61814e-013	1.72284e-013	1.46892e-012	

127	0.11	4	0	task-3:0.08	task-0:0.122	task-1:0.238	task-2:0.074	|	0.0542591	0.0556097	0.0599516	0.055996	0.0552163	0.0587984	0.0541935	0.0567855	0.0573164	0.0554728	0.0547806	0.0551037	0.0543925	0.0551537	0.0556655	0.0551145	0.0546927	0.0550519	0.0551065	0.0549952	0.0552831	0.0549477	0.0543811	0.0548813	0.0546677	0.0538541	0.0513284	0.0503691	0.0508983	0.0514917	0.0517043	0.0514617	0.0508448	0.0500544	0.049432	0.0487617	0.0480059	0.047049	0.0459542	0.0454599	0.0446837	0.044218	0.0434766	0.0428433	0.042275	0.0414969	0.0399208	0.0304886	0.0315566	0.0380898	0.0373046	0.0322555	0.0315517	0.0307393	0.0301222	0.0292845	0.0284273	0.0275519	0.0266813	0.0254945	0.0243883	0.0233543	0.0228029	0.0220749	0.0213931	0.0206402	0.0198585	0.0193791	0.0188242	0.0182548	0.0177163	0.0172848	0.00801001	0.00704238	0.00720056	0.00673213	0.0266457	0.0263449	0.0257507	0.0256359	0.0256804	0.0251631	0.0261345	0.00651671	0.00600304	0.00559479	0.00524185	0.00530232	0.00533736	0.0051688	0.00507743	0.00507686	0.00499553	0.00493247	0.00494257	0.00493421	0.00485393	0.00470712	0.00458381	0.00443416	0.00432971	0.00424111	0.0041416	0.00405272	0.00398083	0.00395258	0.00377377	0.00365153	0.00360585	0.00354541	0.00350101	0.00345218	0.00340386	0.00333451	0.00328153	0.00319922	0.00312521	0.00304316	0.00295407	0.00285096	0.0027312	0.00266282	0.00263877	0.00251032	0.00241677	0.00231208	0.00219802	

129	0.109	4	0	task-3:0.346	task-0:0.292	task-1:0.338	task-2:0.276	|	0.059014	0.0903915	0.0839128	0.0631854	0.0570782	0.0564457	0.053692	0.0536037	0.0536066	0.0525132	0.0514612	0.0500129	0.0467301	0.0479946	0.0516574	0.0549436	0.0445432	0.0500013	0.0464709	0.0440334	0.0447528	0.0422936	0.0413218	0.0398262	0.0383079	0.037829	0.0371132	0.0376999	0.0368893	0.0395733	0.0392494	0.0362598	0.0367186	0.0366699	0.0360165	0.0359259	0.0359502	0.0359906	0.0360445	0.0361238	0.0362356	0.0365589	0.0370703	0.036818	0.0367651	0.0368532	0.036977	0.0362241	0.0359759	0.0357738	0.0355115	0.0353158	0.0347557	0.0336471	0.0332744	0.0333414	0.0400503	0.0352578	0.0416521	0.0369683	0.0367393	0.0350438	0.0349892	0.0347639	0.0332035	0.0328361	0.0331829	0.0323353	0.0318064	0.0311525	0.0308823	0.0305908	0.0305302	0.0305784	0.0310131	0.0317571	0.0311547	0.0302024	0.0295154	0.0301238	0.0296005	0.0287076	0.0283475	0.0280555	0.0277848	0.0276034	0.027519	0.0275644	0.0278142	0.0280432	0.0285257	0.0292607	0.0301699	0.031145	0.0311743	0.0317601	0.0325121	0.0335322	0.0336651	0.0335277	0.033084	0.0320465	0.0308389	0.0298954	0.0294157	0.0294008	0.0293455	0.0291828	0.0290802	0.0290551	0.0290215	0.0290347	0.028999	0.0289823	0.0289646	0.0289243	0.0289158	0.0289423	0.028871	0.028737	0.0286122	0.028419	0.028291	0.0213881	0.027411	0.0271962	0.0269643	0.0266937	0.0263786	

60	0.047	4	0	task-3:0.488	task-0:0.478	task-1:0.538	task-2:0.482	|	0.0549228	0.0982246	0.0944011	0.0656868	0.0548706	0.0654225	0.065525	0.0592708	0.0550667	0.0554889	0.0547031	0.0546589	0.0542073	0.0538532	0.0535333	0.0530589	0.0525145	0.0518963	0.0511696	0.0504065	0.0516531	0.052058	0.0518027	0.0521401	0.0526259	0.0530639	0.0532632	0.0534909	0.0537947	0.0539585	0.0540102	0.0540345	0.0540144	0.0539806	0.0539298	0.0538569	0.0537668	0.053726	0.0536463	0.0535481	0.053427	0.0532738	0.0530841	0.0528489	0.0525555	0.0522068	0.0517853	0.0513066	0.0512115	0.050881	0.0505414	0.0501801	0.0500613	0.0502187	0.0501861	0.0500619	0.0499278	0.0498844	0.0499436	0.0499506	

100	0.094	4	0	task-3:0.382	task-0:0.378	task-1:0.418	task-2:0.422	|	0.054649	0.095778	0.0942663	0.0747002	0.0565416	0.0581129	0.05509	0.0566848	0.0543887	0.0574951	0.0588654	0.0559994	0.0534248	0.053451	0.0528394	0.0519308	0.051711	0.051386	0.0516235	0.0522741	0.0532926	0.055313	0.058396	0.0544737	0.0487707	0.0502016	0.0553338	0.0526575	0.0512513	0.0508669	0.0504918	0.0502174	0.050334	0.0498466	0.0493023	0.0486692	0.0479844	0.0473568	0.0473595	0.0471834	0.0460372	0.0451328	0.0441421	0.043129	0.0421666	0.041284	0.0404903	0.0397964	0.0392316	0.0387814	0.0393077	0.0379208	0.0372575	0.0366893	0.0366412	0.0346794	0.0348011	0.0367232	0.0360323	0.0345598	0.0343397	0.0344631	0.0348176	0.034519	0.0339274	0.0336873	0.0335932	0.0335224	0.0334989	0.0335239	0.0335391	0.0336026	0.033671	0.0338137	0.0335561	0.0332211	0.0330784	0.0330092	0.0329847	0.0329755	0.0330295	0.0330899	0.0330263	0.0330826	0.0330939	0.0328013	0.0323709	0.0322501	0.0320483	0.0318388	0.0315206	0.0310882	0.0306824	0.0301019	0.0295927	0.0290543	0.0285272	0.0280555	0.0274813	0.0270981	

73	0.062	4	0	task-3:0.488	task-0:0.378	task-1:0.218	task-2:0.482	|	0.060064	0.0853612	0.0822791	0.0636187	0.0551832	0.0551856	0.054102	0.0540673	0.0543575	0.05416	0.0536916	0.0532169	0.0528859	0.0524518	0.0517355	0.0573019	0.0555701	0.0493664	0.0475837	0.0463168	0.0445458	0.043508	0.0402769	0.0377412	0.038217	0.0416002	0.0403971	0.0363529	0.0348601	0.0347672	0.0349343	0.033432	0.0314259	0.0290631	0.0280162	0.0272988	0.0268743	0.02579	0.0250912	0.0242695	0.0232473	0.0231813	0.0231321	0.0202258	0.0189028	0.0167779	0.0157692	0.0155082	0.0144117	0.0138087	0.0132631	0.0123656	0.0115044	0.0105634	0.00956738	0.0085387	0.0075347	0.00653535	0.00563529	0.00488664	0.00580789	0.00413638	0.00413391	0.00375892	0.00342319	0.00318232	0.00297814	0.00285123	0.0026114	0.00244623	0.00231056	0.00220888	0.00206372	

59	0.047	4	0	task-3:0.488	task-0:0.478	task-1:0.49	task-2:0.482	|	0.0637945	0.0814901	0.0691113	0.0547119	0.0638708	0.0638874	0.0574005	0.0550985	0.0551166	0.0548172	0.0548472	0.0546363	0.0545386	0.0544774	0.0544098	0.0543422	0.0543622	0.0544929	0.0547997	0.0561197	0.0557731	0.055658	0.0545269	0.0536597	0.0532746	0.0529912	0.0528722	0.0528921	0.0529894	0.0531142	0.05324	0.0533797	0.0534185	0.053398	0.053413	0.0535482	0.0560232	0.0552911	0.0534885	0.0531421	0.0530359	0.052808	0.0519441	0.0610929	0.0561849	0.0734562	0.0658317	0.0714824	0.0486072	0.0488063	0.0480796	0.0475006	0.049163	0.0478193	0.0481802	0.0482491	0.047723	0.0470508	0.0463181	

105	0.094	4	0	task-3:0.594	task-0:0.478	task-1:0.696	task-2:0.55	|	0.0558786	0.0911838	0.0876061	0.0684137	0.0546505	0.0645538	0.0638948	0.0575907	0.0545566	0.0573824	0.0573571	0.0551343	0.0546581	0.0546725	0.0545994	0.0546276	0.0547994	0.0547615	0.0549753	0.0551325	0.0547445	0.0545718	0.0544665	0.0542152	0.0539629	0.053834	0.0538112	0.0538422	0.0539102	0.0540256	0.0541818	0.0543513	0.0545322	0.0546759	0.0547225	0.0546969	0.0546361	0.054578	0.0545478	0.0545462	0.0545461	0.0545436	0.0545476	0.054555	0.0545541	0.0545231	0.0544236	0.0540573	0.0539567	0.0541966	0.0544574	0.0548092	0.0551159	0.0543874	0.0468889	0.0468612	0.0476271	0.0543294	0.0542991	0.0520232	0.0519566	0.0536643	0.0543162	0.0545119	0.0545519	0.054552	0.0545448	0.0545342	0.0545183	0.0545301	0.0545291	0.0545099	0.054508	0.0545105	0.0545317	0.0546091	0.0548226	0.0547696	0.0546329	0.0546243	0.0546514	0.0546856	0.0547016	0.0546303	0.0545537	0.0545038	0.0544769	0.0531886	0.0471146	0.0470068	0.0466977	0.0465883	0.0461733	0.0460356	0.0458506	0.0465551	0.0492762	0.0529977	0.0531234	0.0518983	0.0498	0.0471043	0.0473193	0.0665923	0.0662186	

77	0.062	4	0	task-3:0.488	task-0:0.496	task-1:0.37	task-2:0.518	|	0.0570058	0.0919012	0.0825453	0.0556074	0.0600373	0.0570716	0.0545285	0.0545327	0.0551811	0.0551054	0.0546425	0.0545957	0.0545792	0.0544912	0.0544872	0.0545747	0.0556009	0.055495	0.0539717	0.0537367	0.0543151	0.0542783	0.0542513	0.0538986	0.0535392	0.0532787	0.0531713	0.0534995	0.0539355	0.0543757	0.0547545	0.0548564	0.0543835	0.0539966	0.0536283	0.0554784	0.0546249	0.0558752	0.0564443	0.0557494	0.0556197	0.0549876	0.0544438	0.0544114	0.0543439	0.0542704	0.0542224	0.0541765	0.0540929	0.0540698	0.0531982	0.0505211	0.0504876	0.055378	0.0563999	0.0569281	0.0663232	0.0633425	0.0572047	0.0569394	0.0572795	0.0574836	0.0569307	0.0554065	0.0542633	0.0535309	0.0535952	0.0529518	0.0528103	0.0529657	0.053114	0.0532182	0.0532904	0.0533857	0.0534131	0.0534554	0.053492	

127	0.11	4	0	task-3:0.538	task-0:0.478	task-1:0.452	task-2:0.502	|	0.0551106	0.093973	0.0905971	0.0669102	0.060174	0.0605171	0.0546132	0.0585369	0.0576776	0.0548085	0.056395	0.0563949	0.0549718	0.0549067	0.0549558	0.0547698	0.0547496	0.0547439	0.0547334	0.0547146	0.0546636	0.0546248	0.0546694	0.054678	0.0546554	0.0546574	0.0547073	0.0549595	0.0562204	0.0635643	0.0601666	0.0553248	0.0544305	0.0539977	0.054035	0.0542192	0.0544022	0.0545249	0.0545841	0.0546028	0.0545975	0.0545895	0.0545852	0.0545796	0.0545719	0.0545618	0.054548	0.0545297	0.0545053	0.054489	0.0544679	0.0544388	0.0555566	0.0650346	0.0659881	0.0752023	0.0545781	0.0544275	0.0537463	0.0478834	0.0475282	0.0504114	0.0531058	0.053934	0.0541615	0.0541978	0.0541782	0.0541002	0.0539878	0.0538597	0.0537162	0.0535663	0.0534552	0.0533679	0.0532934	0.0532155	0.053258	0.0448965	0.0448905	0.0530468	0.0531924	0.0501694	0.0501051	0.0523255	0.0522508	0.0510652	0.0489764	0.0486773	0.0493932	0.0502222	0.0510648	0.0516148	0.0505558	0.051454	0.0517476	0.0497219	0.0498341	0.04945	0.0524743	0.0599406	0.0597658	0.0556959	0.0507765	0.0493031	0.0492372	0.0493415	0.0506752	0.0505819	0.0496206	0.049538	0.0739036	0.0734234	0.0551085	0.0530612	0.050982	0.0531629	0.052049	0.0508763	0.0474881	0.0457827	0.05013	0.0474689	0.0488089	0.0499531	0.0516797	0.0511161	0.0515341	

184	0.14	4	0	task-3:0.11	task-0:0.106	task-1:0.112	task-2:0.19	|	0.0633575	0.0833551	0.0741971	0.0545388	0.054583	0.0562352	0.0559753	0.054652	0.0549353	0.0549558	0.0546409	0.0546387	0.0546737	0.0546266	0.0548241	0.0552652	0.0568685	0.0559237	0.0549291	0.0545322	0.0546889	0.0543271	0.0538818	0.0536373	0.053447	0.05344	0.0530052	0.0529437	0.0531184	0.053333	0.0536784	0.0537364	0.0533242	0.052828	0.0517176	0.0508854	0.0496455	0.0481657	0.0466482	0.0455688	0.044611	0.0431003	0.0418624	0.0406395	0.0391678	0.0384615	0.0375612	0.0370037	0.0364739	0.0358694	0.0353325	0.0348028	0.0336533	0.0329138	0.0318917	0.029958	0.0292355	0.0285697	0.0280716	0.0276733	0.0272355	0.0269286	0.0254821	0.0244625	0.0233399	0.0223511	0.0214454	0.0206703	0.0205138	0.0193911	0.0165978	0.0144481	0.012699	0.0100309	0.0131964	0.0104933	0.0100174	0.00996265	0.0097375	0.00992997	0.0101517	0.010665	0.00813495	0.00692972	0.00615146	0.00585349	0.00569055	0.00513683	0.00483055	0.0047066	0.00455031	0.00439138	0.00437617	0.00423498	0.00409387	0.00393606	0.00370993	0.00324417	0.00284803	0.00241383	0.00221867	0.00870458	0.00217122	0.00174166	0.00146472	0.00126626	0.00108835	0.00093764	0.000768623	0.000630841	0.000515311	0.000425004	0.000334802	0.000254423	0.000191824	0.000141832	0.00010426	7.01753e-005	5.02702e-005	3.63384e-005	2.70971e-005	2.25716e-005	0.0399467	0.0399338	1.26585e-005	1.28424e-005	1.32027e-005	1.07127e-005	7.18784e-006	5.54547e-006	4.178e-006	3.10487e-006	2.19059e-006	1.76841e-006	1.61704e-006	1.3677e-006	1.46683e-006	1.54055e-006	1.05794e-006	9.48863e-007	8.74575e-007	8.10515e-007	7.14189e-007	6.26516e-007	5.44336e-007	4.70783e-007	4.12674e-007	2.37086e-007	1.57748e-007	9.89734e-008	6.99419e-008	4.20916e-008	0.00658499	4.23692e-007	1.76991e-008	1.5983e-008	1.125e-008	7.28313e-009	5.28481e-009	3.34582e-009	2.45905e-009	7.73172e-010	4.56721e-010	2.76213e-010	1.59576e-010	9.91349e-011	2.46194e-011	1.70862e-010	6.78245e-011	1.52894e-011	1.85419e-011	1.51321e-011	8.24319e-012	7.99847e-012	7.17178e-012	6.61394e-012	6.97614e-012	6.59981e-012	5.5369e-012	4.69405e-012	3.97919e-012	2.94238e-012	2.13697e-012	1.45028e-012	

129	0.094	4	0	task-3:0.108	task-0:0.228	task-1:0.168	task-2:0.178	|	0.0637228	0.0639555	0.0592465	0.0545994	0.0580407	0.058	0.055043	0.0548451	0.0549918	0.0550589	0.055553	0.0557949	0.0552052	0.0554115	0.0543408	0.054265	0.0546382	0.0545142	0.0542341	0.0539466	0.0532663	0.0525724	0.0516838	0.0507009	0.0494692	0.0483012	0.0475627	0.0465555	0.0459308	0.0456324	0.0455156	0.0456495	0.0440125	0.0388107	0.0367534	0.0359375	0.0355746	0.0338918	0.0294107	0.0312737	0.0344103	0.0315818	0.0268305	0.0250942	0.0250951	0.025012	0.0231613	0.0226492	0.0216144	0.0197881	0.0190993	0.0176382	0.0156733	0.0146595	0.013839	0.0119497	0.00997564	0.00877286	0.00765826	0.00684743	0.00652736	0.00651316	0.00688516	0.00754432	0.00832735	0.00943773	0.0110258	0.0127823	0.0146432	0.014212	0.0121248	0.00953203	0.00878367	0.0105292	0.0143348	0.0137061	0.011052	0.0113267	0.0111125	0.0108094	0.010706	0.00978103	0.00878872	0.00868166	0.00827954	0.00821663	0.00816413	0.00798103	0.00803048	0.00816569	0.00672624	0.00574164	0.0050103	0.00444225	0.00411554	0.00366557	0.00351904	0.00335892	0.00293054	0.00270408	0.00252631	0.00251302	0.00230883	0.00206375	0.00189387	0.00170071	0.00151422	0.00134742	0.00116658	0.00097897	0.000777135	0.000628641	0.00053469	0.00043082	0.00037005	0.000322811	0.000310919	0.000282131	0.000160683	0.000139842	0.000113366	0.000116381	9.02863e-005	6.98044e-005	5.74795e-005	5.07753e-005	3.76287e-005	2.52142e-005	1.68595e-005	

94	0.078	4	0	task-3:0.206	task-0:0.152	task-1:0.22	task-2:0.21	|	0.0752093	0.0763189	0.070932	0.0536679	0.0567338	0.0536653	0.0568772	0.0574425	0.0531958	0.0502597	0.0488817	0.0461517	0.0461035	0.0470691	0.0465245	0.0455703	0.0449863	0.0443054	0.0438614	0.0433154	0.0427497	0.0420682	0.0415397	0.0470393	0.0441851	0.052667	0.063213	0.0600962	0.0429661	0.0416668	0.0404899	0.0395073	0.0387862	0.0379324	0.0368294	0.0355707	0.034095	0.0323449	0.0303951	0.0284004	0.0267046	0.0258546	0.0230411	0.0199838	0.0170238	0.0161825	0.0151964	0.0148225	0.0120014	0.0121521	0.0137722	0.0122352	0.0116634	0.0109573	0.00991279	0.00906719	0.00876833	0.00873378	0.00925714	0.011071	0.0140704	0.0167053	0.0185162	0.0195731	0.0202786	0.0205062	0.0205309	0.0205193	0.0204843	0.020438	0.0204064	0.0205301	0.0207197	0.0205107	0.0212052	0.0207043	0.0208645	0.0213719	0.0386598	0.0404685	0.0392436	0.0389211	0.0391487	0.0391254	0.0389614	0.0387375	0.0384183	0.0379432	0.0372122	0.0360664	0.0535607	0.0477155	0.0306618	0.0312662	

95	0.078	4	0	task-3:0.536	task-0:0.478	task-1:0.528	task-2:0.48	|	0.0572864	0.0763608	0.0662089	0.0564952	0.0552394	0.055364	0.0545561	0.0545637	0.0545725	0.0545544	0.0544472	0.0544248	0.0544223	0.0544286	0.0544798	0.0545854	0.0548215	0.055324	0.0555448	0.0565843	0.0552599	0.0548993	0.0541119	0.0533535	0.0531029	0.0531269	0.0531775	0.0533725	0.0536637	0.0539111	0.054195	0.0544531	0.0546398	0.0547278	0.0547099	0.0546104	0.0545281	0.0544748	0.054438	0.0544695	0.0545165	0.0545468	0.0545629	0.0545764	0.0470467	0.046824	0.0543267	0.0543824	0.0530021	0.0534841	0.0523193	0.0532356	0.0541766	0.0544119	0.0546074	0.0545384	0.054627	0.0547753	0.0546028	0.0543989	0.0542212	0.0539281	0.0534609	0.052913	0.0518819	0.0502553	0.0481416	0.0463867	0.0462398	0.0450049	0.0457534	0.0455117	0.0447015	0.0446309	0.0445052	0.0443104	0.0440384	0.0437098	0.0433187	0.0428017	0.0421186	0.0412927	0.0417982	0.0408268	0.0409127	0.0406765	0.0407144	0.040698	0.0405745	0.0405018	0.0404849	0.0401935	0.0392444	0.0392447	0.0394086	

123	0.109	4	0	task-3:0.422	task-0:0.264	task-1:0.368	task-2:0.548	|	0.102268	0.0592781	0.0587168	0.0600679	0.057625	0.0545311	0.0554741	0.0547373	0.0544286	0.0543555	0.0544548	0.0544473	0.0542947	0.0543303	0.0543237	0.0542961	0.0544181	0.0546884	0.0550944	0.0557811	0.0569675	0.055448	0.0549573	0.0544515	0.0541281	0.0540125	0.0538229	0.0536756	0.054021	0.0545906	0.0535829	0.0507554	0.0487833	0.047865	0.0448021	0.045603	0.0502143	0.0505655	0.048365	0.0458452	0.0454647	0.0455732	0.0448976	0.0444089	0.0439702	0.043822	0.0438407	0.0426271	0.0418624	0.0410556	0.0403259	0.0399808	0.0399895	0.0397769	0.0408002	0.0450285	0.1	0.1	0.0705503	0.0497801	0.0277003	0.0242408	0.0427649	0.0477793	0.0467482	0.0438065	0.042268	0.0368334	0.0376251	0.0277002	0.0346979	0.0352558	0.0256663	0.0272614	0.0292831	0.0338405	0.0319214	0.0280611	0.0280207	0.0291463	0.0310527	0.0336489	0.0365318	0.0419451	0.0958562	0.0819056	0.0356038	0.034416	0.0346107	0.0403662	0.0347246	0.0371359	0.0405366	0.0410786	0.0395105	0.0410845	0.0400716	0.0374856	0.0369313	0.0365589	0.0362312	0.0362667	0.0361386	0.0362271	0.0359036	0.0353536	0.0344278	0.0345355	0.0344712	0.0345726	0.0352115	0.0356372	0.0360606	0.0367716	0.0372121	0.0373775	0.0376975	0.0375571	0.0378816	0.0385567	0.0393818	0.0404098	0.0416302	

75	0.063	4	0	task-3:0.444	task-0:0.478	task-1:0.568	task-2:0.458	|	0.0565588	0.0739577	0.0670865	0.0547123	0.0593014	0.0591093	0.0555893	0.0546614	0.0546395	0.0546806	0.0546787	0.0545368	0.0546617	0.0546642	0.0545682	0.0546339	0.0553563	0.0602347	0.0587298	0.0557262	0.0553117	0.0550283	0.0543774	0.0528532	0.0507102	0.0498331	0.0498809	0.0505004	0.0515874	0.0525077	0.0532849	0.0539377	0.0542749	0.0545702	0.0545314	0.0545744	0.0547455	0.0549597	0.0548377	0.0548374	0.0548613	0.0547275	0.0546132	0.0545664	0.0545439	0.0545645	0.0535497	0.0535322	0.0546301	0.0545825	0.0543023	0.0530189	0.0529502	0.0537746	0.0537665	0.0533788	0.0534042	0.0544301	0.0543767	0.0536578	0.0536414	0.0538019	0.0539755	0.0538835	0.0537685	0.0534312	0.0534782	0.0533293	0.0530672	0.0528157	0.0527796	0.0525941	0.0526471	0.0526096	0.0524274	

59	0.047	4	0	task-3:0.488	task-0:0.478	task-1:0.396	task-2:0.482	|	0.0635804	0.0765586	0.0701343	0.0550971	0.0595928	0.0597907	0.0555647	0.0549574	0.0548218	0.0544739	0.0540817	0.0534822	0.0529384	0.0522872	0.0515635	0.0506202	0.0496693	0.049146	0.0483771	0.0479456	0.0474733	0.0468776	0.0467378	0.0461428	0.0463073	0.0468083	0.0487956	0.0477824	0.0484993	0.0511734	0.0495532	0.0491305	0.0486814	0.0478103	0.046971	0.0458918	0.044823	0.04356	0.0416093	0.0402851	0.0395175	0.0394559	0.039714	0.0405201	0.1	0.1	0.0529643	0.0524168	0.0777125	0.0749062	0.0646094	0.0643662	0.0607876	0.062124	0.0637948	0.0580642	0.0523708	0.0487624	0.046489	

67	0.062	4	0	task-3:0.48	task-0:0.438	task-1:0.414	task-2:0.482	|	0.0694202	0.0688252	0.0665023	0.0554929	0.0554025	0.0546686	0.0548473	0.0545638	0.0544564	0.0544658	0.0545071	0.0545146	0.0543884	0.0543655	0.0552644	0.0551063	0.0543906	0.0543378	0.0543641	0.0544179	0.0544831	0.0545514	0.0546462	0.0547911	0.0545029	0.0544504	0.054406	0.0543237	0.054067	0.0536578	0.053204	0.0528118	0.0523899	0.0519607	0.0515457	0.051384	0.0513497	0.05111	0.0509638	0.0507586	0.0507242	0.0507958	0.0509759	0.0509523	0.0511387	0.0509874	0.0509376	0.0510955	0.051256	0.0511716	0.0511749	0.0512912	0.0513422	0.0512024	0.0509394	0.0508612	0.0508199	0.0506658	0.0504955	0.0503413	0.0501655	0.049938	0.0496596	0.0493241	0.048917	0.0484726	0.0478794	

54	0.047	4	0	task-3:0.488	task-0:0.478	task-1:0.538	task-2:0.494	|	0.0569346	0.0932031	0.0825633	0.0613112	0.0549058	0.0547578	0.0533995	0.0533633	0.0517367	0.0501457	0.0490102	0.0478055	0.0459876	0.0447024	0.0560482	0.046769	0.0553893	0.0526526	0.0453561	0.0482415	0.0467058	0.0425681	0.0422405	0.0417188	0.0416595	0.041386	0.0414461	0.0414554	0.041345	0.0412641	0.0411384	0.0409191	0.0408659	0.0405069	0.0395415	0.0395369	0.0389848	0.0390605	0.0396513	0.0400613	0.0406121	0.0409202	0.0413075	0.0883587	0.0855633	0.0519104	0.0439567	0.0408232	0.0395948	0.0504365	0.0497485	0.0365598	0.0403314	0.0399759	

126	0.094	4	0	task-3:0.038	task-0:0.08	task-1:0.118	task-2:0.124	|	0.0819046	0.0696135	0.0662177	0.0558041	0.0563507	0.0545371	0.0554148	0.0564732	0.0547328	0.0546467	0.0546446	0.0542506	0.0546971	0.0548415	0.0544022	0.0541707	0.0542126	0.0541182	0.0539884	0.0538874	0.0537485	0.0535669	0.0533745	0.0532607	0.0536538	0.055973	0.055326	0.0536367	0.0532629	0.0531161	0.0524239	0.0515218	0.0489191	0.0463013	0.0465571	0.0445501	0.0438481	0.0434041	0.042813	0.0420805	0.0410057	0.0393717	0.0370529	0.0328676	0.0296556	0.0272757	0.025352	0.0247003	0.0261841	0.0274265	0.0271763	0.0292675	0.028687	0.0266985	0.0244709	0.0236541	0.0231562	0.0218477	0.0201902	0.0180505	0.0151804	0.0120666	0.00979096	0.00816644	0.00461333	0.0026914	0.00139187	0.00143805	0.000746603	0.00115018	0.000828219	0.000810479	0.000781234	0.000800057	0.000854696	0.000943458	0.00223698	0.00125102	0.0012818	0.00106841	0.00074468	0.000687473	0.000585828	0.000519734	0.000426551	0.000378145	0.000337914	0.000275038	0.000227915	0.000216114	0.000189784	0.000141391	0.000130312	0.000100743	7.62781e-005	6.13348e-005	4.25263e-005	3.25129e-005	2.5381e-005	1.88346e-005	1.21145e-005	7.84853e-006	4.91593e-006	2.84225e-006	1.64721e-006	8.96291e-007	5.92033e-007	3.70066e-007	2.83079e-007	1.5605e-007	7.75609e-008	5.23762e-008	3.20096e-008	1.78367e-008	1.23478e-008	8.47743e-009	3.59107e-009	2.0218e-009	1.80693e-009	1.41654e-009	7.72379e-010	5.85389e-010	3.13931e-010	4.42022e-010	1.6069e-010	1.40081e-010	

257	0.204	4	0	task-3:0.036	task-0:0.058	task-1:0.134	task-2:0.108	|	0.0550352	0.0809759	0.0734157	0.0557731	0.0641826	0.0641548	0.058429	0.0551061	0.0554745	0.0556584	0.0544825	0.054201	0.0541745	0.0539772	0.0542764	0.0541466	0.053723	0.0535599	0.0533943	0.0527714	0.0522657	0.0520116	0.0520965	0.0523291	0.0524231	0.052556	0.0526823	0.0525645	0.0522456	0.0517848	0.0511471	0.0503097	0.0492734	0.048043	0.0466131	0.045044	0.0439472	0.0433288	0.0425668	0.0420465	0.0414173	0.0410953	0.040983	0.0407638	0.0405486	0.0408381	0.0407502	0.0390453	0.039464	0.0400799	0.0396611	0.039043	0.0381903	0.0368092	0.0372671	0.0357186	0.0333261	0.0293394	0.0273933	0.0281663	0.0316251	0.0269339	0.0234039	0.0227161	0.021627	0.0212739	0.0204724	0.01971	0.0193727	0.0207555	0.0214263	0.0168745	0.0195897	0.0378492	0.0518466	0.0443354	0.0343986	0.0352973	0.0405184	0.0509294	0.0375368	0.0481146	0.052191	0.0831361	0.0898695	0.0629945	0.0489679	0.0477848	0.0470446	0.0551883	0.0528785	0.0398746	0.0413727	0.0398232	0.037941	0.0338362	0.0317981	0.0315447	0.0297444	0.0264145	0.0265662	0.0249759	0.0242026	0.0233739	0.0223481	0.020712	0.0198644	0.0196419	0.0179434	0.0180743	0.0169322	0.0164631	0.0156608	0.0149142	0.0143404	0.0143035	0.0131342	0.0123775	0.0116394	0.0107651	0.00981215	0.0104071	0.0104422	0.0104877	0.00942044	0.0098051	0.00927963	0.00889496	0.00907846	0.0087666	0.00881943	0.00860462	0.00830725	0.00803204	0.00794145	0.00793484	0.00783603	0.00777922	0.0077224	0.00767927	0.00749388	0.00729742	0.00722126	0.00713529	0.00705031	0.00695617	0.00682801	0.00665191	0.00628575	0.00596985	0.00566026	0.00546309	0.00525856	0.00535574	0.00503231	0.00494372	0.00469444	0.00449016	0.00427016	0.00403758	0.00381088	0.00369656	0.00360182	0.00356534	0.00355708	0.00352036	0.00345314	0.00339462	0.00336508	0.00324052	0.00316966	0.00311479	0.00304034	0.00293825	0.00285124	0.00279353	0.00272622	0.00265488	0.00262157	0.00258518	0.00254944	0.0025256	0.00247662	0.00240342	0.00233314	0.00232011	0.00224819	0.0021748	0.00216442	0.00214839	0.002099	0.00204944	0.00200323	0.00196544	0.00192409	0.00188865	0.00182819	0.00175741	0.00168282	0.00159151	0.00150095	0.00140247	0.00128012	0.0011542	0.00103667	0.000905124	0.000819383	0.0006941	0.000639278	0.000606305	0.000528698	0.000484076	0.000430829	0.000414557	0.00038349	0.000356674	0.000330898	0.000304677	0.000281472	0.000262383	0.000243045	0.000226665	0.000212417	0.000196388	0.000183458	0.000175684	0.000161562	0.000149346	0.000137746	0.000127408	0.00011795	0.000111028	0.000104267	9.75132e-005	9.0951e-005	8.48456e-005	7.71333e-005	7.05221e-005	6.42239e-005	5.83245e-005	5.41424e-005	4.8921e-005	4.38257e-005	3.86199e-005	3.32241e-005	2.78282e-005	2.26352e-005	1.81123e-005	1.85102e-005	1.42791e-005	1.54274e-005	1.40298e-005	1.54073e-005	1.53855e-005	1.37331e-005	1.3328e-005	1.29504e-005	

84	0.078	4	0	task-3:0.14	task-0:0.146	task-1:0.136	task-2:0.24	|	0.057774	0.106628	0.0990671	0.0599699	0.0617298	0.0618225	0.0564613	0.057765	0.0584102	0.0552037	0.0565106	0.0562568	0.0540975	0.0520682	0.0501664	0.0485371	0.0473759	0.0449917	0.0438529	0.0420944	0.0405301	0.0384951	0.0345936	0.0308209	0.0283434	0.0261625	0.0245003	0.0217319	0.0200706	0.0185967	0.0172184	0.0155911	0.0147291	0.0133846	0.0124843	0.0112609	0.0101694	0.00992408	0.00986077	0.00954119	0.00957579	0.0102013	0.0100644	0.0092467	0.00828119	0.00730264	0.00656744	0.00706631	0.00635942	0.00636178	0.0063449	0.00540071	0.00436973	0.00370923	0.00334687	0.00360675	0.0026253	0.00303371	0.00258627	0.00271621	0.00238483	0.00237671	0.00212675	0.00179343	0.00153295	0.00128797	0.00104215	0.000934063	0.000824163	0.000697155	0.000562663	0.000539762	0.000496381	0.000512478	0.00041814	0.000375812	0.000338068	0.000266969	0.000215342	0.000184838	0.000163247	0.000139704	9.52237e-005	7.01049e-005	

128	0.093	4	0	task-3:0.242	task-0:0.176	task-1:0.084	task-2:0.354	|	0.0555247	0.0906089	0.0896401	0.0753034	0.0577291	0.0580127	0.0590732	0.0546062	0.0592533	0.0592516	0.0558089	0.054712	0.0548627	0.0553602	0.0658556	0.0601178	0.0573911	0.0551161	0.0551139	0.0533241	0.0506073	0.0504794	0.0515215	0.0525213	0.0531853	0.0537182	0.0541328	0.0543855	0.0544616	0.0543635	0.0539175	0.0516467	0.0491989	0.0511821	0.0516318	0.0519885	0.0509735	0.0486848	0.0467693	0.0474583	0.047582	0.0512879	0.0664843	0.100278	0.108101	0.103622	0.107852	0.0662978	0.0676295	0.0290362	0.0285761	0.0635959	0.0659612	0.0631124	0.0454743	0.0332861	0.0412338	0.0366679	0.0448309	0.048847	0.0373632	0.0338681	0.0330167	0.0329499	0.0317491	0.0323229	0.0315253	0.0297059	0.0277274	0.0259625	0.0246052	0.0231275	0.0217556	0.0202214	0.0190148	0.0180512	0.016951	0.0157759	0.0145814	0.0136044	0.0127834	0.0122039	0.0114301	0.0102809	0.00982461	0.00895893	0.00805754	0.00700814	0.00579453	0.00446269	0.00428042	0.00388037	0.00679839	0.00521131	0.00625101	0.00403638	0.00262239	0.00191789	0.00162179	0.00191705	0.00176335	0.00224128	0.00189705	0.00185946	0.00160195	0.00148593	0.00133947	0.00114478	0.000894444	0.000730451	0.000821059	0.000831813	0.000826961	0.000833885	0.000639841	0.000686449	0.000701248	0.000724063	0.00057353	0.00050284	0.000434512	0.000387163	0.000359945	0.000346038	0.000346261	0.000289317	0.000254395	0.000286904	

184	0.141	4	0	task-3:0.076	task-0:0.148	task-1:0.204	task-2:0.108	|	0.0555483	0.0967461	0.0963487	0.0778355	0.0544103	0.054756	0.0569732	0.0569654	0.0547123	0.0551367	0.0551163	0.0544832	0.0547139	0.0546611	0.0542943	0.0542673	0.0542723	0.0542692	0.0545473	0.0546182	0.0549419	0.055607	0.0571756	0.0604133	0.058766	0.0587419	0.0580109	0.0560586	0.0543719	0.0530897	0.0525059	0.0521746	0.052387	0.0528939	0.053588	0.0541603	0.0544242	0.0544371	0.0542635	0.0539987	0.0537029	0.0533983	0.0530615	0.0527582	0.0531021	0.057127	0.0553046	0.0568835	0.0592408	0.0546788	0.0539345	0.0504845	0.0458875	0.0440878	0.0418474	0.0425662	0.0401884	0.0407587	0.0447462	0.0417641	0.0378189	0.0370636	0.0367082	0.0363333	0.0355983	0.0348275	0.0333596	0.032376	0.0322235	0.0310224	0.0303523	0.0291552	0.0283496	0.0272529	0.0262391	0.0247343	0.0234253	0.0223273	0.0220762	0.0239678	0.0212157	0.0206893	0.0208351	0.0213971	0.0222906	0.0233473	0.0245706	0.0252251	0.0218492	0.0216154	0.0218805	0.0223439	0.0219189	0.0216968	0.0217018	0.021392	0.0213921	0.021287	0.0217827	0.0204804	0.0206857	0.0213846	0.0220242	0.0199849	0.0189404	0.0179759	0.0170645	0.0154065	0.0139529	0.0127862	0.0122496	0.0114222	0.0107604	0.010074	0.00938541	0.00899733	0.00882436	0.0079338	0.00711381	0.00682576	0.00564807	0.00513715	0.0049129	0.00449601	0.00416812	0.00384701	0.00366078	0.00351395	0.00345983	0.00360502	0.00382222	0.00414443	0.00467798	0.00547453	0.00643639	0.00581785	0.00680327	0.00638887	0.00541615	0.00532626	0.00508489	0.00501372	0.00520297	0.00508146	0.0050122	0.00510795	0.00525208	0.00511867	0.00509692	0.00508056	0.00505847	0.00478649	0.00459423	0.00439979	0.00420115	0.00399588	0.00382722	0.00362207	0.00340178	0.00316413	0.00291306	0.00265539	0.00240269	0.00217067	0.00203007	0.00181221	0.00164537	0.00148121	0.00132442	0.00118393	0.00106536	0.000923262	0.000921234	0.000797485	0.000892688	0.00090771	0.000736763	0.000796249	0.000787209	0.000737955	0.000721678	0.000703303	0.000685066	0.000665841	

69	0.062	4	0	task-3:0.442	task-0:0.45	task-1:0.51	task-2:0.472	|	0.0659714	0.0852434	0.0773858	0.0560544	0.0602129	0.0602292	0.0553648	0.0564785	0.0561777	0.0546826	0.0557504	0.0555088	0.0544455	0.0555553	0.0556977	0.0543177	0.0543423	0.0543243	0.0543381	0.0543475	0.0542869	0.0544123	0.0546968	0.0545085	0.0546436	0.0545021	0.0544468	0.0544294	0.0543135	0.0540022	0.0538175	0.0523454	0.0527148	0.0536482	0.0535459	0.0528483	0.0513135	0.0508751	0.0512732	0.0518041	0.051394	0.0503419	0.0489634	0.0483573	0.0478148	0.0472867	0.0467868	0.0462483	0.0454856	0.0451146	0.0446976	0.0441617	0.0438711	0.0432492	0.0427317	0.0422666	0.0418366	0.0414758	0.0410796	0.040697	0.0404181	0.0401729	0.0400189	0.0398078	0.0400598	0.0391824	0.0397332	0.0394404	0.0396672	

126	0.11	4	0	task-3:0.198	task-0:0.16	task-1:0.066	task-2:0.232	|	0.062307	0.0671089	0.0630957	0.0560235	0.0554848	0.0554797	0.0544513	0.0540219	0.0539144	0.0541618	0.0537648	0.0537912	0.0546522	0.0519907	0.0465469	0.0451722	0.04872	0.0456414	0.0421384	0.0405077	0.0397326	0.0397201	0.040191	0.0373316	0.0347286	0.0292856	0.023468	0.026241	0.0278375	0.0456495	0.0421238	0.0386417	0.0458173	0.0298686	0.0427956	0.029601	0.0178936	0.0173491	0.0150138	0.0154695	0.0133495	0.0118936	0.011972	0.0114209	0.0111098	0.0117657	0.0131192	0.0146537	0.01638	0.0182643	0.0208497	0.0187925	0.0187847	0.0179516	0.0182	0.0190904	0.0190334	0.0183581	0.0176106	0.0171178	0.0166893	0.0161954	0.0159377	0.0152698	0.014363	0.0133574	0.0122964	0.011052	0.00973521	0.00838256	0.00738325	0.00601922	0.0047335	0.00350471	0.00244345	0.00158295	0.00175967	0.00109854	0.000969004	0.00066646	0.000564597	0.000369929	0.000250074	0.000159953	0.00010046	9.12944e-005	4.82646e-005	4.02103e-005	8.76953e-005	5.67704e-005	4.47535e-005	3.33457e-005	3.84502e-005	0.00014173	0.000203684	0.00030363	0.000191731	0.00020403	0.000180436	0.000123819	0.000158298	7.83391e-005	5.64403e-005	1.60582e-005	5.37122e-005	2.96267e-005	0.000106613	5.32854e-005	4.16377e-005	0.000110447	0.000106606	0.0307615	0.0234588	2.0393e-005	2.08542e-005	1.86417e-005	1.6962e-005	1.50453e-005	1.41417e-005	1.43044e-005	1.38944e-005	1.33659e-005	1.19695e-005	1.10195e-005	1.04295e-005	1.01101e-005	

137	0.109	4	0	task-3:0.072	task-0:0.13	task-1:0.202	task-2:0.208	|	0.0684095	0.0942766	0.0844716	0.0550761	0.0619658	0.0609411	0.0556581	0.0555888	0.0554799	0.054259	0.0548459	0.0548858	0.0539761	0.0537802	0.0541179	0.0537911	0.0541481	0.0560312	0.0548746	0.0545442	0.0536721	0.0524807	0.0526453	0.0522791	0.0515495	0.0509491	0.0502747	0.0501732	0.0492266	0.048441	0.0478577	0.047233	0.046804	0.0462215	0.0457385	0.0451842	0.044661	0.0442554	0.0433792	0.0426925	0.0428638	0.0417707	0.0487942	0.0456515	0.0402601	0.0395632	0.0388051	0.0371512	0.0350646	0.0339039	0.0331632	0.0328745	0.0332817	0.0344543	0.0346409	0.032716	0.0318488	0.0314256	0.0306741	0.0298048	0.0299041	0.0291719	0.0285191	0.0278676	0.0271102	0.0263759	0.0260713	0.0245687	0.0227185	0.0213441	0.0206007	0.0197962	0.0198977	0.018795	0.0181782	0.0178604	0.0173687	0.0168106	0.0160114	0.015379	0.0146747	0.0139776	0.0133063	0.0129759	0.0407618	0.0365861	0.0147566	0.0150054	0.0143955	0.0142179	0.0127041	0.0119095	0.010837	0.00962383	0.00948825	0.00857194	0.00819259	0.00767473	0.00729227	0.00684549	0.00671961	0.00627064	0.00592673	0.00557114	0.00504905	0.00478997	0.00471414	0.00448023	0.0043154	0.00412069	0.00395584	0.00379762	0.00366106	0.00358142	0.00365335	0.00394192	0.00328581	0.00312394	0.00319143	0.00373105	0.00324047	0.00299076	0.00289625	0.00298958	0.00322649	0.00365413	0.00454893	0.00641741	0.0102299	0.00256215	0.00235964	0.0025163	0.00239474	0.00276016	0.00241041	0.0176191	0.0224087	

