16	0.025	16	0	task-3:0.136	task-0:0.294	task-1:0.318	task-2:0.196	|	0.0696028	0.0996353	0.0986037	0.0639634	0.0837181	0.0747813	0.0544388	0.0480609	0.0469633	0.0461066	0.0450558	0.0428786	0.0422933	0.0421167	0.0408895	0.0395217	

10	0.016	16	0	task-3:0.034	task-0:0.158	task-1:0.1	task-2:0.034	|	0.0765496	0.119741	0.118972	0.0997112	0.0423897	0.0730216	0.0749444	0.050399	0.0420103	0.0398148	

10	0.015	16	0	task-3:0.168	task-0:0.214	task-1:0.086	task-2:0.078	|	0.0812557	0.119561	0.117649	0.0836771	0.0542579	0.0474677	0.0433575	0.0467017	0.0425935	0.0358543	

14	0.022	16	0	task-3:0.14	task-0:0.346	task-1:0.198	task-2:0.11	|	0.100741	0.0990185	0.0979372	0.0721863	0.0641489	0.0638836	0.0527967	0.0558013	0.052163	0.0471227	0.0456192	0.0432415	0.0413396	0.0396194	

15	0.024	16	0	task-3:0.13	task-0:0.344	task-1:0.182	task-2:0.076	|	0.0596824	0.11923	0.117089	0.0868685	0.0615081	0.0581458	0.0504413	0.0514676	0.0500662	0.0489754	0.0480319	0.0460601	0.0452462	0.0441722	0.0385929	

11	0.018	16	0	task-3:0.168	task-0:0.24	task-1:0.186	task-2:0.16	|	0.0553604	0.119664	0.117081	0.073837	0.0617172	0.0556593	0.0499752	0.0479528	0.0454864	0.0409822	0.0325349	

7	0.011	16	0	task-3:0.348	task-0:0.212	task-1:0.24	task-2:0.314	|	0.0523951	0.064974	0.101563	0.0689826	0.0497294	0.0557114	0.0357624	

8	0.012	16	0	task-3:0.366	task-0:0.352	task-1:0.28	task-2:0.364	|	0.0727393	0.119962	0.119753	0.0998939	0.0481901	0.046413	0.040717	0.0395916	

12	0.019	16	0	task-3:0.182	task-0:0.278	task-1:0.23	task-2:0.202	|	0.0899532	0.119596	0.118207	0.0800259	0.0572164	0.0564549	0.0528392	0.0510716	0.0494495	0.0482198	0.0427916	0.0367947	

15	0.023	16	0	task-3:0.124	task-0:0.414	task-1:0.254	task-2:0.124	|	0.0924209	0.0999345	0.0997929	0.091071	0.0616473	0.0632815	0.0516255	0.051672	0.0496348	0.0462118	0.0444931	0.0442473	0.0440533	0.0404113	0.0366645	

7	0.011	16	0	task-3:0.434	task-0:0.364	task-1:0.504	task-2:0.366	|	0.0511904	0.119603	0.117996	0.0476567	0.0875361	0.0850493	0.035901	

14	0.022	16	0	task-3:0.158	task-0:0.258	task-1:0.322	task-2:0.064	|	0.0778674	0.118708	0.109115	0.0596855	0.0561672	0.0556874	0.0484954	0.0455413	0.0486497	0.0450472	0.0406447	0.0408607	0.0405194	0.0393636	

11	0.017	16	0	task-3:0.16	task-0:0.092	task-1:0.074	task-2:0.194	|	0.0723778	0.0999349	0.0997211	0.0867757	0.0626114	0.0609224	0.055308	0.0541479	0.0494931	0.0456078	0.0399433	

4	0.006	16	0	task-3:0.506	task-0:0.498	task-1:0.504	task-2:0.494	|	0.053774	0.0431948	0.0586946	0.0313564	

11	0.018	16	0	task-3:0.166	task-0:0.238	task-1:0.222	task-2:0.128	|	0.0997155	0.0995588	0.0976969	0.0561584	0.0833169	0.0754014	0.0567135	0.0453204	0.0432381	0.0406585	0.0348876	

11	0.017	16	0	task-3:0.196	task-0:0.092	task-1:0.156	task-2:0.182	|	0.0557165	0.0996526	0.0881694	0.0983583	0.0597361	0.0819054	0.0726835	0.0448755	0.0624216	0.0551776	0.0347285	

15	0.025	16	0	task-3:0.016	task-0:0.36	task-1:0.186	task-2:0.076	|	0.056554	0.119947	0.119645	0.106126	0.053876	0.0791146	0.0784533	0.0626787	0.0492542	0.0561214	0.0504758	0.0428889	0.045851	0.044097	0.0389863	

7	0.011	16	0	task-3:0.264	task-0:0.342	task-1:0.43	task-2:0.506	|	0.0674989	0.119965	0.119772	0.103092	0.0493535	0.0463383	0.039975	

15	0.025	16	0	task-3:0.034	task-0:0.406	task-1:0.182	task-2:0.102	|	0.0624479	0.119572	0.116083	0.0749406	0.0576267	0.0574718	0.0522546	0.0498969	0.048027	0.0471881	0.0460094	0.0455982	0.0432584	0.040693	0.0398992	

13	0.021	16	0	task-3:0.306	task-0:0.152	task-1:0.35	task-2:0.306	|	0.0843205	0.0985934	0.0925805	0.0538681	0.0750178	0.0646079	0.0518857	0.0479149	0.0456919	0.0451852	0.0433946	0.0408544	0.0384058	

21	0.034	16	0	task-3:0.04	task-0:0.322	task-1:0.09	task-2:0.03	|	0.0590079	0.117828	0.111588	0.0613331	0.0696426	0.0623125	0.0533094	0.0558611	0.0544816	0.0514464	0.0559852	0.0590605	0.0563829	0.0498775	0.0489789	0.0474281	0.0459481	0.0446374	0.0431735	0.0409538	0.0380367	

14	0.023	16	0	task-3:0.086	task-0:0.252	task-1:0.202	task-2:0.118	|	0.0563824	0.119942	0.119723	0.0994956	0.0593073	0.0586174	0.0514679	0.051328	0.0484308	0.0474251	0.046033	0.0428855	0.0403393	0.0379192	

12	0.019	16	0	task-3:0.242	task-0:0.318	task-1:0.204	task-2:0.186	|	0.0497742	0.119832	0.118988	0.0862886	0.0647271	0.0660785	0.0542196	0.0509846	0.0470964	0.044332	0.041101	0.0363389	

18	0.029	16	0	task-3:0.212	task-0:0.234	task-1:0.102	task-2:0.092	|	0.062333	0.099903	0.099449	0.0830914	0.0602349	0.0583837	0.0630453	0.0656469	0.0578266	0.0569459	0.0554281	0.0532657	0.0527126	0.0509047	0.0483836	0.0459858	0.0428469	0.0386539	

16	0.026	16	0	task-3:0.044	task-0:0.208	task-1:0.194	task-2:0.072	|	0.0911009	0.0991344	0.0932529	0.0555039	0.068515	0.0672126	0.0569076	0.0506733	0.0506388	0.0474729	0.0464685	0.0452663	0.0436692	0.0422994	0.0403894	0.0374741	

7	0.011	16	0	task-3:0.074	task-0:0.296	task-1:0.504	task-2:0.106	|	0.0577655	0.119234	0.116182	0.0779766	0.0491849	0.043961	0.037433	

11	0.017	16	0	task-3:0.188	task-0:0.22	task-1:0.082	task-2:0.166	|	0.115903	0.0994656	0.0981274	0.0709976	0.0663521	0.0643824	0.0493149	0.0473826	0.0457546	0.0427541	0.0396851	

10	0.016	16	0	task-3:0.204	task-0:0.32	task-1:0.196	task-2:0.032	|	0.0567886	0.0996372	0.0905111	0.0585246	0.046389	0.0617055	0.0643662	0.0592203	0.0446678	0.0366429	

25	0.039	16	0	task-3:0.02	task-0:0.266	task-1:0.158	task-2:0.016	|	0.0646486	0.0995555	0.0984294	0.0501664	0.0827954	0.078483	0.0599866	0.0501893	0.0585025	0.060593	0.0575691	0.0520376	0.0531166	0.0528292	0.0492185	0.0497377	0.0504834	0.0485783	0.0464232	0.0456743	0.0443635	0.0433395	0.0417946	0.0400762	0.0385742	

9	0.014	16	0	task-3:0.16	task-0:0.16	task-1:0.234	task-2:0.09	|	0.0679213	0.119647	0.119025	0.098331	0.0490449	0.0511903	0.0453322	0.0411678	0.033355	

13	0.021	16	0	task-3:0.074	task-0:0.222	task-1:0.12	task-2:0.06	|	0.0866051	0.118767	0.112265	0.0612009	0.0654882	0.0629048	0.051159	0.0489414	0.0477585	0.0457514	0.0436821	0.0400344	0.0349098	

17	0.027	16	0	task-3:0.006	task-0:0.272	task-1:0.248	task-2:0.012	|	0.0816398	0.119446	0.117649	0.0912725	0.0524472	0.0677752	0.0620556	0.0542002	0.0504766	0.0516753	0.0491899	0.0452455	0.0455212	0.0451292	0.0417658	0.0408512	0.0383608	

11	0.017	16	0	task-3:0.14	task-0:0.284	task-1:0.25	task-2:0.164	|	0.061776	0.0999922	0.0998668	0.0801396	0.0609948	0.0630873	0.0463904	0.0481806	0.0475027	0.0423274	0.0377052	

7	0.011	16	0	task-3:0.406	task-0:0.34	task-1:0.504	task-2:0.506	|	0.05668	0.0472493	0.110613	0.0962599	0.0518015	0.0686693	0.0396623	

13	0.02	16	0	task-3:0.224	task-0:0.164	task-1:0.418	task-2:0.254	|	0.0513693	0.119866	0.119474	0.106282	0.0568747	0.0660854	0.0556864	0.0479223	0.0504132	0.0491231	0.0454545	0.0416644	0.0389073	

10	0.016	16	0	task-3:0.266	task-0:0.152	task-1:0.322	task-2:0.342	|	0.0705515	0.0997004	0.0970849	0.047336	0.0631699	0.0579601	0.0466644	0.040235	0.0408113	0.0382941	

11	0.017	16	0	task-3:0.094	task-0:0.372	task-1:0.252	task-2:0.094	|	0.0541688	0.0611193	0.0967208	0.0614788	0.0782771	0.0553511	0.0408795	0.0401974	0.0405378	0.0403699	0.0394709	

8	0.012	16	0	task-3:0.358	task-0:0.122	task-1:0.23	task-2:0.506	|	0.0897545	0.119465	0.116695	0.0761827	0.0571701	0.053333	0.0452261	0.037875	

11	0.017	16	0	task-3:0.048	task-0:0.186	task-1:0.202	task-2:0.114	|	0.0571763	0.0999651	0.099885	0.0900335	0.0548663	0.0558442	0.049345	0.0486129	0.0444152	0.0420295	0.0398646	

10	0.016	16	0	task-3:0.01	task-0:0.308	task-1:0.19	task-2:0.016	|	0.0590127	0.119844	0.119585	0.104768	0.053036	0.051131	0.0436342	0.0414678	0.0408553	0.0390158	

20	0.031	16	0	task-3:0.148	task-0:0.332	task-1:0.228	task-2:0.254	|	0.0579693	0.0997242	0.0966714	0.0565436	0.0746809	0.0689564	0.052313	0.0499048	0.049914	0.0473931	0.0465294	0.0453815	0.0447136	0.0445781	0.0442136	0.0438329	0.0432662	0.0422857	0.040726	0.0384139	

17	0.027	16	0	task-3:0.024	task-0:0.13	task-1:0.076	task-2:0.056	|	0.0874144	0.11982	0.116594	0.064231	0.0735989	0.0726212	0.0601188	0.0465613	0.0527548	0.0538742	0.0478902	0.0501692	0.0506117	0.0470081	0.0442073	0.0416661	0.0379739	

14	0.022	16	0	task-3:0.03	task-0:0.176	task-1:0.256	task-2:0.044	|	0.0798234	0.119263	0.11347	0.0637451	0.0646733	0.068579	0.0592757	0.0504931	0.0501661	0.0490826	0.0479731	0.047678	0.0438946	0.0395351	

12	0.019	16	0	task-3:0.058	task-0:0.3	task-1:0.064	task-2:0.024	|	0.0713757	0.099659	0.099127	0.0819467	0.0646367	0.0663174	0.0535261	0.0551117	0.0480033	0.0432775	0.0436436	0.0379403	

11	0.018	16	0	task-3:0.058	task-0:0.14	task-1:0.396	task-2:0.028	|	0.0581311	0.0987577	0.0758146	0.109484	0.11051	0.0813596	0.0815804	0.0676333	0.0566305	0.0406221	0.0302799	

18	0.028	16	0	task-3:0.35	task-0:0.356	task-1:0.364	task-2:0.298	|	0.0914605	0.0995357	0.0945937	0.0587585	0.0573874	0.0560785	0.0536866	0.0525616	0.0512075	0.0510332	0.050555	0.0500969	0.0501428	0.0499939	0.0492953	0.047145	0.0430555	0.0376899	

8	0.013	16	0	task-3:0.206	task-0:0.084	task-1:0.33	task-2:0.162	|	0.0603663	0.0941252	0.0587596	0.0790807	0.0523367	0.0525643	0.0451198	0.0326744	

26	0.04	16	0	task-3:0.034	task-0:0.232	task-1:0.108	task-2:0.016	|	0.0949227	0.0997365	0.0995043	0.0882254	0.0651348	0.0664003	0.0547374	0.0540795	0.0551275	0.0531529	0.0505354	0.0506362	0.0492045	0.0477403	0.0473748	0.0473115	0.0467791	0.0460074	0.0450347	0.0442666	0.0435296	0.0428562	0.0420185	0.0411014	0.0400651	0.0389785	

24	0.037	16	0	task-3:0.034	task-0:0.424	task-1:0.342	task-2:0.034	|	0.062604	0.119851	0.118314	0.0929376	0.0553848	0.0666516	0.0639664	0.0516071	0.0474738	0.0498513	0.0458942	0.0455988	0.0448676	0.0438665	0.0439227	0.0434681	0.043777	0.04421	0.0449438	0.0437565	0.0442206	0.0445733	0.0460129	0.0376611	

16	0.026	16	0	task-3:0.04	task-0:0.384	task-1:0.202	task-2:0.018	|	0.102452	0.0950756	0.0773633	0.055693	0.0569608	0.0510523	0.0513671	0.0504754	0.0484079	0.0470574	0.0465824	0.0436868	0.0436961	0.0489083	0.0465151	0.0390013	

20	0.031	16	0	task-3:0.326	task-0:0.252	task-1:0.348	task-2:0.244	|	0.0600293	0.09999	0.0999706	0.0983662	0.0647544	0.0926177	0.0904014	0.0606351	0.0619328	0.0613782	0.0514879	0.0531347	0.0517072	0.0478638	0.0482596	0.0470443	0.0444391	0.0434662	0.0417275	0.0395184	

32	0.049	16	0	task-3:0.018	task-0:0.242	task-1:0.172	task-2:0.048	|	0.0805903	0.0991869	0.0975263	0.0654074	0.0763464	0.0682987	0.0540223	0.0596502	0.0580459	0.0515173	0.0485436	0.0465498	0.0462951	0.0461546	0.0455599	0.0460711	0.0467583	0.0461729	0.0442917	0.0436658	0.0427273	0.0419579	0.0420834	0.0419466	0.0549448	0.0553131	0.0560578	0.0534223	0.0545648	0.0532465	0.052276	0.0390377	

14	0.022	16	0	task-3:0.298	task-0:0.302	task-1:0.266	task-2:0.166	|	0.0886701	0.0986705	0.0949093	0.0620523	0.0750773	0.070608	0.0506416	0.0492104	0.0510337	0.0478586	0.0409603	0.0434892	0.0418027	0.0368743	

3000	4.655	16	0	task-3:0.036	task-0:0.452	task-1:0.206	task-2:0.04	|	0.0750527	0.119696	0.118591	0.0924222	0.0526509	0.0533918	0.0470661	0.0460109	0.0472898	0.0449831	0.0468356	0.0475622	0.0465458	0.0466922	0.0484752	0.0495796	0.0469886	0.0463359	0.0449536	0.0441019	0.043775	0.0432801	0.042957	0.0429762	0.0433679	0.044035	0.0445342	0.0451053	0.046028	0.0469829	0.0478301	0.0481845	0.0483878	0.04876	0.0491201	0.0493493	0.049498	0.0495873	0.0496342	0.0496563	0.0496697	0.04967	0.0496696	0.0496717	0.0496758	0.0497269	0.0504287	0.051859	0.0527343	0.0530063	0.0530316	0.052996	0.0529453	0.0528872	0.0528212	0.0527476	0.0526649	0.0525755	0.0524849	0.0523987	0.0523264	0.0522681	0.0522221	0.0522034	0.052188	0.0521796	0.0521614	0.0521445	0.0521344	0.0521292	0.0521254	0.0521252	0.0521257	0.0521257	0.0521227	0.05212	0.0521201	0.0521198	0.0521198	0.0521203	0.0521209	0.0521205	0.0521207	0.0521215	0.0521214	0.052121	0.0521206	0.0521207	0.052121	0.052121	0.0521209	0.0521207	0.0521208	0.0521207	0.0521207	0.0521206	0.0521207	0.0521207	0.0521207	0.0521207	0.0521207	0.0521207	0.0521207	0.0521207	0.0521207	0.0521207	0.0521207	0.0521207	0.0521207	0.0521207	0.0521207	0.0521207	0.0521207	0.0521207	0.0521207	0.0521207	0.0521207	0.0521207	0.0521207	0.0521207	0.0521206	0.0521206	0.0521206	0.0521206	0.0521206	0.0521205	0.0521205	0.0521204	0.0521204	0.0521203	0.0521202	0.0521201	0.0521199	0.0521198	0.0521196	0.0521194	0.0521191	0.0521188	0.0521184	0.0521179	0.0521173	0.0521166	0.0521158	0.0521148	0.0521136	0.0521122	0.0521105	0.0521085	0.052106	0.052103	0.0520995	0.0520952	0.0520901	0.052084	0.0520767	0.0520679	0.0520574	0.0520448	0.0520296	0.0520115	0.0519899	0.0519639	0.051964	0.0519511	0.0519355	0.0519169	0.0518945	0.0518677	0.0518355	0.0518353	0.0518192	0.0518193	0.0518115	0.0518126	0.0518164	0.0518203	0.05182	0.0518175	0.0518175	0.0518189	0.0518191	0.0518192	0.0518183	0.051818	0.0518184	0.0518191	0.0518192	0.0518189	0.0518185	0.0518183	0.0518185	0.0518186	0.0518186	0.0518185	0.0518186	0.0518186	0.0518186	0.0518185	0.0518185	0.0518185	0.0518185	0.0518185	0.0518186	0.0518186	0.0518186	0.0518185	0.0518185	0.0518185	0.0518185	0.0518185	0.0518185	0.0518185	0.0518185	0.0518185	0.0518185	0.0518185	0.0518185	0.0518185	0.0518185	0.0518185	0.0518185	0.0518185	0.0518185	0.0518185	0.0518185	0.0518185	0.0518185	0.0518186	0.0518186	0.0518186	0.0518186	0.0518186	0.0518186	0.0518186	0.0518186	0.0518186	0.0518186	0.0518186	0.0518186	0.0518185	0.0518185	0.0518185	0.0518185	0.0518185	0.0518185	0.0518185	0.0518185	0.0518185	0.0518185	0.0518185	0.0518185	0.0518185	0.0518185	0.0518185	0.0518185	0.0518185	0.0518184	0.0518184	0.0518184	0.0518183	0.0518183	0.0518183	0.0518183	0.0518182	0.0518182	0.0518182	0.0518181	0.0518181	0.051818	0.0518179	0.0518178	0.0518177	0.0518175	0.0518173	0.0518171	0.0518169	0.0518165	0.0518162	0.0518157	0.0518152	0.0518143	0.0518134	0.0518122	0.0518109	0.0518092	0.0518073	0.0518049	0.0518021	0.0517988	0.0517947	0.0517898	0.051784	0.051777	0.0517686	0.0517586	0.0517598	0.0517543	0.0517473	0.0517474	0.0517512	0.0517518	0.0517502	0.0517482	0.051746	0.0517463	0.0517455	0.0517444	0.0517432	0.0517416	0.0517397	0.0517374	0.0517347	0.0517314	0.0517275	0.0517228	0.0517172	0.0517105	0.0517024	0.0516927	0.0516965	0.0517073	0.0517075	0.0517023	0.0517023	0.0517051	0.0517083	0.0517082	0.0517078	0.0517073	0.0517083	0.05171	0.051712	0.0517137	0.0517153	0.0517172	0.0517194	0.0517222	0.0517255	0.0517302	0.0517298	0.0517317	0.0517345	0.0517381	0.0517421	0.0517419	0.051744	0.0517464	0.0517494	0.0517528	0.051757	0.0517568	0.051759	0.0517617	0.0517648	0.0517685	0.0517729	0.0517782	0.0517781	0.0517807	0.0517838	0.0517875	0.0517873	0.051789	0.0517913	0.051794	0.0517973	0.0518011	0.0518058	0.0518056	0.051808	0.051811	0.0518144	0.0518185	0.0518234	0.0518293	0.0518292	0.051832	0.0518354	0.0518396	0.0518445	0.0518505	0.0518502	0.0518533	0.0518569	0.0518612	0.0518663	0.0518661	0.0518688	0.0518719	0.0518756	0.05188	0.0518853	0.0518919	0.0518918	0.051895	0.0518988	0.0519034	0.0519089	0.0519089	0.0519117	0.0519151	0.0519191	0.0519239	0.0519297	0.0519296	0.0519325	0.0519359	0.0519399	0.0519448	0.0519446	0.0519471	0.0519501	0.0519536	0.0519578	0.0519631	0.0519693	0.0519692	0.0519722	0.0519758	0.0519802	0.0519854	0.0519851	0.0519878	0.0519911	0.0519949	0.0519995	0.0520049	0.0520114	0.0520111	0.0520142	0.0520178	0.0520222	0.0520275	0.0520338	0.052033	0.0520358	0.0520391	0.052043	0.0520479	0.0520465	0.0520478	0.0520494	0.0520515	0.0520538	0.0520567	0.05206	0.0520641	0.0520689	0.0520747	0.0520816	0.0520899	0.0520998	0.0521116	0.052094	0.0521072	0.0521316	0.0521313	0.0521189	0.0521137	0.0521178	0.0521253	0.0521253	0.0521215	0.0521199	0.0521211	0.0521233	0.052126	0.052128	0.0521275	0.0521279	0.0521285	0.0521291	0.0521299	0.0521308	0.0521293	0.0521304	0.0521324	0.0521347	0.0521366	0.0521361	0.0521365	0.052137	0.0521375	0.0521382	0.052139	0.05214	0.0521413	0.0521427	0.0521445	0.0521418	0.0521438	0.0521474	0.0521502	0.0521495	0.0521501	0.0521518	0.0521534	0.0521529	0.052154	0.0521554	0.0521571	0.0521592	0.0521592	0.0521599	0.0521607	0.0521617	0.0521629	0.0521625	0.0521632	0.0521643	0.0521656	0.0521671	0.052169	0.0521712	0.0521734	0.0521758	0.0521756	0.052177	0.0521787	0.0521807	0.0521832	0.0521861	0.0521894	0.0521892	0.0521909	0.052193	0.0521955	0.0521984	0.0522019	0.0522018	0.0522035	0.0522055	0.052208	0.052211	0.0522145	0.0522144	0.0522162	0.0522185	0.0522211	0.0522242	0.0522241	0.0522257	0.0522275	0.0522297	0.0522323	0.0522355	0.0522354	0.0522369	0.0522388	0.0522412	0.0522441	0.052244	0.0522454	0.052247	0.052249	0.0522513	0.0522542	0.0522576	0.0522574	0.0522592	0.0522612	0.0522637	0.0522666	0.0522665	0.0522681	0.0522698	0.052272	0.0522745	0.0522776	0.0522775	0.0522791	0.0522809	0.0522832	0.0522858	0.0522858	0.0522871	0.0522887	0.0522906	0.0522928	0.0522955	0.0522954	0.0522968	0.0522986	0.0523006	0.052303	0.0523058	0.0523058	0.0523072	0.0523089	0.0523109	0.0523133	0.0523162	0.0523161	0.0523176	0.0523194	0.0523215	0.0523241	0.0523241	0.0523253	0.0523269	0.0523287	0.0523309	0.0523335	0.0523334	0.0523346	0.0523363	0.0523382	0.0523404	0.0523432	0.0523431	0.0523445	0.0523461	0.0523481	0.0523504	0.0523532	0.0523532	0.0523547	0.0523564	0.0523585	0.0523609	0.0523639	0.0523638	0.0523653	0.052367	0.0523691	0.0523716	0.0523746	0.0523745	0.052376	0.0523778	0.05238	0.0523826	0.0523857	0.0463661	0.0463644	0.0523721	0.0523819	0.0521679	0.0463643	0.0463655	0.0523838	0.0523862	0.052387	0.052388	0.0523892	0.0523907	0.0523885	0.0521629	0.0463776	0.0509418	0.0523981	0.0523995	0.0524012	0.0524033	0.0524058	0.0524057	0.052407	0.0524086	0.0524104	0.0523966	0.0474797	0.0522788	0.0520505	0.0501044	0.0523815	0.0524113	0.0524197	0.0524238	0.0524207	0.0523391	0.0501723	0.0524008	0.0524197	0.0524205	0.0524061	0.0522862	0.0504648	0.052435	0.0524439	0.0524452	0.0524467	0.0524484	0.0524505	0.052453	0.052456	0.0524446	0.0517377	0.0464421	0.0524591	0.0524599	0.0524609	0.0464451	0.0465012	0.0524655	0.0524678	0.0524677	0.0524688	0.0524701	0.0524717	0.0524735	0.0524757	0.0524784	0.0524782	0.0524794	0.0464645	0.0505606	0.0524846	0.052487	0.05249	0.0524894	0.0524905	0.0524918	0.0524933	0.0524172	0.0464817	0.0523207	0.0488746	0.0524762	0.0525002	0.0525021	0.0525006	0.0525021	0.0525033	0.0525046	0.0525062	0.0525082	0.0524755	0.0494434	0.0525109	0.0525133	0.0525157	0.0525152	0.052516	0.0525176	0.0525193	0.0465071	0.0465066	0.0510978	0.0525191	0.05252	0.0518348	0.0465077	0.0518141	0.0523566	0.0524623	0.0524853	0.052478	0.0524028	0.051708	0.0465466	0.0525262	0.0525266	0.0525274	0.0525284	0.0525295	0.0525308	0.0525323	0.0525341	0.052534	0.0525348	0.0525358	0.0525372	0.0525387	0.0525406	0.0525429	0.0465296	0.0465344	0.0525451	0.0525468	0.0525487	0.0525511	0.0465506	0.0525519	0.052317	0.0486098	0.0525495	0.0525427	0.0522056	0.0483115	0.0524951	0.0525233	0.0524993	0.0523974	0.0516434	0.0466325	0.0522862	0.0524269	0.0524363	0.0523004	0.0512765	0.046589	0.052365	0.0525131	0.0525472	0.0525456	0.0521865	0.0477264	0.052511	0.0525224	0.0525045	0.0522122	0.0492823	0.0525225	0.0525677	0.052578	0.052568	0.0524951	0.0516799	0.0465931	0.0523176	0.0524807	0.0525071	0.0524479	0.0520177	0.0481326	0.0526004	0.0526156	0.0526155	0.0526165	0.0526179	0.0526195	0.0513989	0.0466103	0.0466112	0.0526232	0.0526245	0.0526262	0.0526282	0.0526281	0.0526289	0.0526088	0.050989	0.0466223	0.0483978	0.052633	0.0526336	0.0526343	0.0526352	0.0526363	0.0526376	0.0526392	0.0526379	0.0526392	0.0519984	0.0466334	0.0492707	0.0526435	0.0526442	0.0526449	0.0526459	0.0526471	0.0526485	0.0526473	0.0526485	0.0526505	0.0521893	0.0466446	0.0475298	0.0526541	0.0526553	0.0526565	0.052658	0.0526598	0.0526594	0.05266	0.0526613	0.052616	0.0468839	0.0523883	0.0520199	0.0493828	0.0525825	0.0526388	0.0526523	0.0526492	0.0526171	0.052321	0.0478425	0.0525463	0.0526045	0.0525998	0.0525013	0.051694	0.0467111	0.0524902	0.0526164	0.052643	0.0526371	0.0521165	0.0468861	0.0525537	0.0526386	0.0525811	0.0518122	0.0468358	0.0524453	0.0525847	0.052606	0.052548	0.052126	0.0481974	0.0526294	0.0526553	0.0526166	0.0523132	0.0487814	0.052592	0.0526716	0.0526829	0.0526623	0.0525124	0.0506146	0.0526622	0.0526941	0.0526993	0.0526905	0.052621	0.0515989	0.0467143	0.0518074	0.0519183	0.0513066	0.0481477	0.0526021	0.052693	0.0527116	0.0527272	0.0527086	0.0526545	0.051952	0.046726	0.0524423	0.0525937	0.0526119	0.0525147	0.0518062	0.0470118	0.0527147	0.0527383	0.0527393	0.0527404	0.0527418	0.0519978	0.0467393	0.0491131	0.0527464	0.0527475	0.0527489	0.0527506	0.0527506	0.0527514	0.0527525	0.0527537	0.0527552	0.0522454	0.0467513	0.0467985	0.052756	0.0527564	0.0527569	0.0527576	0.0527576	0.0527579	0.0527583	0.0527587	0.0515114	0.0467545	0.046915	0.0527617	0.0527628	0.0527642	0.0527641	0.0527648	0.0527656	0.0527666	0.0527677	0.0527297	0.0473956	0.0525572	0.0522781	0.0501772	0.0527062	0.0527504	0.0527771	0.0527595	0.0527335	0.0524938	0.0487042	0.0526624	0.0527053	0.0526821	0.0524916	0.0507615	0.0527364	0.0527675	0.0527883	0.0527661	0.052711	0.0520694	0.0467947	0.0522797	0.0523606	0.052054	0.0500802	0.0527247	0.0527756	0.0527991	0.0527991	0.0527784	0.0526942	0.051338	0.0468	0.051066	0.0509161	0.0527585	0.0528062	0.0528074	0.0528089	0.0528089	0.0528096	0.0528105	0.0528116	0.0525846	0.046823	0.0523551	0.0521722	0.0508769	0.0527717	0.0528184	0.05282	0.0528199	0.0528206	0.0528216	0.0526422	0.0485631	0.0527229	0.0527545	0.0527295	0.0525316	0.0506114	0.0527989	0.0528292	0.0528288	0.0528292	0.0527591	0.0507332	0.0527795	0.0527882	0.0527523	0.0524921	0.0494164	0.0527403	0.0527867	0.0527889	0.0527656	0.0526301	0.0513394	0.0468377	0.0521682	0.0524262	0.0523564	0.051629	0.0476669	0.0527402	0.0528184	0.0528433	0.0528442	0.0528451	0.0527375	0.0502954	0.0528167	0.0528148	0.0527347	0.0518018	0.0468687	0.0524995	0.0526805	0.0526385	0.0521784	0.0489515	0.052748	0.0528147	0.0528291	0.052818	0.0527237	0.0516345	0.0468587	0.0520365	0.0522012	0.0518131	0.0494712	0.0527746	0.0528382	0.0528636	0.0528643	0.0528651	0.0527978	0.052094	0.0468684	0.0523205	0.0524425	0.0522072	0.0506393	0.0528404	0.0528739	0.0528739	0.0528746	0.0528755	0.0528766	0.0528778	0.0528268	0.0509258	0.0528801	0.052881	0.0528821	0.0528834	0.052885	0.0528849	0.0528857	0.0528867	0.0528878	0.0528892	0.0528891	0.0468906	0.0468906	0.0528901	0.0528905	0.052891	0.0528916	0.0468925	0.0468922	0.0528913	0.0528914	0.0528916	0.0528918	0.0528921	0.0523051	0.0468937	0.0485756	0.0528929	0.0528931	0.0528934	0.0528937	0.0528941	0.0528946	0.0528951	0.0528957	0.0528965	0.0522073	0.0468987	0.0470155	0.052897	0.0528972	0.0528975	0.0528978	0.0528982	0.0528987	0.0528993	0.0528993	0.0528149	0.0469039	0.0523303	0.0514658	0.051972	0.052468	0.0517557	0.0489224	0.0528384	0.0528781	0.0529052	0.0528546	0.0526535	0.0497759	0.0528241	0.05286	0.0528556	0.0527812	0.0521458	0.0477118	0.0527561	0.0528348	0.052833	0.0527364	0.0519614	0.0470855	0.0526339	0.0527729	0.0527651	0.0525556	0.0509886	0.0469234	0.0521532	0.0524496	0.0523716	0.0515573	0.047522	0.0527234	0.0528509	0.0528782	0.0528593	0.052722	0.0513509	0.0469315	0.0520282	0.0522695	0.0519871	0.0501338	0.0528678	0.0529297	0.0529297	0.05293	0.0529302	0.0528097	0.0513946	0.0469342	0.051495	0.0515776	0.0504363	0.0528776	0.0529327	0.0529332	0.0529338	0.0529345	0.0529354	0.0529364	0.0528309	0.0493423	0.0528931	0.0529371	0.0529374	0.0528969	0.0527427	0.0504888	0.0529393	0.0529401	0.0529401	0.0529404	0.0529409	0.0529414	0.052942	0.0529427	0.0529436	0.0529447	0.052946	0.0529459	0.0528462	0.0469514	0.0529479	0.0529489	0.0529486	0.0529489	0.0529497	0.0529507	0.0529517	0.0529529	0.0529528	0.0529533	0.0496204	0.0528625	0.0469626	0.0469625	0.0469617	0.052955	0.0529553	0.0529557	0.052956	0.0469695	0.0524478	0.0469633	0.0523223	0.0529558	0.052956	0.0529561	0.0529157	0.0526294	0.0509892	0.0469672	0.0526845	0.0528761	0.0528493	0.0524722	0.0496883	0.0528835	0.0529565	0.0529566	0.0529101	0.0527621	0.0508418	0.0469643	0.0514286	0.0517393	0.0510859	0.0480324	0.052814	0.0529113	0.0529557	0.0529551	0.0528838	0.0525173	0.0482241	0.0528085	0.0528665	0.0528487	0.0526787	0.0511995	0.046962	0.0521424	0.0524195	0.0522778	0.0511348	0.0470736	0.0526459	0.0528337	0.0528622	0.0528058	0.0524006	0.0487952	0.0528319	0.0528966	0.0529035	0.052861	0.0525463	0.0490235	0.0528406	0.0528945	0.0528946	0.0528264	0.0522893	0.047396	0.0527169	0.0528131	0.0527927	0.0525515	0.0506142	0.0528959	0.0529558	0.0529557	0.0529557	0.0528958	0.0524912	0.0472417	0.0526851	0.0527495	0.0526407	0.0518701	0.0473386	0.0527066	0.0528381	0.0528543	0.0527744	0.0521945	0.047561	0.0527414	0.0528437	0.0528451	0.0527222	0.051782	0.0469926	0.052534	0.0527066	0.0526735	0.0522619	0.0493366	0.0528595	0.0529246	0.0529639	0.0529644	0.0528647	0.0522036	0.046994	0.052526	0.0526329	0.0524629	0.0512895	0.0470193	0.0525757	0.0527826	0.0528091	0.052688	0.0518225	0.0471004	0.0526442	0.0527989	0.0528027	0.0526228	0.0512892	0.0469816	0.0523603	0.0526091	0.0525646	0.0519958	0.048476	0.0528288	0.052918	0.0529727	0.0529257	0.0528355	0.0519493	0.0469837	0.052386	0.0525298	0.0523093	0.050827	0.0469886	0.0524655	0.0527334	0.0527679	0.052614	0.0515374	0.0470144	0.0525634	0.0527571	0.0527622	0.0525422	0.0509511	0.0469794	0.0522317	0.0525322	0.0524802	0.0518099	0.0480528	0.0527953	0.0529021	0.0529234	0.0529103	0.0528067	0.0518012	0.0469747	0.0523029	0.0524679	0.0522268	0.0506189	0.0529065	0.0529668	0.0529667	0.0529664	0.0529664	0.0529185	0.0524108	0.0469809	0.0524438	0.0524596	0.0519488	0.0489142	0.0528455	0.0529671	0.0529672	0.0529674	0.0529032	0.0525764	0.0480707	0.0527984	0.0528567	0.0528254	0.0525617	0.0502571	0.0528979	0.0529692	0.0529694	0.0529696	0.0528585	0.0519657	0.04698	0.0522471	0.0523577	0.0519263	0.0493713	0.0528692	0.0529714	0.0529716	0.0529718	0.052972	0.0528148	0.0508657	0.046982	0.0504698	0.0529724	0.0529725	0.0529726	0.0529727	0.0529727	0.0529728	0.0529728	0.0529729	0.052973	0.0529731	0.0529731	0.0477855	0.0527793	0.0523245	0.0485519	0.0528336	0.052909	0.0529194	0.0528805	0.0525962	0.049416	0.0528733	0.0529222	0.0529244	0.0528741	0.0524857	0.0481576	0.0528104	0.0528797	0.0528705	0.0527279	0.0515585	0.0469858	0.0523569	0.0525707	0.052465	0.0515882	0.0473767	0.0527286	0.0528733	0.0529006	0.0528659	0.0526085	0.0500574	0.0528988	0.0529771	0.0529771	0.0529266	0.052773	0.0508461	0.0469884	0.0510294	0.0511147	0.0496351	0.0528863	0.0529792	0.0529796	0.0529796	0.0529797	0.05298	0.0529219	0.0519582	0.0469909	0.0514048	0.0510383	0.0486464	0.0528452	0.0529806	0.0529808	0.0529809	0.0529811	0.0529316	0.0525359	0.0471531	0.0526742	0.0527262	0.0525503	0.0513398	0.04701	0.0525334	0.0527519	0.0527643	0.0525521	0.0510372	0.0469929	0.0523089	0.0525939	0.0525616	0.0520173	0.0486537	0.0528466	0.0529815	0.0529813	0.0529812	0.0528705	0.0521983	0.0470209	0.0525631	0.0526765	0.052542	0.0515832	0.0471687	0.0526788	0.052842	0.0528653	0.0527872	0.052233	0.0477831	0.0527794	0.0528733	0.0528797	0.0527886	0.0521128	0.0472168	0.0526901	0.0528121	0.0528002	0.0525734	0.050818	0.0469851	0.0520373	0.0523677	0.0522253	0.0510274	0.0470744	0.0526277	0.0528318	0.0528708	0.052826	0.0524957	0.0494734	0.0528749	0.0529733	0.0529732	0.0529124	0.0527343	0.0505943	0.0529126	0.0529737	0.0529738	0.052918	0.0527083	0.0498381	0.0528895	0.0529745	0.0529745	0.0528561	0.0522996	0.0472422	0.0526987	0.052799	0.0527582	0.0523895	0.0495063	0.052878	0.0529752	0.0529753	0.0529753	0.0528447	0.0518675	0.0469871	0.0522294	0.0523648	0.0519759	0.0496235	0.0528831	0.0529761	0.0529761	0.0529762	0.0529763	0.0528578	0.0514394	0.046988	0.0512533	0.051153	0.0493512	0.0528735	0.0529769	0.0529769	0.0529769	0.0529769	0.0529769	0.0528503	0.0504768	0.0529125	0.052977	0.0529118	0.0527667	0.0512602	0.0469887	0.0518196	0.0520311	0.0514569	0.0484943	0.0528338	0.0529772	0.0529772	0.0529772	0.0529772	0.0528	0.0507851	0.0529772	0.0529773	0.0529773	0.0529032	0.0525593	0.048131	0.0528113	0.052873	0.0528505	0.0526381	0.0508088	0.0469892	0.0518281	0.0521525	0.0518343	0.0497796	0.0528905	0.0529775	0.0529775	0.0529775	0.0529776	0.0529776	0.0524446	0.0470086	0.0525421	0.0525861	0.0522547	0.0501011	0.0529042	0.0529778	0.0529778	0.0529778	0.0529778	0.0528507	0.0511793	0.0469897	0.05104	0.0510467	0.049393	0.052901	0.0529779	0.0529779	0.052978	0.052978	0.052978	0.0529781	0.0529041	0.0506647	0.0529782	0.0529783	0.0529784	0.0529785	0.0529786	0.0529788	0.0528145	0.0481408	0.0529795	0.0529798	0.0529802	0.0529806	0.0529812	0.0529831	0.0529826	0.0529835	0.0529844	0.0529854	0.052985	0.0529857	0.0529863	0.0529871	0.052988	0.0529876	0.0529882	0.0529887	0.0529894	0.0529901	0.0529898	0.0529903	0.0529907	0.0529912	0.0529909	0.052991	0.0529914	0.0529917	0.0529921	0.0529926	0.0470348	0.0470345	0.0470322	0.0529927	0.0529929	0.0529934	0.0529937	0.0529939	0.0529942	0.0470416	0.0502952	0.0529945	0.0529946	0.0529947	0.0529949	0.0529951	0.0470448	0.0470442	0.0529951	0.0529958	0.0529963	0.0529967	0.0529973	0.0529971	0.0526529	0.047049	0.0507403	0.0524574	0.0528099	0.0523317	0.0502378	0.0529988	0.052999	0.0529992	0.0529995	0.0525113	0.0485908	0.0528992	0.0530011	0.0529383	0.0528384	0.0519542	0.0471001	0.0526593	0.0528232	0.0527973	0.052527	0.0504841	0.0530038	0.0530042	0.0530048	0.0530055	0.0530063	0.0525424	0.0473613	0.0527566	0.0528263	0.0527463	0.0521568	0.0480098	0.0528492	0.0529432	0.0530106	0.0529367	0.052758	0.0508534	0.0530115	0.0530116	0.0530118	0.053012	0.0530123	0.0528202	0.049604	0.0530137	0.0530144	0.0530152	0.0530151	0.0530155	0.0530161	0.0527231	0.0473055	0.0530166	0.0530169	0.0530173	0.0530178	0.0530184	0.0530191	0.053019	0.0530186	0.0530186	0.0530188	0.0530191	0.0470715	0.0470715	0.0530192	0.0530192	0.051351	0.0470714	0.0476494	0.0530194	0.0530194	0.0530195	0.0530195	0.0530196	0.0530197	0.0530198	0.0502007	0.0529454	0.0528549	0.0528046	0.0519042	0.0477449	0.0528679	0.052956	0.0530205	0.0529181	0.0525788	0.0495298	0.0529327	0.0530212	0.0530214	0.0529509	0.0527007	0.0495526	0.0529244	0.0530221	0.0530224	0.0528995	0.0523521	0.0475197	0.0527964	0.0528895	0.0528699	0.0526408	0.0508367	0.0470766	0.0520253	0.0523639	0.0521902	0.0508213	0.0471074	0.052627	0.0528632	0.0529032	0.0528383	0.0523717	0.0485325	0.0528811	0.0529572	0.0530241	0.0529226	0.0525993	0.0490879	0.0529079	0.0530242	0.0530242	0.052902	0.0524124	0.047689	0.052812	0.0528997	0.0528849	0.0526868	0.0510867	0.0470768	0.0521365	0.0524322	0.0522658	0.0509742	0.0471224	0.052638	0.0528621	0.0529031	0.052843	0.0524073	0.0487027	0.0528889	0.0530243	0.0530243	0.0529312	0.0526411	0.0493871	0.0529202	0.0530244	0.0530244	0.0529174	0.0524941	0.047995	0.0528425	0.0529182	0.0529064	0.0527408	0.0513866	0.047077	0.0522893	0.0525376	0.0524035	0.0513316	0.047225	0.0527133	0.0528943	0.0529277	0.0528809	0.052539	0.0493645	0.0529192	0.0530242	0.0530242	0.0529533	0.0527342	0.0501101	0.0529464	0.0530242	0.0530242	0.0529457	0.0526367	0.0487886	0.0528931	0.052948	0.0529401	0.0528235	0.0518519	0.0470824	0.0525113	0.0526874	0.0525966	0.0518458	0.0477144	0.052814	0.0529364	0.0530231	0.0529285	0.0527039	0.0504124	0.0530228	0.0530227	0.0530225	0.0530225	0.0528393	0.0510776	0.0470748	0.0512277	0.051298	0.0498802	0.0529362	0.0530216	0.0530215	0.0530213	0.0530211	0.0530209	0.0530206	0.0520311	0.0470725	0.051477	0.0511069	0.0487228	0.0528841	0.0530178	0.0530174	0.0530168	0.0530162	0.0530162	0.0525581	0.047199	0.0526964	0.052749	0.0525626	0.0512866	0.0470784	0.0525365	0.0527684	0.0527804	0.0525486	0.0509081	0.0470675	0.0522725	0.0525843	0.0525459	0.0519352	0.0483846	0.0528616	0.0530146	0.0530145	0.0530145	0.0528863	0.0521022	0.0470753	0.0525209	0.0526528	0.0524906	0.0513528	0.0471309	0.0526489	0.0528468	0.0528755	0.0527792	0.0520944	0.0474616	0.0527703	0.0528898	0.0528966	0.0527809	0.0519184	0.0471296	0.0526476	0.0528043	0.0527868	0.0524864	0.0502579	0.0530145	0.0530145	0.0530145	0.0530145	0.0530145	0.0525893	0.0475819	0.0527893	0.0528509	0.0527783	0.0522465	0.0482566	0.0528531	0.0530145	0.0530145	0.052913	0.0526142	0.0493932	0.0529111	0.0530146	0.0530146	0.0529176	0.0525534	0.0484372	0.0528647	0.0529295	0.0529229	0.0528021	0.0518178	0.0470743	0.0525128	0.0526923	0.0526157	0.0519445	0.047978	0.0528321	0.0530146	0.0530146	0.0530147	0.0527634	0.0509655	0.0470673	0.0515916	0.0518355	0.051115	0.0479396	0.0528288	0.0530146	0.0530146	0.0530146	0.0530146	0.0527702	0.0500907	0.0530146	0.0530145	0.0530145	0.0529059	0.0523953	0.0474169	0.0527616	0.0528534	0.052816	0.0524785	0.0497834	0.052925	0.053013	0.0530124	0.0530117	0.0528915	0.051996	0.0470617	0.0523277	0.0524515	0.0520967	0.0499007	0.052926	0.0530111	0.0530104	0.053011	0.0530122	0.0529044	0.0516083	0.047066	0.0514379	0.0513462	0.0496481	0.052919	0.0530125	0.0530127	0.053013	0.0530132	0.0530135	0.0528991	0.0507228	0.0530145	0.053015	0.0530156	0.0528256	0.0514568	0.0470696	0.051969	0.0521619	0.0516408	0.0488258	0.052888	0.0530168	0.0530168	0.0530171	0.0530174	0.0528591	0.0510373	0.0470724	0.0508416	0.0530187	0.053019	0.0530193	0.0530193	0.0530194	0.0530196	0.0530199	0.0530202	0.0530205	0.0530209	0.0530214	0.0497557	0.0529343	0.0527479	0.0509067	0.0530245	0.0530239	0.0530239	0.0530242	0.0529304	0.0521207	0.0470791	0.0524031	0.0525267	0.0522273	0.0503134	0.0530244	0.0530245	0.0530245	0.0530246	0.0530247	0.0530248	0.0528967	0.0500803	0.0530252	0.0530254	0.0530254	0.0530255	0.0530256	0.0529202	0.0511041	0.0470808	0.0530261	0.0530262	0.0530263	0.0530265	0.0530266	0.0530268	0.0530267	0.0530268	0.0530268	0.0530269	0.0530269	0.053027	0.0530267	0.0530266	0.0530267	0.0530268	0.0530266	0.0530265	0.0530264	0.0530262	0.0530264	0.0530264	0.0470831	0.0470827	0.0470821	0.0530251	0.0530247	0.0530243	0.0470809	0.0471534	0.053024	0.0530237	0.0530233	0.0530229	0.0530223	0.0483636	0.0528677	0.0530227	0.0530225	0.0530225	0.0509911	0.0470788	0.0525227	0.0528741	0.0528248	0.0521435	0.0482156	0.052888	0.0530217	0.0530215	0.0529358	0.0526664	0.0495617	0.0529242	0.0530214	0.0530213	0.0529199	0.0525142	0.0485196	0.0528867	0.0530212	0.0530211	0.052856	0.0521283	0.0471951	0.0527038	0.0528304	0.0527993	0.0524627	0.0499437	0.0530196	0.0530192	0.0530187	0.0530182	0.0530183	0.0523534	0.0471169	0.0526278	0.0527186	0.05256	0.0514647	0.0471356	0.0526504	0.052842	0.0528648	0.0527449	0.0518886	0.0471897	0.0526908	0.0528437	0.0528451	0.0526563	0.0512528	0.0470755	0.0523607	0.0526238	0.0525697	0.0519304	0.048219	0.0528551	0.0530195	0.0530196	0.0530198	0.0528567	0.0517962	0.0470774	0.0523002	0.0524706	0.0521902	0.0503741	0.0530212	0.0530213	0.0530214	0.0530216	0.0530218	0.053022	0.0523082	0.0470797	0.0523292	0.0523398	0.0516409	0.0481259	0.0528525	0.0530239	0.0530244	0.0530249	0.05293	0.0524385	0.0473897	0.052769	0.0528584	0.052811	0.0524051	0.0492317	0.0529223	0.0530308	0.0530313	0.0530313	0.0528761	0.0516994	0.0470884	0.052182	0.0523724	0.0520221	0.0498625	0.0530322	0.0530325	0.0530325	0.0530326	0.0530328	0.053033	0.0528367	0.0488651	0.0530341	0.0530346	0.0530352	0.053036	0.05293	0.0520175	0.0470943	0.0530367	0.0530369	0.0530372	0.0530376	0.0530376	0.0530374	0.0530374	0.0530374	0.0530375	0.0530377	0.0530378	0.0520968	0.0470961	0.0530382	0.0530383	0.0530384	0.0530385	0.0530387	0.0530387	0.0530387	0.0530388	0.0470971	0.0470972	0.0530393	0.0530395	0.0530397	0.0470982	0.0470981	0.0530398	0.0530398	0.0530399	0.05304	0.0530401	0.0486811	0.0529028	0.0530405	0.0530407	0.053041	0.053041	0.0530411	0.0530412	0.0530414	0.0530417	0.0530419	0.0530419	0.053042	0.0530422	0.0530424	0.0530426	0.0530429	0.0471022	0.0530427	0.0530427	0.0471022	0.0471022	0.0530427	0.0530427	0.0530427	0.0471021	0.0479925	0.0530427	0.0530426	0.0530426	0.0530425	0.0530425	0.0530425	0.0530425	0.0530425	0.0471025	0.0523723	0.0512271	0.0517826	0.0524143	0.0524803	0.0520188	0.0492978	0.0530417	0.0530415	0.0530413	0.053041	0.0530406	0.0511865	0.0471004	0.050689	0.0515323	0.0512921	0.0492366	0.0530398	0.0530403	0.0530403	0.0528925	0.0504394	0.0530402	0.0530404	0.0530406	0.0528582	0.0516611	0.0477222	0.0529222	0.0530409	0.0530411	0.0530411	0.052705	0.0495028	0.0529412	0.0530417	0.053042	0.0529196	0.0523864	0.0484935	0.0529224	0.0530419	0.053042	0.0529323	0.0525035	0.0484402	0.0529023	0.0530427	0.053043	0.0528776	0.0521626	0.0472426	0.0527373	0.0528677	0.0528447	0.0525491	0.050296	0.0530438	0.0530439	0.053044	0.0530441	0.0530442	0.0525022	0.0472517	0.0527348	0.0528116	0.0526944	0.0518636	0.0473853	0.0527803	0.0529223	0.0529414	0.0528643	0.0523069	0.0478027	0.0528496	0.0529468	0.0530474	0.0528606	0.0521667	0.0473053	0.0527789	0.0529039	0.0529039	0.052742	0.0515142	0.0471107	0.0525937	0.052821	0.0528395	0.0526502	0.051307	0.0471107	0.0527685	0.053048	0.053048	0.0530478	0.0529465	0.0525205	0.0479113	0.0530477	0.0530477	0.0530477	0.0530477	0.0530477	0.0530476	0.0530476	0.0530475	0.0530471	0.0530472	0.0530476	0.0530479	0.0523634	0.0471091	0.0530481	0.0530482	0.0530485	0.0530488	0.053049	0.0530493	0.0530493	0.0530494	0.0530495	0.0530496	0.0530499	0.0530502	0.0530506	0.0530511	0.0471135	0.0471135	0.0530514	0.0530514	0.0471132	0.0471132	0.0530515	0.0530514	0.0530515	0.0530515	0.0530516	0.0528656	0.0520948	0.051012	0.0473235	0.0530517	0.0530518	0.0528446	0.0482472	0.052887	0.0529048	0.0527802	0.0526908	0.0524029	0.050505	0.0530523	0.0530523	0.0530524	0.0530524	0.0528353	0.049722	0.0530526	0.0530526	0.0530527	0.0528369	0.0515339	0.0471309	0.0527073	0.0529191	0.0529194	0.0527214	0.0514102	0.0471175	0.0525365	0.0527762	0.0527771	0.0524742	0.0503565	0.0530535	0.0530535	0.0530536	0.0530536	0.0530537	0.0522223	0.0471242	0.0526111	0.0527544	0.0526592	0.0519149	0.0477177	0.0528891	0.0530538	0.0530538	0.0528922	0.0522364	0.0475669	0.0528404	0.0529526	0.053054	0.0528308	0.0519326	0.0471546	0.0526702	0.0528338	0.052815	0.0524991	0.0501771	0.0530542	0.0530542	0.0530542	0.0530542	0.0530542	0.0523836	0.0471593	0.052678	0.05278	0.0526584	0.0517865	0.0473784	0.0528055	0.0529487	0.0530544	0.0528832	0.0523395	0.0478686	0.0528639	0.0530545	0.0530545	0.0528518	0.0520409	0.0471855	0.0526985	0.052846	0.0528225	0.0524991	0.0500895	0.0530547	0.0530547	0.0530547	0.0530547	0.0530548	0.0524398	0.0471936	0.0527059	0.0527948	0.0526691	0.0517795	0.0473346	0.0527788	0.0529296	0.0530549	0.0528735	0.0523209	0.0478363	0.0528612	0.053055	0.053055	0.0528525	0.0520512	0.0471943	0.0527061	0.0528517	0.0528302	0.0525207	0.0502045	0.053055	0.053055	0.053055	0.053055	0.053055	0.052488	0.0472419	0.0527372	0.0528195	0.0527079	0.051911	0.0474699	0.052811	0.0529448	0.053055	0.0528872	0.0523656	0.0479494	0.0528679	0.0530548	0.0530548	0.0528605	0.0520984	0.0472197	0.0527215	0.0528596	0.0528378	0.0525367	0.0502637	0.0530534	0.053053	0.0530526	0.0530521	0.0530515	0.0525329	0.0473133	0.0527613	0.0528339	0.0527265	0.0519648	0.0475161	0.0528058	0.0529336	0.0530462	0.0528804	0.0523679	0.0479746	0.0528602	0.0530462	0.0530464	0.0528554	0.0521129	0.0472295	0.0527225	0.0528568	0.0528358	0.0525434	0.0503246	0.0530458	0.053046	0.0530462	0.0530463	0.0530462	0.0525679	0.0473995	0.0527811	0.0528493	0.0527546	0.0520739	0.0477062	0.0528324	0.0530463	0.0530463	0.0529019	0.0524608	0.0483378	0.0528881	0.0530465	0.0530465	0.052887	0.0522692	0.0473975	0.0527811	0.0528924	0.0528764	0.0526418	0.0508045	0.047109	0.0520274	0.0523724	0.0521943	0.0507982	0.0471349	0.0526252	0.052871	0.052917	0.0528555	0.0524078	0.0486883	0.0529092	0.0530467	0.0530467	0.0530467	0.0526781	0.0495652	0.0530467	0.0530467	0.0530468	0.0530468	0.0525741	0.0483375	0.0528884	0.0530468	0.0530468	0.0528097	0.051685	0.0471106	0.0524544	0.0526598	0.052559	0.0517197	0.0475545	0.0528117	0.0530469	0.0530469	0.0530469	0.0526985	0.0502628	0.0530469	0.0530469	0.0530469	0.0530469	0.0528542	0.0510297	0.0471093	0.0512058	0.0512883	0.0498712	0.0530471	0.0530471	0.0530471	0.0530472	0.0530472	0.0530472	0.0530472	0.0520897	0.0471096	0.0515718	0.0512276	0.0489176	0.0529214	0.0530473	0.0530473	0.0530473	0.0530473	0.0530473	0.0526334	0.0473263	0.0527622	0.0528108	0.0526483	0.0515237	0.0471391	0.0526336	0.0528356	0.0528472	0.052652	0.0512494	0.0471106	0.0524295	0.0526919	0.0526626	0.0521634	0.0489741	0.0529242	0.0530474	0.0530474	0.0530474	0.0530474	0.0523333	0.04716	0.0526673	0.0527708	0.052649	0.051775	0.0473708	0.052775	0.0529234	0.0530475	0.0528757	0.0523763	0.0481097	0.0528726	0.0530474	0.0530474	0.0528836	0.0522768	0.0474583	0.0527949	0.0529038	0.0528928	0.0526903	0.0511068	0.0471096	0.0522121	0.0525081	0.0523817	0.0513051	0.0472677	0.0527411	0.0529223	0.0530472	0.0529179	0.0526262	0.0498784	0.0530471	0.0530471	0.053047	0.053047	0.0528373	0.0509307	0.0471091	0.0511757	0.0512885	0.0499248	0.0530468	0.0530467	0.0530466	0.0530465	0.0530463	0.0530462	0.0530459	0.052227	0.0471076	0.0518235	0.0515588	0.0495477	0.053044	0.0530438	0.0530435	0.0530431	0.0530427	0.0530427	0.052753	0.0479016	0.0528496	0.0528854	0.0527828	0.0520554	0.0474423	0.0527878	0.0529144	0.0530424	0.0528122	0.0519882	0.0471969	0.0527008	0.0528498	0.0528377	0.0525779	0.0506291	0.0471046	0.0520032	0.052376	0.0522312	0.0509797	0.0471715	0.0526803	0.0528956	0.053042	0.0528941	0.0525688	0.049625	0.0530421	0.0530421	0.0530421	0.0530421	0.0528222	0.0508736	0.0471043	

20	0.03	16	0	task-3:0.106	task-0:0.208	task-1:0.232	task-2:0.11	|	0.0739867	0.0998111	0.0996232	0.0906906	0.0588957	0.0942998	0.0903477	0.0565571	0.0588146	0.0621373	0.0480985	0.0481459	0.0469857	0.0425484	0.0443251	0.0434037	0.0415671	0.04166	0.0408352	0.0399563	

10	0.015	16	0	task-3:0.058	task-0:0.164	task-1:0.276	task-2:0.09	|	0.0623953	0.119871	0.119108	0.0833094	0.0650045	0.0616541	0.046349	0.0460026	0.044071	0.0377823	

10	0.015	16	0	task-3:0.172	task-0:0.176	task-1:0.21	task-2:0.17	|	0.0594682	0.0999912	0.099928	0.0865393	0.0478385	0.0483724	0.049646	0.0494714	0.0414874	0.0360084	

14	0.021	16	0	task-3:0.064	task-0:0.218	task-1:0.21	task-2:0.154	|	0.0649878	0.0999543	0.0997537	0.0922582	0.055143	0.0735146	0.0625731	0.0503434	0.0548214	0.0522591	0.0459734	0.0431649	0.040681	0.0394895	

9	0.013	16	0	task-3:0.228	task-0:0.48	task-1:0.504	task-2:0.426	|	0.0697692	0.11648	0.0878691	0.0612132	0.0583822	0.0528454	0.0500992	0.0463927	0.0399787	

11	0.017	16	0	task-3:0.274	task-0:0.324	task-1:0.238	task-2:0.332	|	0.0636005	0.0997694	0.0977722	0.0591809	0.0789624	0.0721504	0.0546057	0.0453417	0.0433658	0.0410175	0.0389815	

