34	0.312	32	0	task-3:0.26	task-0:0.53	task-1:0.355	task-2:0.165	|	0.0806159	0.109999	0.109995	0.103594	0.0710675	0.0594887	0.050312	0.0487183	0.0485755	0.047087	0.0464194	0.0463308	0.0453794	0.0448011	0.0447728	0.045108	0.0453956	0.0455775	0.0463642	0.0509338	0.0630779	0.0631696	0.0620456	0.0612329	0.0606205	0.0606932	0.0601756	0.0586883	0.0573325	0.0543338	0.0509598	0.0543789	0.0414826	0.0394787	

30	0.53	32	0	task-3:0.295	task-0:0.31	task-1:0.3475	task-2:0.2475	|	0.0780515	0.109999	0.109996	0.107027	0.0597362	0.0627	0.0517696	0.05248	0.0513156	0.0498731	0.049363	0.0494799	0.0483559	0.0474559	0.0474598	0.0580535	0.0504509	0.0457811	0.0457145	0.0446477	0.0482859	0.0467909	0.0439067	0.0432833	0.0427518	0.0419631	0.0411564	0.0404871	0.0400665	0.0396714	

20	0.515	32	0	task-3:0.326667	task-0:0.345	task-1:0.54	task-2:0.278333	|	0.078299	0.0899957	0.0899481	0.0820115	0.0684669	0.0632953	0.0527081	0.0504361	0.0506031	0.0501781	0.0486268	0.0476819	0.0460639	0.0440315	0.0418646	0.041127	0.0429751	0.0446337	0.0408332	0.0380503	

18	0.515	32	0	task-3:0.36875	task-0:0.41	task-1:0.48	task-2:0.285	|	0.0882984	0.109984	0.109858	0.0554648	0.086729	0.0784368	0.0521921	0.0498713	0.0502329	0.0476648	0.0478944	0.0476729	0.0468846	0.0459255	0.0445983	0.0427432	0.040211	0.0383416	

33	1.372	32	0	task-3:0.32	task-0:0.226	task-1:0.291	task-2:0.133	|	0.054754	0.0899999	0.0899976	0.0888714	0.0512686	0.0914672	0.0771318	0.0511424	0.0522164	0.0519916	0.0486065	0.0505038	0.0499637	0.0479562	0.0474242	0.0469513	0.0458096	0.0460545	0.0443807	0.0436037	0.0431467	0.0454618	0.0449975	0.0654698	0.0545165	0.068437	0.0694652	0.0522726	0.0477411	0.0504741	0.0560032	0.0457485	0.0366209	

44	1.981	32	0	task-3:0.193333	task-0:0.229167	task-1:0.144167	task-2:0.2075	|	0.0708614	0.0899999	0.0899981	0.0864794	0.0768806	0.0631527	0.0502306	0.0501446	0.0497192	0.0497505	0.0494344	0.0492905	0.0492279	0.0490706	0.0488345	0.0485357	0.0482562	0.047898	0.047995	0.0502983	0.0495258	0.0469677	0.0522803	0.0558005	0.0608276	0.0645253	0.0597655	0.0596372	0.0499944	0.04533	0.0442465	0.0432409	0.0436784	0.0461975	0.0623062	0.0665074	0.0707201	0.0766209	0.0712335	0.0667167	0.0778414	0.0748966	0.0473773	0.0212465	

18	0.858	32	0	task-3:0.305	task-0:0.495	task-1:0.38	task-2:0.46	|	0.0773876	0.109999	0.10999	0.0986894	0.0772081	0.0690366	0.049094	0.049148	0.046998	0.0461682	0.045667	0.04556	0.0443739	0.0433666	0.0425432	0.0418023	0.041446	0.0399635	

16	0.889	32	0	task-3:0.460625	task-0:0.415625	task-1:0.441875	task-2:0.53	|	0.0512127	0.109999	0.109991	0.101838	0.0663639	0.055906	0.0486446	0.0470898	0.0461864	0.0441662	0.0428503	0.042804	0.0422203	0.0407615	0.0400522	0.039762	

36	2.496	32	0	task-3:0.346111	task-0:0.433889	task-1:0.491667	task-2:0.366667	|	0.0578079	0.09	0.0899999	0.0898123	0.0574692	0.0931108	0.0745965	0.0501736	0.0536608	0.0536205	0.0503496	0.0500432	0.0499965	0.0495966	0.0480287	0.0476836	0.0496096	0.0492944	0.0484288	0.0470687	0.0464487	0.046914	0.0466096	0.0455691	0.0446721	0.0441406	0.0436191	0.0430883	0.0426884	0.0421028	0.0416589	0.0411303	0.0408118	0.0403381	0.0401295	0.0399856	

23	1.919	32	0	task-3:0.441	task-0:0.4205	task-1:0.4425	task-2:0.267	|	0.0586834	0.0899941	0.0899527	0.0841441	0.0520666	0.0492684	0.052016	0.0503705	0.0482046	0.0479258	0.0477478	0.0473244	0.0469722	0.0469048	0.046624	0.0466921	0.0467433	0.04623	0.0448977	0.0435678	0.0417302	0.040117	0.037652	

26	2.091	32	0	task-3:0.309091	task-0:0.383636	task-1:0.395	task-2:0.134545	|	0.052045	0.0899994	0.0899907	0.0850061	0.0657896	0.052927	0.0507784	0.0507891	0.0491326	0.0489704	0.0486656	0.0484185	0.0481657	0.0483957	0.0485291	0.0481837	0.0478157	0.0474769	0.0469751	0.0462175	0.0451987	0.0441265	0.0430408	0.0418899	0.0408968	0.0398919	

47	4.29	32	4	task-3:0.324583	task-0:0.3325	task-1:0.345417	task-2:0.363333	|	0.0815591	0.089994	0.0899161	0.0756649	0.0641205	0.0506375	0.0537222	0.0541119	0.0514833	0.0494969	0.0497499	0.0494927	0.0493194	0.0493301	0.055256	0.0542723	0.0499826	0.049926	0.0506346	0.0522902	0.0500812	0.0484632	0.0486621	0.0478119	0.0457696	0.0473047	0.0456651	0.0456346	0.0462984	0.0457424	0.0455578	0.0454518	0.0448462	0.0444316	0.0439797	0.0435169	0.0430856	0.0426727	0.0421605	0.0413179	0.0409227	0.0408917	0.0405391	0.0404329	0.04028	0.0400128	0.0398047	

36	3.838	32	0	task-3:0.273462	task-0:0.493462	task-1:0.164231	task-2:0.357308	|	0.051896	0.0899998	0.0899979	0.0867011	0.0791648	0.0695008	0.0510994	0.0507668	0.0502495	0.0499522	0.0498327	0.0494178	0.0492025	0.0488074	0.0486391	0.0482686	0.0476872	0.0473567	0.0475796	0.0471452	0.0480745	0.0627593	0.0615309	0.0486834	0.0475846	0.0640898	0.0671868	0.0653723	0.0524676	0.0530454	0.0548744	0.0436996	0.041257	0.0438683	0.0425106	0.0349619	

33	3.651	32	0	task-3:0.413214	task-0:0.366786	task-1:0.537143	task-2:0.401786	|	0.084895	0.109999	0.109992	0.0987006	0.080342	0.068361	0.0536936	0.0494336	0.0481912	0.0467221	0.045875	0.0457185	0.0458047	0.0461711	0.045357	0.0444791	0.043526	0.0426218	0.0426261	0.0428797	0.0430265	0.0436019	0.0435852	0.0443687	0.0439538	0.044036	0.0457024	0.0444011	0.0449019	0.0420556	0.0405365	0.0402927	0.0399676	

24	2.683	32	0	task-3:0.433667	task-0:0.45	task-1:0.460333	task-2:0.484	|	0.0513749	0.09	0.0899996	0.0883051	0.0726635	0.059701	0.0511997	0.0512708	0.0497105	0.0494246	0.0481249	0.0473884	0.0482346	0.0467834	0.0467445	0.0460162	0.0442477	0.0434308	0.0434672	0.062146	0.0422224	0.0422226	0.0416512	0.0397045	

29	3.635	32	0	task-3:0.245	task-0:0.415	task-1:0.401562	task-2:0.253437	|	0.0789836	0.109999	0.109996	0.101273	0.0781768	0.069882	0.0505693	0.0486786	0.0482847	0.0475402	0.047487	0.0468995	0.0460912	0.0457987	0.0454653	0.0449834	0.0449147	0.0447805	0.0452185	0.0469655	0.0460648	0.0450695	0.0483574	0.0473216	0.0452214	0.0441265	0.0428301	0.0404513	0.0393958	

43	5.179	32	0	task-3:0.293529	task-0:0.481471	task-1:0.301765	task-2:0.271765	|	0.0717056	0.0899999	0.0899986	0.0857393	0.0915322	0.0748338	0.0505234	0.0487257	0.0487108	0.047729	0.0472815	0.0474415	0.0464831	0.0464877	0.046872	0.045689	0.0454522	0.0458574	0.0452754	0.0448462	0.0446197	0.0446292	0.0450491	0.0442183	0.0442288	0.0436929	0.0433014	0.0430537	0.0428356	0.0427629	0.0427198	0.0426054	0.0426238	0.0425742	0.0424649	0.0426063	0.0424986	0.0426755	0.0412364	0.0407632	0.0405047	0.0402412	0.0398161	

48	6.692	32	0	task-3:0.573889	task-0:0.314444	task-1:0.425556	task-2:0.329444	|	0.0530219	0.09	0.09	0.0898363	0.0526194	0.0511302	0.0539441	0.050975	0.0488676	0.0495958	0.0501462	0.0496334	0.0492275	0.0491714	0.0490835	0.0491877	0.0491082	0.0489617	0.048858	0.0486825	0.0483148	0.0481302	0.0484325	0.048445	0.0487178	0.0484977	0.0479592	0.0473407	0.04687	0.0466557	0.0461899	0.0457669	0.0454455	0.0451276	0.045172	0.0448406	0.0444634	0.0474506	0.0566731	0.059913	0.0614495	0.0556817	0.0508307	0.04777	0.0429868	0.0416978	0.0411451	0.0393304	

29	3.775	32	0	task-3:0.336316	task-0:0.334211	task-1:0.390789	task-2:0.441842	|	0.0531591	0.11	0.109998	0.107388	0.0562906	0.0509687	0.0650763	0.0609611	0.0538548	0.0507735	0.0493102	0.0491216	0.0482842	0.0474479	0.0474572	0.0461458	0.0459263	0.0456569	0.0446987	0.04401	0.0427332	0.042302	0.0422317	0.0420024	0.0416311	0.0412458	0.0408559	0.0403693	0.0398876	

24	4.01	32	0	task-3:0.41375	task-0:0.4205	task-1:0.43125	task-2:0.41325	|	0.0501949	0.11	0.11	0.109	0.0512923	0.0517173	0.0522643	0.0520102	0.0521714	0.0513398	0.0502323	0.0482711	0.0480363	0.0484624	0.0479907	0.0472801	0.0491006	0.0479382	0.0457735	0.0446142	0.0438419	0.042786	0.0416392	0.0398024	

31	5.382	32	0	task-3:0.414048	task-0:0.370476	task-1:0.398571	task-2:0.257381	|	0.0669566	0.11	0.109995	0.106984	0.052979	0.0558133	0.047742	0.049486	0.0484792	0.0467714	0.046147	0.04611	0.0452824	0.0448994	0.0455796	0.0444545	0.0432767	0.0430849	0.0425957	0.0419663	0.0417083	0.041484	0.0413915	0.0415599	0.0424689	0.0452088	0.0432812	0.0421773	0.0450507	0.0435585	0.0396861	

36	6.302	32	0	task-3:0.215909	task-0:0.321136	task-1:0.354773	task-2:0.172273	|	0.0857754	0.109998	0.109971	0.0891231	0.0852455	0.0832651	0.059687	0.0732727	0.0815983	0.055917	0.0607674	0.0613241	0.0517903	0.0538342	0.0554434	0.0511569	0.0517519	0.0520742	0.0504917	0.0503556	0.0503784	0.0500536	0.0499665	0.0497372	0.0495115	0.0493221	0.0490433	0.0487563	0.0484224	0.0479506	0.0471528	0.0455413	0.0440987	0.0427393	0.0403014	0.0381188	

27	5.039	32	0	task-3:0.243696	task-0:0.332826	task-1:0.242391	task-2:0.264783	|	0.0516922	0.09	0.0899998	0.089648	0.0516535	0.0847693	0.0637251	0.0491397	0.054096	0.053812	0.0498336	0.0489074	0.0488722	0.048343	0.0480775	0.0477857	0.0477359	0.0476015	0.0473375	0.0470598	0.0467562	0.0463511	0.045735	0.044555	0.0427323	0.0411484	0.0392012	

22	4.165	32	0	task-3:0.130417	task-0:0.481875	task-1:0.1975	task-2:0.5375	|	0.0518641	0.09	0.09	0.0897563	0.0524511	0.0525402	0.0495917	0.0488553	0.0489133	0.0488188	0.0481915	0.0480465	0.0476237	0.0472882	0.0467316	0.0462193	0.0455253	0.0446814	0.0435175	0.0420377	0.040692	0.0392689	

18	3.323	32	0	task-3:0.4118	task-0:0.446	task-1:0.4806	task-2:0.5844	|	0.0464521	0.0899999	0.0899993	0.0892783	0.0484705	0.0502218	0.0516958	0.0513509	0.0490403	0.0474716	0.0467163	0.0459103	0.0448564	0.0433281	0.0422979	0.0417901	0.0426718	0.035006	

30	6.037	32	0	task-3:0.31	task-0:0.310192	task-1:0.434808	task-2:0.430385	|	0.0540541	0.109999	0.109976	0.0993446	0.0683661	0.0622133	0.0506819	0.0494043	0.0493454	0.0495714	0.0493584	0.0491569	0.0490587	0.0488957	0.0488134	0.0488338	0.0494191	0.0489621	0.0489583	0.0491683	0.0492673	0.0485457	0.0437626	0.0424325	0.0440475	0.0414834	0.0407484	0.0425115	0.0417331	0.0385929	

14	3.151	32	0	task-3:0.440926	task-0:0.415185	task-1:0.47	task-2:0.434259	|	0.067646	0.109998	0.109981	0.102764	0.0614425	0.0582223	0.0567603	0.0570611	0.055446	0.0520129	0.0476841	0.0438755	0.0409154	0.039636	

51	12.355	32	0	task-3:0.26875	task-0:0.431429	task-1:0.14	task-2:0.472857	|	0.081485	0.109996	0.109954	0.0747418	0.0816491	0.0748211	0.053611	0.0486569	0.0487043	0.0485078	0.048046	0.0473696	0.0464681	0.0457766	0.0456874	0.0456673	0.0452064	0.0460402	0.0453825	0.0442499	0.0437683	0.0436203	0.0434844	0.0448104	0.05678	0.0545173	0.0734719	0.067543	0.0534855	0.0483566	0.0441409	0.0433226	0.0473696	0.0470264	0.0502681	0.0482115	0.0476162	0.0471999	0.0449482	0.0449553	0.0457777	0.046008	0.0455931	0.0456339	0.0457703	0.0463396	0.0462984	0.0456857	0.0444417	0.0421649	0.0397211	

42	10.281	32	0	task-3:0.272241	task-0:0.376724	task-1:0.455345	task-2:0.176034	|	0.101006	0.0899989	0.0899947	0.084137	0.0926913	0.0807065	0.0514197	0.0516689	0.0528912	0.0506501	0.0497104	0.0499724	0.0497116	0.0492878	0.0491438	0.0488253	0.048369	0.0477974	0.0469548	0.0457085	0.0456113	0.0454783	0.0502356	0.048897	0.0459258	0.0461345	0.0460612	0.0457266	0.0453563	0.0451736	0.0449666	0.0443708	0.0438404	0.0433393	0.0425631	0.0420167	0.0414729	0.0411884	0.0411393	0.0413287	0.0404974	0.0398672	

24	5.507	32	0	task-3:0.434667	task-0:0.517833	task-1:0.544167	task-2:0.408833	|	0.0493331	0.09	0.0899993	0.0889955	0.0520072	0.0470721	0.050537	0.0466183	0.0449559	0.0441975	0.0436192	0.0432457	0.0433493	0.0463214	0.0496507	0.0474195	0.0464689	0.0443939	0.0423037	0.0413663	0.0422865	0.0574007	0.0545801	0.0385808	

23	5.554	32	0	task-3:0.561774	task-0:0.459516	task-1:0.400806	task-2:0.495645	|	0.0495996	0.11	0.11	0.10991	0.0535282	0.0836462	0.0708691	0.0492225	0.0537501	0.0569452	0.0513972	0.0490892	0.0511893	0.051844	0.0505045	0.0492376	0.0483352	0.047149	0.0461641	0.0448559	0.0434229	0.0416845	0.0398217	

28	7.425	32	0	task-3:0.320156	task-0:0.373594	task-1:0.220938	task-2:0.172656	|	0.0531757	0.109995	0.109949	0.101566	0.0542518	0.0519163	0.053533	0.0534817	0.0517318	0.0500601	0.0490918	0.0497492	0.048843	0.0473185	0.0472672	0.0469817	0.0459939	0.0448429	0.0436847	0.0426441	0.0427508	0.0438927	0.0426713	0.0429031	0.056169	0.0530933	0.0412617	0.0352891	

36	9.407	32	0	task-3:0.344545	task-0:0.330152	task-1:0.417121	task-2:0.354545	|	0.0697034	0.11	0.11	0.109039	0.0656392	0.0639861	0.0490704	0.0488095	0.0495511	0.0499483	0.0488359	0.0489546	0.0488922	0.0484007	0.0481382	0.0478855	0.0477278	0.0475413	0.0473874	0.0471794	0.0470605	0.04707	0.0471879	0.0473292	0.0494621	0.0463435	0.0465025	0.0449349	0.0439632	0.0432918	0.042978	0.0426833	0.0422429	0.0414585	0.0406994	0.0399693	

19	4.82	32	0	task-3:0.435882	task-0:0.471618	task-1:0.403382	task-2:0.510441	|	0.0782314	0.09	0.0899998	0.0896168	0.0480918	0.0674431	0.0491622	0.0472938	0.0481767	0.0464709	0.0461127	0.0458497	0.0452439	0.0447501	0.0438051	0.0427854	0.0419086	0.0410906	0.0397682	

28	7.222	32	0	task-3:0.360571	task-0:0.385429	task-1:0.168286	task-2:0.355429	|	0.0851077	0.0899996	0.089996	0.081791	0.093858	0.077307	0.0496315	0.0520312	0.0510519	0.0496057	0.0512074	0.0516993	0.0500142	0.0490618	0.0497684	0.0494416	0.0485586	0.0482979	0.0480435	0.0476727	0.0473526	0.0468421	0.046159	0.0452994	0.0442025	0.0428462	0.0412228	0.0394671	

34	9.531	32	0	task-3:0.345833	task-0:0.345556	task-1:0.459306	task-2:0.350556	|	0.0534502	0.11	0.109999	0.108724	0.0484895	0.0495725	0.0584678	0.0574126	0.0515038	0.0490159	0.0491882	0.0487843	0.0490228	0.0491303	0.0489113	0.0491687	0.0513182	0.0669293	0.0634692	0.0520806	0.0497692	0.0494884	0.0490604	0.0482559	0.0500721	0.0490122	0.0462916	0.0460053	0.0455145	0.0445154	0.0432364	0.0420902	0.0403822	0.0390944	

34	9.937	32	0	task-3:0.429324	task-0:0.560135	task-1:0.398919	task-2:0.426892	|	0.0505421	0.09	0.09	0.0886668	0.0917558	0.0728133	0.0495606	0.0495608	0.0493068	0.0487658	0.0488089	0.0490494	0.0491359	0.0495316	0.0494337	0.0497344	0.0496821	0.0492696	0.0492686	0.0492176	0.0493257	0.0491923	0.0491499	0.0491299	0.0490779	0.0488949	0.0484025	0.0476209	0.0463672	0.0433383	0.0458834	0.0442262	0.0401351	0.0394634	

32	9.547	32	0	task-3:0.421316	task-0:0.191316	task-1:0.395263	task-2:0.333684	|	0.062582	0.09	0.0899994	0.0883664	0.0735297	0.0690868	0.051052	0.0512098	0.0511298	0.0492704	0.0521872	0.0524321	0.0499831	0.0492924	0.0492515	0.0490575	0.0490051	0.0488653	0.048798	0.0487038	0.0486064	0.0485261	0.0483765	0.0482267	0.0486799	0.0569314	0.0531718	0.0575454	0.0545539	0.0525903	0.0508372	0.0377704	

67	21.528	32	0	task-3:0.175385	task-0:0.300256	task-1:0.356154	task-2:0.0542308	|	0.0609391	0.09	0.0899998	0.0894986	0.0499633	0.0512611	0.0529955	0.0527581	0.0509493	0.0494137	0.0503702	0.0505582	0.0493743	0.0491577	0.0492618	0.0489689	0.048681	0.0485104	0.0481225	0.0476819	0.0472553	0.0467857	0.0560469	0.0526696	0.0447995	0.0446471	0.0465472	0.047872	0.0576959	0.0583344	0.0602964	0.0635208	0.0618614	0.066442	0.073076	0.0869062	0.0849605	0.0787894	0.071846	0.0609772	0.0624752	0.0681621	0.0574543	0.0712439	0.0552779	0.0571259	0.0619589	0.0689405	0.0981879	0.122595	0.123553	0.113722	0.104181	0.0948227	0.105737	0.106468	0.096627	0.0936272	0.0858989	0.0606365	0.0612063	0.062055	0.0602711	0.0628021	0.0550651	0.0496162	0.037425	

48	15.476	32	0	task-3:0.355	task-0:0.388375	task-1:0.376125	task-2:0.38075	|	0.0570427	0.11	0.109996	0.107516	0.0515477	0.0499714	0.0525683	0.0519291	0.0506659	0.0496875	0.0497448	0.049728	0.0495803	0.0495152	0.0494767	0.0494757	0.0494924	0.0495176	0.0494884	0.0494802	0.0494636	0.0493106	0.0493645	0.0491177	0.0491475	0.0490622	0.0487629	0.047965	0.0477731	0.048064	0.0479169	0.0474955	0.0470193	0.0463642	0.0453094	0.0448448	0.0440037	0.0432116	0.0426741	0.042084	0.041555	0.0410883	0.0408863	0.0406807	0.0404324	0.0401706	0.0400038	0.0397186	

22	7.207	32	0	task-3:0.476707	task-0:0.534268	task-1:0.405122	task-2:0.415854	|	0.0631087	0.0899999	0.0899989	0.0881222	0.0630949	0.0595491	0.0499498	0.0495268	0.0491924	0.0500954	0.0489624	0.0491695	0.0517271	0.050231	0.048598	0.0486567	0.048511	0.0478629	0.0474213	0.04666	0.0406347	0.0387424	

48	15.772	32	0	task-3:0.18369	task-0:0.31631	task-1:0.333333	task-2:0.304048	|	0.0526511	0.0899994	0.0899921	0.0868451	0.0633833	0.0601608	0.0485814	0.0486348	0.0486543	0.0485463	0.0485715	0.0488328	0.048756	0.0483818	0.0484425	0.0488535	0.0483846	0.0476934	0.0469482	0.0460475	0.0451484	0.0448619	0.0454104	0.0453487	0.0453984	0.0451287	0.044461	0.0443245	0.044066	0.0439246	0.0436902	0.0436643	0.0429817	0.0427063	0.0431136	0.0433404	0.0432532	0.0432042	0.0433403	0.0442545	0.0477918	0.0533178	0.0430728	0.0426148	0.0415214	0.0402205	0.0401779	0.039481	

43	14.586	32	3	task-3:0.34814	task-0:0.432907	task-1:0.362674	task-2:0.347674	|	0.0967179	0.0899997	0.0899962	0.0831673	0.0933983	0.0653276	0.052633	0.0520644	0.0516301	0.0596308	0.0546962	0.0495279	0.0504633	0.0497702	0.0492984	0.0492808	0.0491943	0.0490141	0.0488537	0.0486325	0.0484514	0.0483337	0.0481717	0.0479234	0.0476888	0.0475596	0.0473311	0.0470742	0.0468324	0.0465738	0.04619	0.045689	0.0450514	0.0444187	0.0438048	0.0431559	0.0425145	0.0418285	0.0411712	0.0406027	0.040414	0.0400286	0.0398167	

35	12.215	32	0	task-3:0.416023	task-0:0.469545	task-1:0.463864	task-2:0.465455	|	0.0724537	0.109999	0.109989	0.106522	0.0511388	0.0509865	0.0580357	0.0568962	0.0542221	0.0522969	0.0508801	0.0501512	0.049743	0.049541	0.0492577	0.0487172	0.0481506	0.0475867	0.0468419	0.0460583	0.0452221	0.0454088	0.0444587	0.0440325	0.0478274	0.046812	0.0438033	0.0429872	0.0440496	0.0435174	0.042813	0.0460265	0.0439285	0.0421976	0.0381683	

45	16.131	32	2	task-3:0.314222	task-0:0.229222	task-1:0.222667	task-2:0.160444	|	0.0600752	0.11	0.11	0.107062	0.0760793	0.0668966	0.0509965	0.0536027	0.0515702	0.0502703	0.0501839	0.0497062	0.0494569	0.0493594	0.0493031	0.0490872	0.0490844	0.0489876	0.0488505	0.0488296	0.0485504	0.0482708	0.0478444	0.0472842	0.0461182	0.0458158	0.0457977	0.0459494	0.0454625	0.0449145	0.0444627	0.0427849	0.0421817	0.0427792	0.0432775	0.0428297	0.0418111	0.0412081	0.040815	0.0404572	0.0402775	0.0402864	0.0405205	0.0407093	0.0395445	

59	21.777	32	2	task-3:0.23	task-0:0.374783	task-1:0.29337	task-2:0.17413	|	0.0968672	0.09	0.0899999	0.0895232	0.0589135	0.0649672	0.0512028	0.0501129	0.049757	0.0506461	0.0507678	0.050232	0.0498078	0.0496893	0.0496602	0.0496305	0.0495942	0.0495387	0.0495014	0.0494281	0.0493479	0.049243	0.0490996	0.0488994	0.0486309	0.0478105	0.0479228	0.04736	0.0454244	0.0450078	0.0445987	0.0443952	0.0438224	0.0436036	0.0434266	0.0432639	0.043183	0.0431228	0.0430285	0.04291	0.0426694	0.042392	0.042116	0.0419029	0.0417452	0.041652	0.0416138	0.0415569	0.041691	0.0413228	0.0410211	0.0408864	0.0408114	0.0406735	0.0403698	0.0409724	0.040822	0.0402833	0.0399966	

24	9.297	32	0	task-3:0.447234	task-0:0.39734	task-1:0.424362	task-2:0.439149	|	0.0876336	0.109987	0.109894	0.0670575	0.0775937	0.060956	0.0494112	0.0500449	0.0497886	0.0500931	0.0500121	0.0492991	0.0488153	0.0484314	0.0478637	0.0472929	0.0466727	0.0459606	0.0452035	0.0443983	0.0435253	0.0426249	0.0413931	0.0398684	

28	11.076	32	0	task-3:0.328333	task-0:0.367396	task-1:0.375312	task-2:0.380833	|	0.0496111	0.11	0.11	0.109036	0.0571154	0.0560105	0.0486127	0.0487082	0.0482209	0.048034	0.0475193	0.0477249	0.0480386	0.0477542	0.047686	0.0474879	0.047878	0.0475098	0.0470948	0.0476375	0.0516874	0.0478403	0.0459957	0.0450041	0.0434486	0.0421843	0.0407589	0.039548	

34	13.712	32	0	task-3:0.36949	task-0:0.417449	task-1:0.382245	task-2:0.374592	|	0.0506386	0.11	0.109999	0.108286	0.0560145	0.0593139	0.048251	0.0565389	0.055441	0.0487309	0.0500186	0.0496876	0.0481105	0.0479121	0.0472755	0.0466127	0.0461476	0.0634646	0.057956	0.0461243	0.0462034	0.0459385	0.0453302	0.0475428	0.0473603	0.0441213	0.0437812	0.0436591	0.0430599	0.0423212	0.0418091	0.0411385	0.0404509	0.0398512	

42	16.599	32	0	task-3:0.3304	task-0:0.3515	task-1:0.3165	task-2:0.4473	|	0.100291	0.09	0.0899997	0.0884122	0.0877397	0.0789374	0.0500822	0.0587133	0.0581807	0.0516457	0.0491605	0.0492963	0.0487293	0.0486266	0.0485119	0.048276	0.0482177	0.0483102	0.0482175	0.0490993	0.048941	0.0484507	0.048325	0.0486336	0.0485035	0.0482091	0.0481519	0.0480154	0.0475418	0.0473288	0.0465867	0.0452387	0.0452317	0.0442087	0.0437892	0.042896	0.0422562	0.0422507	0.0415925	0.0407625	0.0401911	0.0395985	

30	12.371	32	0	task-3:0.322059	task-0:0.338529	task-1:0.355784	task-2:0.362843	|	0.0541452	0.089998	0.0899795	0.0762235	0.088691	0.0667293	0.0495992	0.0500147	0.0497488	0.0494354	0.0494437	0.0492343	0.0491181	0.0488925	0.0490844	0.0491299	0.0490664	0.0491328	0.0492678	0.0452237	0.0455909	0.0492374	0.0489784	0.0477899	0.042479	0.0418439	0.0442879	0.0440393	0.0412716	0.0383277	

41	16.474	32	0	task-3:0.107115	task-0:0.285	task-1:0.160673	task-2:0.107404	|	0.073856	0.11	0.109997	0.106956	0.06018	0.0610035	0.0505359	0.0538894	0.052909	0.0496568	0.0497211	0.0497253	0.0492435	0.0490569	0.0490032	0.0488429	0.0485927	0.0483931	0.0482418	0.0480496	0.0479567	0.0478121	0.0474607	0.0470793	0.0467119	0.0469787	0.0467657	0.0495759	0.0514635	0.0631555	0.0562442	0.0460265	0.0508695	0.0482832	0.0487971	0.0470104	0.0440602	0.0430045	0.0424172	0.0412633	0.038442	

51	23.462	32	2	task-3:0.338585	task-0:0.344528	task-1:0.360283	task-2:0.368113	|	0.0738729	0.09	0.0899998	0.0888025	0.082129	0.0711614	0.049915	0.0527905	0.0510401	0.0494951	0.0501561	0.0502768	0.0495416	0.0487055	0.0483618	0.0479312	0.0473452	0.0469594	0.0468539	0.0464697	0.0444017	0.0490848	0.0484192	0.0452866	0.0464311	0.0463757	0.0437352	0.0454049	0.0455126	0.0442873	0.0436056	0.0435933	0.0437728	0.0435728	0.0431234	0.0426282	0.0421527	0.0418673	0.0417645	0.0417081	0.0415974	0.04151	0.0414826	0.0414889	0.0415402	0.041471	0.0411622	0.0410126	0.0408441	0.0404284	0.039939	

30	13.307	32	0	task-3:0.330093	task-0:0.198889	task-1:0.489907	task-2:0.305926	|	0.106376	0.0899997	0.089999	0.0864457	0.0862523	0.0746534	0.0515555	0.0500736	0.0496041	0.0495461	0.0494045	0.0491111	0.0489258	0.0486007	0.0483112	0.0479965	0.0476375	0.0474044	0.0472315	0.0472089	0.0471173	0.0468831	0.0468031	0.0480763	0.0575405	0.0532878	0.0463491	0.0441846	0.0420527	0.0379582	

20	8.362	32	0	task-3:0.310091	task-0:0.334091	task-1:0.416182	task-2:0.349727	|	0.0613338	0.09	0.09	0.0898119	0.054178	0.0577666	0.0500403	0.0498679	0.0493444	0.0486595	0.0476225	0.0464247	0.0461399	0.0450259	0.0436923	0.0428102	0.0418872	0.0407316	0.0403022	0.0393872	

45	20.265	32	0	task-3:0.220536	task-0:0.349375	task-1:0.370625	task-2:0.181964	|	0.0496713	0.11	0.109997	0.106823	0.0600543	0.0570426	0.0507188	0.0492785	0.0509899	0.0514777	0.0496706	0.0494812	0.0494979	0.0493117	0.0493185	0.049284	0.0492909	0.0492509	0.0492336	0.0492112	0.0491811	0.049172	0.0491875	0.0491656	0.0491333	0.0491086	0.0490973	0.049084	0.0490765	0.0490805	0.0490419	0.0489891	0.0489723	0.0489388	0.0486779	0.0484376	0.0485074	0.0453547	0.0442586	0.047755	0.0478437	0.0474822	0.045803	0.0425506	0.0394183	

39	18.08	32	0	task-3:0.235175	task-0:0.182895	task-1:0.446579	task-2:0.173333	|	0.0599167	0.11	0.11	0.109885	0.0522755	0.082795	0.0642434	0.0504431	0.0511101	0.0497779	0.0490269	0.0492218	0.0489042	0.0481556	0.0481439	0.0480115	0.0475437	0.0469392	0.0464218	0.0463134	0.046549	0.0462575	0.0459219	0.0458568	0.045965	0.0456999	0.0452571	0.0452493	0.0448879	0.0438325	0.0428948	0.0460397	0.0434254	0.0467474	0.0439069	0.0409597	0.040989	0.0404085	0.0389489	

32	14.664	32	0	task-3:0.42319	task-0:0.540259	task-1:0.59681	task-2:0.553707	|	0.0564299	0.0899995	0.0899906	0.0860015	0.053593	0.0532663	0.053455	0.0517113	0.0494711	0.048858	0.0482201	0.0477953	0.0472078	0.0464663	0.0462909	0.0462792	0.0458203	0.0458319	0.0460069	0.046089	0.0462094	0.0464205	0.0463965	0.0463746	0.046138	0.0457767	0.0451907	0.0446727	0.0440683	0.0423355	0.0406428	0.0392989	

25	11.731	32	0	task-3:0.383051	task-0:0.461864	task-1:0.419237	task-2:0.46839	|	0.0549653	0.09	0.0899999	0.0896399	0.0469793	0.0945601	0.0758756	0.0501535	0.0493503	0.0490258	0.0471768	0.0474476	0.0467477	0.0456622	0.0454129	0.0451973	0.0456328	0.0449974	0.0439681	0.0431997	0.042595	0.0419757	0.0412675	0.0405953	0.0398497	

28	13.572	32	0	task-3:0.225917	task-0:0.365167	task-1:0.3095	task-2:0.321917	|	0.07782	0.0899999	0.0899992	0.0891409	0.0485393	0.0490862	0.0492616	0.0493594	0.0492871	0.0484116	0.0472804	0.0466309	0.0452929	0.0441362	0.0429364	0.0418473	0.0416244	0.0412499	0.0405848	0.0401502	0.040017	0.0412735	0.0403168	0.0434029	0.0575888	0.0448658	0.0477745	0.0397752	

